300	6.95059E4	4.20936E4	4.66303E4	2.67631E6	2.0277E5	1.70147E5	1.20285E7	4.25536E4	6183.08045	3576.9268	2773.55528	1584.98145	1451.67732	1165.20032	1147.392	900.40313	1111.74118	1082.89826	1132.97334	583.89243	860.35354	682.18715
302	5.90747E4	4.43608E4	4.00413E4	1.71269E6	5.26397E5	9.99086E4	1.03863E7	4.54447E5	6919.10516	3850.74408	2871.74867	1720.68973	1553.73922	1258.41524	855.26204	914.17206	958.47945	735.39091	651.55571	467.96528	664.48595	627.69329
304	4.96954E4	4.45272E4	3.91524E4	8.71092E5	1.12287E6	8.96109E4	6.50083E6	2.0108E6	8188.43612	3983.65145	3377.80081	1943.90675	1309.07529	1371.19628	1277.11365	849.701	1105.60766	813.88538	594.44596	626.36002	779.45096	464.95432
306	5.23286E4	3.85607E4	3.43621E4	3.55117E5	1.90737E6	7.86356E4	2.78372E6	5.26046E6	9520.42756	4384.60241	3002.8	2093.84345	1564.91591	1142.52176	1075.49832	678.33964	1082.29708	539.14954	708.20339	667.23942	900.91653	484.66695
308	7.39888E4	3.58914E4	3.49809E4	1.22771E5	2.59739E6	7.2362E4	7.35745E5	9.24679E6	1.43379E4	4551.07828	4089.57229	1725.44674	1790.96685	1528.66478	838.96554	956.8793	951.71824	641.40184	481.29666	592.33859	760.50858	627.2905
310	6.44708E4	4.03739E4	3.32613E4	5.96481E4	2.78353E6	8.11215E4	1.49788E5	1.12812E7	3.85391E4	5438.51944	3304.79176	2174.48643	1856.7009	1572.93981	1523.1836	695.95823	954.30452	610.22061	904.14866	517.31386	439.60964	514.43982
312	5.24159E4	3.90142E4	3.55967E4	4.37427E4	2.34933E6	1.56152E5	9.29795E4	9.83921E6	4.18109E5	5509.09386	3527.02177	2133.54809	1592.36037	1330.16197	896.8668	642.31444	849.49594	864.85078	661.69977	560.48839	713.33894	650.30175
314	4.23966E4	3.07232E4	3.3147E4	3.1644E4	1.51208E6	4.27296E5	7.62539E4	5.93451E6	2.07305E6	7017.9853	3783.46455	2505.20137	1408.04338	1585.09076	1173.19136	975.79616	832.45313	626.71242	657.65134	570.34282	589.8037	359.88109
316	4.67459E4	3.11444E4	3.73074E4	3.00681E4	7.77767E5	9.26112E5	6.60303E4	2.43202E6	5.20442E6	8542.30746	4006.85182	2633.45898	1744.66361	1385.05816	1216.86276	879.32152	902.47687	539.16339	779.6281	569.7564	880.08587	757.45141
318	5.83501E4	2.66773E4	3.0312E4	2.60023E4	3.08153E5	1.58848E6	6.13052E4	6.3461E5	8.52512E6	1.30379E4	4040.16593	2440.01076	1757.89609	1304.59582	1121.00391	980.51553	700.95398	743.46376	616.315	656.31171	663.44702	363.8536
320	6.42507E4	2.94101E4	3.06082E4	2.57725E4	1.11357E5	2.15171E6	5.63707E4	1.25624E5	1.02162E7	3.50212E4	4582.17107	2112.64263	1784.66816	1477.18814	1090.02055	905.42172	814.21865	582.83171	642.02133	519.41143	559.27321	475.34847
322	4.89566E4	2.44738E4	2.83473E4	2.24742E4	5.09518E4	2.28929E6	6.14536E4	7.57747E4	8.59281E6	3.48492E5	5704.42335	2794.07461	1934.86758	1127.44193	1211.44629	787.33784	801.82205	692.91515	534.1885	523.38417	625.16067	373.16983
324	4.86374E4	3.11289E4	2.44972E4	2.25832E4	3.25959E4	1.91079E6	1.22965E5	6.4392E4	5.16787E6	1.59677E6	6213.91441	2903.66455	2101.83833	1491.6224	1254.2632	947.0556	616.96223	543.90112	658.94284	545.85483	609.31739	531.13651
326	4.70347E4	2.4358E4	2.36514E4	2.26601E4	2.53761E4	1.305E6	3.05483E5	5.76635E4	2.15406E6	4.10508E6	8353.84359	2555.8737	2065.98655	1664.2491	1036.4959	784.83339	1063.47633	785.27002	516.48936	693.8309	431.70141	537.22529
328	5.22375E4	3.18994E4	2.43658E4	2.27271E4	2.10038E4	7.17053E5	6.57347E5	5.23434E4	5.88848E5	6.99601E6	1.21638E4	3102.72267	1890.66177	1396.71798	1190.19928	808.20126	800.41518	598.48267	383.41858	552.54437	637.61138	434.32709
330	4.65202E4	3.09428E4	1.83418E4	2.26673E4	1.84849E4	3.07007E5	1.1807E6	4.70137E4	1.12421E5	8.67083E6	2.86444E4	3593.10114	2182.84783	1267.06625	1263.30827	1055.09531	762.44895	351.23343	565.95666	362.16504	527.5763	405.35163
332	4.30159E4	2.68855E4	2.00696E4	2.1593E4	1.69797E4	1.15455E5	1.66017E6	4.06126E4	6.47547E4	7.60458E6	2.86211E5	4294.62986	1850.29605	1467.4131	1259.98441	741.17549	1036.60554	684.77084	663.93179	698.0106	464.96966	438.5283
334	4.82549E4	2.63282E4	2.06734E4	2.07111E4	1.66376E4	4.76398E4	1.84977E6	4.46507E4	5.08416E4	4.94199E6	1.47564E6	4571.46221	2311.04407	1540.8859	990.58922	786.38342	793.05611	566.1219	529.72981	409.23666	588.11161	471.37093
336	4.45762E4	2.10198E4	1.99007E4	1.81812E4	1.4669E4	2.67131E4	1.68829E6	8.16685E4	4.62171E4	2.0835E6	4.0219E6	5572.17957	2294.41516	1668.61638	1127.86666	960.37216	842.96937	545.75949	600.76472	591.54607	588.95366	416.94676
338	4.62213E4	2.04554E4	1.87656E4	1.82622E4	1.35051E4	1.90666E4	1.23587E6	1.97507E5	4.20744E4	5.93616E5	7.08992E6	9106.02515	2390.46988	1687.75717	1179.773	1002.15038	905.30092	777.40514	379.59663	655.87113	471.04264	568.29353
340	4.23113E4	2.36988E4	1.75218E4	1.45799E4	1.55143E4	1.53845E4	7.05492E5	4.77869E5	3.94869E4	1.03965E5	8.64265E6	2.26281E4	2416.64703	1537.04743	1259.61227	858.30093	772.81765	667.19171	648.64453	536.36387	430.41019	440.31408
342	3.5679E4	2.11739E4	1.57377E4	1.30515E4	1.61818E4	1.48611E4	3.2878E5	8.49329E5	3.45441E4	5.39688E4	7.45993E6	2.18397E5	3007.22836	1657.69276	1360.83448	812.29909	750.57163	677.61535	659.76139	462.73028	484.45177	428.90881
344	3.90884E4	2.21915E4	1.65891E4	1.36709E4	1.52476E4	1.07454E4	1.22954E5	1.26873E6	2.88668E4	4.2314E4	4.3787E6	1.11682E6	3903.60771	1826.96145	1238.90793	972.24197	832.69494	563.01815	365.21879	398.63243	484.32494	416.58216
346	4.00139E4	2.36964E4	1.41368E4	1.39141E4	1.5136E4	1.10994E4	4.80281E4	1.47132E6	3.08E4	3.64583E4	1.74308E6	2.88362E6	4998.16898	2053.49918	1401.37153	790.61262	756.89928	534.49737	456.355	522.28816	328.2663	274.1327
348	3.47903E4	1.87859E4	1.57586E4	1.18888E4	1.3561E4	1.02663E4	2.50025E4	1.39537E6	5.55198E4	3.52606E4	4.38264E5	4.91646E6	6874.58666	1995.39162	1290.87321	989.01304	784.88412	708.98903	470.58929	522.06088	399.02716	437.31538
350	4.2E4	1.75063E4	1.74899E4	1.20541E4	1.18239E4	8763.68279	1.69288E4	1.06535E6	1.34652E5	3.16911E4	8.41142E4	5.83597E6	1.54579E4	2151.16342	1157.84572	1023.52034	768.58226	601.07506	469.95029	441.77576	370.15944	390.19021
352	3.04342E4	1.70161E4	1.41017E4	1.24129E4	1.20438E4	8126.12328	1.24882E4	6.4847E5	3.18617E5	2.86291E4	4.40624E4	4.96307E6	1.76577E5	2593.01363	1272.20787	839.7948	889.21125	579.62826	476.20213	358.06661	397.31769	219.07559
354	4.01565E4	1.8207E4	1.30164E4	1.09128E4	1.002E4	8309.42059	1.01471E4	3.17836E5	5.98388E5	2.50101E4	3.49655E4	3.02799E6	8.28906E5	3049.65127	1434.29187	924.52736	925.14342	611.07268	529.89688	493.78336	423.05049	190.29341
356	2.96171E4	1.78036E4	1.37134E4	9624.47235	1.07569E4	8656.69051	8492.9588	1.30904E5	8.99315E5	2.13987E4	3.09807E4	1.22915E6	2.26134E6	3974.8164	1539.442	833.90943	874.26675	690.38262	505.86983	351.74286	383.05536	147.73765
358	2.4603E4	1.69314E4	1.39904E4	9447.98637	9253.86997	8864.15876	8103.59631	5.27194E4	1.1009E6	2.19819E4	2.88965E4	3.34203E5	3.94331E6	6016.05731	1521.95207	1116.15559	839.83641	430.94526	455.63318	357.87664	435.01657	262.65607
360	3.02054E4	1.87552E4	1.18266E4	1.04913E4	8081.03884	9307.15464	6627.18608	2.51685E4	1.11309E6	3.3476E4	2.6628E4	6.62455E4	4.86038E6	1.34346E4	1606.65226	874.65126	800.70419	496.46734	491.93347	338.382	357.2771	284.03005
362	3.21759E4	1.74722E4	1.20475E4	9369.02358	7922.71033	9604.09136	6113.09385	1.59124E4	9.16093E5	7.61347E4	2.54287E4	3.78841E4	4.42695E6	1.44336E5	1921.74422	1181.2717	1077.07695	509.09356	383.28686	397.02681	197.98731	392.37325
364	2.84203E4	1.70537E4	1.15713E4	9978.40107	7399.59792	9264.33514	6351.55913	1.137E4	6.11235E5	1.83018E5	2.16037E4	2.93927E4	2.85266E6	7.31526E5	2475.74061	1051.49316	975.88346	548.67847	474.73642	395.33539	510.58607	248.76339
366	2.47639E4	1.61754E4	1.17358E4	8517.36531	8331.19272	9311.43262	6139.053	8593.12202	3.23677E5	3.7663E5	1.89611E4	2.47825E4	1.16895E6	2.08542E6	3308.90295	1208.98831	1035.42159	688.58586	557.84783	371.29941	420.06893	273.76155
368	2.03967E4	1.70718E4	1.05755E4	8200.84694	7356.3419	8098.1162	6155.87852	7208.42478	1.43263E5	6.22156E5	1.68111E4	2.30644E4	3.18404E5	3.61164E6	5223.62974	1461.56393	1098.35952	661.71104	433.12932	343.41213	424.90306	338.84502
370	2.52669E4	1.35018E4	1.02659E4	8656.76019	7827.36737	6931.11676	6602.4793	6540.81375	5.45712E4	8.30661E5	1.65187E4	2.21836E4	5.91008E4	4.5029E6	1.29718E4	1538.41472	1025.07128	641.86782	415.79105	469.00789	344.34062	352.21095
372	2.60076E4	1.7743E4	1.09403E4	8157.38064	6885.47616	5841.47885	6971.53282	6116.1102	2.62545E4	8.82687E5	2.25583E4	2.03982E4	3.29869E4	3.98136E6	1.31323E5	1733.97537	1215.7025	666.85475	393.24516	402.56859	396.07901	309.33628
374	2.88518E4	1.41523E4	8899.80209	7490.21383	7343.08094	6154.08628	7106.3394	5673.91435	1.5225E4	7.72548E5	5.28319E4	1.82907E4	2.50744E4	2.47859E6	6.55278E5	2254.37858	1758.10462	661.81358	492.65065	417.11986	374.21621	284.84307
376	2.63692E4	1.46763E4	1.04317E4	8107.7392	6684.4824	5876.77765	7151.2162	5391.5037	1.00996E4	5.58883E5	1.26021E5	1.582E4	2.08468E4	1.01828E6	1.71712E6	3099.93713	2353.35976	596.57656	484.99116	348.60683	402.59007	220.88431
378	2.20246E4	1.32379E4	8153.80995	6979.43585	6858.93879	5986.89425	6147.15547	4776.28744	7520.10533	3.29133E5	2.64013E5	1.42495E4	1.91036E4	2.61683E5	2.96857E6	4890.57873	1812.12724	706.47355	575.98997	318.42665	378.77061	267.47531
380	2.59267E4	1.5001E4	9773.05958	6548.16834	6608.96145	5720.07248	6643.03941	5151.51412	6564.67286	1.58172E5	4.41562E5	1.37355E4	1.79232E4	5.12768E4	3.59916E6	1.30275E4	1735.56182	715.32984	462.18123	461.21135	324.21729	219.53164
382	2.33588E4	1.21349E4	8854.68092	6900.04438	5430.48887	5153.05255	6572.31259	4848.19276	5852.22136	7.07149E4	6.14201E5	1.21413E4	1.85789E4	3.05648E4	3.2271E6	1.73075E5	1948.13295	729.44193	539.15414	414.10074	343.2479	200.94453
384	1.7985E4	1.43437E4	7994.43374	6951.21654	6719.5658	5939.43162	6374.87074	5450.63661	5213.72666	3.07415E4	7.0785E5	1.5862E4	1.7096E4	2.312E4	2.05209E6	6.87665E5	3456.58043	851.01585	566.07407	493.91921	401.45592	209.96126
386	2.58859E4	1.19108E4	1.0084E4	6564.34771	6137.19154	5875.35788	5648.03831	5563.28996	4947.75649	1.71533E4	6.80498E5	3.22588E4	1.4653E4	1.88208E4	8.75053E5	1.73103E6	3738.24591	760.30907	442.05611	474.43127	274.20007	236.5291
388	2.56665E4	1.56202E4	9564.83371	6496.81374	5687.23681	5831.87174	5283.79053	6010.46052	4398.6053	1.10975E4	5.45421E5	7.92143E4	1.37039E4	1.68865E4	2.52156E5	2.81652E6	5309.16858	1146.29755	558.43064	464.93575	471.7723	255.02212
390	2.49755E4	1.2698E4	1.08046E4	7245.63961	5592.90093	5347.07595	4986.57139	5785.07842	4245.2091	7786.77491	3.56759E5	1.71017E5	1.24269E4	1.63322E4	5.07967E4	3.40812E6	1.10751E4	987.20496	744.48965	538.41757	388.79641	170.32247
392	2.48662E4	1.52325E4	1.00908E4	6326.47562	6098.45675	4654.02856	4799.23031	6286.22289	4077.4563	5991.94852	1.9318E5	3.14886E5	1.09657E4	1.57046E4	2.62644E4	3.09513E6	1.13625E5	1556.63413	694.15395	567.83312	364.1483	282.19829
394	2.48509E4	1.32563E4	7497.33128	7164.53909	6269.99011	5454.30852	4639.43267	6318.87658	3879.93331	4835.52468	9.02286E4	4.6286E5	9693.84923	1.55092E4	2.08846E4	2.10637E6	6.50647E5	1989.00618	707.46878	510.27587	465.8905	357.79366
396	2.44281E4	1.50509E4	8002.31642	6864.35202	5560.79452	5892.85589	4755.89314	5910.29277	3951.833	4332.5012	3.83484E4	5.77243E5	1.09848E4	1.41881E4	1.65257E4	9.74136E5	1.98069E6	2901.95314	700.42697	509.05437	606.838	254.14452
398	2.15635E4	1.35775E4	8069.22289	7314.38361	5680.55663	5233.28033	4844.32037	5668.90731	3895.94947	3788.83423	1.97824E4	5.93602E5	1.8763E4	1.26333E4	1.39008E4	2.81837E5	3.39697E6	5790.38979	856.1341	567.79251	471.7899	328.43603
400	2.25741E4	1.29078E4	8550.20776	7178.57411	6019.0801	5352.79116	4990.4909	5216.75491	4168.99648	3847.64661	1.17823E4	5.03365E5	4.61106E4	1.10258E4	1.33235E4	5.06648E4	3.89115E6	2.09641E4	982.44201	455.16589	475.43903	344.80432
402	1.81114E4	1.48893E4	9951.89204	5304.14538	4818.62371	5538.99111	4626.50737	5043.00224	4186.8178	3805.47994	8062.51551	3.60898E5	1.04862E5	1.00718E4	1.34502E4	2.35709E4	3.159E6	4.69247E5	1153.96369	532.92415	472.93951	379.60749
404	2.131E4	1.34372E4	9345.21676	7469.45119	5509.29991	5093.25808	4369.31506	5201.73603	4416.29707	3022.18846	6008.21262	2.08302E5	2.02913E5	9304.434	1.29248E4	1.81593E4	1.77914E6	2.02485E6	1457.88901	675.79545	370.87565	334.08197
406	2.09338E4	1.78794E4	8341.59476	6429.16849	5786.54235	4500.57953	4580.53736	4950.53885	4466.80661	3310.78964	4582.54095	1.01684E5	3.23396E5	8906.32143	1.17332E4	1.46499E4	6.71197E5	3.4265E6	1963.04176	652.00261	421.6501	371.98813
408	2.19498E4	1.32159E4	8222.50531	6398.54882	4678.65409	4532.80887	5237.68771	4853.43844	4528.08593	2979.39598	3860.61449	4.46522E4	4.38111E5	8425.58619	1.1098E4	1.16551E4	1.62877E5	4.17632E6	3642.01316	732.78752	372.58175	361.43637
410	2.07406E4	1.4317E4	8201.88944	7329.36951	5447.8645	5618.81996	4652.47049	4539.69503	4837.33644	3265.25424	3381.57784	2.11968E4	4.95326E5	1.30394E4	9591.10959	1.05735E4	3.34575E4	4.06869E6	7720.76906	969.44162	440.97003	363.80387
412	2.0916E4	1.68258E4	8628.0717	6211.73584	5587.8406	4533.73768	4531.43436	4715.21893	4337.56464	2871.59074	2929.40481	1.28396E4	4.70354E5	2.84875E4	8961.83989	1.06055E4	2.08481E4	2.62937E6	7.68285E4	1141.71972	605.63622	397.22863
414	1.65312E4	1.46117E4	9478.3567	6945.35706	4692.43122	4551.52939	4574.37387	4296.86054	4474.7635	2475.26726	3101.20629	9052.97132	3.76347E5	6.36407E4	8209.05609	1.07527E4	1.68898E4	1.59169E6	4.27748E5	1473.22139	592.91145	288.47804
416	2.10761E4	1.70303E4	9975.39295	6525.3262	5102.71905	5296.06632	4304.79621	4424.64494	4064.72902	3020.17959	2622.84532	5808.5312	2.51152E5	1.30144E5	7422.13051	1.0888E4	1.3655E4	6.56149E5	1.23391E6	2101.0951	460.68615	407.8822
418	2.64696E4	1.43618E4	8395.59064	6979.67596	5759.42421	4766.74005	4325.62494	4164.75155	3831.66985	3125.73378	2587.35034	4643.55489	1.44947E5	2.26904E5	6533.43238	9910.67618	1.08861E4	1.63854E5	2.21531E6	3593.87869	746.24872	321.57673
420	1.29134E4	1.43411E4	9025.79665	5991.0297	4841.13097	4625.35555	4422.14028	3999.26881	3319.07806	3428.55723	2323.12824	3190.60073	6.95829E4	3.31913E5	6098.41381	8892.92358	1.06278E4	3.23079E4	2.83153E6	7170.87049	939.85603	342.4232
422	1.93828E4	1.54344E4	9386.71894	6386.36751	5500.89965	4142.30676	4293.65393	4395.05127	3189.15322	3583.66134	2533.82114	3043.47188	3.04075E4	4.06963E5	7938.04428	7710.90709	9863.09456	1.82277E4	2.637E6	9.2012E4	877.11067	397.90382
424	1.93516E4	1.68052E4	9612.14529	5847.6491	5225.64506	4556.68742	4234.02361	3976.20275	3302.45982	3558.71607	2506.66637	3085.89361	1.66757E4	4.16476E5	1.56088E4	7137.02162	9895.28493	1.42205E4	1.71909E6	4.72293E5	1051.19764	517.51187
426	1.26666E4	1.85738E4	1.00128E4	6167.82866	4766.6624	4069.64424	4439.00443	3707.01113	3341.07979	3623.58865	2597.6289	3244.05089	1.02811E4	3.66497E5	3.71946E4	6627.2061	1.03995E4	1.11146E4	7.12453E5	1.2501E6	1812.13447	479.96508
428	2.1569E4	1.90203E4	7864.21005	6317.11668	5208.59481	4745.18638	4015.61119	3962.45183	3097.56305	3778.33353	2411.50842	3089.44544	7724.66402	2.66142E5	7.92893E4	6038.47279	1.04728E4	9425.86153	1.86954E5	2.04808E6	3052.5737	518.19245
430	1.88979E4	1.92053E4	9865.9508	5943.09727	4830.37185	4117.63026	4495.26964	3710.50332	3622.70802	3608.76723	2729.76778	3620.39341	5449.9098	1.64536E5	1.46703E5	5697.15611	9618.18847	7766.96562	3.51611E4	2.29757E6	6577.0141	596.86258
432	1.94333E4	2.52556E4	1.10943E4	7003.84391	5122.3233	4502.57034	3816.63761	4250.31203	3058.95459	3856.04561	2951.04153	3868.63259	4602.0561	8.52937E4	2.26164E5	5484.57162	8600.71513	7679.60494	1.68593E4	1.86831E6	7.02022E4	903.54155
434	1.62856E4	2.73295E4	1.26031E4	6641.20385	4979.3856	4079.12369	3991.70408	4651.66268	3440.22367	3820.79752	3647.30765	4373.04226	3965.79442	3.92525E4	2.99522E5	5688.60927	7986.07911	7438.20167	1.32731E4	1.09173E6	3.87977E5	1007.37402
436	2.52625E4	3.03596E4	1.20689E4	6641.72182	5173.3891	4166.55798	3686.82966	4145.95369	3364.29422	3861.69404	3909.38277	4802.89427	3909.59162	2.00853E4	3.3827E5	9457.90812	8072.7148	7867.60813	1.08197E4	4.39725E5	1.03998E6	1583.65486
438	2.7867E4	3.57955E4	1.35862E4	6970.48565	5691.44659	4057.05858	3910.22684	3923.21684	3463.15504	3528.00789	4514.5848	5964.83303	4086.81288	1.2821E4	3.28391E5	1.95075E4	8061.77326	7955.75112	9062.42084	1.1903E5	1.75223E6	2272.40786
440	2.70774E4	4.14944E4	1.50399E4	6755.57027	5201.14807	3804.86682	3698.06795	4226.37373	4209.12617	3942.00721	5221.52026	6012.59664	4150.79469	9365.88113	2.67831E5	4.38819E4	8166.25369	8226.36852	7585.96154	2.37391E4	2.06558E6	4447.4991
442	2.99709E4	4.43872E4	1.68318E4	7547.21543	3930.16683	4862.01881	4146.72641	4319.9024	3568.26679	4371.98573	5864.69765	7196.15309	4279.09727	7009.92928	1.88161E5	8.25398E4	7324.27056	7283.22617	7287.16526	1.50638E4	1.77295E6	3.49523E4
444	2.45643E4	4.99309E4	1.54906E4	6650.15938	4749.9062	4680.48888	3886.56622	4080.70755	3897.96417	4528.45003	5670.80989	7491.34523	4421.53165	5587.60395	1.12399E5	1.38956E5	6705.51999	6861.76591	6614.25759	1.20104E4	1.0734E6	1.98825E5
446	2.92183E4	4.7539E4	1.66343E4	6259.77711	5354.9779	4574.38847	4310.0087	4057.92484	3718.17936	4191.65842	6401.47675	8179.21299	4291.57997	4389.7994	5.87813E4	2.02536E5	6986.89497	6460.44328	6795.7828	9443.96416	4.48541E5	6.78125E5
448	2.41468E4	4.81828E4	1.70915E4	6999.174	4844.65905	4478.8713	4254.18602	4465.1475	4157.01751	4662.47241	5895.68454	8470.22507	4466.88949	4011.39359	2.89822E4	2.53888E5	8690.09629	5676.33839	6983.64765	8291.77598	1.14285E5	1.4289E6
450	3.48555E4	5.52896E4	1.81032E4	6886.65517	4725.15454	4302.44734	4269.03345	4142.40393	4084.63388	4884.788	6576.90489	8733.09218	4381.77318	3550.44178	1.59728E4	2.76245E5	1.45622E4	5848.29147	7480.83529	6874.6221	2.23222E4	2.01041E6
452	3.27302E4	5.37289E4	1.84078E4	7386.6564	5207.4544	4164.64668	4263.13434	4339.68508	4023.32967	4811.34203	6474.60454	8598.08683	4667.89638	2980.12524	1.06782E4	2.58795E5	2.78532E4	5580.28851	7559.23958	6169.36477	1.32896E4	1.99786E6
454	2.52577E4	5.25034E4	1.60125E4	7057.24883	5508.587	4361.48246	3689.10058	4357.3993	4053.66916	4935.66932	6207.65344	9128.66988	4793.59647	3163.42975	8142.83811	2.04671E5	5.4821E4	5073.74505	6174.99447	5772.48721	1.08253E4	1.33108E6
456	3.49671E4	5.42912E4	1.76933E4	7053.70298	4778.96483	4510.12871	3772.07293	4261.52204	3735.99425	4699.65398	6772.97457	9923.48401	4551.55838	3160.72539	6432.2742	1.39743E5	9.65089E4	4718.61933	5801.18798	5662.22351	8567.36363	5.52643E5
458	3.3195E4	5.68652E4	1.95848E4	7541.11286	5331.09626	4838.70592	3492.7747	4399.52006	3701.5688	4300.38165	6433.40347	1.03587E4	4829.2037	3456.27111	5257.33154	8.14883E4	1.47121E5	4484.10035	5206.66864	5805.8488	7338.00908	1.33572E5
460	2.8706E4	5.65846E4	1.84643E4	6171.34147	5432.89622	3826.88024	3944.31901	4162.54725	4013.88139	4778.69645	6631.14558	1.00593E4	4513.59573	3311.33201	4386.66337	4.15783E4	1.95591E5	5060.68281	5074.87448	6213.77043	5930.32939	2.17609E4
462	4.72302E4	5.65754E4	1.98361E4	8529.32933	5524.46356	3983.82499	3750.48126	4363.89274	3666.04825	4707.24614	6717.41303	1.03581E4	4932.76541	3036.17482	3920.0726	2.11094E4	2.26259E5	7987.09294	5101.04267	6321.13088	5110.19005	1.18342E4
464	4.23487E4	6.01047E4	2.07123E4	6824.13284	5348.31025	4425.87926	3826.25266	3654.45742	4031.19582	5002.94026	7362.95105	1.04677E4	4983.21857	3463.46312	3271.1622	1.2402E4	2.26999E5	1.57652E4	4662.33181	5827.94023	4691.45567	9763.4797
466	5.40878E4	6.54422E4	2.16545E4	6046.41277	5307.29408	4166.51012	4235.00369	3699.22841	4019.78229	5275.10518	6930.56946	1.1172E4	4828.2384	3019.93804	3430.24497	9233.79539	1.99225E5	3.04574E4	4143.23258	5461.73412	4528.64515	8196.76673
468	1.52458E5	7.02249E4	2.09092E4	7021.61694	5721.70873	4414.43144	4008.32998	3997.78024	3847.67831	5513.0296	7849.83673	1.05548E4	5419.85782	3178.46957	3466.32167	7878.45924	1.50024E5	5.61556E4	3855.48598	4936.69961	4577.13642	6719.64041
470	4.58565E5	6.91653E4	1.9487E4	7825.36446	5733.20253	4496.10733	3952.67929	4544.01097	4518.35031	5417.56539	7646.89318	1.12083E4	5388.34394	3204.70087	3580.56989	6557.70745	9.96597E4	9.19708E4	3637.10045	4416.16591	4584.09432	5695.14876
472	1.1237E6	7.08741E4	2.24113E4	8406.02126	6155.00901	4515.12343	4209.48023	4318.42521	4293.48721	5445.23939	8037.95898	1.15533E4	5155.29651	3410.91128	3689.2474	5130.44795	5.6585E4	1.3411E5	3721.0472	4405.7404	5036.63974	4857.0571
474	2.25483E6	7.29972E4	2.26752E4	7858.19194	5857.49245	4870.64693	4037.09618	4725.86797	4371.95426	5612.33924	8055.07198	1.13647E4	5730.48843	3083.95719	3464.78847	4688.36114	3.0622E4	1.72005E5	5101.18386	4271.3773	5033.3186	4039.76662
476	3.9335E6	7.84738E4	2.28114E4	7811.86013	6128.20761	4431.96236	3892.71125	4483.59587	4176.83919	5795.62652	7735.18026	1.23117E4	5635.22699	3405.72843	3536.37982	3669.82945	1.59029E4	1.92735E5	7957.06509	4156.76077	4777.89836	3829.89401
478	5.97573E6	7.95109E4	2.30898E4	7557.05469	5996.06513	4329.08376	4106.42974	4295.17773	4266.99939	5140.10238	7613.16111	1.17432E4	5890.5937	3149.63479	3143.37907	3497.62336	1.10315E4	1.88529E5	1.63151E4	3729.21325	4230.89455	3814.09605
480	7.83619E6	7.23442E4	2.34606E4	7314.66644	5590.79879	4267.3926	3813.99188	4313.85076	4248.21354	5306.94679	7602.35634	1.15222E4	6050.60599	3014.59232	3095.21678	3468.70578	8656.00997	1.62631E5	3.11671E4	3546.20567	3485.04509	3827.2288
482	8.75874E6	7.87557E4	2.33683E4	7596.11406	5770.10994	4331.80065	3364.23656	4591.47254	4356.37087	5661.20056	7615.20972	1.19425E4	5849.94598	3173.85134	2863.82035	3566.78952	6841.72095	1.21638E5	5.57204E4	2968.54796	3166.57036	3776.52722
484	8.52599E6	7.69725E4	2.44468E4	8747.3031	5626.48007	4467.88093	4553.118	4359.82165	4251.94757	5355.33516	7184.44613	1.09336E4	5491.18876	3054.19515	3127.23837	3246.31836	5989.06247	7.37365E4	8.93658E4	2796.938	3106.83544	4393.91631
486	7.20588E6	8.93842E4	2.38829E4	8410.60476	6279.90517	4487.50328	3843.46767	4216.41388	4239.04667	5222.48796	7790.00527	1.03337E4	5161.98104	3145.91824	2931.35702	3239.17788	5000.31985	4.19019E4	1.22614E5	3450.62229	3241.28744	4504.94813
488	5.19832E6	2.33507E5	2.22948E4	8483.98145	5650.97968	4486.14343	3687.87807	4731.28089	4044.5186	5426.76449	7106.98975	1.11898E4	5574.96497	3223.04064	2847.57979	3278.49876	3938.76698	2.05266E4	1.53009E5	5354.18117	3197.2999	3931.72326
490	3.07373E6	6.63822E5	2.35771E4	7837.10695	5865.85098	4200.35114	4167.75371	3654.23191	3855.56977	4858.22315	7296.72288	1.07562E4	4693.6295	3232.94562	2676.75263	2688.05982	3773.80042	1.2208E4	1.63355E5	9617.08402	3013.20758	3467.24818
492	1.42883E6	1.53207E6	2.68268E4	7692.38834	6493.41571	4168.50082	4091.19604	3923.57519	4105.76938	4937.19062	7598.75674	9805.17716	5372.33939	3050.53785	2923.18995	2983.30617	3611.77659	7961.29538	1.54436E5	1.85132E4	2196.22757	2783.19668
494	5.06494E5	2.95206E6	2.34053E4	8974.98707	6347.41675	4058.37618	4479.0926	3851.08998	3658.99827	4727.16676	6992.3472	9986.85437	4856.27654	3459.51611	2842.0054	2759.68557	2970.23258	7172.74613	1.33555E5	3.48395E4	1878.25583	2712.38955
496	1.81973E5	4.98225E6	2.45846E4	9380.89454	6629.08517	4693.53392	4105.00172	4254.78749	3772.8334	4645.1546	6766.42522	1.04942E4	4929.6213	3334.80494	2873.90424	2740.94433	3029.28056	5577.6606	9.74704E4	5.83641E4	1738.62933	2660.42544
498	1.48865E5	7.14634E6	2.57949E4	8518.20391	6861.33933	4321.31674	4080.36443	4066.86702	3956.47026	4740.79966	6390.52222	9318.81869	4481.40016	3189.85735	2690.58418	2645.82492	2724.1252	4547.14148	6.12167E4	8.35068E4	1932.47826	2436.77826
500	1.23883E5	9.03448E6	2.69047E4	9377.46529	6748.69682	4222.46962	3758.44884	3800.84452	4017.11769	4830.53811	6396.87166	9348.38813	4305.56235	2985.19822	2633.415	2691.73539	2731.19501	3759.07645	3.49359E4	1.10054E5	2567.59624	2305.19847
502	1.07531E5	9.84921E6	3.08308E4	1.07126E4	6525.70262	4766.99383	3910.21354	3753.03391	4130.80544	4950.25763	6599.23006	1.02454E4	4671.45204	2983.74476	2965.78367	2566.56173	2826.53918	3469.6662	1.93084E4	1.32369E5	4534.74545	2235.8744
504	1.05618E5	9.46464E6	3.38374E4	1.02436E4	6330.37778	4663.73308	4161.51491	3969.9191	3589.45124	4349.94199	6750.22211	9980.44626	4635.96056	3085.41239	2646.93542	2482.22053	2631.06915	2947.68898	1.07623E4	1.38413E5	9242.51237	1751.47635
506	1.27258E5	7.82465E6	4.98423E4	1.02579E4	7490.8493	4986.62011	3652.17529	4563.71112	4030.87376	4715.593	6222.32684	9435.612	4650.98725	3064.53505	2801.50874	2497.23362	2500.35781	2821.76184	6963.70205	1.30086E5	1.77329E4	1817.62376
508	1.38251E5	5.69826E6	1.86302E5	9516.80313	7327.41311	4591.33554	3794.52486	4243.01432	3524.26423	4072.10816	6047.02181	8520.6189	4436.81509	2386.48651	2680.68037	2771.53169	2399.28743	2467.42614	5478.36735	1.08657E5	3.09755E4	1228.14164
510	1.87593E5	3.34375E6	6.78521E5	1.15566E4	7388.94123	4350.54885	3870.85455	3907.23099	3859.94757	4434.61596	6122.00472	8660.86551	4682.76605	2523.44641	2598.44922	2235.87008	2226.3353	2306.75234	4561.02708	7.81878E4	5.07059E4	1575.14084
512	3.42784E5	1.49085E6	1.78611E6	1.17583E4	7987.12299	5390.3183	3639.42941	4023.05047	3573.44718	4734.44328	5822.40998	8355.21055	4468.04565	2669.94665	2433.41088	2745.53317	2422.17361	2115.8141	3685.38965	4.81922E4	7.29837E4	1773.0705
514	5.87734E5	5.21791E5	3.3786E6	1.32822E4	8452.81632	4974.8898	3916.70676	3860.24392	3276.06914	4006.04922	5418.05165	8848.72394	4025.07804	2496.72844	2684.47366	2126.43523	2105.96999	1781.862	3213.82221	2.72177E4	9.45686E4	2309.66552
516	8.91764E5	2.06567E5	5.36393E6	1.25862E4	7424.13335	5195.17546	3817.35016	3611.89828	3261.89468	4228.7736	5721.79773	8218.54728	3748.02845	2488.25854	2665.81747	2374.70284	2277.859	1863.27995	2788.89827	1.42421E4	1.07211E5	3947.00776
518	1.27687E6	1.60918E5	7.51482E6	1.56003E4	8010.93975	5245.16447	4151.94622	3680.24283	3518.52216	4403.30059	5769.49956	8088.85745	4233.30596	2486.5881	2324.21263	2214.62379	2084.84368	1870.32349	2079.57756	8311.6172	1.15429E5	7955.03426
520	1.73495E6	1.45892E5	9.1614E6	1.84223E4	8582.14989	5604.9606	4328.74758	3985.78046	3125.52451	4057.59885	5348.32077	7960.29519	3631.93222	2629.15227	2403.25111	2519.17874	1879.43962	1842.0464	1919.43263	5876.21632	1.07221E5	1.53833E4
522	2.15E6	1.4519E5	9.68213E6	1.76397E4	8563.06844	5320.89448	3857.27285	4060.0943	3270.96656	4261.61025	5591.94155	7203.97124	3849.2715	2176.69599	2279.85063	2188.55757	1896.91501	2208.45198	1698.573	4765.43956	8.97778E4	2.65536E4
524	2.42524E6	1.26426E5	8.83824E6	2.31897E4	1.01981E4	5758.31506	4830.53454	3822.25371	3766.55172	3893.24124	5080.1173	7052.34408	3726.42799	2138.78682	2321.10445	2154.7947	1686.6202	1596.98896	1478.68114	3905.69524	6.51027E4	4.25379E4
526	2.43605E6	1.17438E5	7.18002E6	4.33049E4	9898.34613	5193.08857	4334.39654	4069.78901	3711.35211	4150.21194	4711.11025	7307.64394	3277.28531	2355.61824	1999.76982	2321.33948	1950.0035	1751.64185	1732.37886	3671.32842	4.20443E4	6.10422E4
528	2.30048E6	1.22441E5	5.05362E6	1.96145E5	9860.2594	6151.09352	4043.28106	3623.89052	3766.79207	3829.45458	4987.78689	6479.82859	3324.82433	1983.51271	1839.36107	2209.18446	1831.36143	1847.70541	1674.25914	2992.10538	2.36781E4	7.88524E4
530	1.94974E6	1.29276E5	2.93696E6	7.50771E5	1.05168E4	5722.15184	4504.69276	3338.21989	4087.40168	3754.74086	4932.75875	6867.122	3032.6733	1897.7409	1793.65079	2386.96213	1736.7539	1544.82459	1354.16891	2103.30719	1.26496E4	9.23798E4
532	1.49028E6	1.75002E5	1.24545E6	1.92075E6	1.20997E4	5729.60643	4979.82228	3621.60161	3161.01445	4529.32616	4933.52517	6116.69843	3402.19194	1738.09989	1974.03592	1856.98352	1887.27253	1606.0271	1298.21129	1934.57956	6815.8076	9.75402E4
534	1.04054E6	2.82964E5	4.175E5	3.81045E6	1.28289E4	6489.95061	4582.03536	3714.85503	3598.36132	3483.58063	4141.6369	6269.74816	2966.09585	1922.16517	1862.01898	2104.30659	1970.921	1584.45365	1284.47216	1619.02856	4264.04486	9.31382E4
536	5.9615E5	4.83122E5	1.6831E5	6.02132E6	1.30226E4	6074.47584	4533.38072	3997.64027	3402.78963	3603.32843	4499.17085	6365.27982	3169.73447	1999.72357	1698.50587	1893.2395	1664.11651	1374.25291	1239.9819	1443.43933	3975.42275	7.73961E4
538	3.12722E5	8.05444E5	1.225E5	8.2736E6	1.35841E4	7043.61587	4418.86209	4648.90659	3599.74649	3406.38077	4608.8396	5730.85095	3272.16932	1915.8832	1652.8908	1888.6846	1874.13338	1536.71828	1424.87978	1239.44664	3584.20861	5.69038E4
540	1.63223E5	1.20591E6	1.01795E5	9.79299E6	1.43195E4	6196.37091	5128.56818	3749.8743	3239.81854	3737.02474	4068.61957	5231.64696	3043.82125	1748.67956	1650.85902	2145.16694	1491.86212	1319.5822	1076.75422	1082.41655	2678.12349	3.6804E4
542	9.34485E4	1.64746E6	9.38435E4	1.00632E7	1.81081E4	6979.78008	5331.18444	4164.71146	3379.44673	3553.77299	4393.46904	5862.8268	2900.09294	2121.7224	1632.71996	1795.08275	1523.52376	1390.02049	1201.78871	1058.71581	2210.08504	2.14412E4
544	6.64093E4	2.10175E6	8.89309E4	8.91993E6	2.43052E4	7552.82946	5063.58849	3810.82611	3327.72234	3706.12666	3873.79955	5519.21472	2883.54126	1658.6834	1562.7211	1886.40668	1419.05269	1346.0351	1152.75388	998.14873	1704.44289	1.07789E4
546	5.69129E4	2.44513E6	8.29039E4	6.92781E6	4.81366E4	8031.25079	5128.54143	4303.07664	3360.75364	3721.49824	3983.51327	5479.52394	2990.13199	1495.189	1583.55505	1704.03855	1555.88784	1192.98174	796.62024	1040.16708	1538.9729	6195.30459
548	5.92305E4	2.64206E6	8.77323E4	4.67761E6	2.36714E5	7380.53337	5541.90577	4275.18376	3484.70609	3267.70391	4058.50027	4698.99877	3038.774	1899.93904	1683.04697	1731.02989	1752.61875	1336.84958	784.16081	922.53906	1265.09367	3892.93127
550	5.7236E4	2.59979E6	8.09122E4	2.58308E6	8.72141E5	8890.16397	5643.06955	4000.28621	3514.50817	3332.05834	4201.6095	5421.69652	2921.59144	1709.28551	1777.27276	1514.0096	1608.78226	1213.36434	1092.421	890.38914	908.34105	2961.04297
552	5.86725E4	2.34048E6	8.49118E4	1.11921E6	2.24128E6	9244.4158	5564.16184	4038.19231	3099.95551	3182.15441	3694.89562	4891.79057	2493.23504	1944.26966	1811.23751	1466.80315	1508.41451	1243.0848	803.25215	924.64257	798.58384	3062.04141
554	4.29618E4	1.95618E6	9.91367E4	3.65665E5	4.3261E6	1.03804E4	5219.87752	4622.82239	3553.52013	3394.86957	3352.33548	5265.0357	2547.49584	1729.78311	1421.95489	1131.9124	1922.77477	1487.23357	949.97095	686.92706	857.15009	2566.18725
556	5.38637E4	1.47036E6	1.62944E5	1.53161E5	6.3909E6	1.05256E4	6477.39171	4539.71626	3730.6481	3668.50729	3992.62248	4565.85005	2275.20697	1899.26237	1536.85043	1469.23901	1380.09804	1334.00979	1021.11801	918.77384	697.08881	2036.03836
558	5.86182E4	9.81401E5	2.95824E5	1.14834E5	8.42845E6	1.12897E4	6623.70485	4567.02764	3252.44682	3247.25628	3556.66215	4348.60383	2134.86879	1733.02028	1743.5681	1335.86621	1450.36154	1245.16661	844.04553	983.73579	718.59569	1575.86682
560	5.23443E4	5.75145E5	5.19609E5	9.85275E4	9.7751E6	1.28016E4	5838.5046	4532.21167	4029.11894	3271.66529	3272.44446	4155.66516	2357.54399	1523.54501	1634.30369	1390.70905	1082.49651	1021.91786	886.83694	872.05964	597.44545	1398.05077
562	5.21945E4	3.32394E5	8.30277E5	9.15754E4	9.80997E6	1.46961E4	7523.173	4423.05694	3691.29072	3411.96936	3857.05748	4601.16957	2743.50771	1539.06077	1683.48385	1203.56447	1063.92385	1070.76949	835.56008	776.92604	882.06107	857.53808
564	5.20194E4	1.51239E5	1.27543E6	8.5156E4	8.52882E6	2.19393E4	5844.26552	4675.14515	3995.63156	3131.8676	2951.50718	4066.50221	2178.4862	1471.93216	1758.59009	1275.68439	1171.77366	1108.60404	938.46104	923.76423	509.13141	946.23271
566	3.96186E4	1.04434E5	1.70827E6	8.74321E4	6.56881E6	4.44001E4	8064.77826	4907.85501	3649.52332	3284.19302	3364.99982	3947.37969	2502.58937	1740.13933	1444.77578	1551.29527	1252.38733	1100.03234	915.69774	897.82026	649.92586	657.21519
568	5.64601E4	7.64698E4	2.09009E6	8.08236E4	4.39374E6	2.32729E5	8245.61962	4920.28015	4200.56242	3375.67014	3319.21492	3763.17426	2653.35859	1736.53157	1014.73928	1483.75215	1124.54152	909.53789	690.80426	777.92719	693.80153	916.6064
570	4.29096E4	5.86473E4	2.40839E6	7.32028E4	2.42684E6	8.31395E5	8473.00962	5566.11983	4579.22963	3180.37118	2905.35699	3921.61347	2282.35025	1770.90394	1336.4111	1349.10967	1298.34134	864.23045	961.41376	1008.83911	778.43112	509.20582
572	5.40614E4	4.88088E4	2.50921E6	7.45942E4	1.03848E6	1.9948E6	1.02631E4	5257.46997	4238.36659	3765.52115	3527.63704	3445.45823	2227.83705	1609.55578	1489.37487	1294.84342	1352.35754	1079.73812	789.79451	519.21262	471.32055	830.24252
574	5.11955E4	4.56092E4	2.38961E6	6.73112E4	3.25069E5	3.64557E6	9391.87556	5583.36625	4833.01104	3597.1686	2897.05164	3797.70101	2107.01469	1854.87016	1237.35983	1485.18134	1162.05213	883.86826	737.53982	830.99541	468.50131	546.22746
576	5.34107E4	4.85199E4	2.09263E6	7.00795E4	1.39876E5	5.47897E6	1.17551E4	5153.48126	4075.85971	3655.92634	3020.80098	3712.58774	2411.68119	1731.96343	1528.38764	1054.9322	1270.68239	1202.21348	881.68833	880.37824	697.68109	525.44841
578	6.1356E4	4.27922E4	1.71537E6	9.84752E4	1.0858E5	7.24786E6	1.06903E4	5894.99724	4670.9742	3584.26171	3222.673	3434.27725	2357.66635	1494.06132	1068.43168	1282.15953	931.53577	1002.73717	1073.39444	779.57874	496.66346	690.37152
580	5.45222E4	3.7812E4	1.23546E6	1.61491E5	9.02671E4	8.46857E6	1.11728E4	5360.30917	4158.2317	3376.4801	2937.39001	3352.87785	2382.47513	1534.35964	1199.76885	1127.01178	1114.18965	964.09598	902.86411	662.3809	389.68998	596.7305
582	5.76143E4	3.57568E4	8.34924E5	2.95193E5	7.94525E4	8.48077E6	1.51894E4	6669.58735	3832.13597	3514.83637	3030.67238	3452.82832	2413.02946	1411.6077	1107.12333	1328.29038	1191.13547	1094.0563	733.69625	760.96478	468.28552	491.46376
584	4.84332E4	3.4902E4	5.18817E5	5.20196E5	7.74799E4	7.43993E6	1.98921E4	6218.07173	4744.38607	3469.7017	3190.79983	3519.83868	2228.91311	1590.08636	1178.43667	1021.47037	1096.49762	880.88936	863.69028	724.06483	451.22429	650.74936
586	4.86178E4	3.88131E4	2.73147E5	8.18491E5	7.56566E4	5.67154E6	3.80395E4	7489.21359	4196.10247	3664.04561	2526.9899	3538.34567	2427.24487	1246.13913	1292.52586	1126.20091	1092.52092	1181.72415	937.83378	999.62947	606.20296	597.58854
588	4.94227E4	3.7386E4	1.39029E5	1.20164E6	7.20292E4	3.72869E6	2.10998E5	7662.5857	4353.67118	3621.48237	2926.27333	3112.82605	1996.77909	1530.89785	1316.23449	827.21635	1040.25859	1116.12602	737.32372	978.57164	430.32744	449.50274
590	5.03063E4	3.54435E4	7.6813E4	1.59433E6	6.61246E4	1.93564E6	7.85543E5	7338.73921	4680.30045	4587.53254	3160.56347	3435.66953	2150.18009	1512.32805	1268.64005	1112.60239	984.45002	1088.45328	922.34463	775.74032	439.03683	561.53872
592	4.09836E4	4.03465E4	5.78807E4	1.91132E6	6.53131E4	7.81612E5	1.93909E6	9225.38614	5283.22188	3668.92136	3286.28672	3825.20724	2297.94552	1146.45839	1404.92182	1237.16641	1125.13118	946.67004	851.88393	723.70156	598.60555	418.36305
594	4.4657E4	3.32021E4	4.72892E4	2.1446E6	6.45871E4	2.50356E5	3.56204E6	9012.77833	5037.09234	4607.09628	3258.16084	3196.40836	1913.35594	1489.96691	1429.5878	1126.49292	919.09761	1000.68222	573.0027	629.35474	493.23415	367.35236
596	4.85311E4	4.07136E4	3.69565E4	2.2058E6	5.69202E4	1.18523E5	5.3723E6	9407.75992	5204.05822	3703.26056	2902.41272	3005.28366	2478.759	1625.82657	1544.02631	1039.11315	935.42523	929.56639	792.10448	708.2085	422.01127	228.87225
598	2.78272E4	3.33614E4	3.35922E4	2.07792E6	5.6666E4	9.63464E4	7.01866E6	9908.2554	5838.22636	4223.12341	2699.45793	3098.46308	2054.49665	1338.93936	1426.33579	1323.62089	783.68593	1001.51174	463.42769	528.28752	592.32486	565.98672
600	5.35584E4	3.08566E4	3.1115E4	1.80011E6	6.37208E4	8.24803E4	7.96348E6	1.13749E4	5621.03833	3784.68884	3057.7472	2999.48484	2245.67565	1413.95106	1271.11991	1049.02321	879.02007	1060.66277	850.46217	821.17985	824.35277	375.36963
