300	7.38459E4	5.74146E4	5.16084E4	2.67961E6	2.05759E5	1.54326E5	1.11541E7	3.85275E4	5450.51562	2877.86612	2143.31791	1981.57208	1322.69382	1157.90602	974.76248	1191.11205	963.65624	652.74591	880.07351	487.76743	966.01956	556.09537
302	6.96851E4	5.37135E4	4.4555E4	1.70689E6	5.28828E5	1.01142E5	9.61673E6	4.25293E5	6402.08093	3270.31761	2391.05525	1657.10166	1428.90103	1356.27103	941.11064	923.87634	692.2937	485.69499	849.57067	615.81093	418.9715	798.06127
304	5.87039E4	6.68986E4	4.11167E4	8.82747E5	1.12509E6	9.04302E4	5.90777E6	1.89985E6	7434.54343	3658.52779	2493.26285	1773.31854	1331.73096	1003.24904	1029.82104	914.69051	697.12666	506.68745	799.50308	647.22523	563.05992	542.04334
306	6.17748E4	5.3267E4	4.84503E4	3.43107E5	1.92562E6	8.14032E4	2.49658E6	4.98966E6	9552.97167	4021.33456	2349.23439	1614.06149	1509.99595	1146.44848	1080.26631	841.4818	997.12023	621.86058	719.86352	579.27201	583.57279	696.08268
308	6.68529E4	4.57116E4	3.8118E4	1.26234E5	2.64391E6	7.41701E4	6.38777E5	8.7188E6	1.39837E4	3787.73133	2498.94334	2158.68217	1341.86675	1138.70599	1143.14671	977.54342	732.42067	672.52313	468.66578	546.97213	573.53079	579.3613
310	5.95902E4	5.04798E4	4.08545E4	6.46764E4	2.79944E6	8.27366E4	1.4396E5	1.04822E7	3.53538E4	4255.90692	2668.41396	1833.10646	1593.327	1326.18772	914.91837	900.63875	860.63548	651.51388	784.86896	802.93405	603.51867	502.28619
312	5.91649E4	4.67258E4	4.31536E4	5.00034E4	2.34666E6	1.60201E5	8.83129E4	9.01109E6	3.75625E5	5539.50479	2890.90468	2272.98789	1059.18318	845.73921	932.05403	975.8211	645.7757	747.34846	650.85388	621.2222	288.35093	503.27694
314	6.92103E4	4.81906E4	4.49677E4	3.83627E4	1.50029E6	4.27039E5	8.01741E4	5.31944E6	1.84442E6	5885.3603	2974.60171	1952.28058	1497.62156	1206.47068	936.12684	896.67871	674.22842	840.19701	550.95583	579.62444	530.79533	420.6851
316	6.419E4	4.70663E4	4.22596E4	3.66629E4	7.59484E5	9.25851E5	7.34461E4	2.11858E6	4.69403E6	8120.96517	3234.38407	1929.26242	1445.27263	1381.00455	1188.55978	810.28423	783.59737	796.30441	694.22891	699.49919	560.96869	395.15294
318	7.00512E4	4.21212E4	4.22742E4	3.63768E4	3.04423E5	1.6064E6	6.37299E4	5.34491E5	7.72929E6	1.18512E4	3783.56575	2027.96324	1129.10425	1128.07946	1116.1896	926.13235	668.43831	697.67651	691.04962	627.0485	540.13449	615.2595
320	7.25546E4	3.62333E4	4.06729E4	3.23474E4	1.14609E5	2.17149E6	5.67442E4	1.13165E5	9.02611E6	3.05368E4	4169.6955	2455.57001	1530.86968	1450.32004	1042.60073	752.54192	839.04772	794.18301	502.8408	585.18716	530.78449	501.49992
322	6.59357E4	3.79116E4	3.49277E4	3.02455E4	5.48203E4	2.29278E6	6.33652E4	7.29571E4	7.46227E6	3.19305E5	4136.25437	2392.41313	1701.04919	1205.1559	1066.1404	846.04816	968.97426	801.37786	767.81076	722.02033	671.18392	429.66365
324	4.99697E4	3.70289E4	3.41771E4	3.01597E4	3.95232E4	1.93211E6	1.2625E5	6.21787E4	4.37681E6	1.44534E6	5280.18352	2188.53244	1812.05119	1427.07278	888.99955	895.6505	629.40726	726.17158	431.94835	361.55194	609.15158	481.87145
326	5.41859E4	4.09924E4	2.90807E4	2.93891E4	3.28384E4	1.30356E6	3.14111E5	5.86884E4	1.71739E6	3.70978E6	6305.443	2351.69284	1932.08603	1394.43507	879.98368	787.015	469.90482	933.08493	585.16023	615.06188	646.49884	597.89788
328	5.53491E4	3.18294E4	2.93145E4	3.01055E4	2.90482E4	7.17097E5	6.79135E5	5.36323E4	4.49463E5	6.21085E6	9443.92575	2676.90552	1730.18473	1223.75841	684.94789	932.89646	914.92072	556.79921	432.11661	568.47091	286.51834	370.00161
330	5.15733E4	3.77948E4	2.42586E4	3.00027E4	2.51374E4	3.04968E5	1.22499E6	4.70917E4	9.7218E4	7.48586E6	2.32958E4	3430.30337	1901.1163	1352.40902	945.24887	753.07496	725.98473	572.93392	567.75656	491.2643	459.05248	488.05071
332	5.52905E4	3.26924E4	2.60314E4	3.09923E4	2.46797E4	1.17969E5	1.68799E6	4.14304E4	6.16265E4	6.41523E6	2.41542E5	3631.88599	2034.52167	1545.00796	1028.37232	760.3207	764.62873	558.55475	504.24414	631.91439	406.63945	564.67649
334	5.21108E4	2.92712E4	2.32435E4	2.64182E4	2.2593E4	4.9802E4	1.88485E6	4.47319E4	5.29916E4	3.94113E6	1.13241E6	3795.76627	2009.47659	1293.93124	931.16371	830.99207	728.06246	425.57292	743.56985	573.8332	363.73259	382.77467
336	5.92498E4	2.79032E4	2.25227E4	2.5721E4	2.12136E4	3.07999E4	1.67262E6	8.08932E4	4.48892E4	1.61974E6	3.0117E6	5093.87713	2067.19157	1289.87711	1002.49514	698.04276	743.46444	461.4887	655.2061	269.18494	550.64246	344.2315
338	4.90963E4	2.76411E4	2.41776E4	2.16914E4	2.23591E4	2.59719E4	1.20598E6	2.04233E5	4.36212E4	4.44927E5	5.11226E6	7445.40325	2253.40181	1426.31211	1135.87309	707.47852	562.10296	563.3153	371.22238	311.44791	362.58526	281.79912
340	4.32617E4	3.15843E4	2.00714E4	2.0741E4	2.15609E4	2.19204E4	6.7679E5	4.76604E5	3.93512E4	8.87109E4	6.22947E6	1.94844E4	2428.89817	1289.17403	1151.78884	730.55671	477.26008	573.726	524.31316	444.15604	407.77262	336.4636
342	4.24982E4	2.73508E4	2.24856E4	2.03622E4	2.25121E4	1.91651E4	3.22153E5	8.70555E5	3.53024E4	5.25522E4	5.45095E6	1.88109E5	2342.29215	1316.99563	1187.62543	944.29224	655.204	573.07525	418.19352	576.04861	404.38719	401.03169
344	4.73491E4	3.03757E4	2.16085E4	2.03697E4	2.18498E4	1.70946E4	1.17393E5	1.28279E6	3.10877E4	4.11592E4	3.32231E6	9.63972E5	3081.66243	1305.68401	918.22638	889.33128	679.4261	467.23377	510.86223	420.40509	350.36153	286.82548
346	4.61001E4	3.0074E4	2.24458E4	1.92012E4	2.29446E4	1.7462E4	5.0071E4	1.48275E6	3.17077E4	3.79726E4	1.38164E6	2.49939E6	3872.23199	1775.20485	1228.16226	637.78242	553.81003	481.72409	402.91026	530.142	306.36526	398.70976
348	6.23692E4	3.34068E4	2.25725E4	1.93193E4	2.25276E4	1.75273E4	2.75738E4	1.39274E6	5.54934E4	3.47209E4	3.43892E5	4.2665E6	6487.03381	1769.11927	1143.20868	849.70909	552.36715	640.838	550.44024	342.95771	345.61388	400.82754
350	4.55622E4	3.37341E4	1.99142E4	1.82109E4	1.99761E4	1.46191E4	1.98612E4	1.06167E6	1.36472E5	3.18698E4	7.17453E4	5.01062E6	1.40245E4	2062.11583	1244.47613	800.30568	703.03927	579.61654	336.98701	481.95698	395.43069	360.30348
352	5.55058E4	2.75663E4	2.1261E4	1.7382E4	1.90698E4	1.56666E4	1.5385E4	6.4306E5	3.25881E5	2.97784E4	4.18601E4	4.25022E6	1.60606E5	2188.16481	1098.63585	627.14482	579.54414	501.07069	466.28559	364.31182	333.24128	106.68904
354	4.28784E4	3.15944E4	1.8737E4	1.6349E4	1.66229E4	1.52772E4	1.37214E4	3.20407E5	5.97934E5	2.6356E4	3.44366E4	2.5914E6	7.48673E5	2502.80734	1352.36589	918.11773	588.46905	469.14385	391.23323	494.02576	417.83156	216.86675
356	4.58681E4	3.17988E4	1.9046E4	1.71664E4	1.69429E4	1.46925E4	1.25533E4	1.31225E5	8.99744E5	2.25098E4	3.01761E4	1.05E6	2.02608E6	3387.62864	1071.35497	877.60755	520.67539	475.81377	489.70788	589.50857	286.49736	327.34133
358	5.03731E4	2.67409E4	1.92382E4	1.52231E4	1.54636E4	1.60111E4	1.10996E4	5.20928E4	1.10649E6	2.2729E4	2.87561E4	2.79557E5	3.49384E6	5449.2044	1366.6157	750.55661	729.63085	512.78917	333.69484	583.22307	329.32629	343.0091
360	3.54354E4	2.77719E4	1.62079E4	1.80333E4	1.46094E4	1.59698E4	1.01585E4	2.70249E4	1.1164E6	3.35418E4	2.7108E4	6.11268E4	4.2485E6	1.15693E4	1397.86414	717.8671	596.39491	457.84257	522.41618	392.32664	240.56088	336.06018
362	5.14433E4	3.03651E4	2.14857E4	1.49406E4	1.52688E4	1.57223E4	1.02398E4	1.72366E4	9.18102E5	7.71751E4	2.62084E4	3.76158E4	3.75236E6	1.19469E5	1599.93968	880.43126	769.02846	376.90598	467.47813	491.14145	259.66014	309.42366
364	4.91379E4	3.05905E4	1.83952E4	1.41087E4	1.39298E4	1.56157E4	9941.02115	1.35584E4	6.06558E5	1.82084E5	2.17904E4	2.86876E4	2.37058E6	6.21725E5	2149.84154	905.29213	748.78735	584.17296	491.94831	338.05773	322.26161	390.88158
366	4.06263E4	2.89612E4	1.76925E4	1.56025E4	1.45644E4	1.48794E4	9059.25416	1.01056E4	3.18792E5	3.84129E5	1.92867E4	2.4014E4	9.5927E5	1.7751E6	2759.87003	1064.76866	743.29477	412.19472	407.55734	337.15746	360.96276	313.60273
368	4.54957E4	2.91079E4	1.63947E4	1.59818E4	1.46841E4	1.33951E4	8954.64295	9155.04493	1.40675E5	6.25819E5	1.81692E4	2.38908E4	2.58477E5	3.07955E6	4557.74387	1089.45879	619.14325	469.44621	455.36696	332.65362	376.66201	373.27404
370	3.90124E4	3.20157E4	1.59652E4	1.46779E4	1.31177E4	1.28675E4	8944.83161	8965.7016	5.52837E4	8.31596E5	1.81167E4	2.26536E4	5.32278E4	3.74325E6	1.05386E4	1044.84818	766.6571	598.13014	452.944	371.41543	371.52	269.7257
372	4.30572E4	2.85055E4	1.86946E4	1.56458E4	1.18827E4	1.19784E4	9734.52622	8052.49707	2.77739E4	8.8812E5	2.35036E4	2.16183E4	3.17061E4	3.20034E6	1.09921E5	1403.65694	620.37551	660.07083	362.91134	393.30729	249.09319	208.01644
374	4.27305E4	2.60022E4	1.63359E4	1.38467E4	1.14597E4	1.12638E4	9925.22124	7677.93137	1.72929E4	7.74903E5	5.43844E4	1.89288E4	2.50217E4	1.91043E6	5.51768E5	1708.91839	786.37135	471.70386	432.67729	402.69561	276.72617	265.27296
376	4.67107E4	2.66764E4	1.42988E4	1.33817E4	1.21513E4	1.06469E4	9315.17118	7150.41656	1.24128E4	5.5238E5	1.25635E5	1.75459E4	2.12837E4	7.68697E5	1.47796E6	2614.80291	892.46509	539.90084	456.75888	380.6485	317.54777	233.66951
378	3.58057E4	2.14521E4	1.59134E4	1.30642E4	1.24575E4	1.03115E4	9322.0917	7141.26863	9655.03919	3.21343E5	2.62675E5	1.54143E4	1.89914E4	1.91494E5	2.5697E6	3557.15454	916.82097	616.00047	485.45634	386.00522	334.30378	207.53487
380	3.71516E4	2.39795E4	1.3656E4	1.22859E4	1.15603E4	1.06237E4	9424.34193	6966.89138	8463.18525	1.5821E5	4.4113E5	1.39947E4	1.90544E4	4.51325E4	3.08184E6	8526.41467	931.68252	608.49709	522.87785	350.13512	195.08413	322.73319
382	4.47532E4	2.83668E4	1.5774E4	1.40268E4	1.21852E4	9975.21653	8751.342	7279.87621	7583.48165	6.86647E4	6.19195E5	1.36419E4	1.82234E4	2.83933E4	2.67803E6	8.6516E4	1190.83792	620.88396	672.77076	344.26877	279.26503	231.22405
384	4.13157E4	2.81324E4	1.38587E4	1.2219E4	1.15206E4	9894.45326	9377.87907	7650.34051	7761.23597	3.21022E4	7.15861E5	1.6999E4	1.756E4	2.24912E4	1.66817E6	4.30889E5	1443.21393	662.81314	544.9049	338.2502	263.08011	226.34068
386	4.58289E4	2.83852E4	1.4754E4	1.14058E4	1.17939E4	1.00778E4	8235.80609	7468.79614	7304.35036	1.96577E4	6.85069E5	3.47134E4	1.57547E4	1.83629E4	6.82125E5	1.22554E6	2186.87755	778.50793	510.9664	451.19711	234.09366	203.96994
388	4.93806E4	2.37233E4	1.49695E4	1.24131E4	1.08374E4	9968.62169	7650.54876	7091.67417	6113.69638	1.35928E4	5.46216E5	7.90285E4	1.38294E4	1.69522E4	1.94273E5	2.1546E6	3420.19309	839.94279	512.36718	400.8337	273.86451	290.61693
390	4.04888E4	2.92927E4	1.37642E4	1.25096E4	1.11244E4	9712.02159	8041.77215	8059.6897	7000.80744	1.13757E4	3.56276E5	1.70297E5	1.29463E4	1.6173E4	4.30865E4	2.73107E6	7714.67587	983.13662	533.69784	433.73992	384.60918	268.95007
392	4.427E4	3.25563E4	1.26699E4	1.09693E4	1.06247E4	9397.18973	7604.23159	8424.42116	6775.01262	9268.85763	1.9113E5	3.11891E5	1.19844E4	1.58821E4	2.56745E4	2.44088E6	7.88966E4	1099.71393	518.11177	447.01854	314.23656	241.14109
394	5.24627E4	3.26381E4	1.27091E4	1.23814E4	1.05603E4	8970.71292	6909.17658	8772.39244	6601.17092	8715.38931	9.06601E4	4.59637E5	1.17182E4	1.63725E4	2.00711E4	1.59304E6	3.8717E5	1283.61976	536.69912	503.02448	397.63849	316.99666
396	4.90944E4	3.74215E4	1.40029E4	1.11222E4	1.05985E4	9138.82475	7425.07767	7611.95625	6994.69484	7543.01188	3.97234E4	5.74471E5	1.26627E4	1.46768E4	1.64715E4	6.64181E5	1.11609E6	1823.25885	689.75493	383.55407	283.25576	244.43315
398	4.20138E4	3.9923E4	1.33849E4	1.10055E4	1.05221E4	8412.18619	6690.84039	7588.9781	6707.60206	7418.03195	2.23561E4	5.97522E5	2.06426E4	1.3108E4	1.41831E4	1.85409E5	1.96106E6	2960.21667	884.85732	489.4547	379.8581	248.2434
400	4.29047E4	4.65821E4	1.24171E4	1.02233E4	9659.53842	8865.4087	6930.94055	7257.30479	6490.05429	7563.15129	1.54056E4	5.11563E5	4.64182E4	1.17844E4	1.33216E4	3.86382E4	2.39508E6	6682.35239	923.86798	583.22184	476.60337	282.81166
402	5.30708E4	4.13978E4	1.51501E4	1.05159E4	9646.99545	9100.20624	6814.6079	6514.02984	6831.92334	7081.39059	1.18408E4	3.61081E5	1.04543E5	1.10946E4	1.33998E4	2.27012E4	2.08236E6	6.52081E4	945.2391	455.95756	377.75635	277.48117
404	4.8635E4	4.56249E4	1.18572E4	9724.68005	9994.30529	8076.77345	7105.24624	6642.0893	7193.79281	6681.23096	8836.02154	2.13353E5	2.02066E5	1.07021E4	1.37828E4	1.78743E4	1.27014E6	3.41043E5	1359.79603	513.82209	390.46612	387.12558
406	4.942E4	4.538E4	1.43326E4	1.01411E4	9180.65146	7982.7167	6731.42037	6444.74694	7097.68787	6595.39304	8686.56078	1.06029E5	3.27861E5	9325.28478	1.28718E4	1.39114E4	5.27128E5	9.4098E5	1834.81566	642.26165	369.39063	284.68599
408	4.78884E4	4.28254E4	1.39128E4	1.05198E4	1.00448E4	7758.88419	6728.7761	6414.5636	7536.26311	6566.91697	7809.63796	4.83611E4	4.42742E5	9954.22787	1.17812E4	1.16818E4	1.37102E5	1.69661E6	2967.30965	553.85823	295.56392	392.81724
410	4.27701E4	4.68805E4	1.50947E4	9060.67513	9092.94923	8445.88735	6878.01113	6357.46086	7086.08741	6614.94604	7193.33523	2.53312E4	4.99027E5	1.39617E4	1.02652E4	1.12143E4	3.00997E4	2.09686E6	5756.10769	812.93432	409.50396	272.81633
412	4.8516E4	4.65766E4	1.29008E4	1.09576E4	9227.53433	7600.63215	6757.71524	5775.4186	6799.83864	6766.79807	6652.29626	1.5569E4	4.75105E5	2.93627E4	9034.52821	1.08029E4	1.93156E4	1.85028E6	4.75561E4	889.65987	561.01572	297.15107
414	4.46121E4	4.78047E4	1.39637E4	1.01013E4	9024.60758	7962.59839	6321.88374	6589.41492	6870.95303	6123.62507	6780.05208	1.26865E4	3.77378E5	6.48708E4	8863.95944	1.06673E4	1.52546E4	1.1692E6	2.57987E5	1017.52435	415.95069	304.606
416	4.29482E4	4.77797E4	1.28647E4	9800.57431	9117.15057	7868.14554	5959.2678	6214.41693	6623.2106	6106.28544	6754.55673	1.03671E4	2.54846E5	1.32442E5	8305.86811	1.09714E4	1.23551E4	4.8292E5	7.73013E5	1841.53275	443.89976	299.68086
418	4.46599E4	4.8257E4	1.28234E4	8877.53361	8676.37209	7703.57697	6428.48689	5751.29035	6167.7585	6267.56298	6414.5671	8471.61432	1.4344E5	2.26733E5	7711.97616	9796.39436	9943.23123	1.30199E5	1.44814E6	2516.62172	504.36936	239.01217
420	5.71141E4	5.53521E4	1.51534E4	9774.60455	8956.32013	7921.35755	6313.29745	5927.32415	5941.64682	6291.4	6391.26286	7668.54753	6.95131E4	3.31621E5	7493.95801	9175.91073	8782.16187	2.78428E4	1.85431E6	5683.56853	674.49546	256.39193
422	4.61057E4	6.26182E4	1.46191E4	9420.02828	8854.23221	7595.344	6198.3752	5428.70837	5541.11111	6645.24407	6748.32777	7297.84357	3.34435E4	4.0429E5	8879.88418	8077.18519	9081.35562	1.73826E4	1.64997E6	5.29177E4	659.72776	355.1674
424	4.41926E4	5.18023E4	1.24067E4	9206.3426	8576.57387	7753.38636	6032.1261	5792.57062	5901.52879	6516.12447	6430.35496	7318.14152	1.84518E4	4.19147E5	1.62986E4	7112.4211	8818.04128	1.3932E4	1.03612E6	2.65855E5	1065.39413	341.82588
426	4.61564E4	6.016E4	1.46038E4	8971.00841	7408.23415	7062.38816	5570.42837	6039.55038	5692.2217	6714.66359	6304.77227	7529.21284	1.3446E4	3.64501E5	3.72141E4	7048.38717	8737.18282	1.07863E4	4.07456E5	7.78153E5	1416.42656	354.5581
428	5.39732E4	5.99243E4	1.42918E4	9223.0386	8406.90855	6619.75811	6156.18138	5324.03769	6354.67431	6653.88373	6579.98037	7068.90323	1.01533E4	2.63035E5	8.00597E4	6459.84325	8544.85897	8498.1575	1.02421E5	1.37794E6	2349.20852	380.99422
430	4.70597E4	5.70839E4	1.4756E4	8715.20387	7198.81331	6310.82308	5882.74456	5620.29485	5806.24761	6844.18907	6356.55848	6818.19346	8339.40976	1.57942E5	1.46148E5	5973.04158	7764.52837	7635.55748	2.27854E4	1.66283E6	5294.5161	541.29428
432	4.84776E4	5.60417E4	1.38339E4	7506.32471	7672.52146	6803.61828	5873.80118	6020.37239	5310.64192	6660.40156	6653.73986	6904.3758	7156.64597	8.21588E4	2.29212E5	5177.95678	6769.91116	6891.54894	1.54136E4	1.40554E6	4.95548E4	642.01329
434	4.9265E4	5.66999E4	1.55603E4	9132.68429	7410.19696	6622.20844	5734.65282	5724.45546	5546.14924	6537.20241	7065.31913	7114.90259	6487.70613	4.02708E4	2.98386E5	5725.79299	6551.26058	7091.95799	1.20076E4	8.32041E5	2.46196E5	905.25907
436	4.90111E4	5.96728E4	1.50719E4	8782.60135	8004.68957	6357.2362	5247.34147	5744.09925	5538.65033	6526.43399	7296.26223	7667.71119	5786.75384	2.06899E4	3.38068E5	9596.02296	6022.91014	7568.90164	1.03589E4	3.36828E5	6.62912E5	1231.50358
438	5.39491E4	6.09E4	1.59357E4	8773.56783	7621.00095	6986.86019	5843.06623	5454.17932	5418.7211	6082.5168	7474.93205	7980.83598	5893.29868	1.37867E4	3.24839E5	1.95859E4	5651.62291	7763.15237	8369.52312	8.75638E4	1.16789E6	1912.12511
440	4.28111E4	6.6888E4	1.59654E4	9398.28064	6659.51021	6855.27423	5674.3728	5285.47049	5368.54619	5901.93874	8105.0763	8308.88644	6061.53313	1.06951E4	2.68123E5	4.15313E4	5556.58359	7578.80186	7026.22474	2.09727E4	1.45169E6	3888.51446
442	4.60374E4	6.76577E4	1.52351E4	8261.11261	7666.15308	6378.2918	6346.93152	5350.79508	5223.22184	6127.15649	8213.96592	8729.07448	6349.56833	7880.79098	1.87395E5	8.11341E4	5054.96876	6903.70302	6645.59621	1.3729E4	1.27174E6	2.86271E4
444	4.94846E4	6.70617E4	1.79511E4	8350.38654	6622.37414	6974.50897	5582.7016	5264.83776	5882.49014	6152.73759	7826.15449	8978.32059	5967.8737	6511.88093	1.10173E5	1.39987E5	4510.61013	5642.90581	5826.48292	1.13395E4	7.77684E5	1.59011E5
446	4.32202E4	6.99933E4	1.77377E4	8688.11835	7974.46549	6106.11687	6122.81923	5422.84277	5459.31027	6473.62598	7950.93589	8647.11469	5845.59595	5471.55795	5.73426E4	2.02708E5	4318.29647	5338.24408	6052.81544	9025.33852	3.17621E5	5.16427E5
448	5.73908E4	6.4261E4	1.80389E4	8703.70486	7106.69495	6606.54135	5424.30956	5949.81701	4976.87098	6376.98339	7558.22194	8871.60278	5974.9531	4822.84679	2.7631E4	2.5489E5	6191.24574	5193.18576	6424.68628	7466.81584	8.33561E4	1.00071E6
450	4.27917E4	6.70315E4	1.73883E4	7480.36398	6627.38521	6578.45251	5686.23092	5231.58357	5302.80889	6238.02206	7919.52547	8981.57166	5898.99012	4406.38975	1.56483E4	2.75554E5	1.17726E4	5273.33597	7033.25135	6313.54932	1.99583E4	1.30375E6
452	5.93178E4	6.99695E4	1.66719E4	7729.93242	6935.1931	6548.25362	5172.13077	4874.87352	5167.8701	6487.15273	7451.431	9394.25384	5517.03503	4398.91638	1.0636E4	2.54439E5	2.6504E4	4696.14263	6118.26397	5769.63778	1.22069E4	1.16598E6
454	4.73975E4	6.52213E4	1.77998E4	7946.9714	6478.09102	6356.76974	5393.05672	5417.26591	5097.90295	5926.68045	7599.61523	9230.30336	5537.2166	4382.81795	8554.04173	2.06342E5	5.10377E4	4232.26589	5778.29518	5040.07568	9789.62621	7.25642E5
456	5.12017E4	6.62225E4	1.82683E4	7397.54033	6541.5723	5835.14602	5533.53781	5178.59058	5359.65692	5713.86765	7592.54193	9311.1743	5376.13546	4339.78264	6473.8562	1.37652E5	9.31764E4	3690.64282	4925.93254	5252.89457	8100.90175	2.89189E5
458	4.42535E4	6.97264E4	1.78673E4	7724.15067	6787.5777	5802.86423	5650.05347	4747.08037	4778.24795	6139.0005	7069.55637	9465.53257	5604.85121	3773.49148	5359.90707	8.05365E4	1.44012E5	3392.67053	4586.06931	5353.57831	6795.53044	7.5473E4
460	4.66793E4	6.7762E4	1.6792E4	7716.44471	7771.20905	5755.29531	5286.67025	5235.38555	4738.74032	5860.00702	7323.31897	8831.47756	5494.20032	3886.01556	4357.23998	4.11379E4	1.90994E5	3691.03686	4132.52735	5994.13443	5376.39931	1.71791E4
462	4.52513E4	7.03721E4	1.42026E4	7504.58126	6282.72105	5832.44197	5596.00873	5004.47423	4421.42929	5784.18503	7265.19992	9514.32425	5692.74727	3953.70489	3913.60898	1.92665E4	2.24031E5	7112.51952	4184.28636	6195.25393	4891.313	1.05708E4
464	5.24488E4	6.74829E4	1.81576E4	7207.26868	6308.83433	5575.76151	5537.96582	5035.08312	5479.2915	5823.3601	7100.35087	9453.46768	5779.22743	3545.16279	3373.22892	1.15198E4	2.24464E5	1.37687E4	4142.04663	5541.45234	4551.07854	8622.67365
466	6.10392E4	6.67919E4	1.87121E4	8667.22871	7054.94942	5770.95044	4956.072	4991.63278	5090.82593	5684.49068	6708.19012	9256.15216	5552.2826	3969.54597	3248.65824	8549.39989	1.95632E5	2.97745E4	3826.66021	4815.79308	4101.77855	7829.36396
468	1.46286E5	6.62128E4	1.78441E4	7235.57549	7003.74936	5467.30182	5191.71045	4716.84327	5156.58096	5354.69968	6667.42988	9222.12938	5680.13827	3532.81781	3558.26973	6816.98556	1.4798E5	5.36987E4	3326.76633	4186.81714	4218.63208	6318.92047
470	4.47181E5	6.75065E4	2.08099E4	7368.99344	6399.51351	5158.32526	4959.20912	4501.31503	5508.65275	5565.55638	7454.37067	9913.9813	5441.58826	3299.91382	3415.3577	5502.8797	9.5451E4	8.84436E4	2692.67294	3870.37974	4765.71181	5338.16528
472	1.08601E6	6.7057E4	1.8947E4	7110.78166	5675.59959	5493.39358	4924.78231	4590.74813	4975.89839	5892.57192	7444.72374	9840.48586	5695.53951	3563.22969	3117.31487	4481.40451	5.34247E4	1.31696E5	3143.33841	4065.62148	4581.7231	4409.16732
474	2.16503E6	6.15892E4	1.78895E4	8057.85459	6358.62951	6251.17649	4642.63067	4629.22144	4831.37082	5766.29746	7286.81437	9394.00239	5570.37045	3454.54946	3152.13278	3559.71306	2.79419E4	1.70137E5	4143.97568	3671.75907	4694.389	3865.84671
476	3.78712E6	6.77095E4	1.99968E4	6287.79773	6267.24591	5510.93321	5032.10199	4540.92833	4877.53959	5306.30793	6863.40066	9295.67435	5655.89985	3592.39824	2884.54311	3158.44739	1.42952E4	1.90071E5	6996.94721	3697.7193	4331.23265	3874.76364
478	5.82759E6	6.17361E4	1.90291E4	7881.48202	5685.64751	5332.351	4970.49659	4855.33131	4924.36239	5264.42479	7127.0473	9077.01214	5739.63909	3191.74649	2748.0231	2863.51788	9406.92654	1.8983E5	1.49909E4	3144.53178	3916.38293	3322.78526
480	7.51495E6	6.53623E4	1.74123E4	7568.0827	5943.96769	5897.99163	5255.63846	4683.95283	4985.37727	5380.45607	7041.89044	9048.21725	5499.60484	3539.64141	2858.40678	2827.96477	7033.847	1.61398E5	3.00736E4	2879.32214	3187.15435	3337.47782
482	8.29657E6	6.88544E4	1.89361E4	8126.8777	6629.68301	5664.7965	4690.32796	4671.0478	4524.43194	5376.86253	6395.37706	8631.25882	5514.76598	3314.32762	2928.24249	2457.32924	5702.63764	1.18472E5	5.50832E4	2380.30688	2968.33264	3933.74321
484	8.03045E6	6.81222E4	2.05909E4	8650.4111	5531.61438	4520.97985	4507.75871	4536.04285	4471.86715	5167.35158	6728.72528	8974.11166	5623.23117	3604.47843	2657.5238	2647.17884	4704.92025	7.30508E4	8.90918E4	2367.22844	3159.38353	4177.54488
486	6.72386E6	8.23844E4	1.97376E4	7292.28837	6063.35432	5061.25623	4517.02811	4287.48322	4414.96691	5280.30703	6565.28958	8591.80339	4904.16413	3273.45045	2627.22604	2146.96346	3414.997	3.99763E4	1.23449E5	2774.04572	3028.08461	4378.78778
488	4.69925E6	2.08555E5	1.99336E4	7280.10212	5910.3276	5901.71686	4712.08874	4997.44061	4415.336	4745.39359	6308.38794	7731.1638	4914.86255	3113.30595	2351.86458	2382.42099	3125.90171	2.01332E4	1.51495E5	5304.84885	2549.36371	4141.77798
490	2.69576E6	5.85346E5	1.86254E4	8028.06292	5626.28165	5445.61722	4744.1747	4381.98532	3935.45436	4839.73093	5964.43798	7662.98999	4819.75612	3441.86868	2614.01264	2177.02867	2179.51742	1.06044E4	1.62109E5	9320.4426	2551.3223	3194.59193
492	1.18316E6	1.43293E6	2.01896E4	8774.99427	6801.7044	4541.44423	4927.22296	4168.77943	4198.55515	4822.6829	5934.91747	7571.59324	4538.38663	3191.61345	2444.55732	2170.16346	2068.38791	7277.66587	1.564E5	1.73974E4	2161.78691	3162.50399
494	4.11471E5	2.83124E6	1.92959E4	7396.41276	6197.53255	4169.87708	4807.92266	4790.12627	4564.87563	4649.14545	6010.14825	7297.94294	4464.09558	2961.54941	1930.85834	2001.1454	2029.27857	5829.03976	1.3048E5	3.36743E4	2028.84536	2512.08777
496	1.72208E5	4.63237E6	2.09652E4	8557.22674	7005.22464	5255.51435	4708.38983	3806.25755	4172.04066	4290.31681	5303.85777	7339.72152	4297.32309	3312.06503	2471.42096	2022.15647	1970.96257	4692.38903	9.38222E4	5.65243E4	1634.62065	2372.3635
498	1.4286E5	6.70838E6	2.1447E4	7831.89825	5715.65723	4701.10268	4632.52343	4199.12847	3497.15205	4315.05494	5732.17257	7988.38795	4009.61777	2895.96617	2429.76011	2017.82018	1996.90174	3688.42785	6.12323E4	8.13211E4	1941.20631	2378.49585
500	1.23873E5	8.3369E6	2.09979E4	9004.89561	6148.28361	4614.49112	4375.45065	4107.28728	3800.48242	4352.20409	5376.68133	7160.4838	4362.28242	3219.25598	2484.82609	1840.24717	1867.28306	3060.08784	3.37667E4	1.07922E5	2587.28677	2425.01363
502	1.08302E5	9.19687E6	2.72605E4	9102.51549	5950.4543	5161.14164	4223.36987	4077.17412	3641.74399	4328.19538	5355.89422	7933.77092	3885.43175	3265.90205	2370.36272	1977.40107	1811.32487	2508.33985	1.80121E4	1.28411E5	4409.53019	2347.62138
504	1.03164E5	8.64764E6	2.88202E4	8545.99656	6411.61631	4275.75168	4521.62346	4057.85589	4102.29742	4395.7551	4760.18351	6795.713	3762.99073	3068.7399	2497.40374	1976.87523	1658.36482	2076.33415	9682.21972	1.38456E5	8616.39341	1734.01867
506	1.27085E5	7.16704E6	4.05804E4	9575.38369	7470.10564	5131.42594	4831.10097	4061.12094	3681.83299	3912.686	4917.58286	6894.89446	3566.15545	2873.64162	2532.27283	1657.87538	1715.14082	1718.14412	6476.62878	1.2762E5	1.73161E4	1329.53545
508	1.33135E5	5.1283E6	1.61386E5	1.02851E4	6905.93684	5186.55086	4330.22466	3858.65696	3753.49319	4224.49916	4517.88656	6859.26377	4682.71722	2720.66201	2132.51885	1780.67082	1636.95801	1658.43394	4825.09469	1.07195E5	2.99894E4	1380.75787
510	2.12728E5	2.92391E6	6.0746E5	1.16309E4	6867.58003	4961.03715	4113.6259	3762.21356	3972.53316	3975.30199	4851.46206	6398.01459	3473.5903	2503.85061	2344.20883	1705.04521	1690.57764	1524.09174	4050.79656	7.6383E4	4.9829E4	1248.13453
512	3.68883E5	1.28245E6	1.61262E6	1.14296E4	6103.37281	4928.84847	5097.55432	3834.27991	3808.95921	4174.97657	4333.71199	6283.74577	3826.59635	2376.72485	2076.4658	1857.72732	1500.19501	1562.45473	3369.82065	4.61831E4	7.2983E4	1494.00692
514	5.73351E5	4.53215E5	3.12955E6	1.24813E4	7441.62405	4982.52162	3508.42372	4035.97085	3478.81901	3818.26714	4731.31329	5920.60541	3289.43696	2422.05697	2330.77072	1884.2113	1608.35661	1355.6109	2820.28582	2.6281E4	9.30137E4	2080.8109
516	8.80287E5	1.95454E5	5.03511E6	1.27933E4	6644.32594	5172.85009	4765.13708	3860.91721	3392.95366	3810.80572	4365.54377	6122.68687	3314.23071	2120.80059	2225.37484	1792.23725	1250.42662	1381.64559	2174.11261	1.38133E4	1.10342E5	4067.16128
518	1.35303E6	1.52304E5	7.11801E6	1.26267E4	7428.71235	5230.25097	4247.10921	4382.88214	3445.24884	4043.25655	4550.62029	5808.87249	3224.34273	2249.59372	2099.01421	1541.03364	1266.6392	1386.65796	1552.86972	7447.90601	1.16498E5	7789.5083
520	1.74475E6	1.37996E5	8.6779E6	1.48269E4	6938.47856	5165.59393	3922.87379	4067.58288	3527.16679	4606.71792	4383.93258	5623.34011	3048.31566	2284.10006	2091.54741	1933.05775	1278.40667	1206.57288	1582.54725	5175.5976	1.04874E5	1.45987E4
522	2.16073E6	1.21848E5	9.19206E6	1.86526E4	7088.7198	5432.42645	5090.61584	3251.50619	3916.76698	3863.21185	3929.16971	5517.54056	2940.31441	2051.07966	1920.15083	1884.21543	1338.29828	1335.75525	1278.98285	4344.55624	8.75776E4	2.60541E4
524	2.38679E6	1.26413E5	8.3687E6	2.0904E4	7034.16315	5778.71566	4517.68887	3723.98887	3874.12405	3836.72549	4098.8993	5285.52902	3071.72517	1822.9573	1896.73918	1535.19293	1059.56873	1405.24292	1090.26954	3656.38917	6.39868E4	4.35112E4
526	2.43534E6	1.10919E5	6.76303E6	3.63691E4	7728.88554	6116.52198	4360.2902	3520.12466	2979.9148	3515.48693	3628.65803	5126.90343	2794.72988	2328.92133	2040.93483	1616.91903	1306.34492	1134.63025	1133.33044	2922.34276	4.09815E4	5.97617E4
528	2.27638E6	1.07344E5	4.73613E6	1.65312E5	8508.32587	5478.01557	3848.41421	3946.45793	3629.49062	3453.18173	3918.62532	4842.19066	2972.18887	1607.78965	1579.69718	1532.42632	1089.75902	976.17474	1077.30228	2742.2235	2.32646E4	7.69983E4
530	1.914E6	1.26781E5	2.72567E6	6.33843E5	9782.22398	5734.81604	4568.07513	3308.83446	3655.86081	3223.05053	4196.17815	4454.00583	2546.07129	1937.45751	1409.35209	1570.02302	1268.77827	954.6952	898.58364	1968.37151	1.18183E4	9.13271E4
532	1.49183E6	1.57403E5	1.12858E6	1.68025E6	1.0266E4	5755.13508	4054.84261	3717.2562	3292.97315	3588.47613	3522.65664	4576.43556	2900.67077	1851.92782	1612.30022	1558.18503	1026.34473	947.5521	981.72969	1817.18273	6986.50001	9.64973E4
534	1.00285E6	2.6118E5	3.75889E5	3.34317E6	9981.68566	5625.7511	4249.94125	3675.84062	3661.91687	2967.81544	3760.53468	4016.48124	2800.22974	2056.41968	1337.24372	1580.25539	1425.2523	1046.91103	1066.75634	1293.01216	4253.50536	9.08574E4
536	5.93531E5	4.75528E5	1.5382E5	5.30539E6	1.2625E4	5894.69772	3643.93918	3421.38272	3144.89901	3221.00154	3965.46095	4319.19978	2513.08288	1739.70121	1559.90811	1445.3244	1128.4546	1342.79852	949.96195	1033.30608	3226.23123	7.65246E4
538	3.33043E5	7.74678E5	1.20149E5	7.28043E6	1.17288E4	7029.57715	4421.24904	3574.94305	3051.06116	3494.86357	3845.70816	3929.2633	2472.37543	1955.90394	1733.97615	1206.26673	1114.05626	967.98809	973.14026	872.37492	3144.70876	5.62145E4
540	1.54439E5	1.18609E6	1.02657E5	8.77053E6	1.33381E4	6741.93083	4709.79247	3568.88306	3145.24147	3288.87093	3120.44614	4326.81709	2390.53992	1790.86128	1632.54779	1717.40951	1215.57954	997.00774	1051.95154	1232.62671	2394.6081	3.62985E4
542	9.31698E4	1.65831E6	8.85921E4	9.05416E6	1.6629E4	6041.71632	5593.10328	3573.87404	3208.80027	3475.67912	3091.05414	4118.59639	2549.75295	1670.43022	1494.70154	1338.84601	1294.6673	1079.02384	946.68593	874.17554	2191.37234	2.04231E4
544	6.058E4	2.10166E6	9.46499E4	8.026E6	2.06861E4	7580.97188	5013.44972	4282.0575	3553.48705	2894.80939	3105.61734	3714.75065	2376.90596	1449.09362	1567.31822	1412.94609	1172.28306	673.76077	884.78591	877.2264	1724.97072	1.08307E4
546	5.50545E4	2.4685E6	8.05409E4	6.33329E6	4.23181E4	8220.61681	5114.22478	3766.33452	3472.0895	2833.87302	3014.9161	3761.9435	2651.01635	1490.64993	1504.49611	1266.8257	1017.86859	886.44001	900.43525	1087.80971	1768.16249	5933.06244
548	5.65377E4	2.65411E6	7.88548E4	4.28819E6	1.99811E5	8325.32071	4787.19759	4235.9459	4033.99422	3368.92148	3310.98754	3760.40557	2453.53405	1840.02806	1282.17854	1063.62913	1329.70083	825.29415	923.02247	825.66793	1280.89041	4191.56426
550	3.91875E4	2.61488E6	7.35833E4	2.43388E6	6.97957E5	8177.08907	5630.01856	3606.58361	3560.70543	3466.12382	3118.94472	3382.17685	1963.37703	1633.91346	1288.59557	1189.39635	1068.04198	821.17881	615.32933	820.67146	830.71114	3237.55297
552	5.07047E4	2.35901E6	7.92193E4	1.03167E6	1.76557E6	8970.85533	4725.55868	3498.91688	3287.66048	3432.77907	3195.24136	3841.86773	2053.18235	1386.87163	1404.19782	1070.85979	1148.87009	1030.37943	670.0867	808.84305	790.77742	2837.89695
554	4.73969E4	1.97298E6	9.49981E4	3.39754E5	3.36167E6	9590.01322	5635.71972	4338.13916	3352.51268	3189.27849	3056.41345	3282.74827	2095.59275	1594.70237	1487.2762	1069.18155	989.72645	1011.58855	1016.69775	792.48503	859.21727	2302.83691
556	4.49433E4	1.47382E6	1.51611E5	1.51711E5	5.22904E6	1.03971E4	6183.65752	4393.76336	2874.39895	2949.0148	2850.2729	3652.57572	1896.63197	1857.09994	1256.23555	1396.40822	989.16203	1002.54384	758.8203	749.28591	622.88448	1961.97176
558	4.15021E4	9.96298E5	2.78172E5	1.1435E5	7.08349E6	1.13236E4	5837.76399	4802.4807	3036.84062	2811.40145	3184.39543	2924.35549	2795.78588	1484.87871	1193.82634	1225.14046	1054.07982	879.75449	772.11469	898.02917	604	1628.70307
560	3.60867E4	5.7883E5	5.02432E5	9.97E4	8.35922E6	1.29575E4	5691.6115	4463.33902	3293.15539	3207.98078	3042.22172	3258.94585	2075.04789	1532.63726	1259.00022	1367.41806	1024.17393	905.60901	538.16326	1104.80958	594.87415	1384.49341
562	4.58237E4	3.10491E5	8.32415E5	8.32281E4	8.62259E6	1.52403E4	6114.5583	4610.23888	3949.02234	3233.0944	2999.54889	2779.79648	2156.58674	1432.10998	1418.66452	983.02465	897.91421	843.78358	614.33952	685.9559	625.53001	1083.61618
564	4.3643E4	1.58584E5	1.25697E6	7.79019E4	7.63873E6	1.87499E4	6808.9055	4054.53715	3192.74793	2634.19603	2994.70641	2935.34448	1964.39211	1171.49577	1322.778	1092.8269	638.51765	868.96087	783.0832	668.01382	847.52221	1055.77384
566	3.16969E4	8.95362E4	1.68282E6	8.0069E4	5.96775E6	3.72739E4	6349.19678	4333.67606	3367.38235	2875.08688	2654.0556	3079.21624	2047.44768	1484.01492	1402.57191	1200.17522	979.37331	814.08986	1029.14864	785.68107	658.46338	730.58362
568	4.40724E4	6.10249E4	2.10717E6	8.13813E4	3.98481E6	1.95424E5	7973.42911	4707.20291	3732.31579	2620.8101	3040.91502	3019.95578	1977.60977	1165.16063	1351.84168	1058.06343	1007.85682	860.34034	710.7219	682.69456	629.36583	849.36881
570	4.50407E4	5.95067E4	2.4052E6	7.36117E4	2.17903E6	7.24698E5	7938.52198	4572.1367	3649.36877	2755.28281	3093.98072	3038.66667	1938.99105	1879.93889	1177.26426	1245.76404	926.15177	866.12381	681.82236	649.69102	799.99265	961.44682
572	3.40737E4	4.20576E4	2.52423E6	6.61173E4	9.04099E5	1.76038E6	8480.63795	4637.71709	4020.49897	2969.25637	2563.59606	3189.65093	2455.2587	1206.70208	972.03381	796.21785	708.86595	870.17464	460.74142	683.78598	490.24385	713.07027
574	5.91259E4	4.52662E4	2.40077E6	6.62523E4	3.01957E5	3.29852E6	1.02539E4	5336.86949	3515.86011	2435.64068	2683.16786	2287.49259	1922.8655	1385.04799	1387.52139	1231.55332	989.83059	1057.43131	640.99978	695.90053	729.39612	674.00447
576	5.03952E4	3.31908E4	2.1095E6	7.04875E4	1.32067E5	5.02657E6	9408.86999	4846.78351	4260.7988	3351.38595	2605.09736	2717.15955	2171.45352	1566.70172	1017.00913	915.38755	841.18643	1109.27785	729.49135	777.62931	653.06047	584.26835
578	4.42511E4	3.28597E4	1.68364E6	9.14251E4	1.03584E5	6.68005E6	1.04998E4	5692.77012	3548.96316	3355.0384	3056.9465	2974.37365	2046.18381	1339.60666	1261.18739	850.98136	778.30456	927.88949	697.43582	673.70352	357.10679	501.60683
580	4.36325E4	3.81916E4	1.26802E6	1.5053E5	8.6798E4	7.83395E6	1.31836E4	6019.4474	4098.08438	2966.6254	2616.30265	3035.36297	1897.46186	1238.01974	1180.37752	672.37701	611.46596	729.64145	493.07488	684.31345	536.34828	689.37997
582	6.38914E4	2.87199E4	8.26904E5	2.78647E5	8.10088E4	7.96443E6	1.33261E4	4672.4324	3820.7896	2837.07423	2509.48824	2373.87857	1549.53264	1445.45265	1060.98955	1330.267	623.88936	661.41226	629.58126	600.94851	451.84973	466.10312
584	3.77684E4	3.63681E4	4.97761E5	4.85005E5	7.50132E4	6.94601E6	1.89315E4	6088.27737	4464.66224	2756.46124	2425.34423	2614.80574	1632.37804	1425.79829	1395.46131	821.93663	879.81108	707.99615	841.09155	969.76714	615.76684	692.6985
586	4.05123E4	2.71917E4	2.56017E5	7.93153E5	7.05574E4	5.30664E6	3.38002E4	6901.29964	3760.46072	3037.28635	2655.01396	2476.63395	1575.35805	1698.21098	1208.11109	989.78343	753.09535	779.93115	880.44127	648.35287	639.85472	605.20317
588	4.47675E4	3.51249E4	1.39582E5	1.16408E6	7.30022E4	3.44438E6	1.77158E5	7270.9926	4536.39989	3321.58874	2430.18144	2656.79617	1644.99143	1474.77569	1034.07786	1007.49118	813.90614	685.65659	517.05342	569.18776	514.03128	276.30069
590	5.41756E4	2.66179E4	7.87346E4	1.54702E6	6.60098E4	1.78244E6	6.87005E5	7363.65355	4243.45333	3592.74426	2241.27462	2675.00718	1568.80621	1430.15413	1011.65013	1195.26005	977.73855	771.36145	761.56055	632.58418	371.09378	292.27148
592	2.30093E4	3.16326E4	5.83633E4	1.90407E6	6.23956E4	7.11948E5	1.72466E6	8915.91348	4041.1581	3216.6811	3052.35322	2084.71805	2245.1401	1514.49053	1142.55591	1056.36845	1106.88959	710.26514	901.98424	469.84007	249.45124	531.9114
594	4.5699E4	3.35227E4	4.7622E4	2.14487E6	5.734E4	2.31212E5	3.1917E6	9321.38945	4296.41253	3185.02883	2702.14509	2689.54206	1750.27061	1277.50166	1435.59665	979.22816	846.99909	1080.55413	854.20237	517.97636	528.40406	910.9686
596	4.20809E4	3.68729E4	3.49713E4	2.22154E6	6.01457E4	1.15421E5	4.89354E6	9703.03199	4181.62079	2874.86496	2849.49101	1908.80233	2231.521	1568.64962	1035.99179	1108.73355	733.40132	904.71044	921.67385	692.5904	658.40738	503.53061
598	4.65962E4	4.23067E4	4.05186E4	2.08267E6	5.83097E4	9.64966E4	6.45074E6	9841.17316	4190.87732	3310.68609	2846.59833	2572.07558	1601.70905	1504.16985	935.98351	735.65932	747.03938	829.54055	673.03007	594.29176	520.98989	635.85302
600	4.28576E4	4.51522E4	3.43054E4	1.84669E6	6.1289E4	7.9196E4	7.37116E6	1.09987E4	4730.124	2881.69237	3056.2873	2577.44423	2468.91478	1236.69953	1200.52551	1209.70793	977.25751	656.11833	834.65702	720.16713	295.9355	548.11025
