300	4.21973E4	4.61816E4	4.48421E4	2.65117E6	2.14944E5	1.48391E5	1.09214E7	4.08399E4	5243.56388	2541.12635	2283.51291	1392.0563	1501.09018	806.49633	922.59875	773.69379	554.47591	493.51884	548.88853	346.19693	314.53339	531.08298
302	5.29875E4	4.3573E4	3.61968E4	1.67517E6	5.41984E5	9.75174E4	9.41201E6	4.46017E5	6370.33294	2707.18131	1703.57775	1415.20632	1072.36589	750.42223	1059.65048	464.36615	574.00373	438.63468	376.90348	338.57503	285.42389	379.57652
304	4.70409E4	4.21939E4	3.4337E4	8.31747E5	1.15257E6	8.70864E4	5.83021E6	1.90552E6	6885.07442	3298.92453	2333.3436	1507.13465	1099.99294	1150.77182	802.00486	387.18634	531.65979	597.23503	305.19547	518.5911	535.49243	566.8516
306	4.60733E4	4.50319E4	3.51773E4	3.51227E5	1.90264E6	7.53469E4	2.4749E6	4.8985E6	8414.13562	3129.6023	2036.90049	1779.0974	1432.01327	768.9031	509.1065	671.91898	499.90508	481.34074	464.45518	108.95038	168.57282	574.64469
308	2.90094E4	3.38783E4	3.49459E4	1.18771E5	2.60546E6	7.15322E4	6.40058E5	8.5235E6	1.29904E4	3710.87018	2327.4748	1409	1320.66453	816.0245	1097.57337	596.27447	321.32517	643.81345	253.25933	467.44284	443.21979	452.03914
310	4.55107E4	3.64108E4	3.6936E4	6.04734E4	2.7536E6	7.97576E4	1.39789E5	1.02629E7	3.48003E4	4132.3076	2324.2531	1370.74016	1368.76998	1219.32417	834.94137	605.69866	628.47899	316.02582	516.76867	365.00114	323.49303	434.28052
312	4.08397E4	3.44713E4	3.12309E4	4.26382E4	2.29308E6	1.60996E5	8.91285E4	8.85556E6	3.8037E5	4887.98007	2214.2537	1547.04275	1235.48225	1360.71741	578.6213	522.3994	733.4548	504.24456	457.56158	245.57109	228.61927	208.91516
314	3.07484E4	2.44937E4	3.38583E4	3.53474E4	1.4573E6	4.29575E5	7.25407E4	5.26846E6	1.81651E6	5450.58592	2389.45024	1801.80809	1305.38543	1060.51083	1165.83797	1006.00928	511.72851	474.88048	545.45543	351.46169	282.50971	409.52245
316	4.67853E4	3.49595E4	3.80439E4	3.28488E4	7.44012E5	9.34506E5	6.86648E4	2.08841E6	4.61664E6	7224.23469	2781.98518	2229.5192	1223.49727	802.5454	849.97875	808.8801	512.09767	411.18781	375.39166	334.22667	363.73585	262.3985
318	4.17293E4	2.88298E4	3.24618E4	2.82791E4	2.88987E5	1.58309E6	5.78824E4	5.29473E5	7.59362E6	1.14538E4	3334.71547	2239.7184	1598.43012	1186.08578	899.25113	668.87592	456.35432	366.34098	387.10125	444.57957	468.97212	471.43083
320	2.95503E4	2.93548E4	2.90683E4	2.53487E4	1.00021E5	2.15046E6	5.39845E4	1.11182E5	8.82898E6	3.3082E4	3064.72303	2184.14966	1459.348	1176.76054	921.86579	618.14894	555.61116	413.55777	379.66441	369.70014	377.54995	353.79448
322	3.02789E4	3.26022E4	2.46611E4	2.69338E4	4.36623E4	2.2472E6	5.96651E4	7.61418E4	7.27711E6	3.41086E5	3987.26093	2173.0696	1387.85042	964.62722	789.55803	693.99101	617.85365	576.64404	414.31873	517.21393	250.96481	475.5916
324	3.7789E4	2.58267E4	2.66033E4	2.4766E4	3.1191E4	1.88291E6	1.22396E5	6.38578E4	4.30056E6	1.49588E6	4806.72056	2228.6481	1568.90222	1174.1253	958.08739	638.68084	458.41674	688.77871	342.08911	431.18376	391.9257	310.57117
326	3.02673E4	2.54583E4	2.20962E4	2.52273E4	2.63962E4	1.25854E6	3.08722E5	5.51914E4	1.71207E6	3.72626E6	6138.83543	2613.33406	1401.45357	1353.45113	796.91774	818.40507	473.7912	440.77969	393.33069	333.64257	255.56827	288.79821
328	3.92573E4	2.52472E4	1.96229E4	2.40369E4	2.22333E4	6.87436E5	6.74374E5	5.16015E4	4.51202E5	6.11074E6	9755.12927	2954.48767	1714.38671	1072.03391	895.74844	536.88718	580.05954	418.74673	222.38565	466.73865	352.26606	306.74151
330	3.86116E4	2.13471E4	2.05379E4	2.41403E4	2.01813E4	2.88409E5	1.19816E6	4.54367E4	9.43951E4	7.28682E6	2.54431E4	2658.40377	1749.31375	949.76858	936.67255	409.62981	410.3358	290.46163	389.60369	230.2921	429.14131	173.98718
332	3.4457E4	2.09063E4	1.91854E4	2.09804E4	1.78916E4	1.09495E5	1.65158E6	4.02439E4	6.05243E4	6.23105E6	2.50579E5	2901.58989	1643.55226	943.49241	931.38749	937.5744	634.2007	463.35247	308.42387	249.10402	209.71512	382.57321
334	2.64868E4	1.81392E4	1.71979E4	2.32513E4	1.64796E4	4.50584E4	1.83446E6	4.3344E4	5.10334E4	3.81095E6	1.14312E6	3806.34227	1571.35518	1381.97203	898.92518	727.3325	610.70395	405.57676	508.56044	428.59494	470.39272	222.53437
336	3.62341E4	1.95832E4	1.41998E4	1.77203E4	1.55083E4	2.64159E4	1.6591E6	7.806E4	4.59436E4	1.53915E6	3.00698E6	5093.0779	2144.3479	1566.55212	1145.98011	663.21147	416.6856	448.68997	525.7254	347.07617	267.91615	259.0196
338	4.09551E4	1.62689E4	1.59129E4	1.76623E4	1.60738E4	2.04956E4	1.22333E6	1.9857E5	4.26917E4	4.23451E5	4.99153E6	7510.80277	2208.05044	1125.72568	751.3231	688.91147	518.23641	381.05849	397.79771	370.64822	135.24556	376.55838
340	2.31836E4	1.89243E4	1.4775E4	1.71674E4	1.53745E4	1.58234E4	6.99295E5	4.69103E5	3.79527E4	8.61878E4	6.00121E6	1.90553E4	2106.80382	1264.35483	960.31218	787.13581	477.84328	258.2848	396.27679	310.04864	249.57345	127.51046
342	2.86075E4	1.85784E4	1.45377E4	1.46486E4	1.56879E4	1.43054E4	3.21361E5	8.47317E5	3.25702E4	5.14673E4	5.14649E6	1.91296E5	2350.97787	1409.56158	1121.15831	515.65538	486.38717	488.1115	280.66045	242.51156	114.90341	215.20278
344	3.90747E4	2.08627E4	1.45374E4	1.46015E4	1.65994E4	1.21252E4	1.17722E5	1.2579E6	2.83918E4	4.02389E4	3.07543E6	9.61035E5	3181.45179	1301.69378	777.41291	701.35292	755.16377	534.92641	361.05084	350.26861	326.82033	298.01285
346	2.82025E4	1.32905E4	1.35157E4	1.24483E4	1.58779E4	1.13836E4	4.51225E4	1.46928E6	2.9704E4	3.68154E4	1.26985E6	2.45457E6	3761.10769	1419.08376	1099.30638	704.40474	558.07026	462.16492	312.10078	257.89118	257.28776	240.9836
348	3.81891E4	1.5088E4	1.35819E4	1.30615E4	1.47615E4	9702.785	2.32954E4	1.36268E6	5.70613E4	3.33827E4	3.15152E5	4.15532E6	6093.95644	1640.35861	1032.83554	584.31134	582.27231	353.31764	258.90841	210.49259	335.14193	330.36135
350	2.81453E4	1.40359E4	1.30568E4	1.09333E4	1.33885E4	9572.72891	1.53055E4	1.04135E6	1.36666E5	3.10607E4	7.04663E4	4.87855E6	1.39952E4	1928.64802	774.1377	879.06014	454.70847	400.42983	383.35542	349.06289	237.10101	204.99101
352	1.26602E4	1.23866E4	1.13591E4	1.21575E4	1.10915E4	8837.82749	1.15166E4	6.28946E5	3.27489E5	2.63891E4	4.15107E4	4.12709E6	1.57618E5	1993.32607	1083.54509	580.05794	423.98361	334.39132	232.882	346.12537	99.85629	222.10269
354	3.23568E4	1.86439E4	1.03659E4	1.16504E4	1.06006E4	8554.95508	9513.98559	3.0522E5	6.03102E5	2.37563E4	3.35229E4	2.5229E6	7.32796E5	2487.7116	1032.86573	690.05022	566.67978	491.49348	320.96007	231.29499	200.07385	205.24049
356	2.3286E4	1.63962E4	1.10859E4	9959.18221	9580.59217	8642.09904	7825.36569	1.26353E5	9.01258E5	2.12202E4	2.83836E4	1.02656E6	1.96656E6	3647.39413	1055.65297	734.78284	368.76955	531.0279	243.92201	201.12302	195.27825	302.74022
358	2.22157E4	1.84211E4	9639.88304	9510.70448	9021.13077	9755.47554	7202.0651	4.97424E4	1.09683E6	2.11508E4	2.79258E4	2.76106E5	3.37343E6	5403.94264	1067.47962	898.66096	446.37143	363.0264	404.03836	323.41887	174.60677	169.69377
360	1.69609E4	1.30618E4	1.04343E4	1.05019E4	8093.26379	9891.07583	6741.61351	2.291E4	1.09119E6	3.12828E4	2.63563E4	5.90887E4	4.12475E6	1.20217E4	1379.94944	722.05395	492.60795	349.73143	373.89655	345.98428	335.86966	119.86902
362	2.26635E4	1.41876E4	8631.03008	9092.38573	8156.79798	9798.91769	5430.66717	1.48713E4	9.01263E5	7.644E4	2.33748E4	3.48804E4	3.65425E6	1.23313E5	1616.72971	704.40605	657.26946	338.31091	186.60985	334.65203	162.41571	127.73633
364	2.4072E4	1.40575E4	9281.2422	9039.82035	6742.58401	8596.0502	5289.20074	9753.86424	5.95517E5	1.83782E5	2.00079E4	2.7749E4	2.31443E6	6.18565E5	2031.70859	889.45219	602.59987	342.68477	264.43595	175.33653	164.82996	205.59706
366	1.76457E4	1.38126E4	8949.89874	8705.66356	6674.99741	7180.86889	4735.85502	7619.70795	3.0782E5	3.7975E5	1.81007E4	2.38152E4	9.41214E5	1.75639E6	2855.06523	959.11498	508.98783	416.46211	201.419	244.72308	232.2426	251.29506
368	1.61478E4	1.22004E4	9077.62832	8419.35708	6651.95252	6645.75533	5167.24833	6190.26478	1.37106E5	6.22373E5	1.5925E4	2.19969E4	2.50919E5	3.0149E6	4368.13216	845.08615	659.83772	373.09802	344.18575	356.07235	233.50409	208.56223
370	1.91104E4	1.16545E4	8284.82396	7212.83544	5616.07759	6313.72298	5023.85954	5155.18153	5.1601E4	8.1907E5	1.60216E4	2.04847E4	5.20995E4	3.64338E6	1.12973E4	1191.33571	634.36757	525.24334	287.25653	183.32098	110.20596	181.51347
372	2.28079E4	1.12655E4	7909.21407	7161.23922	5960.0961	5277.08409	4985.9099	4584.97986	2.3455E4	8.73042E5	2.22133E4	1.92788E4	3.06939E4	3.11328E6	1.15467E5	1501.85033	663.35069	541.46223	252.6362	418.99095	144.3138	187.62353
374	1.84832E4	9909.11458	7220.01161	5998.79625	5645.67366	4882.28839	5720.96787	4274.10258	1.43433E4	7.58425E5	5.18476E4	1.77001E4	2.41156E4	1.86516E6	5.57662E5	1621.34399	677.52139	380.13301	218.47773	229.25844	182.52665	194.06702
376	1.59604E4	1.10055E4	7406.80624	6025.06992	5482.50024	4105.29924	5405.85884	3990.15262	8878.24228	5.4382E5	1.24785E5	1.49696E4	2.02261E4	7.56523E5	1.46013E6	2342.33632	796.59469	432.95081	382.15242	159.64214	274.48269	191.10769
378	1.57448E4	7547.266	8323.792	6475.58073	6218.02047	4172.6743	5934.18012	3475.29725	6409.94272	3.12128E5	2.6479E5	1.32273E4	1.74899E4	1.91547E5	2.50389E6	3735.18253	819.20333	455.75196	376.70086	228.1515	177.28132	108.12222
380	1.36313E4	9339.42988	8020.89113	5387.11655	5150.10522	4169.78234	5082.38486	3032.24021	4740.68089	1.50165E5	4.45673E5	1.23891E4	1.81227E4	4.42714E4	2.99472E6	8579.9359	841.52059	596.93894	338.77891	355.29975	238.35024	164.05824
382	9003.81611	1.25739E4	4645.56218	5217.01812	4887.62596	3976.99005	4912.30658	3318.98534	4317.41686	6.51205E4	6.14067E5	1.19374E4	1.76433E4	2.82416E4	2.61407E6	8.24569E4	1122.78072	514.84316	423.87297	398.34996	145.65809	181.54139
384	1.60142E4	1.32473E4	5991.51078	5031.93651	4914.98935	3603.69576	3922.71906	2876.51059	3709.33787	2.82652E4	7.08228E5	1.51995E4	1.65437E4	2.14601E4	1.63156E6	4.21333E5	1443.72806	632.04049	385.09973	298.74427	179.28778	198.8703
386	1.90268E4	1.33482E4	7636.96097	6096.69471	5104.34727	4276.7536	3689.75933	3421.52662	3521.51181	1.50263E4	6.71418E5	3.25871E4	1.41588E4	1.77572E4	6.65942E5	1.20021E6	1990.79948	673.3794	465.10643	343.31958	183.81629	198.80609
388	1.95955E4	9427.27471	6525.12527	5441.76882	4612.97172	4240.52544	3616.90036	2937.72026	3072.78501	1.00115E4	5.28993E5	7.69631E4	1.33387E4	1.55004E4	1.91198E5	2.10816E6	3313.07085	743.47123	537.98265	324.40507	141.00692	66.74732
390	1.94057E4	1.14444E4	6799.00184	5098.25992	4186.31082	3377.57062	3424.81768	4270.83687	3130.22484	6892.88056	3.45224E5	1.68099E5	1.12642E4	1.58452E4	4.32747E4	2.65105E6	8281.81367	933.98941	416.21473	230.46695	184.89121	53.71536
392	1.93389E4	1.26081E4	6643.71576	5363.14984	4420.96555	4223.44522	2965.48303	4205.48401	2620.1946	5143.29127	1.80921E5	3.1041E5	1.06975E4	1.5362E4	2.48245E4	2.37063E6	8.68926E4	1004.38545	400.59002	379.75083	228.65639	119.96632
394	2.72127E4	1.46878E4	7547.23465	5268.53686	4375.37707	3402.89343	3506.47333	4302.06386	2615.71999	4117.20745	8.27126E4	4.60922E5	1.01579E4	1.53885E4	1.96538E4	1.54546E6	3.97312E5	1305.22886	480.76105	418.76958	280.78524	208.33191
396	2.51462E4	1.91646E4	6690.3337	5473.40626	4284.46396	3397.56794	3459.75968	3949.23072	2813.45885	3340.68	3.51246E4	5.69394E5	1.08998E4	1.40268E4	1.60867E4	6.49701E5	1.1077E6	1805.46143	563.76442	427.73786	319.17455	181.44225
398	2.4012E4	2.05748E4	5905.04084	4848.24744	4322.92925	3186.99948	2700.29859	3348.24379	2473.02856	3074.97705	1.8173E4	5.82486E5	1.90338E4	1.24068E4	1.29718E4	1.8122E5	1.91167E6	2906.88858	642.64135	356.67913	264.58832	132.23249
400	2.2052E4	2.3748E4	6172.12016	4767.95879	3845.74577	3424.81802	3163.63185	3407.11828	2614.58607	3073.45277	1.16933E4	4.95767E5	4.40003E4	1.12765E4	1.28696E4	3.83645E4	2.32001E6	6633.82767	775.64841	316.00978	431.4908	227.74244
402	1.98445E4	2.3364E4	5593.797	5308.53777	3665.80708	3310.30249	3008.80732	3172.78039	2790.78266	2681.07054	7799.6196	3.52828E5	1.02741E5	1.0134E4	1.30052E4	2.18762E4	2.00794E6	6.38907E4	788.54229	344.71021	214.85435	218.13585
404	2.24247E4	2.42648E4	6174.14642	5205.24932	4242.5714	3289.86147	2963.51009	2844.30462	3192.39734	2598.57663	5644.85258	2.07268E5	2.01724E5	8907.89456	1.27475E4	1.72366E4	1.21143E6	3.32133E5	994.27641	362.63404	380.94823	299.43916
406	2.31449E4	2.50464E4	7422.71491	5043.15224	3835.78112	3007.53927	3194.51583	3029.94651	3025.31622	2421.57322	4240.3437	1.03269E5	3.23202E5	8424.41187	1.19438E4	1.37526E4	4.90886E5	9.22637E5	1584.4981	380.73668	99.8281	233.78055
408	2.16679E4	2.26582E4	6568.16319	4923.97952	3776.70285	3448.02133	2852.49291	2421.34657	3358.49046	1908.27729	3637.07221	4.54781E4	4.34688E5	8916.26145	1.09374E4	1.15921E4	1.26471E5	1.64459E6	2663.03304	567.37104	278.3447	254.25635
410	2.02828E4	2.6264E4	5222.31303	5378.94183	3710.96878	2703.5556	2883.62108	2281.98463	3212.75549	2372.34787	3525.19732	2.08577E4	4.89752E5	1.33287E4	9727.66914	1.06491E4	2.81956E4	2.03122E6	5811.23078	665.16355	229.73035	124.56339
412	2.41293E4	2.65996E4	5930.15473	4853.21952	3960.66635	3180.28209	2761.35078	2069.1247	3323.52606	2364.86293	3246.48536	1.36206E4	4.60592E5	2.91308E4	8778.46547	1.03237E4	1.89027E4	1.77904E6	5.04659E4	634.37016	299.13603	158.29335
414	2.71778E4	2.34678E4	6771.80444	5343.74981	4087.64037	3240.19954	2991.36184	2727.94615	2909.63684	2388.72584	3154.43098	9491.999	3.67931E5	6.471E4	7725.05433	1.03621E4	1.52901E4	1.11582E6	2.59268E5	967.7999	256.1121	111.01618
416	3.2349E4	2.4646E4	5441.48571	4477.75016	4319.48788	3370.19844	2687.48804	2417.17598	2906.58464	2344.06983	2933.33216	6624.56827	2.48619E5	1.31714E5	7971.57198	1.0296E4	1.18501E4	4.61557E5	7.65309E5	1682.42527	408.96922	250.59174
418	2.68639E4	3.04823E4	5439.53965	4125.94223	4181.91672	3529.98402	2497.27568	2263.29242	2465.96367	2508.00909	2659.32728	5346.63344	1.37506E5	2.28538E5	6777.29877	9983.32536	9304.86808	1.2574E5	1.41338E6	2322.71773	324.46	191.23745
420	2.55198E4	3.04787E4	5830.22742	4168.3228	4031.55592	2940.0892	2516.52686	2395.38653	2671.86547	2709.50428	2459.30904	4524.00168	6.61528E4	3.29886E5	6705.50016	8864.16728	8216.8189	2.73766E4	1.78939E6	5651.19311	458.16262	203.41615
422	1.97635E4	3.26637E4	6600.38286	5093.22409	3574.80397	2598.04024	2663.88059	2343.1237	2530.05572	2788.69202	2483.19241	3911.8906	3.01699E4	4.0122E5	8288.16114	7396.54089	7946.80549	1.63781E4	1.58736E6	5.49699E4	734.08868	249.66905
424	2.48504E4	3.22655E4	5915.91124	4446.85317	3171.38178	2715.72434	2750.00917	2999.66577	2463.20539	2910.83096	2929.56191	3810.89348	1.61134E4	4.12793E5	1.57822E4	6904.91494	8057.01934	1.3281E4	1.00038E6	2.64795E5	929.33169	271.08976
426	2.28492E4	3.28846E4	7764.42805	4637.45033	3991.42412	2854.25897	2540.24596	2561.12064	2064.91227	3297.57459	2726.1908	3925.09887	1.04018E4	3.5895E5	3.76802E4	6284.12118	8550.61729	1.06279E4	4.02183E5	7.54027E5	1257.52383	376.53594
428	2.65E4	3.28907E4	6757.86658	4747.23383	3939.89452	3006.28793	2345.92714	2530.15982	2324.14048	3427.82793	2744.88356	3819.1766	7499.73538	2.59242E5	7.92603E4	5970.92963	8289.44953	8584.99261	1.03781E5	1.32381E6	2167.09928	296.42817
430	2.62778E4	3.25423E4	7840.89001	4800.12497	3765.55965	3157.18296	2940.4826	2361.96449	1860.09156	3228.90167	3302.57186	4251.50209	5941.25288	1.5666E5	1.43739E5	5095.49328	7674.15347	7650.82652	2.3166E4	1.59244E6	5089.98645	466.6676
432	2.90042E4	3.43442E4	6863.54412	3724.93432	3270.10554	2419.38296	2388.97019	2240.01727	2409.23582	3168.6757	3296.85177	4131.48174	4925.88985	8.03388E4	2.24886E5	4878.03844	6731.25069	7056.00175	1.51579E4	1.34172E6	4.90107E4	640.80227
434	2.54346E4	3.6582E4	8340.08557	3873.37861	3645.05518	2702.04795	2944.7019	2653.19149	2663.7038	3142.28371	3746.04088	4517.67481	4364.90047	3.76115E4	2.9553E5	5391.38523	5886.44956	7045.73137	1.21709E4	7.9928E5	2.39847E5	715.61862
436	2.70645E4	4.20633E4	9580.52519	3701.34059	3859.96187	2992.93416	2944.20309	2090.67732	2174.30177	3170.22522	4079.23365	4649.37349	3654.13825	1.96579E4	3.31617E5	9286.30413	5913.25936	7275.6421	9883.11448	3.23319E5	6.48043E5	1167.19493
438	2.58293E4	3.79418E4	8136.55954	4326.51442	4010.67028	3308.95005	2865.51607	2514.74277	2295.4279	3080.8804	4408.74233	5102.33904	3985.2795	1.20968E4	3.19829E5	1.96003E4	5472.33871	7412.90905	8133.56932	8.71642E4	1.13096E6	1927.44078
440	3.06507E4	3.99093E4	9048.17782	5231.83314	3584.87757	3072.73419	3042.62591	2323.80441	2945.31788	3184.3432	4523.44757	5251.4278	4263.13709	9123.90136	2.62124E5	4.31521E4	5256.60548	7685.69138	6877.09218	2.04315E4	1.39536E6	3720.43125
442	3.18735E4	4.38204E4	1.09711E4	4928.46475	3862.45587	2891.05476	2529.25496	2433.07886	2691.44081	2801.38924	5029.39827	5960.19714	3843.33994	6980.5119	1.86059E5	8.24436E4	4559.37221	6731.27903	5924.0928	1.35254E4	1.21636E6	2.83896E4
444	2.31922E4	4.78634E4	9480.09741	4539.69492	3340.15728	3206.37092	2763.80696	2402.26957	2355.68477	3464.0163	5214.06054	5737.05347	4091.74493	5031.17718	1.10237E5	1.37114E5	4274.18837	5867.18305	5823.02686	1.10798E4	7.57536E5	1.54304E5
446	2.62712E4	4.47753E4	9752.00239	4874.13958	3567.17512	2948.76668	2721.73914	2280.77962	2773.05944	3479.04679	4718.17583	6263.73271	3398.97462	3929.21022	5.70864E4	2.0221E5	4479.18374	5067.962	6295.07067	9229.70029	3.14062E5	4.86691E5
448	3.21828E4	4.31175E4	1.0567E4	4687.82724	3574.36271	2647.1872	2581.94162	2292.13539	2732.92907	3609.73274	5384.42508	6137.76476	3630.17928	3377.38036	2.72365E4	2.50744E5	6077.14993	5037.29037	6116.7088	7314.82243	8.33056E4	9.5293E5
450	2.72937E4	4.73688E4	1.04694E4	4679.63319	3663.26959	2938.27298	2802.18943	2506.28712	2890.49018	3415.29294	4783.2388	6089.97526	3957.72324	3483.27724	1.42224E4	2.72522E5	1.16829E4	5012.53729	6531.73779	6338.67464	1.86527E4	1.24621E6
452	2.74853E4	4.99092E4	1.07909E4	4229.84443	3361.07976	2600.78142	2882.05236	2449.67664	2567.53922	3657.35082	4684.45505	6638.45482	3806.89662	3003.66574	1.02199E4	2.54798E5	2.63655E4	4568.33306	6595.68377	5600.77916	1.226E4	1.12713E6
454	3.24092E4	5.04775E4	1.12327E4	4574.20319	3515.45185	2490.71843	2362.28427	2400.00459	3008.68722	3494.60788	4606.33477	6923.6869	3672.25851	2994.53162	7915.78392	1.99944E5	5.27267E4	4037.80539	5929.7938	5199.32621	9565.04683	7.02985E5
456	3.14356E4	4.85707E4	1.17524E4	4349.64616	3694.02654	2937.79223	3016.40516	2363.83324	2696.7824	3526.70786	4766.41107	6993.51152	3676.93435	2948.44429	5812.93526	1.34381E5	9.35479E4	3637.45843	4809.08994	5270.56188	7962.92588	2.8065E5
458	3.17304E4	4.43093E4	1.04253E4	4268.79894	4003.44054	3125.90927	2778.12835	2739.44609	2617.1877	3772.39685	4752.85034	7216.90155	3621.10075	2645.98786	4248.79039	7.76822E4	1.42667E5	3293.04969	4402.23726	5132.57608	6649.05381	7.56341E4
460	2.77192E4	4.89692E4	1.07467E4	5084.37449	3577.9324	2994.50576	2535.46527	2455.34608	2674.87474	3237.68995	4596.40294	7406.3922	3558.973	2450.75314	3440.86439	4.02552E4	1.88646E5	4016.61802	4146.34053	5334.46751	5571.57748	1.70373E4
462	2.85423E4	4.57013E4	1.02891E4	4307.31783	4239.99276	3070.46562	2492.89674	2574.79542	2597.94149	3402.38246	5121.63375	7027.80099	3954.48894	2805.59458	3069.86284	1.96833E4	2.21272E5	6776.70421	4288.99773	5878.46663	5301.75675	1.10209E4
464	2.96128E4	5.18725E4	1.20377E4	5131.55045	4295.86978	3440.85249	2412.47719	2380.48179	2761.62477	3516.85553	4832.99639	7330.85878	4109.16624	2378.78663	2788.93509	1.14096E4	2.22503E5	1.38772E4	3885.11014	5144.7515	4456.50267	8543.83385
466	4.41084E4	5.072E4	1.2167E4	4346.69672	3888.10205	2846.10109	2212.25653	2580.86049	2886.29531	3592.43474	4959.31231	7712.36591	3851.53356	2614.45003	2561.55734	7763.52805	1.92857E5	2.94498E4	3364.65613	4714.23988	4183.49991	7207.14224
468	1.31059E5	5.1921E4	1.30718E4	5083.03558	3291.17334	3083.45574	2531.62178	2604.21347	2450.85474	3778.05306	4965.98825	7380.98594	3852.63485	2468.83557	2580.43607	6096.56011	1.46466E5	5.44427E4	3081.98897	4071.26726	4305.75438	6235.86261
470	4.16882E5	5.20365E4	1.33708E4	4463.78632	3878.67437	2593.03751	2976.37268	2866.50968	3014.86447	3451.24683	5113.31028	7312.06725	4127.90195	2587.16822	2523.67094	5027.31415	9.40702E4	8.94064E4	2674.18796	3990.16886	4641.72729	5145.58588
472	1.03165E6	5.16946E4	1.44958E4	4498.39265	3225.63796	3142.21053	3434.79772	2501.50171	3147.0798	3591.84171	5054.62927	7245.7911	3915.40188	2455.95636	2484.26788	4020.42638	5.33502E4	1.31614E5	3156.33189	3764.97869	4945.06033	4490.35609
474	2.16737E6	5.20348E4	1.31573E4	4333.20662	3709.1504	3886.69635	3093.68409	2314.08424	2417.60781	3637.88144	5431.5765	7840.47089	4283.99211	2379.58558	2431.99364	3493.40226	2.72306E4	1.67563E5	4040.94932	3662.01547	4882.03048	3751.01717
476	3.61898E6	5.23935E4	1.23144E4	5298.07645	3780.33186	3079.33266	2786.25764	2680.79466	2925.22329	3923.07327	5452.33975	8055.14493	4078.83708	2382.81629	2522.75775	2905.94658	1.44329E4	1.89894E5	7107.54	3417.90286	4675.49743	3486.11614
478	5.47706E6	5.61187E4	1.2862E4	4656.07287	4043.46813	3026.23471	2555.05091	3066.28478	2914.12104	3605.8395	5009.4562	7822.04714	4179.41386	2369.26914	2464.07636	2546.04416	8812.5143	1.87658E5	1.43997E4	3136.1039	4096.98331	3377.77503
480	7.12191E6	5.0197E4	1.55592E4	5880.02908	3929.10366	2981.13432	2441.28172	2356.11635	2700.44823	3533.06143	5162.27268	7032.12991	3755.58185	2564.09123	2219.72134	2443.75426	6761.95551	1.58766E5	2.95687E4	2596.349	2991.0045	3408.51474
482	8.13296E6	5.23789E4	1.32611E4	5227.59472	3539.91402	2599.63101	2545.14679	2290.36862	3045.91172	3519.0395	4884.11336	7225.73867	4086.15354	2426.7308	1825.05402	2370.86751	5342.89608	1.17995E5	5.38118E4	2244.35726	2924.86496	3916.06526
484	7.78398E6	5.80072E4	1.44577E4	4851.26829	4231.53404	3286.86385	2413.95437	2852.27017	2819.44917	3507.90784	4969.17458	7019.30931	3942.79006	2284.42003	1738.97283	1981.66766	4385.64231	7.1958E4	8.6879E4	2281.1988	2951.14644	4367.49009
486	6.54693E6	7.55222E4	1.46158E4	4923.13311	3701.51686	2981.31249	2918.5669	2625.19498	2545.60133	3603.89971	4458.67802	6808.95275	3869.29958	2444.9764	1785.98289	2208.94887	3492.43592	3.88939E4	1.21214E5	2985.78842	2901.9849	4048.84532
488	4.67931E6	2.01194E5	1.42653E4	5339.90586	4872.21749	3407.28088	2911.25969	2902.43095	2422.76097	3317.21233	5208.66971	6786.88542	3759.38629	1920.17002	1748.62956	1862.94575	2698.11986	1.94855E4	1.47744E5	4583.31709	2579.28807	4041.93246
490	2.72958E6	6.15885E5	1.48606E4	5413.0386	3719.87359	2778.64784	2923.92548	2323.65861	2579.36856	3282.60368	4538.95766	6509.26672	3502.35411	2032.65406	1804.13421	1651.714	2159.06339	1.12804E4	1.61937E5	9467.56625	2265.08055	3157.26077
492	1.23385E6	1.46781E6	1.55196E4	5523.10002	3518.57435	3500.86458	2894.26145	2674.02222	2474.34712	3171.89728	4851.50662	6718.84752	3666.44257	2326.76882	1737.78644	1726.86487	1916.98428	7116.04913	1.56014E5	1.81661E4	1918.25772	2737.11217
494	4.28398E5	2.78651E6	1.51482E4	5733.86726	4960.03653	2773.18612	3061.27958	2669.49364	2762.30565	3264.54766	4439.72371	6523.70504	3102.2194	2353.20476	1840.96614	1827.34567	1746.46563	5394.60482	1.30011E5	3.38374E4	1747.18251	2522.93248
496	1.57019E5	4.59962E6	1.54073E4	6679.37551	4333.55179	3372.2353	3002.49128	2465.86408	2833.59797	3215.75633	4639.07176	6144.75435	3515.3557	2080.16348	1806.06418	1476.45629	1811.26135	4439.25352	9.27379E4	5.66985E4	1445.87697	2161.02327
498	1.40374E5	6.51931E6	1.84082E4	6206.09654	4504.32509	3142.87623	3159.22845	2531.38368	2671.89902	3281.38652	3829.87841	6352.25344	3169.5079	2253.90527	1704.63195	1437.12247	1657.03562	3370.428	5.98075E4	8.29246E4	1640.39754	2144.64206
500	1.08714E5	8.16757E6	1.64531E4	6630.81853	4672.64951	3606.98273	2792.84824	2450.22612	2491.65002	3032.69483	4239.51575	5938.15263	3304.60313	2618.99624	1599.17799	1547.81142	1540.71546	2999.49568	3.37324E4	1.09286E5	2432.12735	2279.90635
502	9.9173E4	8.86671E6	1.85495E4	7312.60043	4251.24897	3416.22027	2398.61753	2452.33915	2608.53338	3335.3882	4356.03421	5879.74212	3377.75722	2138.92996	1843.89676	1432.93981	1430.49263	2199.35423	1.69939E4	1.27794E5	4219.44044	1969.01081
504	1.09502E5	8.40966E6	2.4928E4	7141.71558	5459.33303	2975.89612	2781.24461	2748.95277	2532.70788	3465.33558	3500.65578	5503.29158	2939.89834	1908.2827	1935.1727	1680.2881	1384.6055	1887.11873	9555.71729	1.35433E5	8723.72068	1504.66884
506	1.05244E5	6.85445E6	4.06775E4	6813.40766	4341.22038	3012.66124	2628.12434	2373.78175	2967.26656	3290.38225	3992.43271	5858.33188	2837.11024	1714.60509	1613.1555	1400.24553	1548.18195	1719.09129	6136.70669	1.25707E5	1.69607E4	1178.93598
508	1.24653E5	4.91039E6	1.79799E5	8993.54647	5317.88091	3667.58696	2697.91196	2992.23025	2460.63759	3114.1995	3577.42127	5490.58404	2807.44771	1805.77081	1626.13134	1650.22854	1691.14499	1594.92736	5119.01743	1.07051E5	3.07741E4	1128.02489
510	1.98944E5	2.85806E6	6.40284E5	9069.59733	4685.4161	3163.76315	2852.99704	2808.51921	2418.48048	2828.17028	4240.82649	5185.67383	2936.43308	1811.09286	2026.3697	1575.46246	1239.70487	1560.52963	3878.08734	7.54134E4	4.85721E4	1111.95884
512	3.38975E5	1.25894E6	1.64431E6	9396.87148	5043.11093	3967.49697	3082.83741	2347.4735	2890.53205	2660.13676	4246.22634	5106.31618	2541.64983	1831.27107	1759.46624	1564.26041	1027.1463	1359.43298	3168.92592	4.5835E4	7.24994E4	1281.92811
514	5.47724E5	4.49335E5	3.10741E6	9712.65725	5557.19137	3182.30015	2624.71241	3092.11087	2620.16532	2709.88185	3458.35538	4870.16672	2565.02684	1746.62239	1783.44938	1407.10367	1245.25138	1137.05654	2732.64035	2.58319E4	9.14249E4	2084.26544
516	8.94638E5	1.75974E5	4.96894E6	1.13054E4	5011.7806	4014.5996	2894.36751	2411.48678	2633.85272	2969.93755	3630.93901	5097.88503	2509.39273	1776.39539	1952.57133	1224.95969	1220.80687	1275.05866	2045.42373	1.31642E4	1.08061E5	3941.41358
518	1.2892E6	1.48765E5	6.99814E6	1.22587E4	4842.85876	4227.41263	2510.77961	2984.76782	2499.07849	3060.99751	3464.51146	4581.34421	2619.55297	1786.7429	1600.82932	1101.33629	1284.63063	994.95167	1517.55135	7452.53831	1.12894E5	7587.09035
520	1.70481E6	1.18246E5	8.49882E6	1.27423E4	5361.25062	4072.75389	3336.51545	2238.16498	2596.83905	2519.58918	3753.56016	4751.17871	2414.36907	1721.77867	1454.18692	1159.92795	1021.29233	1041.58739	1181.02125	5041.34948	1.06168E5	1.52387E4
522	2.097E6	1.14474E5	8.89913E6	1.51303E4	6229.72271	3628.65447	3032.54115	3044.35343	2797.01387	2593.40674	3671.48163	4558.63375	2356.74907	1488.80252	1786.1193	1184.14588	1118.04079	837.02981	1420.4807	4097.43174	8.85971E4	2.56681E4
524	2.39594E6	1.04638E5	8.14453E6	2.01848E4	6901.63948	3980.06895	3095.55588	2704.23297	2655.80691	2466.17089	3408.05296	4874.68258	2250.54668	1441.94926	1271.03759	1155.49498	1204.21691	996.47854	971.33079	3615.99315	6.35618E4	4.24747E4
526	2.35557E6	1.07086E5	6.53559E6	3.88971E4	7178.4998	4344.41369	2601.80001	2769.62041	3207.1163	2398.97681	3407.97627	4086.81272	2390.94707	1190.09647	1401.52683	1284.14988	1177.62011	1115.80895	765.67519	2684.20161	4.05788E4	5.92608E4
528	2.26882E6	9.39336E4	4.60365E6	1.75661E5	7044.90193	4446.94284	3091.66607	2720.63408	2192.83192	2376.16914	3100.53259	4189.20779	2396.26144	1456.41139	1194.79344	1333.47189	1016.91187	960.26461	884.16262	2196.40875	2.32136E4	7.69619E4
530	1.97455E6	1.07879E5	2.58513E6	6.78823E5	8637.46835	4539.56593	3724.53732	3039.37525	2574.07838	2399.05144	2885.85637	4011.59529	2382.20534	1330.09011	1147.06255	1323.65698	908.32178	1015.96317	846.23821	1898.76731	1.17305E4	9.14572E4
532	1.51239E6	1.54E5	1.10972E6	1.72587E6	8228.35354	4978.31087	3330.59474	2997.87766	2315.83174	2954.94184	2609.96562	4070.1551	2182.48294	1448.80941	975.35324	1421.47935	989.11543	791.05782	836.79391	1369.14937	6418.64812	9.57619E4
534	1.0063E6	2.43553E5	3.63862E5	3.37746E6	9468.16188	5612.43962	3530.54304	2565.30064	2699.49213	2751.17112	3058.52777	3947.73534	2079.94223	1200.15945	1050.86408	1357.59279	930.761	877.11223	550.73758	918.85614	4134.98076	9.11057E4
536	5.85241E5	4.65266E5	1.51768E5	5.28888E6	1.02314E4	4418.51263	3918.76222	2973.55674	2505.49393	2590.99181	2693.56287	3480.30984	1780.64284	979.39612	1110.67777	1320.71591	847.76146	792.80717	865.52922	891.63729	3528.88755	7.40893E4
538	2.89497E5	7.53778E5	1.19412E5	7.17251E6	1.14419E4	5101.1793	4073.5702	2878.60146	2545.48812	2777.90514	2995.72338	3190.31083	1654.22922	1329.58921	1005.13307	1234.01696	1059.45428	1095.48019	840.42951	701.70194	2733.0513	5.51842E4
540	1.39925E5	1.15833E6	1.01781E5	8.57511E6	1.14915E4	5052.23165	3815.35568	2972.80439	2637.10839	2507.55106	2570.26297	3719.53197	1911.28025	1045.97994	1356.05771	1053.29766	1176.40104	769.90217	638.18518	678.5141	2283.36552	3.52908E4
542	8.31544E4	1.64364E6	8.83445E4	8.74916E6	1.46296E4	6005.83681	3615.50925	2950.92027	2798.6505	2327.7221	2863.99232	3500.66719	1890.60258	1238.306	1188.09716	944.1046	830.48757	899.97186	642.97616	579.99339	1944.69363	1.95004E4
544	6.08658E4	2.06048E6	8.44993E4	7.81021E6	2.0386E4	6155.53123	4061.05386	2765.18369	2590.825	2946.5887	2595.93301	3103.15613	1729.64921	1118.51456	1214.64563	805.27664	1052.0443	591.43773	561.76618	599.03842	1719.03527	1.04559E4
546	6.08365E4	2.41668E6	7.96575E4	6.17025E6	4.32146E4	6494.97255	3998.12315	3341.59735	2642.65524	2115.62363	3067.99907	3261.31278	1872.68429	1255.2785	965.7626	896.51335	1078.13554	750.16379	663.24692	816.01173	1038.41126	5665.91438
548	4.93332E4	2.58486E6	7.36069E4	4.19533E6	2.17703E5	6804.22934	4817.52945	3061.79525	2206.88279	2481.32011	2681.23947	2921.12837	1704.78449	1196.91623	1038.98484	885.22313	954.42002	595.53504	597.20102	521.5071	874.46288	3717.40018
550	4.82156E4	2.57652E6	7.4803E4	2.33802E6	7.53324E5	7634.63799	4859.03847	3373.48849	2524.86422	2442.25497	2822.97397	2728.77273	1649.53737	919.01661	769.1585	1231.68221	972.45426	722.66017	659.74065	671.5744	706.54205	2931.70193
552	4.0182E4	2.31429E6	7.48078E4	1.02055E6	1.83453E6	8028.19063	4356.41586	3483.98799	2380.15343	2462.05261	2469.99286	2920.21245	1860.40614	1354.11755	1154.08894	895.431	900.91043	839.63561	722.06309	756.29855	558.92622	2639.76256
554	2.82598E4	1.91195E6	9.82217E4	3.53955E5	3.39827E6	8680.07974	4610.49426	3979.11723	2617.32094	2783.99863	2701.95054	3155.04829	1716.11036	1098.9413	1222.68581	930.19546	900.19297	879.2967	638.81449	464.00235	614.33775	2207.87741
556	4.00678E4	1.40973E6	1.63097E5	1.46044E5	5.21708E6	8735.25121	6340.12031	3654.19833	2496.34882	1932.76057	2707.64734	2756.2204	1494.56395	1420.85445	1284.27162	889.95411	790.31632	814.89062	504.4754	463.54311	808.91557	1580.06099
558	4.59979E4	9.54123E5	2.91779E5	1.11359E5	7.01061E6	1.05788E4	4803.1641	3421.77499	2776.95912	2513.87548	2393.16199	2423.53351	1599.26038	1037.66082	998.7777	933.7018	805.54109	683.17714	697.82654	537.62514	374.23961	1490.15848
560	3.78344E4	5.56963E5	5.29264E5	9.87349E4	8.22172E6	1.09381E4	4738.50616	4207.39835	2960.76563	2220.2321	1960.90239	2804.06374	1535.30556	1246.76489	994.94798	794.53158	790.74426	889.73417	598.01216	440.60984	380.96987	1031.55773
562	3.67679E4	3.0649E5	8.40744E5	8.52494E4	8.37325E6	1.31063E4	5905.22201	3440.59935	2963.24964	2723.05136	3011.56283	2573.44199	1621.99106	1097.17674	1088.36834	817.12051	769.65047	727.2473	475.84989	477.71695	552.21155	705.17293
564	3.46842E4	1.50119E5	1.24551E6	8.29905E4	7.36981E6	1.87752E4	5925.04175	3686.20478	2781.91202	2760.85898	2412.19656	2381.31346	1459.29454	930.47272	1087.36298	791.4079	859.65437	595.76688	194.12931	587.93389	336.02909	790.59193
566	2.80782E4	9.43103E4	1.67221E6	7.69272E4	5.72026E6	3.87953E4	6608.25655	3999.28659	2671.08409	2727.47942	2473.30767	2553.0293	1557.79717	1383.95328	941.78486	858.32273	652.13278	684.94845	532.63656	331.3979	341.59859	667.42446
568	4.23633E4	6.72872E4	2.07212E6	7.64249E4	3.80073E6	2.03854E5	6781.59032	3807.96999	2688.96214	2551.48691	2194.09829	2237.80206	1711.39324	1182.38235	798.94694	874.71793	832.07025	767.67409	673.81845	473.5071	368.97345	429.35681
570	4.66849E4	4.52638E4	2.35943E6	7.77271E4	2.06324E6	7.23858E5	6328.46405	4574.95917	3184.32707	2222.94792	1974.60908	2173.03214	1532.10352	873.83555	642.77049	911.84002	474.32897	937.312	419.44406	697.64166	459.27339	266.29438
572	3.26261E4	4.04508E4	2.43874E6	6.83691E4	8.84303E5	1.76925E6	7237.17376	4286.26126	3336.0167	2838.08904	2416.54466	2760.95247	1239.1657	902.04872	840.34307	1003.81623	698.92786	620.63416	478.24345	490.34163	213.05175	550.12742
574	4.40554E4	3.93237E4	2.31579E6	6.69373E4	2.85327E5	3.25018E6	9486.94986	4053.11808	3348.55455	2681.54851	1820.68145	2359.04416	1455.21194	1107.14761	867.6424	899.48931	646.7793	789.77197	644.79624	355.97573	227.1574	265.62557
576	3.92592E4	3.56141E4	2.03122E6	7.26768E4	1.27661E5	4.94093E6	8909.68941	4264.0404	3215.71885	2696.81241	2064.21256	2479.92837	1268.30859	830.52284	978.74305	869.23881	573.51387	727.30911	441.37095	440.6584	264.16647	210.40791
578	2.12872E4	3.32421E4	1.66188E6	9.42074E4	1.00308E5	6.56615E6	9757.40951	5160.00047	3051.1314	2365.02889	2456.55306	2779.34302	1116.24523	856.73899	897.39938	964.06684	550.01528	435.50305	491.92524	574.60416	246.29134	396.31605
580	4.26415E4	2.38505E4	1.23672E6	1.5986E5	8.59964E4	7.68674E6	1.07938E4	5155.24911	3387.34853	2827.16346	2213.47417	2596.90551	1807.77839	1247.47788	775.05213	782.70834	526.9272	708.46054	423.75868	222.45688	330.10988	217.60597
582	3.56688E4	3.01655E4	8.2399E5	2.96671E5	7.95892E4	7.72772E6	1.41669E4	5742.72017	3573.6326	2287.64124	2351.2089	2488.10391	1476.88031	900.35818	814.8005	666.81938	458.25313	757.24529	509.91341	381.40403	417.02821	32.56763
584	3.63767E4	3.09748E4	4.94537E5	5.08941E5	7.73921E4	6.75738E6	1.91793E4	5922.40443	2878.80862	2600.0083	1758.45991	2368.65041	1544.83421	1318.18416	738.14268	641.89345	660.44395	573.93389	635.20345	461.09963	365.54139	353.72748
586	2.62663E4	3.4469E4	2.75057E5	7.81381E5	7.29462E4	5.14502E6	3.34726E4	5172.55477	3709.00666	2904.64623	2121.39389	2183.52536	1371.54844	805.08121	1147.05589	838.73129	395.25775	597.27592	376.75988	604.74753	456.46374	316.48106
588	2.73968E4	2.26456E4	1.36492E5	1.15554E6	6.89701E4	3.35537E6	1.74307E5	6763.18836	3989.50219	2842.08037	2446.99161	2563.30915	1175.35638	1122.69202	791.49085	703.5031	602.86716	321.51103	168.39079	76.44314	586.96503	377.28334
590	3.76476E4	3.38531E4	7.78588E4	1.55498E6	6.77562E4	1.74844E6	6.86744E5	6648.61951	3394.50571	2719.83036	2109.31284	2072.22746	1405.67818	1197.91717	724.88538	701.55787	565.36018	580.41652	523.23482	319.3679	162.31076	136.3412
592	3.81681E4	3.03967E4	5.34601E4	1.91227E6	6.12784E4	6.86276E5	1.71379E6	6671.72515	4357.42062	2670.98287	2669.58248	2172.52447	1505.91414	1147.29018	986.88121	571.9317	453.3846	468.27378	495.72936	338.22653	253.35468	287.81389
594	1.73304E4	2.74887E4	4.99233E4	2.10884E6	6.00959E4	2.33605E5	3.14273E6	8240.50819	3905.22653	1922.88106	2238.06084	1852.20693	1718.74597	742.81461	905.23743	873.03807	598.48282	639.47717	491.91718	40.8704	270.51958	363.00359
596	3.66093E4	2.77629E4	3.66955E4	2.19403E6	5.65548E4	1.12618E5	4.80304E6	7618.9947	4160.73582	2326.73946	2748.66474	1937.77536	1434.0901	1188.37117	1267.25124	472.15438	686.52728	409.34266	423.24118	377.91568	354.30294	24.94268
598	2.76494E4	3.04557E4	3.1466E4	2.06381E6	5.70497E4	8.79656E4	6.26541E6	8495.29262	4197.89554	2495.06102	2437.43414	1873.82289	1445.55095	1038.66593	880.91228	784.41412	738.48701	442.84797	536.36912	165.72969	268.09967	206.97821
600	3.35329E4	3.13167E4	2.97437E4	1.79997E6	5.80857E4	7.77478E4	7.18702E6	1.03821E4	4719.82762	3471.02196	2315.51515	1682.7913	1849.97427	1234.78913	1016.77693	909.62858	725.52446	518.62423	320.18763	420.44174	273.22585	333.93476
