[HEADER]
Format,J&M ASCII Table
Comment,ML07 Bottom
Date,5/24/2013 3:17:48 PM
Order,Y (evenX)
TechType,UV
NumPoints,524
FirstX,200.00
LastX,723.00
XType,NMetr
YType,Absrb
[DATA]
200.000,0.760
201.000,0.759
202.000,0.752
203.000,0.739
204.000,0.724
205.000,0.708
206.000,0.692
207.000,0.673
208.000,0.649
209.000,0.618
210.000,0.579
211.000,0.531
212.000,0.478
213.000,0.423
214.000,0.368
215.000,0.318
216.000,0.272
217.000,0.232
218.000,0.196
219.000,0.166
220.000,0.140
221.000,0.117
222.000,0.099
223.000,0.083
224.000,0.071
225.000,0.061
226.000,0.053
227.000,0.046
228.000,0.041
229.000,0.036
230.000,0.033
231.000,0.030
232.000,0.028
233.000,0.026
234.000,0.024
235.000,0.023
236.000,0.022
237.000,0.021
238.000,0.020
239.000,0.020
240.000,0.019
241.000,0.018
242.000,0.018
243.000,0.017
244.000,0.017
245.000,0.016
246.000,0.016
247.000,0.016
248.000,0.015
249.000,0.015
250.000,0.015
251.000,0.014
252.000,0.014
253.000,0.014
254.000,0.014
255.000,0.013
256.000,0.013
257.000,0.013
258.000,0.013
259.000,0.013
260.000,0.012
261.000,0.012
262.000,0.012
263.000,0.012
264.000,0.012
265.000,0.012
266.000,0.011
267.000,0.011
268.000,0.011
269.000,0.011
270.000,0.011
271.000,0.011
272.000,0.010
273.000,0.010
274.000,0.010
275.000,0.010
276.000,0.010
277.000,0.010
278.000,0.009
279.000,0.009
280.000,0.009
281.000,0.009
282.000,0.009
283.000,0.008
284.000,0.008
285.000,0.008
286.000,0.008
287.000,0.008
288.000,0.008
289.000,0.007
290.000,0.007
291.000,0.007
292.000,0.007
293.000,0.007
294.000,0.007
295.000,0.007
296.000,0.006
297.000,0.006
298.000,0.006
299.000,0.006
300.000,0.006
301.000,0.006
302.000,0.006
303.000,0.006
304.000,0.006
305.000,0.005
306.000,0.005
307.000,0.005
308.000,0.005
309.000,0.005
310.000,0.005
311.000,0.005
312.000,0.005
313.000,0.005
314.000,0.005
315.000,0.005
316.000,0.004
317.000,0.004
318.000,0.004
319.000,0.004
320.000,0.004
321.000,0.004
322.000,0.004
323.000,0.004
324.000,0.004
325.000,0.004
326.000,0.004
327.000,0.004
328.000,0.004
329.000,0.004
330.000,0.004
331.000,0.003
332.000,0.003
333.000,0.003
334.000,0.003
335.000,0.003
336.000,0.003
337.000,0.003
338.000,0.003
339.000,0.003
340.000,0.003
341.000,0.003
342.000,0.003
343.000,0.003
344.000,0.003
345.000,0.003
346.000,0.003
347.000,0.003
348.000,0.003
349.000,0.003
350.000,0.003
351.000,0.002
352.000,0.002
353.000,0.002
354.000,0.002
355.000,0.002
356.000,0.002
357.000,0.002
358.000,0.002
359.000,0.002
360.000,0.002
361.000,0.002
362.000,0.002
363.000,0.002
364.000,0.002
365.000,0.002
366.000,0.002
367.000,0.002
368.000,0.002
369.000,0.002
370.000,0.002
371.000,0.002
372.000,0.002
373.000,0.002
374.000,0.002
375.000,0.002
376.000,0.002
377.000,0.002
378.000,0.002
379.000,0.002
380.000,0.002
381.000,0.002
382.000,0.002
383.000,0.002
384.000,0.002
385.000,0.002
386.000,0.002
387.000,0.002
388.000,0.002
389.000,0.002
390.000,0.002
391.000,0.002
392.000,0.002
393.000,0.002
394.000,0.002
395.000,0.002
396.000,0.002
397.000,0.002
398.000,0.002
399.000,0.002
400.000,0.002
401.000,0.002
402.000,0.002
403.000,0.002
404.000,0.002
405.000,0.002
406.000,0.002
407.000,0.002
408.000,0.002
409.000,0.002
410.000,0.002
411.000,0.001
412.000,0.001
413.000,0.001
414.000,0.001
415.000,0.001
416.000,0.001
417.000,0.001
418.000,0.001
419.000,0.001
420.000,0.001
421.000,0.001
422.000,0.001
423.000,0.001
424.000,0.001
425.000,0.001
426.000,0.001
427.000,0.001
428.000,0.001
429.000,0.001
430.000,0.001
431.000,0.001
432.000,0.001
433.000,0.001
434.000,0.001
435.000,0.001
436.000,0.001
437.000,0.001
438.000,0.001
439.000,0.001
440.000,0.001
441.000,0.001
442.000,0.001
443.000,0.001
444.000,0.001
445.000,0.001
446.000,0.001
447.000,0.001
448.000,0.001
449.000,0.001
450.000,0.001
451.000,0.001
452.000,0.001
453.000,0.001
454.000,0.001
455.000,0.001
456.000,0.001
457.000,0.001
458.000,0.001
459.000,0.001
460.000,0.001
461.000,0.001
462.000,0.001
463.000,0.001
464.000,0.001
465.000,0.001
466.000,0.001
467.000,0.000
468.000,0.000
469.000,0.000
470.000,0.000
471.000,0.000
472.000,0.000
473.000,0.000
474.000,0.000
475.000,0.000
476.000,0.000
477.000,0.000
478.000,0.000
479.000,0.000
480.000,0.000
481.000,0.000
482.000,0.000
483.000,0.000
484.000,0.000
485.000,0.000
486.000,0.000
487.000,0.000
488.000,0.000
489.000,0.000
490.000,0.000
491.000,0.000
492.000,0.000
493.000,0.000
494.000,0.000
495.000,0.000
496.000,0.000
497.000,0.000
498.000,0.000
499.000,0.000
500.000,0.000
501.000,0.000
502.000,0.000
503.000,0.000
504.000,0.000
505.000,0.000
506.000,0.000
507.000,0.000
508.000,0.000
509.000,0.000
510.000,0.000
511.000,0.000
512.000,0.000
513.000,0.000
514.000,0.000
515.000,0.000
516.000,0.000
517.000,0.000
518.000,0.000
519.000,0.000
520.000,0.000
521.000,0.000
522.000,0.000
523.000,0.000
524.000,0.000
525.000,0.000
526.000,0.000
527.000,0.000
528.000,0.000
529.000,0.000
530.000,0.000
531.000,0.000
532.000,0.000
533.000,0.000
534.000,0.000
535.000,0.000
536.000,0.000
537.000,0.000
538.000,0.000
539.000,0.000
540.000,0.000
541.000,0.000
542.000,0.000
543.000,0.000
544.000,0.000
545.000,0.000
546.000,0.000
547.000,0.000
548.000,0.000
549.000,0.000
550.000,0.000
551.000,0.000
552.000,0.000
553.000,0.000
554.000,0.000
555.000,0.000
556.000,0.000
557.000,0.000
558.000,0.000
559.000,0.000
560.000,0.000
561.000,0.000
562.000,0.000
563.000,0.000
564.000,0.000
565.000,0.000
566.000,0.000
567.000,0.000
568.000,0.000
569.000,0.000
570.000,0.000
571.000,0.000
572.000,0.000
573.000,0.000
574.000,0.000
575.000,0.000
576.000,0.000
577.000,0.000
578.000,0.000
579.000,0.000
580.000,0.000
581.000,0.000
582.000,0.000
583.000,0.000
584.000,0.000
585.000,0.000
586.000,0.000
587.000,0.000
588.000,0.000
589.000,0.000
590.000,0.000
591.000,0.000
592.000,0.000
593.000,0.000
594.000,0.000
595.000,0.000
596.000,0.000
597.000,0.000
598.000,0.000
599.000,0.000
600.000,0.000
601.000,0.000
602.000,0.000
603.000,0.000
604.000,0.000
605.000,0.000
606.000,0.000
607.000,0.000
608.000,0.000
609.000,0.000
610.000,0.000
611.000,0.000
612.000,0.000
613.000,0.000
614.000,0.000
615.000,0.000
616.000,0.000
617.000,0.000
618.000,0.000
619.000,0.000
620.000,0.000
621.000,0.000
622.000,0.000
623.000,0.000
624.000,0.000
625.000,0.000
626.000,0.000
627.000,0.000
628.000,0.000
629.000,0.000
630.000,0.000
631.000,0.000
632.000,0.000
633.000,0.000
634.000,0.000
635.000,0.000
636.000,0.000
637.000,0.000
638.000,0.000
639.000,0.000
640.000,0.000
641.000,0.000
642.000,0.000
643.000,0.000
644.000,0.000
645.000,0.000
646.000,0.000
647.000,0.000
648.000,0.000
649.000,0.000
650.000,0.000
651.000,0.000
652.000,0.000
653.000,0.000
654.000,0.000
655.000,0.000
656.000,0.000
657.000,0.000
658.000,0.000
659.000,0.000
660.000,0.000
661.000,0.000
662.000,0.000
663.000,0.000
664.000,0.000
665.000,0.000
666.000,0.000
667.000,0.000
668.000,0.000
669.000,0.000
670.000,0.000
671.000,0.000
672.000,0.000
673.000,0.000
674.000,0.000
675.000,0.000
676.000,0.000
677.000,0.000
678.000,0.000
679.000,0.000
680.000,0.000
681.000,0.000
682.000,-0.000
683.000,0.000
684.000,0.000
685.000,0.000
686.000,0.000
687.000,-0.000
688.000,-0.000
689.000,0.000
690.000,0.000
691.000,0.000
692.000,-0.000
693.000,-0.000
694.000,-0.000
695.000,-0.000
696.000,-0.000
697.000,-0.000
698.000,-0.000
699.000,-0.000
700.000,-0.000
701.000,-0.000
702.000,-0.000
703.000,-0.000
704.000,-0.000
705.000,-0.000
706.000,-0.000
707.000,-0.000
708.000,-0.000
709.000,-0.000
710.000,-0.000
711.000,-0.000
712.000,-0.000
713.000,-0.000
714.000,-0.000
715.000,-0.000
716.000,-0.000
717.000,-0.000
718.000,-0.000
719.000,-0.000
720.000,-0.000
721.000,-0.000
722.000,-0.000
723.000,-0.000
