[HEADER]
Format,J&M ASCII Table
Comment,SAT08-05/07-SUR 2:10 PM
Date,5/8/2013 1:37:22 PM
Order,Y (evenX)
TechType,UV
NumPoints,524
FirstX,200.00
LastX,723.00
XType,NMetr
YType,Absrb
[DATA]
200.000,0.200
201.000,0.194
202.000,0.189
203.000,0.183
204.000,0.177
205.000,0.171
206.000,0.166
207.000,0.161
208.000,0.156
209.000,0.152
210.000,0.148
211.000,0.144
212.000,0.140
213.000,0.136
214.000,0.133
215.000,0.129
216.000,0.124
217.000,0.120
218.000,0.116
219.000,0.111
220.000,0.107
221.000,0.103
222.000,0.098
223.000,0.094
224.000,0.090
225.000,0.086
226.000,0.082
227.000,0.079
228.000,0.077
229.000,0.074
230.000,0.072
231.000,0.070
232.000,0.068
233.000,0.066
234.000,0.065
235.000,0.064
236.000,0.063
237.000,0.062
238.000,0.061
239.000,0.060
240.000,0.059
241.000,0.058
242.000,0.058
243.000,0.057
244.000,0.056
245.000,0.055
246.000,0.055
247.000,0.054
248.000,0.053
249.000,0.053
250.000,0.052
251.000,0.052
252.000,0.051
253.000,0.051
254.000,0.050
255.000,0.050
256.000,0.050
257.000,0.049
258.000,0.049
259.000,0.049
260.000,0.048
261.000,0.048
262.000,0.048
263.000,0.047
264.000,0.047
265.000,0.046
266.000,0.046
267.000,0.045
268.000,0.045
269.000,0.045
270.000,0.044
271.000,0.044
272.000,0.043
273.000,0.042
274.000,0.042
275.000,0.041
276.000,0.041
277.000,0.040
278.000,0.039
279.000,0.039
280.000,0.038
281.000,0.038
282.000,0.037
283.000,0.037
284.000,0.036
285.000,0.036
286.000,0.035
287.000,0.034
288.000,0.034
289.000,0.033
290.000,0.033
291.000,0.032
292.000,0.032
293.000,0.031
294.000,0.031
295.000,0.030
296.000,0.030
297.000,0.029
298.000,0.028
299.000,0.028
300.000,0.028
301.000,0.027
302.000,0.027
303.000,0.026
304.000,0.026
305.000,0.025
306.000,0.025
307.000,0.025
308.000,0.024
309.000,0.024
310.000,0.023
311.000,0.023
312.000,0.022
313.000,0.022
314.000,0.022
315.000,0.021
316.000,0.021
317.000,0.021
318.000,0.020
319.000,0.020
320.000,0.020
321.000,0.019
322.000,0.019
323.000,0.019
324.000,0.018
325.000,0.018
326.000,0.018
327.000,0.017
328.000,0.017
329.000,0.017
330.000,0.016
331.000,0.016
332.000,0.016
333.000,0.016
334.000,0.015
335.000,0.015
336.000,0.015
337.000,0.014
338.000,0.014
339.000,0.014
340.000,0.014
341.000,0.013
342.000,0.013
343.000,0.013
344.000,0.013
345.000,0.012
346.000,0.012
347.000,0.012
348.000,0.012
349.000,0.011
350.000,0.011
351.000,0.011
352.000,0.011
353.000,0.010
354.000,0.010
355.000,0.010
356.000,0.010
357.000,0.009
358.000,0.009
359.000,0.009
360.000,0.009
361.000,0.008
362.000,0.008
363.000,0.008
364.000,0.008
365.000,0.007
366.000,0.007
367.000,0.007
368.000,0.007
369.000,0.006
370.000,0.006
371.000,0.006
372.000,0.006
373.000,0.006
374.000,0.006
375.000,0.005
376.000,0.005
377.000,0.005
378.000,0.005
379.000,0.005
380.000,0.005
381.000,0.005
382.000,0.004
383.000,0.004
384.000,0.004
385.000,0.004
386.000,0.004
387.000,0.004
388.000,0.003
389.000,0.003
390.000,0.003
391.000,0.003
392.000,0.003
393.000,0.003
394.000,0.002
395.000,0.002
396.000,0.002
397.000,0.002
398.000,0.002
399.000,0.002
400.000,0.002
401.000,0.001
402.000,0.001
403.000,0.001
404.000,0.001
405.000,0.001
406.000,0.000
407.000,0.000
408.000,0.000
409.000,0.000
410.000,-0.000
411.000,-0.000
412.000,-0.001
413.000,-0.001
414.000,-0.001
415.000,-0.001
416.000,-0.001
417.000,-0.001
418.000,-0.002
419.000,-0.002
420.000,-0.002
421.000,-0.002
422.000,-0.002
423.000,-0.002
424.000,-0.002
425.000,-0.002
426.000,-0.002
427.000,-0.002
428.000,-0.003
429.000,-0.003
430.000,-0.003
431.000,-0.003
432.000,-0.003
433.000,-0.003
434.000,-0.003
435.000,-0.003
436.000,-0.003
437.000,-0.003
438.000,-0.004
439.000,-0.004
440.000,-0.004
441.000,-0.004
442.000,-0.004
443.000,-0.004
444.000,-0.004
445.000,-0.004
446.000,-0.004
447.000,-0.004
448.000,-0.004
449.000,-0.004
450.000,-0.004
451.000,-0.005
452.000,-0.005
453.000,-0.005
454.000,-0.005
455.000,-0.005
456.000,-0.005
457.000,-0.005
458.000,-0.005
459.000,-0.005
460.000,-0.005
461.000,-0.005
462.000,-0.005
463.000,-0.005
464.000,-0.006
465.000,-0.006
466.000,-0.006
467.000,-0.006
468.000,-0.006
469.000,-0.006
470.000,-0.006
471.000,-0.006
472.000,-0.006
473.000,-0.006
474.000,-0.006
475.000,-0.006
476.000,-0.006
477.000,-0.006
478.000,-0.006
479.000,-0.006
480.000,-0.006
481.000,-0.006
482.000,-0.006
483.000,-0.006
484.000,-0.006
485.000,-0.006
486.000,-0.006
487.000,-0.006
488.000,-0.006
489.000,-0.006
490.000,-0.006
491.000,-0.006
492.000,-0.007
493.000,-0.007
494.000,-0.007
495.000,-0.007
496.000,-0.007
497.000,-0.007
498.000,-0.007
499.000,-0.007
500.000,-0.007
501.000,-0.007
502.000,-0.007
503.000,-0.007
504.000,-0.007
505.000,-0.007
506.000,-0.007
507.000,-0.007
508.000,-0.007
509.000,-0.007
510.000,-0.007
511.000,-0.007
512.000,-0.007
513.000,-0.007
514.000,-0.007
515.000,-0.007
516.000,-0.007
517.000,-0.007
518.000,-0.007
519.000,-0.007
520.000,-0.007
521.000,-0.008
522.000,-0.008
523.000,-0.008
524.000,-0.008
525.000,-0.008
526.000,-0.008
527.000,-0.008
528.000,-0.008
529.000,-0.008
530.000,-0.008
531.000,-0.008
532.000,-0.008
533.000,-0.008
534.000,-0.008
535.000,-0.008
536.000,-0.008
537.000,-0.008
538.000,-0.008
539.000,-0.008
540.000,-0.008
541.000,-0.008
542.000,-0.008
543.000,-0.008
544.000,-0.008
545.000,-0.008
546.000,-0.008
547.000,-0.008
548.000,-0.008
549.000,-0.008
550.000,-0.008
551.000,-0.008
552.000,-0.008
553.000,-0.008
554.000,-0.008
555.000,-0.008
556.000,-0.008
557.000,-0.008
558.000,-0.008
559.000,-0.008
560.000,-0.008
561.000,-0.008
562.000,-0.008
563.000,-0.008
564.000,-0.008
565.000,-0.008
566.000,-0.008
567.000,-0.008
568.000,-0.007
569.000,-0.007
570.000,-0.007
571.000,-0.007
572.000,-0.007
573.000,-0.007
574.000,-0.007
575.000,-0.007
576.000,-0.007
577.000,-0.007
578.000,-0.007
579.000,-0.007
580.000,-0.007
581.000,-0.007
582.000,-0.007
583.000,-0.007
584.000,-0.007
585.000,-0.007
586.000,-0.007
587.000,-0.007
588.000,-0.007
589.000,-0.007
590.000,-0.007
591.000,-0.007
592.000,-0.007
593.000,-0.007
594.000,-0.008
595.000,-0.008
596.000,-0.008
597.000,-0.008
598.000,-0.008
599.000,-0.008
600.000,-0.008
601.000,-0.008
602.000,-0.008
603.000,-0.008
604.000,-0.008
605.000,-0.008
606.000,-0.008
607.000,-0.008
608.000,-0.008
609.000,-0.008
610.000,-0.008
611.000,-0.008
612.000,-0.008
613.000,-0.008
614.000,-0.008
615.000,-0.008
616.000,-0.008
617.000,-0.008
618.000,-0.008
619.000,-0.008
620.000,-0.008
621.000,-0.008
622.000,-0.008
623.000,-0.008
624.000,-0.008
625.000,-0.008
626.000,-0.008
627.000,-0.008
628.000,-0.008
629.000,-0.008
630.000,-0.008
631.000,-0.008
632.000,-0.008
633.000,-0.008
634.000,-0.008
635.000,-0.008
636.000,-0.008
637.000,-0.008
638.000,-0.008
639.000,-0.008
640.000,-0.008
641.000,-0.008
642.000,-0.008
643.000,-0.008
644.000,-0.008
645.000,-0.008
646.000,-0.008
647.000,-0.008
648.000,-0.008
649.000,-0.008
650.000,-0.008
651.000,-0.008
652.000,-0.008
653.000,-0.007
654.000,-0.007
655.000,-0.007
656.000,-0.007
657.000,-0.007
658.000,-0.007
659.000,-0.007
660.000,-0.008
661.000,-0.008
662.000,-0.008
663.000,-0.008
664.000,-0.008
665.000,-0.008
666.000,-0.008
667.000,-0.008
668.000,-0.008
669.000,-0.008
670.000,-0.008
671.000,-0.008
672.000,-0.008
673.000,-0.008
674.000,-0.008
675.000,-0.008
676.000,-0.008
677.000,-0.008
678.000,-0.008
679.000,-0.008
680.000,-0.008
681.000,-0.008
682.000,-0.008
683.000,-0.008
684.000,-0.008
685.000,-0.008
686.000,-0.008
687.000,-0.008
688.000,-0.008
689.000,-0.008
690.000,-0.008
691.000,-0.008
692.000,-0.008
693.000,-0.008
694.000,-0.008
695.000,-0.008
696.000,-0.008
697.000,-0.008
698.000,-0.008
699.000,-0.008
700.000,-0.008
701.000,-0.008
702.000,-0.008
703.000,-0.008
704.000,-0.008
705.000,-0.008
706.000,-0.008
707.000,-0.008
708.000,-0.008
709.000,-0.008
710.000,-0.008
711.000,-0.008
712.000,-0.008
713.000,-0.008
714.000,-0.008
715.000,-0.008
716.000,-0.008
717.000,-0.008
718.000,-0.009
719.000,-0.008
720.000,-0.008
721.000,-0.009
722.000,-0.009
723.000,-0.009
