[HEADER]
Format,J&M ASCII Table
Comment,TS-04/16/13-1600
Date,4/18/2013 3:23:09 PM
Order,Y (evenX)
TechType,UV
NumPoints,524
FirstX,200.00
LastX,723.00
XType,NMetr
YType,Absrb
[DATA]
200.000,0.285
201.000,0.280
202.000,0.274
203.000,0.268
204.000,0.261
205.000,0.253
206.000,0.246
207.000,0.239
208.000,0.232
209.000,0.225
210.000,0.218
211.000,0.211
212.000,0.204
213.000,0.196
214.000,0.189
215.000,0.181
216.000,0.172
217.000,0.164
218.000,0.155
219.000,0.146
220.000,0.137
221.000,0.128
222.000,0.120
223.000,0.111
224.000,0.103
225.000,0.096
226.000,0.089
227.000,0.083
228.000,0.078
229.000,0.073
230.000,0.069
231.000,0.065
232.000,0.062
233.000,0.059
234.000,0.057
235.000,0.055
236.000,0.053
237.000,0.052
238.000,0.051
239.000,0.049
240.000,0.048
241.000,0.047
242.000,0.046
243.000,0.045
244.000,0.044
245.000,0.044
246.000,0.043
247.000,0.042
248.000,0.042
249.000,0.041
250.000,0.041
251.000,0.040
252.000,0.040
253.000,0.040
254.000,0.039
255.000,0.039
256.000,0.039
257.000,0.039
258.000,0.038
259.000,0.038
260.000,0.038
261.000,0.037
262.000,0.037
263.000,0.037
264.000,0.037
265.000,0.036
266.000,0.036
267.000,0.035
268.000,0.035
269.000,0.034
270.000,0.034
271.000,0.034
272.000,0.033
273.000,0.033
274.000,0.032
275.000,0.032
276.000,0.031
277.000,0.031
278.000,0.030
279.000,0.030
280.000,0.029
281.000,0.029
282.000,0.028
283.000,0.028
284.000,0.027
285.000,0.027
286.000,0.026
287.000,0.026
288.000,0.025
289.000,0.025
290.000,0.024
291.000,0.024
292.000,0.023
293.000,0.023
294.000,0.022
295.000,0.022
296.000,0.021
297.000,0.021
298.000,0.020
299.000,0.020
300.000,0.019
301.000,0.019
302.000,0.018
303.000,0.018
304.000,0.018
305.000,0.017
306.000,0.017
307.000,0.016
308.000,0.016
309.000,0.016
310.000,0.015
311.000,0.015
312.000,0.015
313.000,0.014
314.000,0.014
315.000,0.013
316.000,0.013
317.000,0.013
318.000,0.012
319.000,0.012
320.000,0.012
321.000,0.012
322.000,0.011
323.000,0.011
324.000,0.011
325.000,0.010
326.000,0.010
327.000,0.010
328.000,0.010
329.000,0.009
330.000,0.009
331.000,0.009
332.000,0.009
333.000,0.008
334.000,0.008
335.000,0.008
336.000,0.008
337.000,0.008
338.000,0.007
339.000,0.007
340.000,0.007
341.000,0.007
342.000,0.007
343.000,0.006
344.000,0.006
345.000,0.006
346.000,0.006
347.000,0.006
348.000,0.006
349.000,0.005
350.000,0.005
351.000,0.005
352.000,0.005
353.000,0.005
354.000,0.005
355.000,0.004
356.000,0.004
357.000,0.004
358.000,0.004
359.000,0.004
360.000,0.004
361.000,0.003
362.000,0.003
363.000,0.003
364.000,0.003
365.000,0.003
366.000,0.003
367.000,0.003
368.000,0.003
369.000,0.002
370.000,0.002
371.000,0.002
372.000,0.002
373.000,0.002
374.000,0.002
375.000,0.002
376.000,0.002
377.000,0.002
378.000,0.002
379.000,0.002
380.000,0.002
381.000,0.002
382.000,0.002
383.000,0.002
384.000,0.002
385.000,0.002
386.000,0.001
387.000,0.001
388.000,0.001
389.000,0.001
390.000,0.001
391.000,0.001
392.000,0.001
393.000,0.001
394.000,0.001
395.000,0.001
396.000,0.001
397.000,0.001
398.000,0.001
399.000,0.001
400.000,0.001
401.000,0.001
402.000,0.001
403.000,0.000
404.000,0.000
405.000,0.000
406.000,0.000
407.000,0.000
408.000,0.000
409.000,0.000
410.000,0.000
411.000,0.000
412.000,-0.000
413.000,-0.000
414.000,-0.000
415.000,-0.000
416.000,-0.001
417.000,-0.001
418.000,-0.001
419.000,-0.001
420.000,-0.001
421.000,-0.001
422.000,-0.001
423.000,-0.001
424.000,-0.001
425.000,-0.001
426.000,-0.001
427.000,-0.001
428.000,-0.001
429.000,-0.001
430.000,-0.001
431.000,-0.001
432.000,-0.001
433.000,-0.001
434.000,-0.002
435.000,-0.002
436.000,-0.002
437.000,-0.002
438.000,-0.002
439.000,-0.002
440.000,-0.002
441.000,-0.002
442.000,-0.002
443.000,-0.002
444.000,-0.002
445.000,-0.002
446.000,-0.002
447.000,-0.002
448.000,-0.002
449.000,-0.002
450.000,-0.002
451.000,-0.002
452.000,-0.002
453.000,-0.002
454.000,-0.002
455.000,-0.002
456.000,-0.002
457.000,-0.002
458.000,-0.002
459.000,-0.002
460.000,-0.003
461.000,-0.003
462.000,-0.003
463.000,-0.003
464.000,-0.003
465.000,-0.003
466.000,-0.003
467.000,-0.003
468.000,-0.003
469.000,-0.003
470.000,-0.003
471.000,-0.003
472.000,-0.003
473.000,-0.003
474.000,-0.003
475.000,-0.003
476.000,-0.003
477.000,-0.003
478.000,-0.003
479.000,-0.003
480.000,-0.003
481.000,-0.003
482.000,-0.003
483.000,-0.003
484.000,-0.003
485.000,-0.003
486.000,-0.003
487.000,-0.003
488.000,-0.003
489.000,-0.003
490.000,-0.003
491.000,-0.003
492.000,-0.003
493.000,-0.003
494.000,-0.003
495.000,-0.003
496.000,-0.003
497.000,-0.003
498.000,-0.003
499.000,-0.003
500.000,-0.003
501.000,-0.003
502.000,-0.003
503.000,-0.003
504.000,-0.003
505.000,-0.003
506.000,-0.003
507.000,-0.003
508.000,-0.003
509.000,-0.003
510.000,-0.003
511.000,-0.004
512.000,-0.004
513.000,-0.004
514.000,-0.004
515.000,-0.004
516.000,-0.004
517.000,-0.004
518.000,-0.004
519.000,-0.004
520.000,-0.004
521.000,-0.004
522.000,-0.004
523.000,-0.004
524.000,-0.004
525.000,-0.004
526.000,-0.004
527.000,-0.004
528.000,-0.004
529.000,-0.004
530.000,-0.004
531.000,-0.004
532.000,-0.004
533.000,-0.004
534.000,-0.004
535.000,-0.004
536.000,-0.004
537.000,-0.004
538.000,-0.004
539.000,-0.004
540.000,-0.004
541.000,-0.004
542.000,-0.004
543.000,-0.004
544.000,-0.004
545.000,-0.004
546.000,-0.004
547.000,-0.004
548.000,-0.004
549.000,-0.004
550.000,-0.004
551.000,-0.004
552.000,-0.004
553.000,-0.004
554.000,-0.004
555.000,-0.004
556.000,-0.004
557.000,-0.005
558.000,-0.005
559.000,-0.005
560.000,-0.005
561.000,-0.005
562.000,-0.004
563.000,-0.004
564.000,-0.004
565.000,-0.004
566.000,-0.004
567.000,-0.004
568.000,-0.004
569.000,-0.005
570.000,-0.005
571.000,-0.005
572.000,-0.005
573.000,-0.005
574.000,-0.005
575.000,-0.005
576.000,-0.005
577.000,-0.005
578.000,-0.005
579.000,-0.005
580.000,-0.005
581.000,-0.005
582.000,-0.005
583.000,-0.005
584.000,-0.005
585.000,-0.005
586.000,-0.005
587.000,-0.005
588.000,-0.005
589.000,-0.005
590.000,-0.005
591.000,-0.005
592.000,-0.005
593.000,-0.005
594.000,-0.005
595.000,-0.005
596.000,-0.005
597.000,-0.005
598.000,-0.005
599.000,-0.005
600.000,-0.005
601.000,-0.005
602.000,-0.005
603.000,-0.005
604.000,-0.005
605.000,-0.005
606.000,-0.005
607.000,-0.005
608.000,-0.005
609.000,-0.005
610.000,-0.005
611.000,-0.005
612.000,-0.005
613.000,-0.005
614.000,-0.005
615.000,-0.005
616.000,-0.005
617.000,-0.005
618.000,-0.005
619.000,-0.005
620.000,-0.005
621.000,-0.005
622.000,-0.005
623.000,-0.005
624.000,-0.005
625.000,-0.005
626.000,-0.005
627.000,-0.005
628.000,-0.005
629.000,-0.005
630.000,-0.005
631.000,-0.005
632.000,-0.005
633.000,-0.005
634.000,-0.005
635.000,-0.005
636.000,-0.005
637.000,-0.005
638.000,-0.005
639.000,-0.005
640.000,-0.005
641.000,-0.006
642.000,-0.006
643.000,-0.006
644.000,-0.006
645.000,-0.006
646.000,-0.006
647.000,-0.006
648.000,-0.006
649.000,-0.006
650.000,-0.006
651.000,-0.006
652.000,-0.006
653.000,-0.006
654.000,-0.006
655.000,-0.006
656.000,-0.006
657.000,-0.006
658.000,-0.006
659.000,-0.006
660.000,-0.006
661.000,-0.006
662.000,-0.006
663.000,-0.006
664.000,-0.006
665.000,-0.006
666.000,-0.006
667.000,-0.006
668.000,-0.006
669.000,-0.006
670.000,-0.006
671.000,-0.006
672.000,-0.006
673.000,-0.006
674.000,-0.006
675.000,-0.006
676.000,-0.006
677.000,-0.006
678.000,-0.006
679.000,-0.006
680.000,-0.006
681.000,-0.006
682.000,-0.006
683.000,-0.006
684.000,-0.006
685.000,-0.006
686.000,-0.006
687.000,-0.006
688.000,-0.006
689.000,-0.006
690.000,-0.006
691.000,-0.006
692.000,-0.006
693.000,-0.006
694.000,-0.006
695.000,-0.006
696.000,-0.006
697.000,-0.006
698.000,-0.006
699.000,-0.006
700.000,-0.006
701.000,-0.006
702.000,-0.006
703.000,-0.006
704.000,-0.006
705.000,-0.006
706.000,-0.006
707.000,-0.006
708.000,-0.006
709.000,-0.006
710.000,-0.006
711.000,-0.006
712.000,-0.006
713.000,-0.006
714.000,-0.006
715.000,-0.006
716.000,-0.006
717.000,-0.006
718.000,-0.006
719.000,-0.006
720.000,-0.006
721.000,-0.006
722.000,-0.006
723.000,-0.006
