Wavelength	I1	I1 dark	R1	R1dark	XCorrect	I1c	R1c	I1c/R1c	Abs	Percent T
nm	uA	uA	uA	uA		uA	uA	uA/uA	OD	T*100
	Abs Detector Raw	Dark Offset for Abs Detector	Ref Detector Raw	Dark Offset for Ref Detector	Linear interp	Dark subtracted Abs Detector	Corrected Ref Detector	Corrected Intensity 	-Log(T)	% Transmittance
600	2.74186165115344	0.00154725865604128	1.61696238855847	0.00333619452383201	0.717130899429321	2.7403143924974	1.15718120387077	2.36809445515624	5.16934488159673E-4	99.8810422462491
595	2.86972261353315		1.69344684870207		0.719892263412476	2.86817535487711	1.21669758425391	2.35734449710106	5.18495071894803E-4	99.8806833366695
590	3.00897586688298		1.7766552985649		0.723316371440887	3.00742860822693	1.28267073974179	2.34466142794553	6.21070334544508E-4	99.8570954764947
585	3.13263115154512		1.85079389543662		0.726323843002319	3.13108389288908	1.34185257711121	2.33340379285912	5.66168982671307E-4	99.8697197125851
580	3.23459599684082		1.91224327898015		0.72833788394928	3.23304873818478	1.3903293465487	2.32538336776849	5.99045477623662E-4	99.862159768356
575	3.3422572444575		1.97717472110351		0.73105776309967	3.34070998580146	1.44298997796129	2.31513041450319	6.30035766407903E-4	99.8550340808699
570	3.46374758186267		2.05004771007013		0.73466420173645	3.46220032320663	1.50364568175362	2.30253733656778	6.19528388250309E-4	99.8574500160021
565	3.58787161066357		2.12537363213243		0.738382756710052	3.58632435200753	1.56687585302337	2.28883759047504	6.7369595262616E-4	99.8449960296646
560	3.72553574683224		2.20761111227257		0.742404222488403	3.7239884881762	1.63646300646194	2.27563255232242	7.22258338289745E-4	99.8338320837089
555	3.87973621887234		2.29914918417243		0.747231364250183	3.8781889602163	1.71550347231841	2.26067100579816	7.1782496453423E-4	99.8348512146641
550	4.03973106979553		2.39403177949642		0.752462446689606	4.03818381113949	1.79890864915851	2.24479648426198	8.25745191703249E-4	99.8100457849105
545	4.21669372924467		2.49842861306365		0.757837355136871	4.21514647058863	1.89087423928827	2.22920508567255	8.56695334865014E-4	99.8029330416839
540	4.39536242970262		2.60319564780127		0.763391971588135	4.39381517104658	1.98471183388951	2.21383028811586	9.61973332933717E-4	99.778742590234
535	4.5856557140985		2.71432431923222		0.769757688045502	4.58410845544246	2.08680395119434	2.19671256268172	9.88053896480026E-4	99.7727507855726
530	4.81971840261636		2.85045477767264		0.776710212230682	4.81817114396032	2.21138607896343	2.17880142675891	0.00109597258180953	99.7479611397063
525	5.06759210670403		2.99384440600594		0.783903956413269	5.06604484804798	2.34427121866719	2.16103188389961	0.00114420161289759	99.7368845992277
520	5.33273465251957		3.14643646398996		0.791250944137573	5.33118739386353	2.48698105573413	2.14363811962766	0.00124148215942664	99.7145463645303
515	5.63983720402682		3.32221662344383		0.799825251102448	5.63828994537078	2.65452437243993	2.12403020439714	0.00132895043818928	99.6944655625505
510	5.94456461491857		3.49454987275522		0.809457659721375	5.94301735626253	2.82598965356843	2.10298624015066	0.00139870222802845	99.6784549768734
505	6.34150179106686		3.71930286599777		0.818737685680389	6.33995453241082	3.04240195266804	2.08386486435528	0.00148997538611058	99.6575083340057
500	6.7931470568403		3.97396000169896		0.828416645526886	6.79159979818426	3.28933085498922	2.06473598965663	0.00160378839776737	99.6313950962091
495	7.67858036970853		4.4791823590552		0.838614106178284	7.67703311105249	3.75350773065997	2.04529567059201	0.001714293093512	99.6060474648555
490	8.36832631812432		4.86520940634083		0.848338663578033	8.36677905946828	4.12451502299868	2.02854857184768	0.00181437191065116	99.5830968924942
485	9.20691440071099		5.33255592400466		0.855348587036133	9.20536714205494	4.55834056561651	2.01945576675225	0.00194762595386074	99.5525466201068
480	10.2266496544488		5.90007071665886		0.866066455841064	10.2251023957928	5.10696396862113	2.00218808251227	0.00209477910735713	99.5188206802095
475	11.768711632662		6.76668938702414		0.879869520664215	11.767164374006	5.95086833156804	1.9773861087774	0.00224130526959129	99.4852497926507
470	14.5305347231888		8.3062897246222		0.895019471645355	14.5289874645328	7.43130508160458	1.95510577280669	0.00238996531437218	99.4512015803049
465	15.2532535874885		8.6758791997079		0.910354375839233	15.2517063288325	7.89508747442325	1.93179700392701	0.00257597054059043	99.4086164607416
460	14.0949079905545		8.00221704224347		0.922647356987	14.0933607318985	7.38014627300245	1.90963162660527	0.00276344508073985	99.365713399503
455	12.5432267936297		7.15091371166073		0.929956316947937	12.5416795349737	6.64693486293651	1.88683653346845	0.00298303475078652	99.3154844194422
450	11.1294467524039		6.4195670544268		0.932973027229309	11.1278994937479	5.98617032876579	1.85893465815267	0.00320995191026621	99.263606023575
445	8.86610675363529		5.18709706130463		0.935176968574524	8.86455949497925	4.84773377321132	1.82859866273288	0.00353079679750427	99.1902998674819
440	7.98964138994997		4.71775630927378		0.939942717552185	7.98809413129393	4.43128485434075	1.80265868565616	0.00384834801838483	99.1177995492661
435	7.8557044647039		4.63929910450915		0.948230147361755	7.85415720604786	4.39595979329901	1.78667630628023	0.00419635899727349	99.0384058035692
430	8.38620620086537		4.92369014829465		0.960858643054962	8.38465894220933	4.72776462337035	1.77349331241284	0.00459782020494906	98.9468971424248
425	8.83700787875156		5.18299695194602		0.977734744548798	8.83546062009552	5.06433428750761	1.74464403779393	0.00499950920631942	98.8554211815701
420	8.31162661913213		4.92979910139525		0.992123365402222	8.31007936047609	4.88765895869448	1.7002166948849	0.00547824044457322	98.7465109696943
415	7.06828122175654		4.27286142042649		0.999114215373993	7.0667339631005	4.2657433460972	1.65662427149209	0.005996487975101	98.6287461445458
410	6.11843760445818		3.77328271343833		1.00281167030334	6.11689034580214	3.78054636558693	1.61799109289657	0.00656205993446753	98.5003877386857
405	5.53557767709967		3.46464445490596		1.00957882404327	5.53403041844363	3.49446352316786	1.58365665623741	0.00719685386825584	98.3565181379498
400	5.44698173214119		3.43455228705746		1.02345275878906	5.44543447348514	3.51168757590496	1.55066028961356	0.00792973149311234	98.1906801919209
395	5.55116036258428		3.50213335319367		1.04821944236755	5.54961310392824	3.66750720661807	1.51318396700458	0.00863687967173373	98.0309294594155
390	5.59574398545301		3.52052773202642		1.08368313312531	5.59419672679697	3.81152114516261	1.4677071210524	0.00946745096742366	97.8436282819782
385	5.72028421737725		3.58737292121244		1.12599265575409	5.71873695872121	4.0355990322043	1.4170726360784	0.0103575794538231	97.6432936884017
380	5.80109012135124		3.63301831751443		1.17243885993958	5.7995428626952	4.25558037022215	1.36280891397956	0.0113440444278782	97.4217564999741
375	5.74028633448482		3.59791323757657		1.21915531158447	5.73873907582878	4.38234769493736	1.30951249770948	0.0124425176780333	97.1756562760128
370	5.69317551436057		3.57747329429887		1.25962615013123	5.69162825570453	4.50207655503082	1.26422289495376	0.0136471602807845	96.9064846939585
365	5.74017088917278		3.62171484099709		1.27197480201721	5.73862363051674	4.60248646247113	1.24685290816382	0.0149469033353154	96.6168995193108
360	5.95126642153241		3.77173106891328		1.25185632705688	5.94971916287637	4.71748896635317	1.26120468014062	0.0163389720805107	96.307703695322
355	6.25516993984933		3.98062267159422		1.21720862388611	6.25362268119328	4.84118739955567	1.2917538952876	0.0177710469387343	95.9906545431266
350	6.53260221413138		4.1775647118229		1.1792927980423	6.53105495547534	4.92263762783357	1.32673892519479	0.0193464527869549	95.6430786636987
345	6.73575334808526		4.3335963186213		1.14527189731598	6.73420608942922	4.95932522819684	1.35788757130528	0.0210958369981088	95.2585930982359
340	6.85322988863147		4.44089810139567		1.11531460285187	6.85168262997543	4.94927759579334	1.38438034589109	0.0228840320955447	94.8671749474678
335	6.82319153328275		4.46556614231273		1.09089875221252	6.82164427462671	4.86784108212827	1.40136955162148	0.0247927849151605	94.4511423873201
330	6.59553531739554		4.38555879106992		1.06744050979614	6.5939880587395	4.67776192249733	1.40964593068027	0.0269482207900865	93.9835356729992
325	6.19722545179961		4.20972548317877		1.03879284858704	6.19567819314357	4.36956711142786	1.41791578779963	0.0293878158057516	93.4570749464546
320	5.88847346475207		4.08242708915618		1.00754153728485	5.88692620609603	4.10985351070251	1.43239319619685	0.0319517312247712	92.90696405939
315	5.76713050039318		4.06533956774008		0.978299379348755	5.76558324173714	3.97385537893	1.45087898072667	0.0347715011578574	92.3056954781918
310	5.70699110805536		4.08813950905523		0.953616976737976	5.70544384939932	3.89533778737269	1.46468526244229	0.0378492704284501	91.6538535816191
305	5.5213619681721		4.03173671045248		0.934748709201813	5.51981470951606	3.76554218241222	1.46587514947982	0.0412243868327384	90.944326937408
300	5.17922335235172		3.87448575600269		0.921929001808167	5.17767609369568	3.56892505106433	1.45076627264884	0.0450925998612012	90.1378925947782
295	4.68495688167046		3.60262400904212		0.920162856578827	4.68340962301442	3.31193095705652	1.41410243261134	0.0492495131079254	89.2792404657342
290	4.07703672980271		3.24344732688357		0.925946474075317	4.07548947114667	3.00016947862069	1.35841974934708	0.0538687011968833	88.3346919382804
285	3.43602992572343		2.84599155894048		0.924624860286713	3.43448266706739	2.62838981916702	1.3066869465184	0.0586383783301288	87.3698563514131
280	2.83068942032975		2.4596116405625		0.918464839458466	2.82914216167371	2.25600263321168	1.25405091289548	0.0632796304753715	86.4411168575383
275	2.28135923111851		2.09761189982148		0.889670491218567	2.27981197246247	1.86321529547927	1.2235901980807	0.0678522245315869	85.5357712170526
270	1.90103157736479		1.84691259027635		0.843315124511719	1.89948431870875	1.5547158577309	1.22175657324357	0.0723658187773145	84.6514070512959
265	1.67159568033235		1.68853078378031		0.793934762477875	1.67004842167631	1.33793456595034	1.2482287730492	0.0766496121336825	83.8205271631035
260	1.45604769681864		1.51362391826826		0.754058063030243	1.4545004381626	1.13884463558508	1.27717196245592	0.0804735851742113	83.0857251884027
255	1.16510649729759		1.2485044173745		0.730857133865356	1.16355923864155	0.910040078532861	1.27858021431034	0.084025122273629	82.4090443156053
250	0.824783615844952		0.916496573486298		0.716208219528198	0.823236357188911	0.654012969160402	1.2587462267694	0.0875642758268117	81.7402053028823
245	0.485683125622783		0.566276871272426		0.708019316196442	0.484135866966741	0.398572873010701	1.21467340039909	0.091720227756314	80.9617286189919
240	0.234715013466422		0.28953605719268		0.70177036523819	0.233167754810381	0.200846582156237	1.16092468344321	0.0972611619481665	79.9353421179045
