300	1.12123E5	1.18638E5	1.21716E5	2.71024E6	3.01229E5	2.28955E5	1.76818E7	6.61384E4	8991.55633	4913.54942	2968.04413	2500.29999	1918.21235	1993.26177	1162.14004	1266.91593	1059.32748	1076.03779	1168.58428	598.76771	1405.09707	826.91334
302	1.35897E5	1.13711E5	1.23678E5	1.79976E6	6.23105E5	1.57515E5	1.53534E7	7.07221E5	1.06477E4	5120.55164	3596.97754	2378.41869	2424.95023	1416.01806	1929.58738	1316.63356	959.29392	835.55132	936.31837	437.00611	578.47767	476.69597
304	1.38339E5	1.18296E5	1.23493E5	9.7907E5	1.22505E6	1.48861E5	9.67172E6	3.1408E6	1.16464E4	5114.26799	4291.16997	2808.27994	2184.6575	2064.15747	1540.31903	1400.8189	1169.6946	766.6638	693.69265	460.69811	587.83593	595.02336
306	1.43623E5	1.26912E5	1.27786E5	4.61297E5	2.00464E6	1.39364E5	4.15733E6	8.06401E6	1.50094E4	5689.11071	3832.14137	2571.83656	1951.69705	1819.57139	1605.40306	1275.28644	1196.85648	676.92504	594.77239	844.51555	977.93593	824.04337
308	1.52536E5	1.24965E5	1.32971E5	2.52916E5	2.69372E6	1.38351E5	1.07252E6	1.38501E7	2.11913E4	6415.5618	4344.63118	2946.53651	2278.41084	2009.537	1608.38019	1294.10795	1154.23783	981.93743	1054.61978	999.05643	732.1153	725.75613
310	1.57083E5	1.18572E5	1.35329E5	1.92302E5	2.87104E6	1.49182E5	1.97499E5	1.65916E7	5.80519E4	7479.46735	4190.01657	2619.84517	2201.62958	1804.61452	1500.08516	1460.59971	855.72531	822.62769	754.64855	645.60981	790.16782	673.76789
312	1.41759E5	1.24713E5	1.35222E5	1.73962E5	2.43429E6	2.27355E5	1.19811E5	1.43825E7	6.36195E5	7609.08952	4753.22979	3069.16304	2170.24092	1913.1622	1539.77875	965.81075	1074.00324	1061.56797	739.82759	903.0121	935.10176	679.487
314	1.61655E5	1.28227E5	1.38347E5	1.70396E5	1.62093E6	4.95421E5	1.0492E5	8.65249E6	3.07281E6	9867.63992	4152.35826	3357.10079	2179.24865	1907.54833	1248.97962	1273.30053	1045.25518	734.16817	706.91867	418.23303	643.23863	1026.36249
316	1.66094E5	1.29815E5	1.44477E5	1.67968E5	8.90135E5	9.82587E5	9.61399E4	3.46447E6	7.71297E6	1.23296E4	4937.80262	3982.35113	2398.76008	2217.98489	1515.76301	1217.38625	1014.20521	975.52618	580.8691	530.15635	669.37124	786.8414
318	1.44068E5	1.32023E5	1.46552E5	1.6469E5	4.45565E5	1.64612E6	9.40228E4	8.76224E5	1.24187E7	1.81843E4	5135.04201	3198.54662	2476.84026	2178.51504	1528.66895	1225.83894	996.80678	670.26644	756.07286	412.76629	798.54702	850.14846
320	1.543E5	1.2705E5	1.48585E5	1.68621E5	2.56606E5	2.21457E6	8.70936E4	1.53443E5	1.42419E7	5.34669E4	6556.15598	3821.55628	2599.27701	2158.32285	1695.89929	1107.38526	780.03178	866.18902	806.50271	731.4274	607.54855	697.52646
322	1.64998E5	1.35345E5	1.42841E5	1.67255E5	2.01468E5	2.35137E6	9.56374E4	9.31203E4	1.19229E7	5.41563E5	6668.96956	3770.29074	2629.28976	1728.65905	1551.85202	947.08469	872.24062	790.61192	776.09937	906.64507	700.04477	704.53037
324	1.77969E5	1.25077E5	1.38613E5	1.69188E5	1.81321E5	1.98357E6	1.52763E5	8.08656E4	7.09616E6	2.40839E6	7976.84542	4076.21621	2523.94904	1587.00644	1732.5829	1348.31647	926.99568	743.54283	910.29296	583.78116	539.34209	653.29036
326	1.60183E5	1.25937E5	1.40929E5	1.71638E5	1.77692E5	1.3955E6	3.36155E5	7.23867E4	2.83096E6	6.06425E6	9970.14976	3874.90445	2809.89153	1848.1152	1237.55972	1077.6848	1215.66128	961.20512	865.09552	1014.98541	631.01724	638.27128
328	1.62514E5	1.33853E5	1.44065E5	1.67908E5	1.79812E5	8.15261E5	6.90809E5	6.86013E4	7.21053E5	9.90588E6	1.49247E4	4280.06536	2656.25219	1858.96041	1182.18474	1062.89231	867.31662	815.94993	719.55167	971.01453	646.99346	543.63734
330	1.58604E5	1.35869E5	1.42703E5	1.71228E5	1.75282E5	4.09923E5	1.2135E6	6.61981E4	1.30076E5	1.1815E7	4.07003E4	5211.03919	3189.16986	1746.97249	1430.74679	1063.47363	1276.29362	876.52915	781.88595	518.76084	552.90632	633.85617
332	1.6233E5	1.24371E5	1.44979E5	1.72775E5	1.72462E5	2.23871E5	1.68613E6	6.2789E4	8.18345E4	1.02222E7	4.29937E5	5283.54719	2869.12263	2453.38742	1509.34095	1135.14306	1114.84479	780.66159	808.83398	798.88816	417.18758	580.84954
334	1.51567E5	1.31298E5	1.43186E5	1.66896E5	1.72168E5	1.61881E5	1.8962E6	6.928E4	6.73342E4	6.40168E6	1.99957E6	6863.75236	2680.21406	2407.49182	1614.26079	1277.34086	1072.84499	668.20685	764.74518	793.86615	604.19984	638.38073
336	1.5018E5	1.33139E5	1.50084E5	1.68151E5	1.68371E5	1.45026E5	1.72354E6	1.07658E5	6.10167E4	2.66416E6	5.2673E6	8216.47388	3423.01334	2764.11932	1468.11791	1432.10128	1008.594	879.24388	761.99343	775.35223	442.63735	467.74145
338	1.50213E5	1.29708E5	1.46964E5	1.65264E5	1.72681E5	1.40432E5	1.28575E6	2.26491E5	5.97876E4	7.29561E5	8.49534E6	1.26701E4	3591.73752	2454.6643	1393.98114	1242.8135	1142.82536	888.95727	737.61317	719.97626	592.5443	553.82581
340	1.55119E5	1.31388E5	1.45666E5	1.66197E5	1.73998E5	1.40094E5	7.63632E5	4.95725E5	5.57025E4	1.25735E5	9.97967E6	3.27888E4	4108.64923	2482.02382	1756.24839	1042.96321	988.94129	790.82901	808.81853	735.48916	453.0337	312.34591
342	1.59101E5	1.25662E5	1.41581E5	1.63997E5	1.6708E5	1.38157E5	3.95266E5	8.67798E5	5.42881E4	7.00754E4	8.71275E6	3.46581E5	4624.23549	2531.02088	1906.63255	955.1774	911.05346	720.09725	723.76225	684.75924	441.81607	482.3179
344	1.5755E5	1.45394E5	1.44559E5	1.63276E5	1.65395E5	1.3518E5	1.90993E5	1.28733E6	5.44839E4	5.6597E4	5.29353E6	1.70236E6	5066.02655	2834.21491	1677.28534	1116.63581	887.63819	870.82068	566.89473	717.77739	520.79651	468.92239
346	1.68026E5	1.34122E5	1.36044E5	1.57542E5	1.67772E5	1.34797E5	1.21777E5	1.50091E6	5.74108E4	5.27069E4	2.19928E6	4.20426E6	6687.17437	2699.91701	1699.50662	1312.87561	902.81044	908.923	450.58914	719.05128	513.29436	580.63767
348	1.70649E5	1.39003E5	1.42282E5	1.58668E5	1.64488E5	1.33878E5	1.04357E5	1.43362E6	8.48249E4	5.2434E4	5.38707E5	6.9777E6	1.10518E4	2860.80338	1985.66002	1380.77148	958.27406	690.27225	733.26724	802.73787	520.35411	486.8819
350	1.92621E5	1.46668E5	1.44679E5	1.54037E5	1.6067E5	1.34505E5	9.73714E4	1.12743E6	1.63354E5	5.17024E4	1.00941E5	8.15761E6	2.23834E4	3172.12939	1819.42448	989.91028	919.47869	754.99427	758.24524	655.90318	583.68447	432.43504
352	1.65257E5	1.40481E5	1.39473E5	1.46857E5	1.58504E5	1.35225E5	9.50705E4	7.06541E5	3.50348E5	5.18836E4	5.91587E4	6.94453E6	2.69717E5	3476.28521	1930.27686	1326.17194	1028.94045	593.03275	613.73155	553.39938	687.69692	352.23538
354	1.73394E5	1.45938E5	1.43883E5	1.52714E5	1.54396E5	1.33863E5	9.98521E4	3.84677E5	6.14212E5	5.04347E4	4.95105E4	4.32145E6	1.2657E6	4706.45596	1796.57944	1321.81388	864.9479	643.23136	501.21471	607.93738	344.56149	520.89439
356	1.68535E5	1.55017E5	1.46998E5	1.47056E5	1.52183E5	1.36435E5	9.7885E4	1.9583E5	9.22829E5	5.03807E4	4.50323E4	1.78743E6	3.35576E6	5509.11831	2059.16417	1309.18657	861.43679	673.64221	659.42203	655.66543	593.98532	432.26377
358	1.83555E5	1.52299E5	1.40653E5	1.51641E5	1.50425E5	1.37051E5	9.93191E4	1.19115E5	1.13904E6	5.26737E4	4.58021E4	4.66927E5	5.70097E6	8346.11797	2134.70275	1279.40258	862.94065	626.52869	536.54979	521.84511	536.25525	429.54585
360	1.82324E5	1.45578E5	1.46586E5	1.50491E5	1.48936E5	1.37975E5	1.00206E5	9.61363E4	1.155E6	6.58949E4	4.71261E4	8.89143E4	6.90634E6	2.08219E4	2531.08444	1387.16986	1052.76327	714.10895	588.49231	511.68116	375.24075	395.19696
362	2.01179E5	1.46948E5	1.41907E5	1.4866E5	1.49743E5	1.34633E5	1.05E5	9.1288E4	9.76756E5	1.09746E5	4.73181E4	5.18869E4	6.17902E6	2.13779E5	3031.09813	1232.40138	994.52146	685.84352	456.22851	368.2845	402.49098	532.2606
364	1.72834E5	1.66598E5	1.44734E5	1.41924E5	1.47974E5	1.37423E5	1.05163E5	9.23658E4	6.77531E5	2.1852E5	4.72339E4	4.39895E4	4.00297E6	1.09218E6	3911.23146	1573.03005	1334.20216	907.53644	595.09056	464.51347	495.33277	502.56419
366	1.92562E5	1.53092E5	1.5101E5	1.47616E5	1.48464E5	1.34954E5	1.09978E5	9.10969E4	3.92678E5	4.19797E5	4.86916E4	3.93883E4	1.65575E6	3.05516E6	4391.31899	1716.3102	1081.03931	860.29884	558.05899	428.96597	497.16035	404.61916
368	1.9339E5	1.69795E5	1.51709E5	1.42126E5	1.45829E5	1.37626E5	1.10525E5	9.74733E4	2.10903E5	6.52509E5	4.83288E4	4.08108E4	4.40763E5	5.14966E6	7327.20329	2061.67727	1211.66274	1040.37269	581.31129	388.53773	543.68743	325.11447
370	2.1215E5	1.69159E5	1.4861E5	1.43344E5	1.45218E5	1.38922E5	1.13832E5	9.74399E4	1.29208E5	8.73844E5	5.15188E4	4.20484E4	7.88957E4	6.1666E6	1.90361E4	2237.93024	1202.60382	771.22401	587.94368	453.48343	435.16041	353.70226
372	2.00967E5	1.74253E5	1.51084E5	1.42968E5	1.45433E5	1.35652E5	1.1586E5	1.00406E5	1.02352E5	9.39101E5	6.20419E4	4.22431E4	4.70691E4	5.31552E6	2.05537E5	2569.34157	1137.69374	940.58727	634.29989	370.87103	422.68548	380.82281
374	1.95867E5	1.72976E5	1.59931E5	1.4002E5	1.43071E5	1.32262E5	1.19149E5	1.04279E5	9.67489E4	8.40748E5	9.27687E4	4.15279E4	3.88555E4	3.26898E6	1.00439E6	3103.19534	1313.08659	959.92194	698.64274	580.30781	517.97465	299.91755
376	2.04487E5	1.81536E5	1.54069E5	1.41031E5	1.42469E5	1.37392E5	1.21E5	1.0367E5	9.39716E4	6.24882E5	1.67749E5	4.23936E4	3.55881E4	1.35588E6	2.6105E6	4093.5082	1340.58023	871.98741	772.37212	421.5026	368.83984	460.5268
378	2.05502E5	1.76468E5	1.53153E5	1.46772E5	1.41844E5	1.35934E5	1.22448E5	1.07674E5	9.58185E4	3.99902E5	3.05643E5	4.38091E4	3.43371E4	3.3299E5	4.35964E6	6736.50142	1563.8367	861.73873	773.08505	527.93883	479.00895	409.28868
380	2.11688E5	1.85246E5	1.55093E5	1.41769E5	1.38865E5	1.37033E5	1.23423E5	1.11576E5	9.58868E4	2.33361E5	4.90695E5	4.46277E4	3.54054E4	6.36999E4	5.20151E6	1.50995E4	1520.06699	1059.84424	830.29745	501.43668	305.46085	519.73985
382	2.29882E5	1.97268E5	1.58719E5	1.43555E5	1.38551E5	1.36938E5	1.27837E5	1.13567E5	1.01381E5	1.43428E5	6.64428E5	4.74247E4	3.73264E4	4.15807E4	4.59227E6	1.57058E5	2123.949	1039.70522	770.66466	601.07141	534.7709	420.84696
384	2.32752E5	1.90956E5	1.67579E5	1.44094E5	1.4022E5	1.37188E5	1.24607E5	1.14822E5	1.03063E5	1.09061E5	7.67947E5	5.30121E4	3.79762E4	3.52881E4	2.89469E6	8.09401E5	2676.26886	1262.41613	809.29101	609.7381	513.43544	508.94244
386	2.25946E5	2.0062E5	1.5933E5	1.45927E5	1.42104E5	1.37733E5	1.28289E5	1.17529E5	1.05082E5	9.93061E4	7.38002E5	7.25721E4	3.89766E4	3.15405E4	1.18407E6	2.21946E6	3572.74464	1093.70189	678.66741	671.25614	504.95542	384.53641
388	2.3476E5	1.96901E5	1.69615E5	1.46311E5	1.42314E5	1.40507E5	1.31317E5	1.20235E5	1.06975E5	9.71854E4	6.1074E5	1.19124E5	4.03453E4	2.99132E4	3.28467E5	3.8065E6	5980.29387	1504.86812	742.77586	652.46882	506.01936	363.50166
390	2.51291E5	2.09187E5	1.69181E5	1.49795E5	1.42717E5	1.39036E5	1.29584E5	1.26152E5	1.08545E5	9.71356E4	4.238E5	2.10456E5	4.05988E4	3.11722E4	6.29755E4	4.71034E6	1.36594E4	1413.21246	813.43899	791.33848	469.18617	324.15459
392	2.44163E5	2.05046E5	1.69124E5	1.52713E5	1.46884E5	1.41236E5	1.33673E5	1.24633E5	1.08913E5	9.685E4	2.58138E5	3.5752E5	4.19769E4	3.31879E4	3.66135E4	4.22738E6	1.62525E5	1923.75114	973.1461	738.60814	472.85628	627.62062
394	2.38768E5	2.1349E5	1.65688E5	1.50383E5	1.43042E5	1.42869E5	1.32809E5	1.24889E5	1.13463E5	9.89312E4	1.59082E5	5.05727E5	4.41713E4	3.47037E4	3.14935E4	2.81336E6	7.59608E5	2374.14854	957.97426	747.26938	569.44585	416.50125
396	2.2538E5	2.08749E5	1.77434E5	1.54758E5	1.42977E5	1.42312E5	1.35E5	1.28582E5	1.15564E5	1.003E5	1.14806E5	6.24034E5	4.7375E4	3.5108E4	2.73296E4	1.19322E6	2.10929E6	3494.50416	1179.60681	800.03342	548.13952	401.50534
398	2.4831E5	2.22146E5	1.77176E5	1.51311E5	1.46239E5	1.41953E5	1.37206E5	1.28885E5	1.16595E5	1.03422E5	9.68043E4	6.43847E5	5.72541E4	3.51282E4	2.62825E4	3.23079E5	3.57328E6	5392.6474	1224.86391	697.38212	570.39642	489.06201
400	2.48102E5	2.24066E5	1.87771E5	1.53277E5	1.44716E5	1.41394E5	1.3522E5	1.29546E5	1.1822E5	1.03104E5	9.44191E4	5.70557E5	8.66828E4	3.65426E4	2.63242E4	5.73458E4	4.32651E6	1.16093E4	1252.90919	931.23429	596.69521	554.14908
402	2.66987E5	2.22972E5	1.81552E5	1.59354E5	1.4584E5	1.41798E5	1.37479E5	1.31233E5	1.18591E5	1.05698E5	9.35927E4	4.27766E5	1.44325E5	3.84462E4	2.84468E4	3.2992E4	3.8576E6	1.21849E5	1769.72718	925.99546	623.84974	344.63479
404	2.57814E5	2.35195E5	1.85876E5	1.57885E5	1.48015E5	1.44125E5	1.35359E5	1.31278E5	1.21392E5	1.08214E5	9.22257E4	2.77985E5	2.40873E5	3.97993E4	3.07977E4	2.68598E4	2.35386E6	6.32208E5	2255.52099	959.18744	544.70694	492.54954
406	2.61297E5	2.22936E5	1.92439E5	1.63334E5	1.50122E5	1.4343E5	1.38536E5	1.32003E5	1.21277E5	1.07726E5	9.57239E4	1.72362E5	3.67287E5	4.14407E4	3.12784E4	2.40645E4	9.6392E5	1.71173E6	3038.54166	1027.40304	686.61886	507.85371
408	2.69584E5	2.3769E5	1.99027E5	1.66356E5	1.51341E5	1.43536E5	1.38258E5	1.31489E5	1.24172E5	1.10284E5	9.6441E4	1.17235E5	4.8518E5	4.43871E4	3.15215E4	2.29019E4	2.31417E5	2.99339E6	4440.17378	1202.48813	701.63648	427.02005
410	2.49464E5	2.32808E5	2.00409E5	1.66805E5	1.51332E5	1.46582E5	1.39542E5	1.34048E5	1.27309E5	1.11811E5	9.63444E4	9.60915E4	5.48895E5	5.16316E4	3.26013E4	2.29753E4	4.39072E4	3.66657E6	9862.09456	1149.50623	523.28367	670.96634
412	2.73229E5	2.42202E5	2.00408E5	1.61831E5	1.52771E5	1.46957E5	1.37403E5	1.31641E5	1.23157E5	1.11627E5	9.96907E4	8.9725E4	5.33104E5	6.93341E4	3.40422E4	2.43169E4	2.86039E4	3.2484E6	9.38883E4	1403.72345	842.22233	578.28775
414	3.13713E5	2.46102E5	2.03052E5	1.67527E5	1.51815E5	1.48374E5	1.38913E5	1.33086E5	1.22319E5	1.1367E5	1.00268E5	8.92252E4	4.41155E5	1.06122E5	3.57812E4	2.49735E4	2.48627E4	2.09517E6	4.9299E5	1951.58799	787.71709	370.60985
416	2.61515E5	2.42303E5	2.04202E5	1.73532E5	1.54648E5	1.43484E5	1.39742E5	1.33468E5	1.22462E5	1.14938E5	1.02146E5	9.04753E4	3.19937E5	1.71228E5	3.76768E4	2.68994E4	2.14158E4	8.92719E5	1.45599E6	2571.27745	931.25787	644.03273
418	2.70839E5	2.50767E5	2.16067E5	1.75683E5	1.56846E5	1.49123E5	1.40612E5	1.32894E5	1.24934E5	1.16263E5	1.02934E5	8.8327E4	2.0932E5	2.68222E5	3.86297E4	2.81841E4	2.05194E4	2.33491E5	2.67643E6	4332.19451	770.70563	775.08019
420	2.72733E5	2.50896E5	2.19161E5	1.77569E5	1.60324E5	1.46125E5	1.36291E5	1.33868E5	1.25208E5	1.16327E5	1.05571E5	9.11151E4	1.37918E5	3.77021E5	4.08424E4	2.90738E4	1.99249E4	4.43485E4	3.34877E6	9577.41055	1154.86854	527.30164
422	2.77021E5	2.4826E5	2.21025E5	1.83384E5	1.59695E5	1.46374E5	1.39097E5	1.34231E5	1.23694E5	1.16822E5	1.06252E5	9.38749E4	1.03274E5	4.58096E5	4.46524E4	2.96692E4	2.02279E4	2.52957E4	3.00498E6	1.04644E5	1388.55836	530.7239
424	2.76175E5	2.59169E5	2.17095E5	1.81913E5	1.58469E5	1.45829E5	1.39003E5	1.31691E5	1.22352E5	1.18115E5	1.08217E5	9.52048E4	9.16868E4	4.78834E5	5.52137E4	3.13605E4	2.21209E4	2.18074E4	1.93446E6	5.13055E5	1932.46174	850.39134
426	2.82393E5	2.63549E5	2.16687E5	1.92259E5	1.60385E5	1.45737E5	1.37335E5	1.3293E5	1.26007E5	1.1901E5	1.06773E5	9.63647E4	8.97583E4	4.29881E5	7.7174E4	3.26977E4	2.3625E4	1.92509E4	7.85907E5	1.46348E6	2272.44276	812.27834
428	2.79093E5	2.6458E5	2.25381E5	1.90141E5	1.62242E5	1.43322E5	1.39061E5	1.29371E5	1.23093E5	1.18642E5	1.098E5	9.71729E4	8.93409E4	3.29963E5	1.21768E5	3.39713E4	2.45651E4	1.81376E4	1.97482E5	2.53456E6	3922.65729	792.28292
430	2.85177E5	2.47584E5	2.34501E5	1.92502E5	1.67349E5	1.46668E5	1.36233E5	1.3195E5	1.25106E5	1.19625E5	1.11919E5	9.89806E4	8.94211E4	2.30093E5	1.86698E5	3.56353E4	2.64257E4	1.76721E4	3.65828E4	3.01738E6	8667.72358	1117.84161
432	2.58159E5	2.67909E5	2.30758E5	1.94109E5	1.66235E5	1.45888E5	1.39434E5	1.28746E5	1.24172E5	1.20378E5	1.10843E5	1.0075E5	8.94016E4	1.53967E5	2.73298E5	3.74168E4	2.65274E4	1.83393E4	2.29859E4	2.55249E6	9.31693E4	1296.69461
434	2.86051E5	2.62806E5	2.40679E5	1.97773E5	1.66502E5	1.48263E5	1.36454E5	1.28257E5	1.24536E5	1.178E5	1.11401E5	1.03393E5	9.14273E4	1.11543E5	3.50691E5	4.06425E4	2.74336E4	1.94694E4	2.05046E4	1.52568E6	4.76274E5	1588.82391
436	2.96446E5	2.69227E5	2.31634E5	1.96858E5	1.66841E5	1.46892E5	1.3475E5	1.29801E5	1.25247E5	1.19153E5	1.13768E5	1.03195E5	9.28195E4	9.48885E4	3.89296E5	4.52186E4	2.90244E4	2.06035E4	1.86637E4	6.1989E5	1.26729E6	2109.43389
438	2.67519E5	2.61181E5	2.41362E5	2.02373E5	1.68655E5	1.4769E5	1.3653E5	1.28473E5	1.23114E5	1.19416E5	1.1372E5	1.04782E5	9.44918E4	8.81933E4	3.80333E5	5.74484E4	3.05425E4	2.26958E4	1.67461E4	1.61932E5	2.20945E6	3225.0625
440	2.94009E5	2.72253E5	2.46651E5	2.03131E5	1.67216E5	1.51168E5	1.35159E5	1.28939E5	1.22541E5	1.18824E5	1.14345E5	1.04594E5	9.50633E4	8.86039E4	3.27408E5	8.20763E4	3.13897E4	2.35012E4	1.65787E4	3.17537E4	2.72313E6	6864.30606
442	2.68417E5	2.62964E5	2.46317E5	2.0299E5	1.68882E5	1.46289E5	1.32261E5	1.26331E5	1.22625E5	1.18648E5	1.13981E5	1.058E5	9.60608E4	8.76587E4	2.49781E5	1.2357E5	3.26707E4	2.36271E4	1.73985E4	2.15723E4	2.41092E6	6.03389E4
444	2.93433E5	2.71455E5	2.3751E5	2.05886E5	1.69415E5	1.47675E5	1.31338E5	1.27485E5	1.21795E5	1.16869E5	1.13265E5	1.04922E5	9.57708E4	8.80136E4	1.75368E5	1.81443E5	3.47297E4	2.48032E4	1.74554E4	1.8879E4	1.53904E6	3.26575E5
446	2.85149E5	2.68458E5	2.50154E5	2.12254E5	1.74342E5	1.45272E5	1.34967E5	1.27571E5	1.21668E5	1.16679E5	1.12088E5	1.06602E5	9.77483E4	8.68995E4	1.23262E5	2.45678E5	3.61976E4	2.58393E4	1.82721E4	1.74511E4	6.42805E5	1.01536E6
448	2.88761E5	2.71994E5	2.51404E5	2.12591E5	1.71425E5	1.46863E5	1.31227E5	1.27661E5	1.194E5	1.16827E5	1.12667E5	1.06518E5	9.8608E4	8.96469E4	9.37027E4	2.99213E5	3.94032E4	2.76E4	2.03269E4	1.66243E4	1.65811E5	1.93118E6
450	2.76262E5	2.77883E5	2.42538E5	2.11454E5	1.74396E5	1.43948E5	1.31146E5	1.24847E5	1.19624E5	1.16271E5	1.14916E5	1.05932E5	1.00292E5	9.09502E4	8.38451E4	3.2647E5	4.64996E4	2.9547E4	2.12903E4	1.62781E4	3.14086E4	2.55173E6
452	2.84554E5	2.77826E5	2.53972E5	2.1714E5	1.73021E5	1.44199E5	1.28175E5	1.22733E5	1.16965E5	1.14306E5	1.13752E5	1.08453E5	1.00426E5	9.14487E4	8.07012E4	3.11059E5	6.09757E4	3.07005E4	2.27954E4	1.62619E4	1.98911E4	2.34268E6
454	2.79119E5	2.68275E5	2.48155E5	2.13562E5	1.73947E5	1.44164E5	1.28824E5	1.22891E5	1.16511E5	1.14025E5	1.11622E5	1.07574E5	1.00344E5	9.26211E4	7.85934E4	2.58376E5	8.97586E4	3.03425E4	2.4052E4	1.63433E4	1.76716E4	1.47259E6
456	2.81332E5	2.72218E5	2.52523E5	2.18734E5	1.76281E5	1.42078E5	1.27373E5	1.18326E5	1.14986E5	1.14713E5	1.10658E5	1.0698E5	1.01647E5	9.17517E4	7.8244E4	1.92879E5	1.3201E5	3.16241E4	2.49098E4	1.81348E4	1.61304E4	5.81782E5
458	2.79936E5	2.70091E5	2.49334E5	2.15393E5	1.715E5	1.4337E5	1.26325E5	1.19085E5	1.14062E5	1.11466E5	1.09283E5	1.0678E5	1.01039E5	9.23693E4	7.75167E4	1.35105E5	1.83561E5	3.27993E4	2.61128E4	1.9247E4	1.48633E4	1.44404E5
460	2.90346E5	2.69347E5	2.56836E5	2.21259E5	1.70295E5	1.39867E5	1.2393E5	1.17419E5	1.13483E5	1.12294E5	1.07951E5	1.05731E5	9.96951E4	9.29411E4	7.72942E4	9.71125E4	2.3431E5	3.52741E4	2.68991E4	2.09286E4	1.52659E4	2.83107E4
462	2.64532E5	2.62619E5	2.4251E5	2.19199E5	1.74442E5	1.40569E5	1.23206E5	1.13557E5	1.10931E5	1.09913E5	1.08699E5	1.04761E5	1.00069E5	9.3219E4	7.78016E4	7.65732E4	2.69169E5	3.97154E4	2.8632E4	2.18436E4	1.50809E4	1.7965E4
464	2.69738E5	2.59635E5	2.4368E5	2.19242E5	1.66873E5	1.38497E5	1.22387E5	1.1386E5	1.10454E5	1.07963E5	1.06832E5	1.04212E5	1.00369E5	9.25027E4	7.97303E4	7.04257E4	2.713E5	4.71461E4	2.96096E4	2.3316E4	1.59908E4	1.58276E4
466	2.91159E5	2.6602E5	2.46209E5	2.18148E5	1.69388E5	1.36976E5	1.22731E5	1.13818E5	1.09775E5	1.07272E5	1.04291E5	1.01426E5	9.80943E4	9.2657E4	7.82419E4	6.84629E4	2.44357E5	6.25297E4	3.00879E4	2.43706E4	1.6164E4	1.46387E4
468	3.9438E5	2.63364E5	2.47594E5	2.19669E5	1.68592E5	1.38381E5	1.20591E5	1.10894E5	1.07321E5	1.04735E5	1.0521E5	1.02708E5	9.77592E4	9.26515E4	7.81679E4	6.90635E4	1.96765E5	8.94329E4	3.2214E4	2.5061E4	1.73501E4	1.40122E4
470	8.44428E5	2.60583E5	2.43E5	2.20266E5	1.66693E5	1.34652E5	1.18048E5	1.11222E5	1.0667E5	1.03163E5	1.04088E5	9.96247E4	9.8665E4	9.254E4	7.90854E4	6.62749E4	1.44501E5	1.24874E5	3.26573E4	2.49304E4	1.82763E4	1.30135E4
472	1.81262E6	2.58887E5	2.45721E5	2.18244E5	1.65641E5	1.36329E5	1.18717E5	1.09593E5	1.05344E5	1.04252E5	1.01551E5	9.92454E4	9.61986E4	9.23676E4	7.90601E4	6.59194E4	1.03574E5	1.67272E5	3.3936E4	2.69488E4	1.92683E4	1.30353E4
474	3.44641E6	2.43202E5	2.39314E5	2.18938E5	1.65039E5	1.34706E5	1.16167E5	1.07299E5	1.04324E5	1.02445E5	9.98679E4	9.87222E4	9.65891E4	9.19067E4	7.88877E4	6.60165E4	7.91841E4	2.07588E5	3.49056E4	2.69567E4	2.07414E4	1.2887E4
476	5.71691E6	2.64471E5	2.35692E5	2.195E5	1.63439E5	1.34083E5	1.15757E5	1.04849E5	1.02956E5	9.93966E4	9.88561E4	9.74128E4	9.54902E4	9.07881E4	7.79135E4	6.52003E4	6.6185E4	2.33593E5	3.95886E4	2.82236E4	2.03519E4	1.33309E4
478	8.70844E6	2.42909E5	2.32302E5	2.10769E5	1.66509E5	1.32637E5	1.12602E5	1.02404E5	9.86271E4	9.69098E4	9.56152E4	9.56613E4	9.42595E4	9.10555E4	7.65867E4	6.42538E4	6.12586E4	2.33528E5	4.73657E4	2.82967E4	2.12793E4	1.37551E4
480	1.11756E7	2.55215E5	2.32574E5	2.11583E5	1.63455E5	1.3125E5	1.12951E5	1.01261E5	9.85834E4	9.54948E4	9.51704E4	9.42636E4	9.21206E4	8.97807E4	7.78374E4	6.42406E4	5.88414E4	2.04945E5	6.27957E4	2.7941E4	2.05054E4	1.39037E4
482	1.24989E7	2.43459E5	2.24508E5	2.05155E5	1.59896E5	1.27301E5	1.1099E5	9.99777E4	9.56026E4	9.42944E4	9.40662E4	9.14585E4	9.09543E4	8.78633E4	7.66404E4	6.47588E4	5.73647E4	1.62199E5	8.80179E4	2.87222E4	2.13255E4	1.47438E4
484	1.20743E7	2.62779E5	2.30825E5	2.05536E5	1.57537E5	1.28609E5	1.06445E5	1.00653E5	9.44565E4	9.21664E4	9.062E4	8.97224E4	8.93147E4	8.57497E4	7.53699E4	6.4101E4	5.63037E4	1.1588E5	1.21516E5	2.95863E4	2.20566E4	1.59377E4
486	1.01675E7	2.85043E5	2.24784E5	2.0642E5	1.54651E5	1.26559E5	1.07271E5	9.63405E4	9.28333E4	9.0688E4	8.94673E4	8.86002E4	8.67566E4	8.44584E4	7.43045E4	6.43336E4	5.60375E4	8.30942E4	1.57924E5	3.06182E4	2.21606E4	1.6248E4
488	7.37893E6	4.57639E5	2.26033E5	2.06587E5	1.54165E5	1.2283E5	1.06569E5	9.53131E4	9.19991E4	8.90454E4	8.93409E4	8.63539E4	8.5572E4	8.3557E4	7.48938E4	6.33357E4	5.41383E4	6.35154E4	1.85392E5	3.30287E4	2.20292E4	1.6522E4
490	4.37808E6	1.06312E6	2.1256E5	1.98559E5	1.52094E5	1.2118E5	1.05145E5	9.46567E4	8.90921E4	8.99199E4	8.73547E4	8.46274E4	8.36682E4	8.35663E4	7.31932E4	6.31721E4	5.26253E4	5.37336E4	2.00751E5	3.72195E4	2.28757E4	1.66883E4
492	2.05765E6	2.42616E6	2.11233E5	2.00823E5	1.48657E5	1.18138E5	1.04356E5	9.4264E4	8.91578E4	8.6071E4	8.52597E4	8.34484E4	8.15599E4	8.11227E4	7.21131E4	6.1905E4	5.36137E4	5.11153E4	1.94351E5	4.68061E4	2.2672E4	1.62251E4
494	8.03557E5	4.4402E6	2.13872E5	1.95383E5	1.49581E5	1.17756E5	1.01296E5	9.01178E4	8.58168E4	8.31703E4	8.43373E4	8.07074E4	8.04559E4	7.91391E4	7.12705E4	6.0247E4	5.23854E4	4.75358E4	1.70763E5	6.10545E4	2.26898E4	1.59284E4
496	3.98214E5	7.25295E6	2.04539E5	1.88817E5	1.48497E5	1.19148E5	1.01461E5	8.93879E4	8.47601E4	8.28047E4	8.194E4	8.12266E4	7.99488E4	7.88034E4	7.00028E4	6.10975E4	5.25824E4	4.766E4	1.32512E5	8.32503E4	2.27099E4	1.70284E4
498	3.28263E5	1.01463E7	2.08117E5	1.92099E5	1.45549E5	1.13478E5	9.6644E4	8.63958E4	8.18908E4	8.20879E4	7.86268E4	7.7874E4	7.75996E4	7.74472E4	6.91675E4	5.91339E4	5.19257E4	4.75365E4	9.66998E4	1.08951E5	2.32344E4	1.70872E4
500	3.30576E5	1.25953E7	2.01576E5	1.89133E5	1.43544E5	1.11532E5	9.43997E4	8.51846E4	8.2891E4	8.05964E4	7.83026E4	7.5591E4	7.5961E4	7.70714E4	6.83653E4	5.95104E4	5.13457E4	4.5459E4	7.08801E4	1.38381E5	2.42756E4	1.6516E4
502	2.94929E5	1.36465E7	2.06191E5	1.85775E5	1.41486E5	1.11897E5	9.36297E4	8.26902E4	8.08821E4	8.03019E4	7.70247E4	7.49202E4	7.45067E4	7.42668E4	6.64922E4	5.86774E4	5.12874E4	4.52359E4	5.38931E4	1.59331E5	2.50582E4	1.65386E4
504	2.71159E5	1.29334E7	2.08963E5	1.8426E5	1.35142E5	1.09273E5	9.30144E4	8.18211E4	7.77774E4	7.61371E4	7.58656E4	7.31463E4	7.39232E4	7.42064E4	6.59032E4	5.7381E4	4.94574E4	4.44656E4	4.67787E4	1.68541E5	3.06785E4	1.71419E4
506	2.9209E5	1.06784E7	2.35972E5	1.7996E5	1.33721E5	1.07619E5	9.05121E4	8.15801E4	7.70996E4	7.52802E4	7.21687E4	7.06375E4	7.0659E4	7.17173E4	6.57242E4	5.6966E4	5.14083E4	4.37112E4	4.20991E4	1.59732E5	3.89197E4	1.71077E4
508	2.92398E5	7.71934E6	4.42693E5	1.80376E5	1.33504E5	1.07027E5	8.8107E4	8.09961E4	7.64655E4	7.41737E4	7.19242E4	6.9916E4	7.04889E4	6.83225E4	6.35059E4	5.58896E4	4.94321E4	4.30194E4	4.11378E4	1.39254E5	5.19242E4	1.65722E4
510	3.48482E5	4.54834E6	1.17883E6	1.76531E5	1.32968E5	1.04406E5	8.70911E4	7.82209E4	7.44794E4	7.13631E4	7.01369E4	6.88741E4	6.94754E4	6.87838E4	6.06372E4	5.43997E4	4.79176E4	4.37236E4	3.91884E4	1.09824E5	6.90841E4	1.64262E4
512	4.97588E5	2.01433E6	2.7405E6	1.70823E5	1.31488E5	1.02408E5	8.51614E4	7.57822E4	7.26972E4	7.04032E4	6.94366E4	6.71007E4	6.67984E4	6.50375E4	6.05633E4	5.4264E4	4.78395E4	4.19952E4	3.87166E4	7.74166E4	9.25061E4	1.7046E4
514	7.14556E5	7.55582E5	5.05354E6	1.70978E5	1.26324E5	1.00962E5	8.52964E4	7.60943E4	6.94317E4	6.87112E4	6.50041E4	6.4178E4	6.52214E4	6.4455E4	6.04247E4	5.17425E4	4.65992E4	4.09589E4	3.74651E4	5.68034E4	1.16696E5	1.84878E4
516	9.95708E5	3.83659E5	7.90499E6	1.72317E5	1.29417E5	9.86561E4	8.35709E4	7.27339E4	6.8287E4	6.58791E4	6.60019E4	6.44266E4	6.28378E4	6.39157E4	5.81892E4	5.09083E4	4.63517E4	4.01635E4	3.66283E4	4.17408E4	1.3189E5	2.00076E4
518	1.37403E6	3.05084E5	1.09651E7	1.66696E5	1.2459E5	9.72376E4	7.99157E4	7.26407E4	6.77114E4	6.36681E4	6.22822E4	6.25559E4	6.22503E4	6.22114E4	5.54798E4	5.00323E4	4.47186E4	4.02862E4	3.60535E4	3.68376E4	1.38605E5	2.34948E4
520	1.86203E6	2.90789E5	1.32408E7	1.65538E5	1.20116E5	9.4292E4	7.79135E4	7.18537E4	6.37964E4	6.46611E4	6.06787E4	6.08406E4	6.00151E4	5.91657E4	5.46268E4	4.89904E4	4.43967E4	3.91621E4	3.49362E4	3.29649E4	1.29963E5	3.0577E4
522	2.19751E6	2.67873E5	1.39135E7	1.65467E5	1.20992E5	9.53171E4	7.99992E4	6.75359E4	6.42884E4	6.24007E4	6.1094E4	5.95439E4	5.80002E4	5.83218E4	5.40227E4	4.8351E4	4.38911E4	3.84052E4	3.35408E4	3.19869E4	1.13142E5	4.13981E4
524	2.45568E6	2.57331E5	1.26965E7	1.64745E5	1.13738E5	9.09217E4	7.8945E4	6.95044E4	6.45304E4	6.1062E4	5.88586E4	5.79621E4	5.72544E4	5.69537E4	5.33345E4	4.7278E4	4.19977E4	3.77613E4	3.33705E4	3.11648E4	8.74995E4	5.71015E4
526	2.51703E6	2.51122E5	1.01837E7	1.99754E5	1.17443E5	9.51256E4	7.53877E4	6.71137E4	6.16143E4	5.97205E4	5.89916E4	5.6531E4	5.64627E4	5.59603E4	5.07109E4	4.67382E4	4.17006E4	3.74359E4	3.28121E4	2.99965E4	6.38945E4	7.57617E4
528	2.4307E6	2.28233E5	7.15884E6	4.29941E5	1.18159E5	8.93944E4	7.4828E4	6.28523E4	6.13321E4	5.84002E4	5.54911E4	5.50109E4	5.42905E4	5.41561E4	4.95881E4	4.57374E4	3.99146E4	3.54351E4	3.24144E4	2.85581E4	4.49814E4	9.33595E4
530	2.03026E6	2.43309E5	4.08858E6	1.24307E6	1.11895E5	9.00625E4	7.36563E4	6.45129E4	6.01871E4	5.77135E4	5.49158E4	5.23579E4	5.36397E4	5.2555E4	4.89907E4	4.49343E4	3.93489E4	3.58906E4	3.11559E4	2.77195E4	3.36118E4	1.08632E5
532	1.55723E6	2.78605E5	1.80597E6	2.98919E6	1.09117E5	8.72971E4	7.15413E4	6.15897E4	5.60039E4	5.4882E4	5.47449E4	5.09594E4	5.29003E4	5.11071E4	4.87978E4	4.38433E4	3.85801E4	3.51395E4	3.07326E4	2.78612E4	2.72845E4	1.12863E5
534	1.11974E6	3.74962E5	6.37223E5	5.78251E6	1.09385E5	8.35441E4	6.85526E4	6.16155E4	5.59612E4	5.52727E4	5.19555E4	4.99688E4	5.04394E4	5.09232E4	4.61808E4	4.17804E4	3.77085E4	3.45448E4	3.09323E4	2.66201E4	2.53797E4	1.0966E5
536	6.94341E5	5.68603E5	3.0699E5	8.94651E6	1.08243E5	8.26547E4	6.85705E4	5.98144E4	5.48095E4	5.31317E4	5.08497E4	4.94322E4	4.83557E4	4.83414E4	4.52235E4	4.02878E4	3.73251E4	3.29133E4	2.99547E4	2.58735E4	2.38308E4	9.45208E4
538	4.35846E5	8.52241E5	2.65937E5	1.22153E7	1.09864E5	8.3567E4	6.58888E4	5.68886E4	5.37979E4	5.21969E4	4.90593E4	4.78631E4	4.81491E4	4.68683E4	4.35841E4	4.06527E4	3.61349E4	3.25936E4	2.94312E4	2.54524E4	2.3416E4	7.23154E4
540	2.69741E5	1.23763E6	2.24051E5	1.44896E7	1.07667E5	7.9122E4	6.68485E4	5.68004E4	5.21965E4	5.10165E4	4.78095E4	4.64528E4	4.69236E4	4.6694E4	4.27133E4	3.83485E4	3.54776E4	3.10046E4	2.84942E4	2.46573E4	2.14269E4	5.19981E4
542	2.29852E5	1.68169E6	2.21519E5	1.48258E7	1.08501E5	7.68608E4	6.31831E4	5.55451E4	5.26059E4	5.03591E4	4.69508E4	4.55946E4	4.62838E4	4.38595E4	4.18098E4	3.82846E4	3.30114E4	3.08294E4	2.81278E4	2.39033E4	2.0595E4	3.63213E4
544	1.80937E5	2.15408E6	2.06625E5	1.34031E7	1.15385E5	7.56589E4	6.50913E4	5.46629E4	4.94072E4	4.65826E4	4.43417E4	4.34732E4	4.35537E4	4.31006E4	4.09747E4	3.59517E4	3.34526E4	3.04916E4	2.65967E4	2.41038E4	1.97193E4	2.42881E4
546	1.7306E5	2.51133E6	1.98985E5	1.05075E7	1.54628E5	7.81409E4	6.13211E4	5.33484E4	4.91879E4	4.6038E4	4.42088E4	4.3124E4	4.21519E4	4.31941E4	3.98611E4	3.54428E4	3.2659E4	2.86392E4	2.61943E4	2.27916E4	1.97544E4	2.03396E4
548	1.60823E5	2.64107E6	1.94155E5	7.16311E6	4.29573E5	7.59073E4	6.05507E4	5.33447E4	4.85328E4	4.45151E4	4.31897E4	4.20494E4	4.16612E4	4.25782E4	3.72344E4	3.38448E4	3.11884E4	2.97623E4	2.57899E4	2.23525E4	1.93291E4	1.80024E4
550	1.7044E5	2.65599E6	1.83814E5	4.04568E6	1.28412E6	7.41769E4	6.01787E4	5.17636E4	4.62103E4	4.39475E4	4.11047E4	4.09716E4	4.15699E4	4.00759E4	3.65405E4	3.4297E4	3.11613E4	2.77277E4	2.58857E4	2.20226E4	1.89935E4	1.67351E4
552	1.43477E5	2.36884E6	1.86388E5	1.73913E6	3.01402E6	7.33234E4	5.70233E4	5.08958E4	4.62452E4	4.38103E4	4.01854E4	3.87651E4	3.98509E4	4.01701E4	3.52562E4	3.3008E4	3.02249E4	2.67139E4	2.46924E4	2.14609E4	1.78116E4	1.59738E4
554	1.43709E5	1.97236E6	2.02492E5	5.90537E5	5.57669E6	7.33536E4	5.6298E4	4.90768E4	4.53721E4	4.34937E4	4.05228E4	3.75277E4	3.94546E4	3.85273E4	3.46621E4	3.13275E4	2.94476E4	2.7098E4	2.39798E4	2.09918E4	1.7643E4	1.52045E4
556	1.45513E5	1.50383E6	2.57279E5	2.72778E5	8.42724E6	7.21206E4	5.82789E4	4.91175E4	4.31781E4	4.03244E4	3.90891E4	3.66076E4	3.89525E4	3.60021E4	3.44759E4	3.14643E4	2.865E4	2.57581E4	2.37797E4	2.03697E4	1.63795E4	1.51181E4
558	1.37729E5	1.03362E6	3.71598E5	2.24841E5	1.13802E7	7.13552E4	5.43387E4	4.76328E4	4.30207E4	3.85082E4	3.69198E4	3.63407E4	3.50239E4	3.57751E4	3.36715E4	3.00237E4	2.76837E4	2.56002E4	2.2252E4	2.03637E4	1.69317E4	1.43395E4
560	1.44693E5	6.66626E5	5.83989E5	2.00307E5	1.33627E7	7.22156E4	5.46356E4	4.53377E4	4.23395E4	3.86155E4	3.68567E4	3.44079E4	3.47411E4	3.44179E4	3.1905E4	2.96855E4	2.71506E4	2.47318E4	2.24664E4	1.91421E4	1.64603E4	1.39704E4
562	1.53649E5	3.93079E5	8.85765E5	1.86805E5	1.36363E7	7.62312E4	5.43834E4	4.59301E4	4.02665E4	3.83404E4	3.55891E4	3.46583E4	3.48262E4	3.34651E4	3.17398E4	2.79098E4	2.63979E4	2.38694E4	2.0768E4	1.8277E4	1.56758E4	1.29106E4
564	1.43997E5	2.54093E5	1.29965E6	1.78686E5	1.20072E7	8.31211E4	5.08941E4	4.60357E4	4.01599E4	3.7239E4	3.53278E4	3.28981E4	3.30648E4	3.36803E4	3.03814E4	2.74135E4	2.50697E4	2.34837E4	2.06003E4	1.76815E4	1.62157E4	1.34089E4
566	1.27572E5	1.68544E5	1.71991E6	1.80628E5	9.4038E6	1.1698E5	5.22849E4	4.34893E4	3.86074E4	3.67937E4	3.36029E4	3.22748E4	3.18902E4	3.13896E4	2.91614E4	2.6724E4	2.45335E4	2.14232E4	1.91421E4	1.72561E4	1.51207E4	1.2285E4
568	1.36851E5	1.50328E5	2.13672E6	1.7022E5	6.27913E6	3.95026E5	5.31134E4	4.28042E4	3.76021E4	3.62216E4	3.40878E4	3.05741E4	3.20696E4	3.05101E4	2.80822E4	2.63616E4	2.32144E4	2.20346E4	2.01075E4	1.71053E4	1.53732E4	1.26307E4
570	1.38762E5	1.35826E5	2.39774E6	1.66564E5	3.42936E6	1.30515E6	5.02678E4	4.25352E4	3.65598E4	3.35354E4	3.22535E4	3.07497E4	2.99811E4	2.96785E4	2.82451E4	2.6328E4	2.26663E4	2.13365E4	1.91276E4	1.65462E4	1.49188E4	1.23328E4
572	1.44119E5	1.20967E5	2.5597E6	1.61477E5	1.45733E6	3.03359E6	4.974E4	4.11555E4	3.60776E4	3.34505E4	3.15118E4	2.95463E4	2.80514E4	2.8394E4	2.76112E4	2.43711E4	2.19811E4	2.09158E4	1.84941E4	1.67803E4	1.39914E4	1.17324E4
574	1.28501E5	1.19747E5	2.42123E6	1.61109E5	5.05443E5	5.49972E6	5.17193E4	4.03133E4	3.57887E4	3.33026E4	3.00864E4	2.90626E4	2.81964E4	2.84382E4	2.559E4	2.36109E4	2.24967E4	2.01749E4	1.89162E4	1.61433E4	1.34733E4	1.1851E4
576	1.33637E5	1.16594E5	2.12009E6	1.68264E5	2.39587E5	8.28411E6	5.08282E4	3.9318E4	3.51899E4	3.21928E4	2.9742E4	2.91883E4	2.68055E4	2.70071E4	2.4794E4	2.28501E4	2.06164E4	1.85833E4	1.79903E4	1.47825E4	1.29078E4	1.176E4
578	1.56328E5	1.12438E5	1.76729E6	1.89097E5	1.98598E5	1.08672E7	5.13344E4	3.7441E4	3.39634E4	3.0051E4	2.78693E4	2.77962E4	2.65527E4	2.71001E4	2.38332E4	2.1973E4	2.00219E4	1.8401E4	1.68829E4	1.50277E4	1.27289E4	1.06983E4
580	1.45098E5	1.15351E5	1.29987E6	2.54018E5	1.78188E5	1.26021E7	5.19172E4	3.8135E4	3.35637E4	3.15238E4	2.73532E4	2.67678E4	2.60327E4	2.58164E4	2.42771E4	2.20527E4	1.94909E4	1.79211E4	1.67157E4	1.41036E4	1.27491E4	1.04497E4
582	1.31333E5	1.16388E5	9.16379E5	3.77239E5	1.67806E5	1.27139E7	5.58812E4	3.58124E4	3.23568E4	2.97239E4	2.63986E4	2.56636E4	2.3996E4	2.47665E4	2.30783E4	2.16037E4	1.88292E4	1.67394E4	1.62124E4	1.34883E4	1.23287E4	1.06746E4
584	1.25793E5	1.07091E5	5.90488E5	5.76656E5	1.65434E5	1.10762E7	6.25024E4	3.87103E4	3.22516E4	2.82191E4	2.70477E4	2.5678E4	2.42675E4	2.31377E4	2.15629E4	1.97693E4	1.91877E4	1.79946E4	1.59082E4	1.32764E4	1.24445E4	1.0466E4
586	1.42073E5	1.23469E5	3.47802E5	8.75255E5	1.65175E5	8.45268E6	9.03444E4	3.64543E4	3.07284E4	2.76186E4	2.59565E4	2.50451E4	2.43445E4	2.32026E4	2.1268E4	1.973E4	1.77176E4	1.72121E4	1.49806E4	1.36481E4	1.23493E4	9405.16482
588	1.21281E5	1.10293E5	2.29328E5	1.2363E6	1.57933E5	5.47685E6	3.46469E5	3.39233E4	3.07048E4	2.76491E4	2.35835E4	2.35866E4	2.31703E4	2.22713E4	2.1036E4	1.86593E4	1.75787E4	1.57297E4	1.47714E4	1.31123E4	1.04148E4	9768.25035
590	1.41689E5	1.10858E5	1.70414E5	1.64242E6	1.58975E5	2.85306E6	1.23321E6	3.78042E4	3.18934E4	2.72366E4	2.43645E4	2.17011E4	2.26372E4	2.17531E4	1.98628E4	1.79193E4	1.65061E4	1.54395E4	1.39833E4	1.28085E4	1.03333E4	8503.72704
592	1.36864E5	1.11205E5	1.4531E5	1.98066E6	1.61083E5	1.13968E6	2.9851E6	3.80378E4	2.91632E4	2.49997E4	2.30357E4	2.20591E4	2.13411E4	2.09465E4	1.93985E4	1.75228E4	1.68799E4	1.57604E4	1.43855E4	1.2203E4	1.026E4	9256.39723
594	1.37825E5	1.12503E5	1.33285E5	2.22425E6	1.60949E5	3.8453E5	5.37056E6	3.72678E4	2.96109E4	2.573E4	2.27351E4	2.15634E4	2.03964E4	1.97418E4	1.8938E4	1.71725E4	1.55164E4	1.51198E4	1.35667E4	1.21914E4	1.01381E4	8903.84118
596	1.07917E5	1.13326E5	1.24492E5	2.28834E6	1.53031E5	1.87778E5	8.09905E6	3.81131E4	2.94608E4	2.43705E4	2.24287E4	2.1177E4	2.05896E4	1.96885E4	1.73554E4	1.76528E4	1.56612E4	1.38218E4	1.25052E4	1.14362E4	9986.14814	8455.10678
598	1.4006E5	1.21443E5	1.3863E5	2.17349E6	1.59699E5	1.59404E5	1.0434E7	3.8922E4	2.73271E4	2.39934E4	2.20678E4	2.07548E4	1.88725E4	1.98104E4	1.68418E4	1.58431E4	1.49593E4	1.43086E4	1.25853E4	1.14827E4	9799.61736	8403.77238
600	1.26729E5	1.18132E5	1.19292E5	1.89589E6	1.65175E5	1.47413E5	1.18147E7	3.97349E4	2.60609E4	2.48925E4	2.20065E4	2.00071E4	1.97444E4	1.89585E4	1.75427E4	1.6024E4	1.56451E4	1.3783E4	1.29863E4	1.12492E4	9267.90755	7882.6056
