300	1.30776E5	1.01402E5	1.10687E5	2.74427E6	2.68374E5	2.29949E5	1.77141E7	6.30473E4	9705.71882	5182.23072	3969.05276	2991.24407	2193.69679	1590.91852	1422.89299	1392.18965	920.00831	1205.96005	1075.59586	845.01432	626.6796	915.10329
302	1.32824E5	1.22141E5	1.08427E5	1.80481E6	5.98048E5	1.55982E5	1.52764E7	7.12822E5	9677.80072	4926.14605	4283.63428	2364.32325	2672.81782	2195.00888	1291.66435	1547.72616	1182.86733	1013.73931	907.81073	1114.47659	770.33313	1069.19533
304	1.70154E5	1.13839E5	1.04368E5	9.69319E5	1.18246E6	1.46073E5	9.62529E6	3.12673E6	1.13689E4	6310.82132	4175.17297	2890.27291	2072.08717	2209.52006	1419.22529	1445.93291	1401.30184	1247.79242	921.16811	921.7948	753.04071	946.57371
306	1.55765E5	1.15765E5	1.17286E5	4.57123E5	1.97852E6	1.42824E5	4.10382E6	8.17276E6	1.47546E4	5832.19992	4139.17752	2656.36004	2109.73046	2066.15999	1592.89884	1271.91059	1131.92116	938.51094	797.49964	706.13737	908.18522	927.42606
308	1.36124E5	1.09684E5	1.23244E5	2.33037E5	2.68789E6	1.40454E5	1.07771E6	1.39801E7	2.09708E4	6588.1968	4360.72648	2951.47433	2159.04173	2100.74351	1414.28021	1041.89744	1409.41425	1006.45239	814.52418	1039.30425	827.55072	699.23305
310	1.69432E5	1.06529E5	1.21521E5	1.73404E5	2.86977E6	1.52409E5	1.98338E5	1.67367E7	5.98188E4	8042.84768	4146.8853	3219.10388	2970.20409	1953.29945	1521.60563	1597.74549	1171.77436	916.1683	849.05694	1062.78803	782.54348	724.05439
312	1.48361E5	1.18038E5	1.19663E5	1.63569E5	2.4368E6	2.30664E5	1.19056E5	1.45936E7	6.35992E5	8132.89451	4727.96621	3154.09174	2313.44072	1939.63016	1641.13721	1493.95992	1199.39202	1187.55504	933.76639	957.56813	890.59227	793.93348
314	1.37007E5	1.13241E5	1.37318E5	1.63318E5	1.63727E6	4.88729E5	1.04896E5	8.80594E6	3.04275E6	1.02008E4	5172.89168	3174.57799	2786.35344	2108.00214	1710.50463	1550.02386	1265.06687	1065.75414	827.49626	684.70283	864.61365	697.59149
316	1.42793E5	1.18365E5	1.38272E5	1.60414E5	8.99678E5	9.83933E5	9.56179E4	3.53379E6	7.61348E6	1.27856E4	5466.95081	3396.97973	2265.76174	1593.28363	1616.12999	1377.76163	1069.48072	972.01028	1023.05607	812.20812	731.79499	701.52403
318	1.55342E5	1.07172E5	1.32048E5	1.6518E5	4.52928E5	1.6425E6	9.56845E4	8.76863E5	1.23616E7	1.72896E4	5461.13965	3715.19501	2918.12898	1914.59751	1510.08929	1165.78087	901.97122	992.15708	919.88576	738.63936	650.387	802.2542
320	1.56155E5	1.19701E5	1.42326E5	1.66675E5	2.58361E5	2.20595E6	9.05117E4	1.53948E5	1.43424E7	5.36559E4	6087.23819	4147.59284	2477.09015	2143.3905	1608.03502	1270.15376	1068.13044	1029.09384	802.88858	956.85163	779.00348	710.19786
322	1.52903E5	1.22662E5	1.44507E5	1.69926E5	2.07425E5	2.36385E6	1.01007E5	9.59451E4	1.2049E7	5.67385E5	6730.10481	3608.01327	2725.1342	2227.68108	1643.28002	1095.12596	1209.68212	999.95763	942.02489	952.307	648.26429	659.10127
324	1.63474E5	1.23479E5	1.44711E5	1.71796E5	1.9431E5	2.0305E6	1.5801E5	8.12358E4	7.19743E6	2.48893E6	8789.83611	3885.57729	2450.99713	2094.2896	1707.03041	1431.00222	1106.03955	1040.13219	741.05173	613.01372	789.6986	729.41873
326	1.74815E5	1.2977E5	1.30458E5	1.76016E5	1.92945E5	1.4282E6	3.41985E5	7.75637E4	2.95645E6	6.11717E6	1.06091E4	3907.90798	2682.15628	1895.45975	1459.08408	1463.5586	911.95941	1069.07233	800.96119	986.52211	748.0301	602.81754
328	1.84649E5	1.39772E5	1.43456E5	1.80471E5	1.93041E5	8.44606E5	6.97053E5	7.494E4	7.77614E5	9.98372E6	1.52601E4	4597.43066	2984.29028	1935.46952	1491.45521	1184.25763	1105.45407	944.39718	788.62953	837.15165	676.34082	585.17713
330	1.96397E5	1.45114E5	1.5007E5	1.9006E5	1.99591E5	4.40487E5	1.23311E6	7.07588E4	1.40634E5	1.19479E7	4.09255E4	5190.82519	2888.12579	2274.45818	1614.43454	1426.99801	1063.30999	1037.99639	768.89501	780.57114	800.66407	760.88354
332	2.02703E5	1.3378E5	1.49133E5	1.87976E5	1.97E5	2.52619E5	1.70247E6	7.02592E4	8.3246E4	1.03697E7	4.09723E5	5506.304	2845.56897	2392.91444	1458.6972	1501.68533	1238.36306	963.36673	749.96437	920.44481	854.75194	516.08354
334	2.15983E5	1.39338E5	1.51732E5	1.89162E5	1.97027E5	1.8494E5	1.91046E6	7.61032E4	7.17218E4	6.50947E6	1.92231E6	7017.64715	3364.33649	2691.03271	1835.07073	1098.49613	1047.5341	764.02722	689.68862	790.94326	711.30035	773.29403
336	2.23052E5	1.53307E5	1.51149E5	1.87916E5	1.92093E5	1.71663E5	1.75243E6	1.15783E5	6.77854E4	2.69691E6	4.95049E6	8558.9146	3275.17795	2322.90446	1817.67733	1185.82009	1123.40686	976.91311	575.55677	732.63645	679.57508	774.8436
338	2.4019E5	1.46276E5	1.57879E5	1.89124E5	2.03364E5	1.65655E5	1.31402E6	2.33108E5	6.72941E4	7.42251E5	8.24052E6	1.26652E4	3528.18454	2634.51561	1870.61106	1200.75079	1046.71719	842.74879	765.84378	582.93084	603.59891	438.6319
340	2.54522E5	1.54878E5	1.57418E5	1.95592E5	1.98912E5	1.66608E5	7.95732E5	4.97182E5	6.67282E4	1.32585E5	9.96085E6	3.07122E4	4363.85447	2457.60151	1683.47523	1129.45339	1069.33536	737.50456	749.50048	769.72762	613.71133	627.42003
342	2.58757E5	1.51363E5	1.5202E5	1.82933E5	2.01207E5	1.62358E5	4.2655E5	8.77731E5	6.48441E4	7.70155E4	8.77281E6	3.24778E5	4422.03167	2557.56593	1790.45493	1301.25883	1068.88733	1030.79415	949.19043	681.97774	538.49037	570.24631
344	2.54732E5	1.58208E5	1.57706E5	1.80262E5	1.97041E5	1.66824E5	2.13632E5	1.30277E6	6.28829E4	6.49251E4	5.40976E6	1.67377E6	5150.37967	2723.68045	2017.2915	1192.38494	1002.75549	976.08547	645.3873	583.41656	701.49642	573.57896
346	2.61395E5	1.59685E5	1.53054E5	1.80466E5	1.98183E5	1.61818E5	1.44263E5	1.5235E6	7.18985E4	6.38027E4	2.28711E6	4.24174E6	7011.83	2941.95489	1808.53266	1530.8682	922.42282	1056.16623	682.24599	660.66186	529.74786	634.88415
348	2.63686E5	1.70176E5	1.59895E5	1.81571E5	1.9166E5	1.63418E5	1.25761E5	1.45261E6	9.77266E4	6.3669E4	5.77273E5	7.03544E6	1.11066E4	3074.79511	2191.78942	1275.74798	886.00952	873.40977	844.06414	614.64445	549.5157	543.94723
350	2.75168E5	1.69E5	1.54959E5	1.77331E5	1.95428E5	1.62893E5	1.21724E5	1.14896E6	1.80696E5	6.32144E4	1.10063E5	8.1667E6	2.43747E4	3728.10584	1879.65482	1506.27767	1009.97531	803.9557	794.90289	497.03669	574.49782	573.43596
352	2.62113E5	1.7885E5	1.52118E5	1.73085E5	1.92289E5	1.69276E5	1.22151E5	7.28246E5	3.63458E5	6.4388E4	6.65061E4	6.9854E6	2.68955E5	4063.41238	2152.24736	1371.55275	1153.40078	670.49504	793.0569	608.85439	502.06754	376.65628
354	2.77876E5	1.76868E5	1.53131E5	1.69188E5	1.86592E5	1.68288E5	1.20181E5	4.10571E5	6.3722E5	6.64706E4	5.57954E4	4.35491E6	1.27627E6	4622.25145	1902.19844	1515.07341	1106.15576	978.90646	752.66478	599.20095	612.24121	621.88842
356	2.86516E5	1.77225E5	1.58825E5	1.72159E5	1.79259E5	1.64593E5	1.23611E5	2.22376E5	9.53908E5	6.81349E4	5.36518E4	1.81346E6	3.3813E6	5665.22804	2232.98657	1466.90261	1114.94657	766.16769	640.35909	685.27351	610.7567	479.14809
358	2.73986E5	1.84476E5	1.54197E5	1.64302E5	1.78699E5	1.68174E5	1.2794E5	1.47839E5	1.16769E6	7.34224E4	5.56409E4	4.90395E5	5.78834E6	9604.32797	2513.95653	1657.82138	1024.39672	827.45799	657.61797	518.9346	610.46159	524.42726
360	3.01655E5	1.89616E5	1.5699E5	1.68752E5	1.81354E5	1.6695E5	1.30432E5	1.24041E5	1.19115E6	8.81996E4	5.89164E4	9.65545E4	7.09052E6	2.09692E4	2848.69658	1597.68478	1300.68465	885.272	690.49943	641.37031	511.94735	519.27869
362	2.71203E5	1.82312E5	1.61264E5	1.70239E5	1.76467E5	1.66452E5	1.31604E5	1.21673E5	1.01305E6	1.34508E5	6.07103E4	5.93494E4	6.37618E6	2.12912E5	2861.36554	1590.15217	1230.78076	757.12432	660.65073	481.74344	530.0946	504.87229
364	3.19864E5	1.95456E5	1.63409E5	1.67935E5	1.79704E5	1.66196E5	1.37424E5	1.19841E5	7.06267E5	2.47579E5	6.24225E4	5.00874E4	4.17153E6	1.08462E6	3725.44575	1652.88502	1218.046	891.88947	533.36352	623.60124	414.70814	557.08993
366	2.75913E5	1.98715E5	1.61369E5	1.64256E5	1.74506E5	1.66048E5	1.37967E5	1.26425E5	4.24306E5	4.45611E5	6.52836E4	4.79775E4	1.73339E6	3.08019E6	4844.7619	1973.88767	1261.66931	807.59883	750.52131	709.00521	511.43398	456.72036
368	2.96272E5	2.05632E5	1.66937E5	1.68463E5	1.70255E5	1.68478E5	1.41588E5	1.29569E5	2.47861E5	6.89162E5	6.78698E4	4.8953E4	4.65694E5	5.24367E6	7598.14104	2040.60371	1213.0055	942.83802	632.39496	536.35744	379.13328	375.71795
370	3.01015E5	1.98962E5	1.73172E5	1.67879E5	1.69738E5	1.67566E5	1.46289E5	1.33179E5	1.64093E5	9.00653E5	7.1174E4	5.13496E4	8.37412E4	6.36657E6	1.89441E4	2460.48017	1222.7171	1099.20469	674.13443	577.06215	506.06077	510.81136
372	3.07156E5	2.09733E5	1.73689E5	1.64318E5	1.71164E5	1.69209E5	1.45299E5	1.33997E5	1.39499E5	9.75308E5	8.37629E4	5.39883E4	5.09575E4	5.51638E6	2.02141E5	2913.27355	1193.33857	1087.58309	613.50946	503.18189	524.00616	564.83587
374	3.1209E5	2.10869E5	1.72064E5	1.67431E5	1.68406E5	1.63478E5	1.48197E5	1.38006E5	1.34178E5	8.76886E5	1.13769E5	5.6442E4	4.4917E4	3.41142E6	1.03066E6	3106.96072	1362.11935	994.00797	692.75776	600.52001	638.8769	583.21572
376	2.96311E5	2.15073E5	1.79636E5	1.66605E5	1.7058E5	1.63179E5	1.51146E5	1.42735E5	1.34294E5	6.60835E5	1.89809E5	5.59171E4	4.23056E4	1.41838E6	2.67226E6	4737.64648	1723.74839	927.86977	837.54491	660.22354	645.36965	412.20143
378	3.14023E5	2.17207E5	1.8184E5	1.68608E5	1.68642E5	1.65264E5	1.54491E5	1.44989E5	1.37852E5	4.3214E5	3.31703E5	5.99401E4	4.20575E4	3.6014E5	4.51251E6	6578.18012	1591.92666	1109.07723	949.74254	630.13896	491.72628	416.28993
380	3.07908E5	2.20768E5	1.86065E5	1.6795E5	1.68362E5	1.64355E5	1.56381E5	1.48689E5	1.37065E5	2.68388E5	5.16308E5	6.15884E4	4.57211E4	7.20059E4	5.37479E6	1.57198E4	1903.68411	991.36619	826.37619	612.5812	450.28529	329.23843
382	3.15405E5	2.29584E5	1.87786E5	1.72866E5	1.67691E5	1.70589E5	1.59387E5	1.53137E5	1.39184E5	1.84155E5	6.96308E5	6.6443E4	4.79248E4	4.69062E4	4.77814E6	1.52036E5	2279.35001	1149.37921	1003.89426	590.11577	528.59131	446.22273
384	3.15238E5	2.32176E5	1.88761E5	1.73464E5	1.69978E5	1.66994E5	1.60226E5	1.55653E5	1.44584E5	1.52608E5	7.98552E5	7.49671E4	5.01195E4	4.10632E4	3.07283E6	7.85554E5	2985.2811	1333.6266	875.7217	651.72258	537.70679	382.39091
386	3.11633E5	2.39786E5	1.94726E5	1.77897E5	1.75724E5	1.6797E5	1.62279E5	1.60507E5	1.50258E5	1.42374E5	7.8432E5	9.52811E4	5.2764E4	3.79316E4	1.3008E6	2.2185E6	3880.2462	1340.80898	870.17049	749.43141	394.51085	432.04008
388	3.27213E5	2.46734E5	1.95577E5	1.80323E5	1.69985E5	1.706E5	1.63925E5	1.59851E5	1.53204E5	1.40456E5	6.52883E5	1.42127E5	5.46656E4	3.84961E4	3.63571E5	3.92698E6	6143.02347	1332.88274	844.86192	852.62551	548.77343	564.74103
390	3.1617E5	2.49701E5	2.07402E5	1.79689E5	1.76534E5	1.70868E5	1.65978E5	1.6529E5	1.5577E5	1.41504E5	4.69416E5	2.36571E5	5.66494E4	3.95901E4	6.90928E4	4.89559E6	1.37308E4	1532.04084	1081.39656	758.89554	546.52949	384.8739
392	3.21467E5	2.56596E5	2.08362E5	1.82699E5	1.72021E5	1.74374E5	1.71974E5	1.68547E5	1.56735E5	1.43307E5	3.03761E5	3.7782E5	5.91176E4	4.23942E4	4.23251E4	4.45106E6	1.58763E5	2173.62309	1041.25096	806.46548	628.85394	537.21391
394	3.33219E5	2.76969E5	2.07025E5	1.83435E5	1.7677E5	1.72384E5	1.72715E5	1.69086E5	1.60506E5	1.46192E5	2.03997E5	5.36184E5	6.36904E4	4.56821E4	3.6601E4	2.96161E6	7.72766E5	2828.76762	1057.34213	717.85836	607.99951	455.10927
396	3.57159E5	2.69823E5	2.17891E5	1.87678E5	1.78712E5	1.72245E5	1.73196E5	1.71108E5	1.63079E5	1.46108E5	1.54967E5	6.58598E5	6.78222E4	4.83738E4	3.26923E4	1.26547E6	2.14324E6	3719.36519	1287.03285	745.87055	704.08488	476.31252
398	3.49145E5	2.75938E5	2.21538E5	1.87807E5	1.78743E5	1.77066E5	1.70995E5	1.75385E5	1.65592E5	1.50132E5	1.39594E5	6.84081E5	7.99278E4	4.96546E4	3.25013E4	3.50043E5	3.62087E6	5965.12714	1348.49761	788.63024	854.42784	542.71813
400	3.48206E5	2.89418E5	2.22941E5	1.92457E5	1.7878E5	1.7686E5	1.72501E5	1.7652E5	1.67751E5	1.50428E5	1.36546E5	6.0724E5	1.09092E5	5.14165E4	3.38127E4	6.53944E4	4.32686E6	1.2242E4	1538.31728	988.20764	664.05448	477.23246
402	3.55772E5	2.82893E5	2.24811E5	1.91931E5	1.8441E5	1.77677E5	1.76702E5	1.75843E5	1.70146E5	1.57564E5	1.3788E5	4.6701E5	1.69166E5	5.57411E4	3.66774E4	3.66288E4	3.80389E6	1.31667E5	1862.56238	864.06207	667.26668	475.97984
404	3.50207E5	2.74417E5	2.4232E5	1.97877E5	1.83696E5	1.78755E5	1.74354E5	1.78316E5	1.70974E5	1.57713E5	1.38736E5	3.18951E5	2.71267E5	5.7803E4	4.00467E4	3.18047E4	2.42426E6	6.8737E5	2452.35575	991.1619	708.11764	664.87501
406	3.3495E5	2.96463E5	2.43555E5	2.00926E5	1.85957E5	1.81221E5	1.78201E5	1.77904E5	1.71572E5	1.59754E5	1.40951E5	2.15943E5	3.96344E5	6.16172E4	4.1291E4	2.96976E4	1.02878E6	1.884E6	3186.90963	1234.49815	749.85784	516.40009
408	3.50869E5	3.07472E5	2.42815E5	2.00094E5	1.88215E5	1.827E5	1.77888E5	1.78166E5	1.76356E5	1.61784E5	1.44521E5	1.6064E5	5.17059E5	6.57085E4	4.327E4	2.91278E4	2.66176E5	3.3075E6	5032.76686	1134.42534	727.29016	535.21767
410	3.50571E5	2.94801E5	2.44095E5	2.0709E5	1.87516E5	1.83948E5	1.79302E5	1.78808E5	1.74784E5	1.63456E5	1.45835E5	1.35932E5	5.83345E5	7.28415E4	4.4767E4	2.95547E4	5.27665E4	4.07567E6	1.04986E4	1446.04223	795.22111	602.42859
412	3.61674E5	3.14035E5	2.54108E5	2.0566E5	1.90493E5	1.83055E5	1.77107E5	1.80569E5	1.77405E5	1.64062E5	1.48956E5	1.32213E5	5.64574E5	9.28274E4	4.84154E4	3.16057E4	3.25094E4	3.61643E6	1.00755E5	1765.55694	873.061	618.648
414	3.43004E5	3.08854E5	2.51201E5	2.09406E5	1.91698E5	1.87643E5	1.79485E5	1.8048E5	1.78806E5	1.6386E5	1.48885E5	1.32917E5	4.77356E5	1.30324E5	5.0306E4	3.36358E4	2.80199E4	2.31137E6	5.32276E5	2293.19796	869.18026	511.32035
416	3.61612E5	3.15388E5	2.64924E5	2.19072E5	1.96751E5	1.86648E5	1.80029E5	1.81755E5	1.77423E5	1.66556E5	1.51532E5	1.3198E5	3.56607E5	1.97565E5	5.24446E4	3.67868E4	2.72938E4	9.66723E5	1.62104E6	3210.67356	954.20148	739.97769
418	3.74172E5	3.22292E5	2.60179E5	2.22522E5	1.92261E5	1.80196E5	1.77962E5	1.79314E5	1.78789E5	1.68184E5	1.5347E5	1.31944E5	2.48211E5	2.9769E5	5.58053E4	3.86245E4	2.57729E4	2.51013E5	2.96084E6	5110.19151	1250.34083	708.47102
420	3.64088E5	3.05749E5	2.65215E5	2.22141E5	1.96681E5	1.86582E5	1.79761E5	1.80753E5	1.77349E5	1.70822E5	1.53722E5	1.34988E5	1.7585E5	4.01967E5	5.88713E4	3.92407E4	2.62268E4	4.73272E4	3.80246E6	1.04405E4	1452.34371	638.23024
422	3.72507E5	3.21191E5	2.69729E5	2.27114E5	1.99491E5	1.86874E5	1.84285E5	1.78274E5	1.77559E5	1.71115E5	1.57659E5	1.36852E5	1.40471E5	4.88104E5	6.42981E4	4.21211E4	2.75701E4	2.94525E4	3.3884E6	1.10785E5	1643.25336	568.45537
424	3.41761E5	3.34883E5	2.74661E5	2.32652E5	2.02325E5	1.83481E5	1.7969E5	1.8041E5	1.7618E5	1.72638E5	1.57463E5	1.38551E5	1.2965E5	5.13994E5	7.30774E4	4.34858E4	2.9768E4	2.64662E4	2.15758E6	5.62439E5	2036.72729	728.62087
426	3.81453E5	3.38963E5	2.82086E5	2.35657E5	2.03216E5	1.88206E5	1.77793E5	1.80668E5	1.7819E5	1.70805E5	1.5733E5	1.41655E5	1.26299E5	4.57752E5	9.86341E4	4.59855E4	3.23108E4	2.42751E4	8.48482E5	1.58932E6	3064.29981	927.35534
428	3.864E5	3.23026E5	2.82847E5	2.37318E5	2.04245E5	1.86303E5	1.78003E5	1.79693E5	1.7839E5	1.72356E5	1.59252E5	1.4235E5	1.27714E5	3.62711E5	1.42485E5	4.96353E4	3.4831E4	2.38756E4	2.15148E5	2.79E6	4726.20643	1006.12134
430	3.9023E5	3.28067E5	2.86286E5	2.37834E5	2.08722E5	1.87152E5	1.74961E5	1.73938E5	1.76562E5	1.70533E5	1.59025E5	1.45445E5	1.29223E5	2.6703E5	2.12995E5	5.14774E4	3.60852E4	2.40191E4	4.25704E4	3.3473E6	1.04642E4	1196.24817
432	3.85201E5	3.37992E5	2.89907E5	2.42523E5	2.09287E5	1.90123E5	1.78307E5	1.80103E5	1.76692E5	1.72802E5	1.62965E5	1.46045E5	1.29433E5	1.87235E5	2.96048E5	5.45204E4	3.78115E4	2.53548E4	2.79487E4	2.86509E6	1.08185E5	1567.10051
434	3.84042E5	3.29081E5	2.92173E5	2.45692E5	2.13176E5	1.87091E5	1.77943E5	1.75766E5	1.75469E5	1.70501E5	1.62658E5	1.48541E5	1.30828E5	1.46831E5	3.72524E5	5.85296E4	3.90915E4	2.64988E4	2.51497E4	1.76364E6	5.4063E5	1744.4135
436	3.92054E5	3.34835E5	3.01682E5	2.47395E5	2.09249E5	1.90124E5	1.78933E5	1.7516E5	1.74386E5	1.70661E5	1.62504E5	1.48295E5	1.31274E5	1.26872E5	4.15068E5	6.38037E4	4.22167E4	2.92656E4	2.40268E4	7.14698E5	1.43062E6	2648.69751
438	3.94638E5	3.47596E5	3.00816E5	2.48001E5	2.12534E5	1.84981E5	1.77325E5	1.74304E5	1.74098E5	1.69075E5	1.648E5	1.4836E5	1.32786E5	1.23611E5	4.12252E5	7.5907E4	4.43649E4	3.19342E4	2.31096E4	1.83759E5	2.51685E6	3910.35511
440	3.65971E5	3.43639E5	3.03162E5	2.5087E5	2.15474E5	1.85244E5	1.77269E5	1.75751E5	1.74483E5	1.70332E5	1.63526E5	1.50022E5	1.35018E5	1.22312E5	3.5652E5	1.01511E5	4.60927E4	3.34805E4	2.26706E4	3.60547E4	3.08477E6	6993.35965
442	3.90716E5	3.31918E5	3.01304E5	2.51896E5	2.15548E5	1.85971E5	1.76605E5	1.70958E5	1.73994E5	1.68838E5	1.62233E5	1.49526E5	1.3595E5	1.22628E5	2.79748E5	1.41977E5	4.86404E4	3.53647E4	2.39818E4	2.59747E4	2.71703E6	5.91122E4
444	3.81178E5	3.49385E5	3.04593E5	2.52545E5	2.16863E5	1.88034E5	1.74145E5	1.72092E5	1.7107E5	1.67694E5	1.62519E5	1.49758E5	1.36247E5	1.21E5	2.0463E5	2.00279E5	5.07064E4	3.64774E4	2.48706E4	2.37154E4	1.68289E6	3.42966E5
446	3.68204E5	3.37965E5	3.01892E5	2.5433E5	2.12689E5	1.86227E5	1.74183E5	1.70099E5	1.66055E5	1.67919E5	1.60394E5	1.50714E5	1.38255E5	1.23617E5	1.49391E5	2.70367E5	5.35077E4	3.82442E4	2.77928E4	2.2543E4	6.89E5	1.09879E6
448	3.60951E5	3.60567E5	3.03428E5	2.57439E5	2.13351E5	1.87893E5	1.71699E5	1.71229E5	1.68531E5	1.65976E5	1.60515E5	1.49976E5	1.37188E5	1.2613E5	1.24441E5	3.25744E5	5.8295E4	4.07368E4	2.93837E4	2.18232E4	1.79989E5	2.10396E6
450	3.81999E5	3.46392E5	3.00809E5	2.60703E5	2.15351E5	1.87423E5	1.73608E5	1.69997E5	1.65539E5	1.66696E5	1.60609E5	1.49654E5	1.38135E5	1.26529E5	1.12112E5	3.50273E5	6.64071E4	4.30866E4	3.17989E4	2.19511E4	3.65833E4	2.7465E6
452	3.62185E5	3.63016E5	3.04908E5	2.61151E5	2.18629E5	1.84549E5	1.70738E5	1.65857E5	1.654E5	1.62047E5	1.59526E5	1.4932E5	1.38066E5	1.25459E5	1.08343E5	3.37101E5	8.14137E4	4.42746E4	3.44176E4	2.29297E4	2.40369E4	2.49531E6
454	3.70606E5	3.44613E5	3.03175E5	2.63327E5	2.17461E5	1.88822E5	1.70933E5	1.65882E5	1.61952E5	1.60346E5	1.57489E5	1.48544E5	1.39039E5	1.28763E5	1.0881E5	2.88725E5	1.08915E5	4.65317E4	3.51372E4	2.42904E4	2.14843E4	1.58558E6
456	3.73223E5	3.2814E5	3.0106E5	2.61973E5	2.16423E5	1.85266E5	1.68639E5	1.63204E5	1.62777E5	1.60722E5	1.55721E5	1.48113E5	1.38369E5	1.28609E5	1.08411E5	2.2074E5	1.50917E5	4.84328E4	3.62775E4	2.52042E4	2.07227E4	6.42608E5
458	3.58809E5	3.43929E5	2.95864E5	2.61017E5	2.19088E5	1.83993E5	1.64558E5	1.61186E5	1.58609E5	1.58725E5	1.54343E5	1.48204E5	1.37495E5	1.28938E5	1.08755E5	1.63609E5	2.06198E5	5.01228E4	3.80965E4	2.71728E4	2.00028E4	1.63366E5
460	3.55579E5	3.40512E5	3.12925E5	2.59792E5	2.16083E5	1.85697E5	1.66071E5	1.58897E5	1.57871E5	1.54948E5	1.52805E5	1.4468E5	1.37337E5	1.27987E5	1.08889E5	1.25121E5	2.56983E5	5.31365E4	4.01004E4	2.97845E4	2.01392E4	3.27544E4
462	3.56915E5	3.27951E5	3.11789E5	2.63347E5	2.17542E5	1.83692E5	1.6361E5	1.56306E5	1.54306E5	1.5441E5	1.50841E5	1.44064E5	1.36871E5	1.2844E5	1.06633E5	1.03634E5	2.91497E5	5.7747E4	4.12432E4	3.13345E4	2.05401E4	2.13473E4
464	3.78209E5	3.39712E5	3.08839E5	2.60302E5	2.1366E5	1.81977E5	1.66252E5	1.57139E5	1.53413E5	1.51395E5	1.48143E5	1.44422E5	1.36198E5	1.28542E5	1.09073E5	9.68317E4	2.96818E5	6.52057E4	4.32302E4	3.19802E4	2.08868E4	1.93525E4
466	3.635E5	3.36908E5	3.09551E5	2.60443E5	2.14877E5	1.79331E5	1.61844E5	1.52412E5	1.51374E5	1.50174E5	1.4522E5	1.43466E5	1.36923E5	1.29592E5	1.09313E5	9.36461E4	2.69335E5	8.16234E4	4.46866E4	3.3609E4	2.19484E4	1.7805E4
468	4.82521E5	3.33558E5	2.90382E5	2.55998E5	2.12866E5	1.79757E5	1.59928E5	1.52992E5	1.50516E5	1.47494E5	1.44598E5	1.40359E5	1.36115E5	1.27242E5	1.08382E5	9.4074E4	2.21214E5	1.06034E5	4.58219E4	3.38249E4	2.27836E4	1.68003E4
470	9.33865E5	3.15025E5	2.92816E5	2.59756E5	2.1412E5	1.75522E5	1.58513E5	1.50027E5	1.46587E5	1.44852E5	1.40982E5	1.38221E5	1.34656E5	1.28183E5	1.09893E5	9.3154E4	1.685E5	1.4446E5	4.59704E4	3.57828E4	2.44182E4	1.69439E4
472	1.9812E6	3.28262E5	2.9874E5	2.58563E5	2.12045E5	1.78989E5	1.57663E5	1.48432E5	1.44626E5	1.41214E5	1.39755E5	1.36781E5	1.32448E5	1.26409E5	1.1022E5	9.32107E4	1.27306E5	1.887E5	4.80063E4	3.61999E4	2.53111E4	1.70796E4
474	3.6064E6	3.30248E5	2.82268E5	2.56297E5	2.13394E5	1.76687E5	1.54741E5	1.47851E5	1.44668E5	1.40443E5	1.40746E5	1.36185E5	1.31799E5	1.24858E5	1.0814E5	9.13488E4	1.00628E5	2.28523E5	5.02959E4	3.77068E4	2.75499E4	1.67388E4
476	5.93294E6	3.29255E5	2.9073E5	2.49589E5	2.06352E5	1.73928E5	1.54806E5	1.4612E5	1.38902E5	1.39642E5	1.36827E5	1.32666E5	1.29759E5	1.25234E5	1.08508E5	9.11112E4	8.82765E4	2.53261E5	5.39583E4	3.8246E4	2.77067E4	1.79294E4
478	8.90658E6	3.13E5	2.88859E5	2.49837E5	2.05041E5	1.74729E5	1.51284E5	1.40847E5	1.38259E5	1.36544E5	1.34053E5	1.28775E5	1.27608E5	1.23375E5	1.07057E5	9.18225E4	8.28268E4	2.50223E5	6.18496E4	3.88256E4	2.79412E4	1.75216E4
480	1.14334E7	3.12648E5	2.82113E5	2.44625E5	2.07799E5	1.72342E5	1.49462E5	1.40025E5	1.33939E5	1.32406E5	1.30409E5	1.29152E5	1.26515E5	1.21242E5	1.07257E5	9.10969E4	7.9524E4	2.26931E5	7.7873E4	3.88848E4	2.85792E4	1.89727E4
482	1.27426E7	3.11467E5	2.80326E5	2.44934E5	2.05323E5	1.66766E5	1.4879E5	1.37298E5	1.33157E5	1.30791E5	1.29823E5	1.26385E5	1.2412E5	1.18753E5	1.05189E5	9.04205E4	8.03578E4	1.8321E5	1.03016E5	4.03361E4	2.88611E4	1.98376E4
484	1.23316E7	3.10258E5	2.66878E5	2.39507E5	1.97313E5	1.67544E5	1.44249E5	1.36774E5	1.31995E5	1.27301E5	1.26874E5	1.23914E5	1.2099E5	1.17866E5	1.05665E5	9.0463E4	7.9097E4	1.35019E5	1.35722E5	4.06461E4	2.98017E4	2.11303E4
486	1.04109E7	3.44747E5	2.7015E5	2.42963E5	1.99864E5	1.63913E5	1.43194E5	1.33642E5	1.28813E5	1.27825E5	1.24357E5	1.21706E5	1.18867E5	1.1802E5	1.02454E5	8.97477E4	7.73054E4	1.04249E5	1.72226E5	4.14061E4	3.0313E4	2.21641E4
488	7.62698E6	5.36131E5	2.71147E5	2.34343E5	1.94941E5	1.5925E5	1.41014E5	1.30964E5	1.2833E5	1.22646E5	1.20941E5	1.18435E5	1.1745E5	1.14447E5	1.01317E5	8.91051E4	7.71967E4	8.3681E4	2.024E5	4.3912E4	3.11921E4	2.243E4
490	4.51955E6	1.128E6	2.68015E5	2.31018E5	1.95391E5	1.5689E5	1.40849E5	1.27971E5	1.24926E5	1.19343E5	1.18665E5	1.18173E5	1.15482E5	1.15462E5	1.03277E5	8.84142E4	7.78483E4	7.42898E4	2.18396E5	4.94561E4	3.17926E4	2.25941E4
492	2.09866E6	2.52503E6	2.59945E5	2.32977E5	1.91314E5	1.56988E5	1.34256E5	1.27383E5	1.22256E5	1.19344E5	1.2064E5	1.15295E5	1.13456E5	1.12316E5	9.93391E4	8.71816E4	7.44222E4	6.96597E4	2.1094E5	5.83936E4	3.15339E4	2.26965E4
494	8.93316E5	4.59737E6	2.58099E5	2.24782E5	1.90667E5	1.60648E5	1.35671E5	1.25703E5	1.19353E5	1.1934E5	1.13971E5	1.13691E5	1.10212E5	1.10339E5	9.82166E4	8.62068E4	7.45282E4	6.6977E4	1.87014E5	7.25467E4	3.14447E4	2.28397E4
496	4.68388E5	7.39297E6	2.52895E5	2.22374E5	1.88816E5	1.49912E5	1.32437E5	1.23789E5	1.17945E5	1.13067E5	1.1102E5	1.1003E5	1.07895E5	1.06822E5	9.67188E4	8.49972E4	7.46341E4	6.53574E4	1.49906E5	9.68408E4	3.13684E4	2.38817E4
498	4.40781E5	1.03863E7	2.5579E5	2.21285E5	1.84169E5	1.52789E5	1.31915E5	1.19357E5	1.15831E5	1.12402E5	1.09393E5	1.0801E5	1.06983E5	1.06411E5	9.50042E4	8.31541E4	7.36001E4	6.60762E4	1.1486E5	1.24011E5	3.29179E4	2.42782E4
500	3.95818E5	1.28748E7	2.58738E5	2.17982E5	1.81714E5	1.49372E5	1.29214E5	1.18716E5	1.13546E5	1.08081E5	1.05796E5	1.05535E5	1.05052E5	1.03332E5	9.28464E4	8.37598E4	7.3735E4	6.59403E4	8.71875E4	1.51654E5	3.32096E4	2.42344E4
502	3.55861E5	1.39657E7	2.53839E5	2.16625E5	1.78223E5	1.46852E5	1.26855E5	1.1601E5	1.08775E5	1.07717E5	1.0565E5	1.05023E5	1.02598E5	1.0264E5	9.08822E4	8.06486E4	7.09796E4	6.38713E4	6.96565E4	1.71108E5	3.58884E4	2.48478E4
504	3.42707E5	1.31008E7	2.53065E5	2.1318E5	1.77785E5	1.42735E5	1.23697E5	1.13965E5	1.08006E5	1.05072E5	1.04372E5	1.01354E5	9.95177E4	1.00124E5	8.90321E4	8.02368E4	7.05501E4	6.29062E4	6.08348E4	1.79811E5	4.00472E4	2.43411E4
506	3.70622E5	1.08253E7	2.82516E5	2.0788E5	1.7465E5	1.44667E5	1.21743E5	1.14552E5	1.04714E5	1.05631E5	1.01133E5	9.94565E4	9.80092E4	9.85269E4	8.97742E4	7.96334E4	6.97639E4	6.27336E4	5.79767E4	1.72915E5	4.80318E4	2.57883E4
508	3.67152E5	7.68823E6	4.80089E5	2.08531E5	1.72189E5	1.41416E5	1.19518E5	1.07382E5	1.04411E5	1.01044E5	9.72159E4	9.64702E4	9.57591E4	9.72129E4	8.84861E4	7.8436E4	6.9252E4	6.06867E4	5.61219E4	1.52475E5	6.22473E4	2.45701E4
510	4.0547E5	4.61482E6	1.1893E6	2.06261E5	1.72596E5	1.40679E5	1.17939E5	1.05921E5	1.02249E5	1.00222E5	9.67286E4	9.56877E4	9.50963E4	9.47899E4	8.64661E4	7.55892E4	6.77224E4	6.01244E4	5.49634E4	1.19865E5	8.04817E4	2.49924E4
512	5.69691E5	2.09157E6	2.76039E6	1.98022E5	1.68492E5	1.36163E5	1.17099E5	1.03492E5	1.0025E5	9.60532E4	9.43381E4	9.18067E4	9.25515E4	9.07556E4	8.27364E4	7.39963E4	6.76428E4	5.89298E4	5.36333E4	8.95497E4	1.05322E5	2.57674E4
514	7.43871E5	8.3828E5	5.06406E6	2.06009E5	1.6435E5	1.3261E5	1.14408E5	1.02005E5	9.71192E4	9.3963E4	9.11427E4	9.0227E4	8.98584E4	8.91828E4	8.31106E4	7.21998E4	6.60974E4	5.92493E4	5.19003E4	6.74994E4	1.2439E5	2.62663E4
516	1.03742E6	4.24015E5	7.88722E6	1.95529E5	1.59081E5	1.29769E5	1.12733E5	1.02247E5	9.81529E4	9.12509E4	8.93104E4	8.62153E4	8.70159E4	8.68047E4	8.22185E4	7.27626E4	6.45136E4	5.75416E4	5.27195E4	5.49226E4	1.42646E5	2.89224E4
518	1.43212E6	3.48921E5	1.1006E7	1.9588E5	1.61765E5	1.3093E5	1.13448E5	9.99889E4	9.35142E4	9.04528E4	8.78763E4	8.49911E4	8.5714E4	8.43102E4	7.82208E4	7.11607E4	6.26575E4	5.57551E4	5.08236E4	4.83719E4	1.49555E5	3.2223E4
520	1.89834E6	3.32199E5	1.33686E7	1.90266E5	1.58187E5	1.26498E5	1.08197E5	9.68439E4	9.00746E4	8.71196E4	8.51114E4	8.37014E4	8.35467E4	8.48861E4	7.67197E4	6.84788E4	6.25305E4	5.52944E4	4.93241E4	4.44272E4	1.41592E5	4.08753E4
522	2.2458E6	2.96725E5	1.40805E7	2.00819E5	1.54413E5	1.2786E5	1.07081E5	9.63407E4	8.96553E4	8.73398E4	8.50678E4	8.33282E4	8.09172E4	8.39141E4	7.34025E4	6.76956E4	6.03026E4	5.54421E4	4.8052E4	4.44551E4	1.23618E5	5.11076E4
524	2.50832E6	2.93606E5	1.28123E7	1.93689E5	1.5089E5	1.24359E5	1.06676E5	9.31175E4	8.70407E4	8.20239E4	8.19039E4	7.9872E4	8.06655E4	7.82642E4	7.22093E4	6.69766E4	6.00721E4	5.42898E4	4.58323E4	4.32215E4	9.72894E4	6.56585E4
526	2.52336E6	2.81168E5	1.0386E7	2.18196E5	1.51059E5	1.21871E5	1.02007E5	9.09581E4	8.57137E4	8.24995E4	7.88235E4	7.55093E4	7.89208E4	7.74389E4	7.15223E4	6.40254E4	5.8789E4	5.32818E4	4.61056E4	4.15198E4	7.50182E4	8.40018E4
528	2.38868E6	2.7432E5	7.32712E6	4.54163E5	1.4409E5	1.19278E5	9.94402E4	9.00008E4	8.35981E4	8.12268E4	7.71915E4	7.66875E4	7.58994E4	7.52228E4	7.05991E4	6.38199E4	5.84855E4	5.26645E4	4.64545E4	4.15589E4	5.6553E4	1.02267E5
530	2.05066E6	2.73023E5	4.19186E6	1.24293E6	1.41833E5	1.16819E5	9.76354E4	8.87692E4	8.10196E4	7.73609E4	7.53859E4	7.38391E4	7.45236E4	7.50473E4	6.97598E4	6.21778E4	5.61445E4	5.09291E4	4.50188E4	4.12058E4	4.27606E4	1.16232E5
532	1.62943E6	3.10127E5	1.85778E6	2.93403E6	1.416E5	1.13399E5	9.63176E4	8.62728E4	8.1E4	7.65081E4	7.30028E4	7.19601E4	7.2347E4	7.20666E4	6.50948E4	6.11927E4	5.54133E4	4.97871E4	4.45035E4	3.92444E4	3.76444E4	1.24398E5
534	1.20947E6	4.24222E5	6.82144E5	5.51973E6	1.39669E5	1.12531E5	9.52497E4	8.22954E4	7.67146E4	7.37346E4	7.19622E4	7.15137E4	6.94199E4	7.12909E4	6.4956E4	5.98402E4	5.36722E4	4.89297E4	4.32627E4	3.75664E4	3.4754E4	1.18933E5
536	7.39064E5	6.1402E5	3.50818E5	8.55233E6	1.38685E5	1.07553E5	9.39453E4	8.16704E4	7.60677E4	7.29895E4	6.96127E4	6.88459E4	6.82072E4	6.8523E4	6.35838E4	5.73116E4	5.23205E4	4.75477E4	4.21634E4	3.68906E4	3.36631E4	1.03378E5
538	4.75736E5	9.27487E5	2.95604E5	1.15303E7	1.36426E5	1.11027E5	8.98949E4	8.13558E4	7.18463E4	7.14834E4	6.70335E4	6.66586E4	6.74041E4	6.63561E4	6.15802E4	5.64356E4	5.13352E4	4.67197E4	4.17448E4	3.54528E4	3.17884E4	8.30416E4
540	3.21533E5	1.2829E6	2.69206E5	1.35894E7	1.32692E5	1.01954E5	9.19883E4	7.77682E4	7.27478E4	6.93029E4	6.61546E4	6.32831E4	6.29616E4	6.55783E4	5.99301E4	5.44411E4	5.0135E4	4.53182E4	3.9543E4	3.53074E4	3.14036E4	6.1771E4
542	2.4395E5	1.73505E6	2.489E5	1.38971E7	1.33949E5	1.04292E5	8.32548E4	7.77061E4	7.06348E4	6.64377E4	6.48695E4	6.24809E4	6.03634E4	6.1053E4	5.8713E4	5.19698E4	4.94856E4	4.33792E4	3.93913E4	3.4793E4	2.94345E4	4.38927E4
544	2.31174E5	2.17745E6	2.43247E5	1.23506E7	1.41432E5	1.0056E5	8.28656E4	7.57701E4	6.89713E4	6.629E4	6.16774E4	6.08428E4	6.05809E4	6.16133E4	5.59448E4	5.09083E4	4.73817E4	4.31598E4	3.87773E4	3.36705E4	2.93111E4	3.39576E4
546	2.12379E5	2.55884E6	2.36767E5	9.81429E6	1.78407E5	1.02347E5	8.52312E4	7.34462E4	6.43877E4	6.40489E4	6.06018E4	6.06845E4	5.76901E4	6.09172E4	5.39623E4	4.93275E4	4.5685E4	4.20541E4	3.81983E4	3.47406E4	2.86123E4	2.8954E4
548	2.17077E5	2.74505E6	2.27141E5	6.6705E6	4.48063E5	1.0163E5	8.09086E4	7.33679E4	6.46124E4	6.26113E4	5.97791E4	5.88708E4	5.54738E4	5.80173E4	5.4176E4	4.92268E4	4.46263E4	4.11751E4	3.75791E4	3.31208E4	2.85977E4	2.62586E4
550	2.02973E5	2.68996E6	2.17928E5	3.78664E6	1.29419E6	9.76581E4	7.94091E4	7.01142E4	6.34839E4	6.1974E4	5.69864E4	5.58296E4	5.60636E4	5.52321E4	5.29655E4	4.77695E4	4.40221E4	3.97637E4	3.75598E4	3.28518E4	2.64156E4	2.54697E4
552	1.84971E5	2.39853E6	2.17337E5	1.67881E6	3.00393E6	9.83527E4	8.11392E4	6.89853E4	6.14877E4	5.98942E4	5.56029E4	5.42165E4	5.48913E4	5.48717E4	5.04664E4	4.6732E4	4.19822E4	3.83006E4	3.4694E4	3.11921E4	2.74018E4	2.5199E4
554	1.96842E5	2.01653E6	2.26161E5	6.11961E5	5.48489E6	9.47062E4	7.88345E4	6.79697E4	6.19942E4	5.78498E4	5.44531E4	5.37135E4	5.28689E4	5.34513E4	5.02904E4	4.43836E4	4.23938E4	3.82759E4	3.51083E4	3.10743E4	2.61385E4	2.28715E4
556	1.81789E5	1.54046E6	2.90371E5	3.06433E5	8.26397E6	9.35506E4	7.66183E4	6.54279E4	6.08205E4	5.66725E4	5.14822E4	5.32005E4	5.17097E4	5.17197E4	4.76197E4	4.38832E4	4.03545E4	3.7233E4	3.19511E4	3.03056E4	2.52373E4	2.37676E4
558	1.78605E5	1.07024E6	4.08679E5	2.45709E5	1.10855E7	9.28923E4	7.35525E4	6.45143E4	5.8439E4	5.54042E4	5.38794E4	5.02663E4	5.04826E4	5.05224E4	4.7226E4	4.20347E4	3.88839E4	3.52021E4	3.19662E4	2.95044E4	2.53607E4	2.2907E4
560	1.79964E5	7.1436E5	6.19334E5	2.2349E5	1.29719E7	9.07119E4	7.24103E4	6.46099E4	5.65823E4	5.33987E4	5.24211E4	4.98719E4	4.90382E4	4.84739E4	4.45618E4	3.99826E4	3.84211E4	3.49382E4	3.18391E4	2.76791E4	2.52164E4	2.13291E4
562	1.65634E5	4.40494E5	9.55346E5	2.1001E5	1.32919E7	9.59886E4	7.12518E4	6.03149E4	5.51677E4	5.16357E4	4.83318E4	4.70551E4	4.78552E4	4.77469E4	4.31916E4	4.07472E4	3.68879E4	3.36413E4	3.04834E4	2.82656E4	2.41842E4	2.13949E4
564	1.55378E5	2.72597E5	1.36283E6	2.06636E5	1.1738E7	9.92334E4	6.97709E4	5.95319E4	5.45272E4	4.91401E4	4.90347E4	4.64204E4	4.48393E4	4.67546E4	4.25589E4	3.8025E4	3.6021E4	3.30691E4	2.95404E4	2.81344E4	2.32657E4	2.00916E4
566	1.7065E5	2.12046E5	1.75355E6	2.02751E5	9.19942E6	1.31905E5	6.98322E4	5.78528E4	5.37243E4	4.88182E4	4.6208E4	4.51427E4	4.43192E4	4.39857E4	3.98342E4	3.90206E4	3.54188E4	3.24186E4	2.94012E4	2.66334E4	2.36194E4	2.02009E4
568	1.78408E5	1.83751E5	2.16958E6	1.88749E5	6.16588E6	4.09917E5	6.74949E4	5.97823E4	5.17492E4	4.86041E4	4.54722E4	4.31767E4	4.27355E4	4.36323E4	3.85811E4	3.57462E4	3.37453E4	3.11926E4	2.90549E4	2.56312E4	2.22189E4	1.95172E4
570	1.64453E5	1.71039E5	2.49729E6	1.8483E5	3.37356E6	1.29809E6	6.58E4	5.81306E4	5.07954E4	4.68249E4	4.44584E4	4.28616E4	4.09068E4	4.03885E4	3.78747E4	3.42859E4	3.23448E4	3.02745E4	2.84192E4	2.5484E4	2.14188E4	1.88917E4
572	1.86072E5	1.50552E5	2.54273E6	1.76978E5	1.45345E6	2.99632E6	7.00788E4	5.64597E4	4.87525E4	4.5537E4	4.35184E4	4.02922E4	3.95577E4	3.98363E4	3.57142E4	3.41568E4	3.20748E4	2.94146E4	2.67654E4	2.46719E4	2.08724E4	1.93356E4
574	1.63812E5	1.47997E5	2.46895E6	1.70399E5	5.06999E5	5.44464E6	6.63075E4	5.38031E4	4.54159E4	4.42028E4	3.95704E4	3.99717E4	3.79441E4	3.9782E4	3.5499E4	3.30228E4	3.03444E4	2.8499E4	2.46853E4	2.42931E4	2.07507E4	1.78795E4
576	1.57742E5	1.4041E5	2.1885E6	1.83147E5	2.47428E5	8.14098E6	6.5047E4	5.13753E4	4.86727E4	4.32761E4	3.81133E4	4.02291E4	3.75387E4	3.81816E4	3.42497E4	3.09025E4	3.01644E4	2.85003E4	2.54562E4	2.31675E4	1.88303E4	1.67818E4
578	1.99411E5	1.31363E5	1.8374E6	1.9918E5	2.03304E5	1.06346E7	6.49783E4	5.34047E4	4.57675E4	4.20206E4	3.83385E4	3.76645E4	3.77412E4	3.64776E4	3.3774E4	3.09917E4	2.96707E4	2.70123E4	2.49619E4	2.23456E4	1.89487E4	1.66693E4
580	1.69629E5	1.26027E5	1.35938E6	2.60448E5	1.91424E5	1.24068E7	6.68103E4	5.11523E4	4.30974E4	4.0905E4	3.8916E4	3.55524E4	3.52732E4	3.46802E4	3.34707E4	3.06931E4	2.75229E4	2.6764E4	2.43759E4	2.1175E4	2.01609E4	1.6785E4
582	1.47033E5	1.35966E5	9.30517E5	3.9518E5	1.78948E5	1.25215E7	6.78317E4	4.87254E4	4.50258E4	3.89181E4	3.68237E4	3.40207E4	3.4592E4	3.42348E4	3.25912E4	2.89966E4	2.80564E4	2.48739E4	2.27662E4	2.12502E4	1.80228E4	1.57563E4
584	1.35483E5	1.29808E5	6.07829E5	5.98543E5	1.70039E5	1.09747E7	7.23715E4	5.02079E4	4.24228E4	3.88611E4	3.63724E4	3.38694E4	3.29083E4	3.33198E4	3.1342E4	2.75894E4	2.59865E4	2.43265E4	2.18574E4	2.14879E4	1.77296E4	1.50301E4
586	1.74786E5	1.28461E5	3.72046E5	8.80476E5	1.64875E5	8.41268E6	1.00861E5	4.89048E4	4.09207E4	3.7872E4	3.63336E4	3.51089E4	3.26219E4	3.20851E4	3.02423E4	2.77946E4	2.61302E4	2.28026E4	2.13949E4	1.97989E4	1.70765E4	1.4891E4
588	1.52536E5	1.21372E5	2.34152E5	1.24001E6	1.60206E5	5.42381E6	3.58359E5	4.72765E4	4.1483E4	3.65476E4	3.52191E4	3.29525E4	3.20573E4	3.28993E4	2.83286E4	2.73248E4	2.45846E4	2.31036E4	2.20365E4	1.91064E4	1.69452E4	1.44438E4
590	1.51173E5	1.24525E5	1.90358E5	1.63542E6	1.63014E5	2.86973E6	1.21776E6	4.72416E4	3.93384E4	3.62674E4	3.33722E4	3.14596E4	3.06437E4	2.97881E4	2.75233E4	2.61504E4	2.46033E4	2.26987E4	2.191E4	1.83562E4	1.62725E4	1.52236E4
592	1.35663E5	1.22226E5	1.53258E5	2.00273E6	1.57705E5	1.12151E6	2.98737E6	4.79306E4	3.82781E4	3.49392E4	3.26907E4	2.9128E4	2.93207E4	3.01043E4	2.89872E4	2.52497E4	2.35346E4	2.11595E4	1.9626E4	1.75753E4	1.58219E4	1.35604E4
594	1.26858E5	1.34979E5	1.47522E5	2.24267E6	1.57875E5	3.90651E5	5.37131E6	4.73235E4	3.86178E4	3.49845E4	3.14549E4	3.02573E4	2.91102E4	2.8166E4	2.72046E4	2.482E4	2.22802E4	2.06615E4	1.97136E4	1.7558E4	1.48794E4	1.33048E4
596	1.48248E5	1.18354E5	1.41446E5	2.30655E6	1.53527E5	1.98216E5	8.03003E6	4.63999E4	3.73303E4	3.36605E4	3.10607E4	2.88162E4	2.86973E4	2.69423E4	2.67428E4	2.4314E4	2.287E4	2.02869E4	1.91647E4	1.60904E4	1.45656E4	1.26284E4
598	1.4398E5	1.24516E5	1.39844E5	2.21019E6	1.56301E5	1.73959E5	1.04188E7	4.68759E4	3.71841E4	3.26781E4	2.94719E4	2.8851E4	2.5941E4	2.7007E4	2.51623E4	2.36408E4	2.23527E4	2.0424E4	1.88341E4	1.59479E4	1.47103E4	1.2736E4
600	1.54049E5	1.21611E5	1.30443E5	1.93327E6	1.61657E5	1.5537E5	1.1827E7	4.83416E4	3.45657E4	3.18863E4	2.89396E4	2.60614E4	2.66858E4	2.64653E4	2.46338E4	2.21645E4	2.12956E4	1.97193E4	1.87337E4	1.6139E4	1.44299E4	1.28929E4
