300	1.10685E5	7.91604E4	1.02536E5	2.76261E6	2.7162E5	2.23954E5	1.75596E7	6.06878E4	1.01278E4	5411.09158	3740.92496	2483.30401	2434.25332	1583.97647	1552.05609	1453.24987	1155.68706	1141.65031	1123.17217	686.17282	755.77566	878.06402
302	1.31317E5	9.92531E4	1.1088E5	1.77155E6	5.93181E5	1.55607E5	1.53123E7	7.04218E5	1.00734E4	5632.4452	3982.55228	2977.64994	2310.84852	2160.86509	1514.79653	1031.06137	1619.89466	1159.53946	1318.07787	821.31037	861.6915	939.78925
304	1.09636E5	9.63079E4	1.06139E5	9.45675E5	1.19427E6	1.41653E5	9.68206E6	3.10966E6	1.12739E4	5518.67507	4049.98087	2582.35207	2405.92087	2229.247	1615.38879	1392.03762	957.17776	1027.48616	1031.34664	915.38436	450.4415	898.51529
306	1.41861E5	1.02896E5	1.11583E5	4.57945E5	1.97679E6	1.39254E5	4.1158E6	7.94391E6	1.48924E4	5416.88317	3827.47897	3290.33857	2215.1086	1944.13173	1345.32399	1285.46875	1228.66245	1006.5145	1074.40651	1062.78366	857.21972	902.8842
308	1.45082E5	1.10367E5	1.18587E5	2.34626E5	2.68319E6	1.39267E5	1.06255E6	1.36866E7	2.14496E4	7059.74481	4419.64622	2615.37217	2365.34787	1953.01229	1669.99088	1425.92428	1012.65524	1254.9463	982.85423	945.306	852.91754	953.24898
310	1.54321E5	1.04383E5	1.182E5	1.7844E5	2.8652E6	1.5258E5	2.02842E5	1.64222E7	6.12019E4	7407.56556	4363.00398	3312.81743	2184.64687	2039.82103	1740.40974	1240.60917	1173.29233	1120.50008	1076.08133	1055.86094	919.90304	1038.44646
312	1.5224E5	1.18172E5	1.35264E5	1.64499E5	2.45689E6	2.32312E5	1.21063E5	1.42734E7	6.74227E5	9030.05402	4219.20786	3032.34714	2328.84357	1836.14112	1396.39193	1583.52765	1084.55697	1276.81195	1183.6815	973.52055	781.73115	795.83649
314	1.59504E5	1.28833E5	1.38336E5	1.65315E5	1.65003E6	4.82014E5	1.06898E5	8.62252E6	3.12083E6	9926.08828	4612.26595	3048.99946	2234.49909	2047.67626	1686.85027	1397.80583	1190.62725	1176.09131	1181.58477	975.04961	1035.1343	925.72474
316	1.52897E5	1.21392E5	1.40441E5	1.64854E5	9.18499E5	9.81103E5	9.92539E4	3.47169E6	7.76474E6	1.31669E4	4561.84049	3355.31625	2384.05339	2216.10383	1463.80336	1241.76369	1309.12361	1089.89429	758.6446	1037.43592	587.53739	802.21593
318	1.82236E5	1.51911E5	1.56181E5	1.72081E5	4.61081E5	1.65478E6	9.67416E4	8.60776E5	1.25404E7	1.93973E4	5552.50652	3747.34021	2508.96911	1916.62936	1774.20571	1230.05163	1174.00773	1132.97155	1036.11822	958.68889	700.89589	787.6956
320	1.95836E5	1.50244E5	1.53851E5	1.75011E5	2.68089E5	2.23346E6	8.90857E4	1.56528E5	1.45517E7	5.28307E4	6283.29014	3555.66826	2496.70169	2169.06799	1721.989	1373.61922	1334.91237	884.29542	1190.43981	844.89882	800.71596	689.04412
322	2.0674E5	1.55055E5	1.63578E5	1.8317E5	2.10847E5	2.37771E6	1.01562E5	9.3492E4	1.23312E7	5.65541E5	7177.55702	3995.69665	2652.48351	2132.20791	1805.80707	1393.71158	872.77503	1002.80069	1095.61304	850.11148	1035.37611	662.33206
324	2.10107E5	1.6131E5	1.67663E5	1.80942E5	1.99456E5	2.02607E6	1.63946E5	8.16114E4	7.40726E6	2.51119E6	8013.53839	4064.57819	2678.11769	2022.73097	1754.75131	1142.26522	1141.24261	897.06618	1119.06273	1231.30037	908.56518	748.1424
326	2.16844E5	1.66043E5	1.62443E5	1.90607E5	1.98252E5	1.42155E6	3.42776E5	7.53855E4	2.99237E6	6.21108E6	9433.4903	4175.47873	3091.67861	2063.84516	1649.92105	1449.766	1134.87992	987.01518	905.83519	1032.47979	610.42685	962.19104
328	2.15379E5	1.6428E5	1.79832E5	1.92362E5	1.99504E5	8.55123E5	7.0668E5	7.11546E4	7.68282E5	1.0096E7	1.55754E4	4742.51462	2539.44899	2353.92496	1719.2881	1249.39211	1008.40774	1072.09321	1018.88908	1159.44387	960.28237	619.06273
330	2.26215E5	1.91092E5	1.78266E5	1.94796E5	2.01326E5	4.43603E5	1.24117E6	6.89359E4	1.35231E5	1.19731E7	3.8268E4	5000.09586	3234.27239	2440.14392	1499.61115	1293.05939	975.37296	973.29486	994.64229	870.01637	852.98595	794.40328
332	2.51083E5	1.93778E5	1.77609E5	2.03359E5	1.98901E5	2.52883E5	1.70717E6	6.88363E4	8.23629E4	1.0337E7	4.08987E5	6002.39029	3647.80866	2557.72748	1776.74413	1316.80336	886.64245	972.52974	614.98439	721.64718	1027.8914	706.10232
334	2.46294E5	2.00445E5	1.83521E5	2.04138E5	1.97668E5	1.83649E5	1.89663E6	7.32196E4	7.12749E4	6.49985E6	1.93804E6	6589.76852	3520.1414	2498.95421	1836.56356	1251.46326	1073.14415	900.63948	810.52143	669.74455	785.39991	746.04093
336	2.36562E5	1.93553E5	1.84449E5	2.02975E5	2E5	1.6709E5	1.74588E6	1.15629E5	6.47732E4	2.73798E6	5.063E6	8073.63546	3256.48778	2634.73485	1722.47746	1274.51286	1003.15226	1054.61693	906.14988	904.26867	696.18081	763.65022
338	2.62064E5	2.07324E5	1.84011E5	1.9741E5	1.9851E5	1.62319E5	1.3047E6	2.33759E5	6.62597E4	7.67977E5	8.37071E6	1.20254E4	3603.24344	2475.90209	1779.92155	1479.17044	937.34821	891.17142	796.97	679.27936	666.03622	630.04688
340	2.48673E5	1.90563E5	1.85422E5	1.96176E5	1.98697E5	1.58691E5	7.87242E5	5.10397E5	6.34216E4	1.33581E5	1.00063E7	3.14436E4	4202.86342	2585.01415	2027.561	1292.38594	1295.27269	923.24398	860.9836	787.88798	764.41178	629.67796
342	2.44082E5	2.01456E5	1.80737E5	1.91286E5	1.97833E5	1.56409E5	4.19258E5	8.84868E5	6.02567E4	7.34586E4	8.75977E6	3.29342E5	4486.91887	2383.80717	2014.68193	1208.2522	1019.02856	713.28969	886.88917	669.03456	504.32664	727.19393
344	2.50246E5	2.07711E5	1.7562E5	1.92805E5	1.97669E5	1.59418E5	2.10652E5	1.3145E6	6.13983E4	6.23579E4	5.32661E6	1.67065E6	6070.57408	2949.1598	2077.40288	1612.21356	1198.00097	996.72711	772.30953	688.40177	440.58423	621.78987
346	2.475E5	2.07113E5	1.7993E5	1.89069E5	1.94328E5	1.59737E5	1.37458E5	1.5162E6	6.64232E4	6.06628E4	2.25158E6	4.23478E6	6788.89209	2981.34187	1750.04918	1434.05892	1219.24886	808.9836	845.85701	769.31417	716.86585	480.29632
348	2.5171E5	2.00684E5	1.78531E5	1.8715E5	1.90639E5	1.59592E5	1.19857E5	1.45058E6	9.73973E4	6.1788E4	5.63813E5	7.12705E6	1.05074E4	3305.63894	2021.0062	1415.63011	1024.06348	794.16441	811.21634	722.43624	584.73419	651.2804
350	2.54391E5	2.03422E5	1.79691E5	1.76219E5	1.89488E5	1.58592E5	1.12775E5	1.13038E6	1.78834E5	6.23134E4	1.11924E5	8.36057E6	2.30304E4	3806.82318	2268.96487	1640.42083	1005.04698	1055.31047	661.18959	594.55527	622.12467	520.16167
352	2.54069E5	2.01861E5	1.82911E5	1.81394E5	1.8922E5	1.58732E5	1.13238E5	7.14351E5	3.64393E5	6.18943E4	6.58393E4	7.14977E6	2.73189E5	4474.90346	2163.6774	1697.25639	1101.34364	934.73733	855.92714	742.97054	605.67987	621.64109
354	2.76293E5	2.1495E5	1.7947E5	1.77032E5	1.83514E5	1.57201E5	1.15967E5	3.99837E5	6.40671E5	6.45051E4	5.66221E4	4.47845E6	1.30771E6	4870.26249	2328.78426	1709.57992	998.07909	1000.1482	681.15304	607.59393	583.25894	603.96717
356	2.35341E5	2.0217E5	1.74043E5	1.79102E5	1.80589E5	1.63354E5	1.16735E5	2.16079E5	9.44914E5	6.6545E4	5.38616E4	1.8475E6	3.50981E6	6453.9049	2528.12253	1597.97087	1204.97409	898.81812	759.98801	687.41326	634.80777	491.66294
358	2.58266E5	2.03265E5	1.86257E5	1.77304E5	1.78526E5	1.59509E5	1.1742E5	1.40652E5	1.16616E6	7.14661E4	5.71428E4	4.86387E5	5.94074E6	9924.87218	2760.22577	1518.06807	1278.94225	1001.8896	740.42535	760.15106	587.36055	439.28378
360	2.52275E5	2.11814E5	1.75843E5	1.77484E5	1.76877E5	1.61776E5	1.23836E5	1.22662E5	1.18795E6	8.71574E4	5.98632E4	9.67118E4	7.19665E6	2.20301E4	2624.7702	1350.15206	1216.22688	731.9887	639.96648	571.77353	500.34041	462.49447
362	2.50005E5	2.10193E5	1.82356E5	1.71197E5	1.74648E5	1.64224E5	1.28081E5	1.17174E5	1.00203E6	1.34938E5	6.06644E4	5.98596E4	6.46291E6	2.27125E5	3153.71208	1591.07068	1354.39811	987.09694	599.09228	613.41617	559.96209	517.42008
364	2.58305E5	2.14952E5	1.77303E5	1.73819E5	1.73758E5	1.61075E5	1.31769E5	1.19487E5	7.04933E5	2.45707E5	6.40444E4	5.10989E4	4.2041E6	1.18035E6	3977.96063	1853.15841	1264.32652	854.00135	808.5528	682.74757	628.44694	501.9629
366	2.5871E5	2.2369E5	1.80351E5	1.68645E5	1.73359E5	1.60362E5	1.34948E5	1.21749E5	4.19399E5	4.47333E5	6.47967E4	4.79384E4	1.76833E6	3.30142E6	5686.6172	2009.1935	1117.4445	851.99888	735.08141	614.63005	612.59013	518.91497
368	2.61753E5	2.08687E5	1.80206E5	1.69418E5	1.7154E5	1.66541E5	1.3614E5	1.24627E5	2.48512E5	6.86421E5	6.88128E4	5.08634E4	4.74603E5	5.57049E6	8349.27386	2135.59767	1318.50691	911.6206	745.64433	690.15211	646.1026	545.50267
370	2.59807E5	2.23592E5	1.85138E5	1.71359E5	1.67663E5	1.60748E5	1.41979E5	1.31216E5	1.66395E5	9.0743E5	7.24476E4	5.29038E4	8.42548E4	6.65904E6	2.04295E4	2447.95837	1270.55975	1120.24859	728.95191	717.79745	619.49989	517.65027
372	2.47317E5	2.20316E5	1.80196E5	1.727E5	1.70405E5	1.63718E5	1.44747E5	1.34223E5	1.40048E5	9.76985E5	8.55674E4	5.65412E4	5.28805E4	5.76889E6	2.29001E5	2962.49166	1327.47749	1087.30464	945.25084	624.21631	599.12884	475.01308
374	2.76929E5	2.31127E5	1.85952E5	1.73753E5	1.70273E5	1.65738E5	1.47032E5	1.38671E5	1.34155E5	8.73981E5	1.18358E5	5.89556E4	4.51239E4	3.54978E6	1.13571E6	3244.49144	1435.71457	1045.31759	801.1929	598.56122	614.93327	552.90959
376	2.7505E5	2.32827E5	1.90717E5	1.71912E5	1.67809E5	1.64399E5	1.51676E5	1.41297E5	1.35764E5	6.67097E5	1.94143E5	5.89448E4	4.31511E4	1.48378E6	2.90208E6	4684.80565	1651.46428	993.94161	979.12598	729.9465	574.91915	575.8118
378	2.72138E5	2.26845E5	1.88219E5	1.7194E5	1.69875E5	1.61353E5	1.55493E5	1.45439E5	1.36033E5	4.36639E5	3.35534E5	6.20655E4	4.38481E4	3.71289E5	4.88613E6	7168.00698	1763.8285	1109.06674	803.50021	747.89081	477.57675	522.71193
380	2.78985E5	2.38378E5	1.94956E5	1.72619E5	1.70496E5	1.67277E5	1.59151E5	1.48808E5	1.4166E5	2.70187E5	5.20714E5	6.6085E4	4.59157E4	7.27382E4	5.80567E6	1.6704E4	2039.01118	1304.99471	997.83805	700.9869	569.82768	533.81099
382	2.88101E5	2.39168E5	1.88994E5	1.72371E5	1.73056E5	1.70522E5	1.6072E5	1.5252E5	1.44159E5	1.89256E5	6.95934E5	6.90072E4	4.88074E4	4.73628E4	5.29643E6	1.69926E5	2483.54235	1245.38276	962.2098	750.87012	593.19889	619.11617
384	2.93146E5	2.43696E5	1.97556E5	1.79334E5	1.72255E5	1.68659E5	1.62686E5	1.56469E5	1.48448E5	1.53479E5	8.01752E5	7.64114E4	5.2226E4	4.18729E4	3.50182E6	8.60865E5	3104.08224	1277.00147	1017.86112	809.67183	601.5629	505.54757
386	2.84203E5	2.45727E5	2.04846E5	1.82017E5	1.76995E5	1.70508E5	1.67524E5	1.6176E5	1.53395E5	1.44628E5	7.8246E5	9.73105E4	5.43367E4	3.92344E4	1.52829E6	2.40336E6	4258.59826	1398.72223	955.02154	730.41392	425.39271	573.69216
388	3.14846E5	2.48862E5	2.11795E5	1.8514E5	1.75945E5	1.72824E5	1.69375E5	1.65932E5	1.58405E5	1.44255E5	6.57793E5	1.46591E5	5.5394E4	3.91128E4	4.2146E5	4.16853E6	6446.24797	1620.2594	1098.7941	936.66998	614.57696	573.69942
390	3.00427E5	2.59387E5	2.07745E5	1.84718E5	1.76484E5	1.73435E5	1.717E5	1.67385E5	1.59933E5	1.45945E5	4.70027E5	2.42153E5	5.94978E4	4.09844E4	7.49665E4	5.18799E6	1.45923E4	1896.11175	1044.68869	943.98555	720.89272	458.89366
392	3.0565E5	2.79532E5	2.18411E5	1.87866E5	1.80535E5	1.77046E5	1.71185E5	1.74019E5	1.62241E5	1.46225E5	3.04032E5	3.82433E5	6.2034E4	4.49796E4	4.34395E4	4.65512E6	1.84972E5	2234.02485	1038.28335	1017.29448	620.41547	511.63456
394	3.10714E5	2.84908E5	2.14457E5	1.89533E5	1.79439E5	1.75982E5	1.74241E5	1.7355E5	1.65808E5	1.49721E5	2.05335E5	5.37983E5	6.54458E4	4.87742E4	3.75671E4	3.09555E6	8.77847E5	2766.4778	1097.95395	884.91852	770.52362	637.4132
396	3.17972E5	2.7056E5	2.28209E5	1.92511E5	1.84869E5	1.81367E5	1.78067E5	1.76456E5	1.69166E5	1.51918E5	1.58508E5	6.5962E5	7.11232E4	5.00215E4	3.46359E4	1.32701E6	2.42431E6	3877.93769	1547.34354	1002.5222	847.04886	626.53762
398	3.27872E5	2.91924E5	2.2659E5	1.95951E5	1.83015E5	1.77103E5	1.77582E5	1.79257E5	1.72467E5	1.56219E5	1.43561E5	6.92479E5	8.30045E4	5.12645E4	3.26693E4	3.64623E5	4.09022E6	6246.66126	1528.7516	1020.91612	702.54052	485.26423
400	3.47463E5	2.93739E5	2.30557E5	1.97115E5	1.87513E5	1.80218E5	1.76824E5	1.78771E5	1.7541E5	1.59861E5	1.42695E5	6.14167E5	1.12796E5	5.42399E4	3.52153E4	6.62854E4	4.85357E6	1.28695E4	1723.27042	968.68686	847.46031	549.9419
402	3.3383E5	2.93549E5	2.35934E5	2.03744E5	1.89863E5	1.84112E5	1.8109E5	1.8409E5	1.74801E5	1.58959E5	1.43215E5	4.71347E5	1.75347E5	5.7596E4	3.78004E4	3.8149E4	4.20942E6	1.50652E5	2134.0032	1111.85253	815.58865	592.56251
404	3.36403E5	3.03341E5	2.45558E5	2.08168E5	1.91365E5	1.85079E5	1.81705E5	1.83072E5	1.77794E5	1.65756E5	1.43407E5	3.2428E5	2.7318E5	6.16007E4	4.13253E4	3.29409E4	2.60165E6	7.92335E5	2614.74519	1116.80673	850.84771	766.80787
406	3.3896E5	2.94359E5	2.48741E5	2.10352E5	1.89203E5	1.86394E5	1.84967E5	1.8468E5	1.80423E5	1.64695E5	1.46623E5	2.22305E5	4.00801E5	6.2917E4	4.38621E4	3.03843E4	1.06025E6	2.12682E6	3747.47461	1217.25365	851.62608	716.23454
408	3.3959E5	2.94995E5	2.525E5	2.12264E5	1.92418E5	1.88377E5	1.8672E5	1.85598E5	1.81713E5	1.66957E5	1.4855E5	1.63457E5	5.20678E5	6.82006E4	4.49507E4	2.98754E4	2.63046E5	3.64843E6	5577.63235	1510.43777	828.57638	708.29711
410	3.7069E5	3.15295E5	2.56577E5	2.19313E5	1.95895E5	1.89057E5	1.88069E5	1.8713E5	1.83404E5	1.71673E5	1.50488E5	1.41668E5	5.87477E5	7.77579E4	4.67122E4	3.07002E4	5.02419E4	4.39738E6	1.21833E4	1844.96282	882.29083	673.96097
412	3.50529E5	3.16484E5	2.6707E5	2.16684E5	1.98055E5	1.90108E5	1.86102E5	1.88496E5	1.8456E5	1.69528E5	1.53879E5	1.36198E5	5.69407E5	9.70391E4	5.0162E4	3.20977E4	3.33291E4	3.82962E6	1.25287E5	2069.83469	1017.24469	789.20166
414	3.61198E5	3.17008E5	2.67379E5	2.22581E5	1.97594E5	1.93517E5	1.85663E5	1.86748E5	1.82952E5	1.72923E5	1.5845E5	1.36187E5	4.81161E5	1.34613E5	5.24102E4	3.44315E4	3.04376E4	2.43363E6	6.68833E5	2720.85183	1059.04463	707.6841
416	3.66865E5	3.37914E5	2.72268E5	2.25611E5	2.04455E5	1.92721E5	1.87554E5	1.90331E5	1.82443E5	1.74818E5	1.54691E5	1.36396E5	3.63884E5	2.04628E5	5.54475E4	3.78854E4	2.79091E4	1.02067E6	2.00195E6	3596.72412	1171.21325	789.07484
418	3.80378E5	3.33001E5	2.70472E5	2.31965E5	2.06199E5	1.93114E5	1.88492E5	1.91779E5	1.84694E5	1.77721E5	1.60952E5	1.37402E5	2.53008E5	3.03026E5	5.74565E4	3.92468E4	2.60552E4	2.64168E5	3.48252E6	5917.94304	1335.20361	895.54782
420	3.757E5	3.38176E5	2.83466E5	2.3572E5	2.06694E5	1.93376E5	1.90931E5	1.88806E5	1.84659E5	1.77899E5	1.60453E5	1.42506E5	1.80453E5	4.12764E5	6.0654E4	4.17236E4	2.69831E4	4.92763E4	4.31039E6	1.17858E4	1660.63931	847.54947
422	3.44472E5	3.36204E5	2.85992E5	2.33148E5	2.08943E5	1.94862E5	1.86123E5	1.88526E5	1.84279E5	1.77777E5	1.66007E5	1.4473E5	1.46615E5	4.94004E5	6.83694E4	4.37818E4	2.87766E4	3.00063E4	3.84755E6	1.44722E5	1849.34236	854.40876
424	3.73423E5	3.43757E5	2.91802E5	2.42548E5	2.08806E5	1.96156E5	1.87409E5	1.87188E5	1.84275E5	1.76764E5	1.65182E5	1.47088E5	1.34125E5	5.13607E5	7.81726E4	4.62554E4	3.06282E4	2.72972E4	2.44445E6	7.32898E5	2391.91846	854.59381
426	3.88687E5	3.46207E5	2.94532E5	2.4444E5	2.09485E5	1.94057E5	1.87522E5	1.87627E5	1.84578E5	1.80969E5	1.65994E5	1.47111E5	1.32575E5	4.62093E5	1.0113E5	4.83235E4	3.36488E4	2.46436E4	9.93354E5	2.05533E6	3223.48526	1000.31098
428	3.894E5	3.46967E5	2.96986E5	2.49018E5	2.14511E5	1.9843E5	1.8574E5	1.88295E5	1.84031E5	1.79488E5	1.68755E5	1.49754E5	1.32495E5	3.69292E5	1.46672E5	5.11823E4	3.57336E4	2.42958E4	2.51006E5	3.52428E6	5036.56021	1279.09919
430	4.01002E5	3.51348E5	3.00805E5	2.51018E5	2.18526E5	1.9694E5	1.87861E5	1.87961E5	1.82547E5	1.79821E5	1.67607E5	1.52417E5	1.3316E5	2.69167E5	2.1412E5	5.31384E4	3.79595E4	2.52707E4	4.505E4	4.13517E6	1.1652E4	1239.98718
432	3.79827E5	3.5399E5	2.96433E5	2.55563E5	2.1353E5	1.96628E5	1.86026E5	1.87095E5	1.86144E5	1.77475E5	1.7092E5	1.53735E5	1.36138E5	1.92407E5	2.98563E5	5.6513E4	3.96374E4	2.57582E4	2.77364E4	3.46855E6	1.38082E5	1618.01633
434	3.79647E5	3.63732E5	3.10793E5	2.60906E5	2.14658E5	1.98015E5	1.8826E5	1.86654E5	1.84948E5	1.80482E5	1.69904E5	1.54388E5	1.35809E5	1.51808E5	3.77186E5	6.09544E4	4.1038E4	2.80325E4	2.57625E4	2.10096E6	7.03663E5	2212.78567
436	3.78258E5	3.66026E5	3.0832E5	2.56776E5	2.2344E5	1.97778E5	1.85336E5	1.80004E5	1.8296E5	1.76984E5	1.70437E5	1.57367E5	1.41251E5	1.33375E5	4.20448E5	6.59531E4	4.33039E4	3.08727E4	2.4167E4	8.48757E5	1.84306E6	3203.37323
438	3.73577E5	3.62801E5	3.11838E5	2.63232E5	2.2303E5	1.98486E5	1.84498E5	1.80799E5	1.82178E5	1.79388E5	1.69454E5	1.57462E5	1.404E5	1.30432E5	4.1316E5	7.88864E4	4.66519E4	3.30634E4	2.3851E4	2.10787E5	3.12826E6	4392.90917
440	3.87395E5	3.63594E5	3.16834E5	2.63436E5	2.24404E5	1.97957E5	1.85215E5	1.82168E5	1.80337E5	1.78473E5	1.69355E5	1.57177E5	1.40612E5	1.29227E5	3.60816E5	1.04541E5	4.84913E4	3.48629E4	2.34011E4	3.8818E4	3.76476E6	9251.36022
442	3.84146E5	3.49952E5	3.17159E5	2.64903E5	2.24648E5	1.99595E5	1.83402E5	1.83519E5	1.80609E5	1.76698E5	1.70604E5	1.57272E5	1.43384E5	1.28747E5	2.84032E5	1.4477E5	5.04215E4	3.64487E4	2.50474E4	2.62696E4	3.26441E6	9.00126E4
444	3.90342E5	3.54106E5	3.20831E5	2.66626E5	2.27585E5	1.9839E5	1.81851E5	1.79546E5	1.80228E5	1.75233E5	1.67827E5	1.58077E5	1.44327E5	1.29524E5	2.08619E5	2.05069E5	5.30093E4	3.72782E4	2.67043E4	2.48555E4	2.00684E6	5.18166E5
446	3.77021E5	3.57924E5	3.20123E5	2.65294E5	2.2271E5	1.95685E5	1.80112E5	1.79012E5	1.78118E5	1.75029E5	1.70917E5	1.57559E5	1.45249E5	1.2931E5	1.54231E5	2.70242E5	5.52308E4	4.02744E4	2.77913E4	2.31498E4	8.09697E5	1.62047E6
448	3.77402E5	3.6676E5	3.23761E5	2.72323E5	2.25975E5	1.98586E5	1.81043E5	1.76984E5	1.75844E5	1.7221E5	1.6912E5	1.57882E5	1.4842E5	1.3057E5	1.29156E5	3.27548E5	5.95406E4	4.25401E4	3.08739E4	2.2762E4	2.03666E5	2.97904E6
450	3.72281E5	3.73645E5	3.14395E5	2.73449E5	2.29396E5	1.9693E5	1.8153E5	1.7607E5	1.75423E5	1.7094E5	1.68342E5	1.57203E5	1.45314E5	1.32327E5	1.16897E5	3.55697E5	6.756E4	4.42998E4	3.32216E4	2.29099E4	3.8649E4	3.74588E6
452	3.83932E5	3.61364E5	3.15853E5	2.74911E5	2.28659E5	1.98617E5	1.78935E5	1.75572E5	1.73596E5	1.73079E5	1.67395E5	1.56582E5	1.4611E5	1.34079E5	1.14333E5	3.41871E5	8.28572E4	4.71439E4	3.42597E4	2.33592E4	2.56859E4	3.29318E6
454	3.67409E5	3.67003E5	3.29283E5	2.71572E5	2.28159E5	1.95272E5	1.78955E5	1.735E5	1.72252E5	1.70367E5	1.64945E5	1.57855E5	1.48047E5	1.35415E5	1.11937E5	2.92605E5	1.11785E5	4.78782E4	3.60833E4	2.51308E4	2.35724E4	2.06152E6
456	3.84618E5	3.56476E5	3.18837E5	2.79579E5	2.27519E5	1.92977E5	1.74301E5	1.68271E5	1.69376E5	1.66071E5	1.62305E5	1.53809E5	1.48752E5	1.35091E5	1.13402E5	2.25385E5	1.56849E5	5.08121E4	3.76343E4	2.69739E4	2.1773E4	8.13684E5
458	3.7913E5	3.62372E5	3.19532E5	2.72249E5	2.27382E5	1.95355E5	1.75514E5	1.68595E5	1.67212E5	1.66593E5	1.62563E5	1.55505E5	1.43525E5	1.35423E5	1.1354E5	1.66062E5	2.09123E5	5.15045E4	3.92956E4	2.82414E4	2.08668E4	1.94073E5
460	3.70853E5	3.57162E5	3.17942E5	2.75174E5	2.26752E5	1.95186E5	1.75673E5	1.65667E5	1.65182E5	1.64297E5	1.60514E5	1.54367E5	1.45787E5	1.35697E5	1.12839E5	1.28239E5	2.61514E5	5.45787E4	4.1635E4	3.0376E4	2.13936E4	3.48262E4
462	3.75768E5	3.59002E5	3.05109E5	2.75331E5	2.32825E5	1.92387E5	1.72992E5	1.65671E5	1.62323E5	1.62153E5	1.60162E5	1.51674E5	1.44975E5	1.35919E5	1.13348E5	1.08491E5	2.9407E5	5.90579E4	4.31306E4	3.23277E4	2.14913E4	2.22927E4
464	3.98999E5	3.61314E5	3.15874E5	2.70696E5	2.29081E5	1.92635E5	1.71293E5	1.6471E5	1.60921E5	1.58771E5	1.55513E5	1.51306E5	1.45006E5	1.37221E5	1.14464E5	1.01174E5	2.98188E5	6.88534E4	4.57085E4	3.42846E4	2.19903E4	2.02034E4
466	4.07313E5	3.46836E5	3.19895E5	2.70665E5	2.28395E5	1.88971E5	1.68352E5	1.58406E5	1.57867E5	1.56883E5	1.54096E5	1.47431E5	1.43416E5	1.3472E5	1.12574E5	9.91797E4	2.69766E5	8.31312E4	4.56878E4	3.5034E4	2.29017E4	1.92068E4
468	4.95915E5	3.48569E5	3.09174E5	2.74985E5	2.25606E5	1.91347E5	1.66616E5	1.61069E5	1.5687E5	1.57176E5	1.54322E5	1.46394E5	1.41563E5	1.36798E5	1.14346E5	9.83328E4	2.21984E5	1.11077E5	4.73104E4	3.54399E4	2.41275E4	1.81892E4
470	9.49247E5	3.41376E5	3.1274E5	2.75953E5	2.23663E5	1.87781E5	1.66499E5	1.56499E5	1.54448E5	1.52778E5	1.51367E5	1.45898E5	1.42557E5	1.34801E5	1.14326E5	9.8239E4	1.72341E5	1.46522E5	4.73697E4	3.68813E4	2.5332E4	1.80536E4
472	1.95936E6	3.42751E5	3.0679E5	2.73104E5	2.22202E5	1.84978E5	1.67459E5	1.54249E5	1.53599E5	1.51856E5	1.48911E5	1.4593E5	1.3937E5	1.31958E5	1.15326E5	9.70597E4	1.30422E5	1.90153E5	5.05367E4	3.86079E4	2.69082E4	1.73312E4
474	3.55496E6	3.42621E5	3.17324E5	2.67441E5	2.2234E5	1.87746E5	1.63873E5	1.52569E5	1.5017E5	1.4815E5	1.46582E5	1.43011E5	1.40611E5	1.33869E5	1.14091E5	9.51671E4	1.03659E5	2.29713E5	5.15901E4	3.96144E4	2.81468E4	1.83742E4
476	5.79003E6	3.28113E5	3.034E5	2.62754E5	2.21725E5	1.8396E5	1.6018E5	1.51423E5	1.49591E5	1.48477E5	1.4599E5	1.40628E5	1.37063E5	1.3256E5	1.15405E5	9.673E4	9.12465E4	2.57706E5	5.55157E4	3.99118E4	2.86438E4	1.84296E4
478	8.7139E6	3.3635E5	3.09508E5	2.61631E5	2.14684E5	1.83289E5	1.58439E5	1.50737E5	1.45399E5	1.45014E5	1.41479E5	1.36565E5	1.33372E5	1.29419E5	1.12518E5	9.6285E4	8.6591E4	2.57793E5	6.42491E4	4.08802E4	2.99884E4	1.92205E4
480	1.12748E7	3.26841E5	2.98375E5	2.57187E5	2.15874E5	1.80698E5	1.57398E5	1.45123E5	1.44369E5	1.41614E5	1.39987E5	1.37354E5	1.31317E5	1.29633E5	1.11776E5	9.49046E4	8.4584E4	2.27648E5	8.00822E4	4.19473E4	2.94506E4	1.96416E4
482	1.25883E7	3.24803E5	2.95979E5	2.52073E5	2.18029E5	1.77566E5	1.5537E5	1.43716E5	1.39015E5	1.35558E5	1.35269E5	1.33406E5	1.30687E5	1.26888E5	1.11876E5	9.48817E4	8.32738E4	1.85287E5	1.03789E5	4.19313E4	2.96416E4	2.149E4
484	1.22702E7	3.3885E5	2.91399E5	2.53628E5	2.12549E5	1.75749E5	1.50358E5	1.41149E5	1.3465E5	1.34911E5	1.34995E5	1.29843E5	1.29588E5	1.24984E5	1.08855E5	9.57662E4	8.10504E4	1.39374E5	1.38437E5	4.27296E4	3.05804E4	2.25861E4
486	1.03528E7	3.62897E5	2.90542E5	2.49529E5	2.07019E5	1.7291E5	1.51624E5	1.36898E5	1.37666E5	1.32408E5	1.31528E5	1.27393E5	1.25743E5	1.22675E5	1.08102E5	9.30912E4	8.02049E4	1.05917E5	1.72567E5	4.37083E4	3.20028E4	2.27356E4
488	7.32463E6	5.55545E5	2.77853E5	2.49364E5	2.04914E5	1.68192E5	1.48698E5	1.35351E5	1.33361E5	1.29411E5	1.27449E5	1.24681E5	1.22957E5	1.20738E5	1.09514E5	9.31331E4	7.98837E4	8.57132E4	2.04331E5	4.54832E4	3.25628E4	2.32217E4
490	4.58176E6	1.15996E6	2.73222E5	2.48362E5	2.04706E5	1.69523E5	1.46493E5	1.34221E5	1.32692E5	1.28045E5	1.27079E5	1.2384E5	1.21503E5	1.18625E5	1.06574E5	9.27171E4	8.01258E4	7.68146E4	2.17296E5	5.07123E4	3.2639E4	2.35533E4
492	2.13921E6	2.49882E6	2.78948E5	2.45709E5	2.02746E5	1.68123E5	1.43941E5	1.3148E5	1.27441E5	1.27388E5	1.22507E5	1.20899E5	1.18287E5	1.18367E5	1.03754E5	9.13403E4	7.96981E4	7.2066E4	2.12041E5	6.00478E4	3.19476E4	2.35865E4
494	8.98962E5	4.52833E6	2.71918E5	2.36684E5	2.00728E5	1.64676E5	1.42448E5	1.31624E5	1.25847E5	1.21998E5	1.2133E5	1.17774E5	1.18001E5	1.14653E5	1.03909E5	8.97835E4	7.81319E4	6.95642E4	1.87448E5	7.43612E4	3.42284E4	2.41351E4
496	4.81165E5	7.31294E6	2.7034E5	2.40668E5	2.00443E5	1.59719E5	1.40694E5	1.27879E5	1.21871E5	1.19506E5	1.18932E5	1.16318E5	1.14558E5	1.14834E5	1.0226E5	8.95681E4	7.83271E4	6.99325E4	1.54301E5	9.7065E4	3.39506E4	2.46374E4
498	4.39951E5	1.03436E7	2.70464E5	2.37489E5	1.91847E5	1.58304E5	1.38619E5	1.23469E5	1.22105E5	1.17292E5	1.16084E5	1.1344E5	1.11905E5	1.13336E5	1.00894E5	8.99713E4	7.68044E4	6.87023E4	1.17068E5	1.24724E5	3.4511E4	2.5718E4
500	3.9415E5	1.27642E7	2.67038E5	2.30312E5	1.98582E5	1.55598E5	1.34979E5	1.24256E5	1.18337E5	1.15074E5	1.12372E5	1.11339E5	1.10145E5	1.10339E5	9.882E4	8.75379E4	7.61109E4	6.8636E4	8.94376E4	1.51514E5	3.55381E4	2.54789E4
502	3.55518E5	1.38468E7	2.62107E5	2.30274E5	1.91432E5	1.57637E5	1.34675E5	1.21611E5	1.1688E5	1.15014E5	1.11837E5	1.08008E5	1.07762E5	1.09952E5	9.80514E4	8.49268E4	7.48092E4	6.68341E4	7.22912E4	1.75539E5	3.74276E4	2.56654E4
504	3.84332E5	1.307E7	2.70471E5	2.22705E5	1.86798E5	1.53428E5	1.29829E5	1.21428E5	1.13803E5	1.0895E5	1.09462E5	1.06563E5	1.07092E5	1.06969E5	9.54418E4	8.37535E4	7.51041E4	6.49152E4	6.42059E4	1.84666E5	4.12268E4	2.58249E4
506	3.64412E5	1.07148E7	2.97047E5	2.24037E5	1.82488E5	1.5142E5	1.31658E5	1.1684E5	1.09778E5	1.0933E5	1.06612E5	1.03647E5	1.04684E5	1.03899E5	9.24031E4	8.3061E4	7.33181E4	6.52994E4	5.97596E4	1.7503E5	5.06125E4	2.61051E4
508	3.54129E5	7.77845E6	4.98112E5	2.20332E5	1.83519E5	1.48436E5	1.27467E5	1.16871E5	1.10849E5	1.06857E5	1.03744E5	1.03936E5	1.01246E5	1.03039E5	9.18798E4	8.05974E4	7.26184E4	6.44484E4	5.8205E4	1.54681E5	6.28507E4	2.67199E4
510	4.18131E5	4.5622E6	1.2292E6	2.19823E5	1.80365E5	1.47316E5	1.23947E5	1.10933E5	1.06297E5	1.05158E5	1.01866E5	1.01688E5	9.58535E4	9.9854E4	9.0553E4	8.08458E4	7.08636E4	6.40325E4	5.7514E4	1.19876E5	8.38636E4	2.57161E4
512	5.52134E5	2.05391E6	2.79579E6	2.11662E5	1.72652E5	1.42787E5	1.24259E5	1.12001E5	1.04807E5	1.01491E5	1.0025E5	9.67023E4	9.71956E4	9.72472E4	8.73576E4	7.93542E4	7.00959E4	6.16133E4	5.53972E4	9.23428E4	1.05032E5	2.68131E4
514	7.75532E5	8.24737E5	5.07423E6	2.06614E5	1.69552E5	1.39478E5	1.20558E5	1.10097E5	1.02071E5	9.95882E4	9.7087E4	9.55824E4	9.44073E4	9.4356E4	8.49121E4	7.70344E4	7.06456E4	6.08199E4	5.53645E4	7.07654E4	1.28998E5	2.83593E4
516	1.08915E6	4.20859E5	7.95182E6	2.05186E5	1.70237E5	1.3668E5	1.1552E5	1.06426E5	9.95166E4	9.67753E4	9.45255E4	9.32582E4	9.25902E4	9.34596E4	8.49821E4	7.46874E4	6.75538E4	6.04357E4	5.38689E4	5.73217E4	1.4487E5	3.0526E4
518	1.50718E6	3.65354E5	1.09712E7	2.0391E5	1.66977E5	1.39596E5	1.17758E5	1.07701E5	1.00391E5	9.73899E4	9.22998E4	9.08647E4	9.05642E4	9.08652E4	8.24597E4	7.58209E4	6.71927E4	5.96598E4	5.24336E4	5.06694E4	1.528E5	3.43027E4
520	1.91436E6	3.4053E5	1.33288E7	2.07049E5	1.61705E5	1.35296E5	1.16823E5	1.02963E5	9.51418E4	9.29776E4	9.20527E4	8.84971E4	8.88022E4	8.9482E4	8.03399E4	7.3069E4	6.58658E4	5.88301E4	5.14054E4	4.84012E4	1.4335E5	4.14894E4
522	2.23053E6	3.18989E5	1.39484E7	2.03525E5	1.6141E5	1.31895E5	1.12869E5	1.00726E5	9.42906E4	9.24093E4	8.84303E4	8.52971E4	8.65442E4	8.66864E4	8.05649E4	7.14452E4	6.40569E4	5.61664E4	5.01663E4	4.56528E4	1.2625E5	5.21486E4
524	2.49582E6	3.06539E5	1.27275E7	2.02725E5	1.56091E5	1.29534E5	1.11728E5	9.93939E4	9.3593E4	8.62191E4	8.67852E4	8.36023E4	8.51517E4	8.45213E4	7.86156E4	6.98654E4	6.32954E4	5.71562E4	5.04298E4	4.47291E4	9.94848E4	6.84455E4
526	2.61116E6	2.83765E5	1.03257E7	2.34242E5	1.53351E5	1.28543E5	1.0704E5	9.53667E4	9.21478E4	8.70586E4	8.46437E4	8.18384E4	8.30731E4	8.22278E4	7.61487E4	6.89587E4	6.26109E4	5.59199E4	5.00639E4	4.42485E4	7.65583E4	8.70283E4
528	2.40535E6	2.94857E5	7.23802E6	4.51565E5	1.56954E5	1.23982E5	1.06174E5	9.51469E4	8.91799E4	8.65987E4	8.32295E4	7.86836E4	8.11894E4	8.02832E4	7.34029E4	6.76323E4	6.09808E4	5.38229E4	4.87438E4	4.3704E4	5.74972E4	1.06211E5
530	2.1361E6	2.86165E5	4.15353E6	1.21523E6	1.523E5	1.24757E5	1.05219E5	9.3698E4	8.52911E4	8.34566E4	7.9189E4	7.77651E4	7.91831E4	7.887E4	7.32824E4	6.61678E4	5.888E4	5.4423E4	4.80668E4	4.14318E4	4.60194E4	1.18435E5
532	1.62889E6	3.20489E5	1.84286E6	2.89391E6	1.51594E5	1.23955E5	9.86318E4	9.01162E4	8.40805E4	7.94375E4	7.86123E4	7.5288E4	7.60274E4	7.77497E4	7.04899E4	6.40338E4	5.87219E4	5.23242E4	4.56803E4	4.02274E4	3.97983E4	1.2511E5
534	1.21908E6	4.21876E5	6.78151E5	5.41205E6	1.4831E5	1.18558E5	9.78817E4	8.78264E4	8.33683E4	7.82293E4	7.52461E4	7.47891E4	7.3364E4	7.59018E4	6.83162E4	6.19833E4	5.57209E4	5.19204E4	4.49995E4	4.0362E4	3.68414E4	1.20372E5
536	7.38E5	6.06278E5	3.47164E5	8.44485E6	1.45696E5	1.15415E5	9.60088E4	8.79843E4	8.1915E4	7.53497E4	7.42996E4	7.32399E4	7.3561E4	7.1489E4	6.66165E4	6.1366E4	5.45303E4	5.13944E4	4.49266E4	3.84517E4	3.5341E4	1.04207E5
538	4.65225E5	9.16687E5	3.03217E5	1.13315E7	1.42787E5	1.15801E5	9.42896E4	8.52476E4	7.92641E4	7.45645E4	7.19063E4	7.0459E4	6.90763E4	6.98617E4	6.46532E4	5.97281E4	5.37822E4	4.90622E4	4.41392E4	3.76489E4	3.36462E4	8.35433E4
540	3.32999E5	1.30827E6	2.66551E5	1.34365E7	1.45293E5	1.09584E5	9.60382E4	8.13146E4	7.68902E4	7.10107E4	7.04795E4	6.74142E4	6.76586E4	6.86228E4	6.29449E4	5.76423E4	5.26598E4	4.75827E4	4.37699E4	3.74426E4	3.34711E4	6.24867E4
542	2.6755E5	1.72572E6	2.59551E5	1.37619E7	1.44775E5	1.09663E5	9.21827E4	8.24342E4	7.54054E4	7.18946E4	6.81945E4	6.57608E4	6.61493E4	6.44509E4	6.0083E4	5.70429E4	5.1031E4	4.74678E4	4.06799E4	3.77793E4	3.28871E4	4.66392E4
544	2.3668E5	2.18213E6	2.46288E5	1.22849E7	1.48378E5	1.07864E5	9.13819E4	7.99381E4	7.34826E4	6.86573E4	6.57833E4	6.34356E4	6.47524E4	6.49944E4	5.91624E4	5.42625E4	5.02306E4	4.52787E4	3.98538E4	3.5553E4	3.12472E4	3.5851E4
546	2.03948E5	2.53836E6	2.43231E5	9.72417E6	1.90502E5	1.04936E5	8.67566E4	7.5406E4	7.24461E4	6.74258E4	6.43305E4	6.23778E4	6.32348E4	6.19291E4	5.74689E4	5.37933E4	4.9536E4	4.45136E4	4.05381E4	3.51125E4	3.10013E4	3.00862E4
548	2.01565E5	2.748E6	2.30636E5	6.63623E6	4.51213E5	1.04576E5	8.32528E4	7.73261E4	6.94759E4	6.6072E4	6.28022E4	6.05805E4	6.16751E4	6.08677E4	5.62218E4	5.20612E4	4.74272E4	4.31891E4	3.8698E4	3.4305E4	3.00435E4	2.79786E4
550	1.96968E5	2.66158E6	2.15007E5	3.7782E6	1.29708E6	9.9673E4	8.26206E4	7.38958E4	6.66988E4	6.41769E4	6.25825E4	5.7489E4	5.90599E4	5.91707E4	5.5726E4	5.01431E4	4.61417E4	4.22313E4	3.71659E4	3.33592E4	2.88506E4	2.59299E4
552	2.00447E5	2.50011E6	2.27042E5	1.67315E6	2.97007E6	1.05691E5	8.26335E4	7.22292E4	6.73988E4	6.38113E4	6.00692E4	5.90328E4	5.69545E4	5.70172E4	5.42177E4	5.00892E4	4.43544E4	4.14476E4	3.58491E4	3.48714E4	2.84489E4	2.55558E4
554	2.00362E5	2.05822E6	2.31358E5	6.29152E5	5.44441E6	9.90126E4	8.10971E4	7.07493E4	6.41172E4	5.96628E4	5.97562E4	5.71251E4	5.49367E4	5.6021E4	5.27337E4	4.70369E4	4.36381E4	4.00119E4	3.58421E4	3.29747E4	2.7893E4	2.5152E4
556	1.70455E5	1.61131E6	2.92412E5	3.02886E5	8.26834E6	9.80595E4	7.87694E4	7.01699E4	6.18034E4	5.85733E4	5.77131E4	5.59939E4	5.31205E4	5.40571E4	4.89889E4	4.54027E4	4.28459E4	3.86814E4	3.55786E4	3.12533E4	2.72113E4	2.42243E4
558	1.76419E5	1.09141E6	4.10493E5	2.49017E5	1.10779E7	9.94149E4	7.78106E4	6.86569E4	6.42006E4	5.82153E4	5.46082E4	5.33226E4	5.28712E4	5.38229E4	5.02774E4	4.46686E4	4.10347E4	3.8662E4	3.43898E4	3.12592E4	2.70597E4	2.45921E4
560	1.8488E5	6.9707E5	6.23216E5	2.25E5	1.29517E7	9.80517E4	7.77512E4	6.65314E4	6.21247E4	5.69643E4	5.42673E4	5.34556E4	5.13437E4	5.20926E4	4.62302E4	4.42192E4	4.04736E4	3.60355E4	3.35828E4	2.90553E4	2.65482E4	2.31352E4
562	1.73608E5	4.34007E5	9.48198E5	2.14236E5	1.3302E7	9.73792E4	7.11769E4	6.58284E4	5.81205E4	5.55189E4	5.25585E4	5.02586E4	4.80587E4	5.04622E4	4.54964E4	4.1969E4	3.90124E4	3.48731E4	3.25431E4	2.92534E4	2.65647E4	2.27522E4
564	1.94755E5	2.77321E5	1.3549E6	2.02411E5	1.17181E7	1.08542E5	7.22551E4	6.24355E4	5.76822E4	5.14652E4	5.01712E4	4.9176E4	4.84675E4	4.72581E4	4.4258E4	4.00487E4	3.83504E4	3.47957E4	3.10927E4	2.83723E4	2.44858E4	2.2466E4
566	1.72932E5	2.00622E5	1.74992E6	1.99462E5	9.21579E6	1.40988E5	7.25586E4	6.37728E4	5.5181E4	5.18224E4	5.09823E4	4.65964E4	4.72285E4	4.74983E4	4.38697E4	4.03212E4	3.64448E4	3.36101E4	3.05618E4	2.7394E4	2.43929E4	2.10662E4
568	1.76132E5	1.80537E5	2.16959E6	1.97265E5	6.16001E6	4.19404E5	7.13248E4	6.30147E4	5.33501E4	4.99192E4	4.84292E4	4.56239E4	4.64651E4	4.61894E4	4.15584E4	3.81048E4	3.66924E4	3.18495E4	2.88368E4	2.69242E4	2.28822E4	1.97339E4
570	1.67212E5	1.57564E5	2.45542E6	1.82705E5	3.36303E6	1.31393E6	7.09706E4	6.10204E4	5.26924E4	4.75463E4	4.58341E4	4.42638E4	4.36191E4	4.43383E4	4.12021E4	3.64058E4	3.4562E4	3.18234E4	2.95937E4	2.55678E4	2.27539E4	1.98131E4
572	1.95863E5	1.55626E5	2.58931E6	1.7646E5	1.42707E6	3.01217E6	6.94668E4	5.93504E4	5.2395E4	4.73649E4	4.68285E4	4.29501E4	4.31309E4	4.24692E4	3.93382E4	3.57576E4	3.35239E4	3.16735E4	2.83798E4	2.54446E4	2.23329E4	1.94517E4
574	1.67942E5	1.57794E5	2.44931E6	1.75809E5	5.10408E5	5.42455E6	7.15422E4	5.60571E4	4.88155E4	4.68959E4	4.4732E4	4.12782E4	4.07362E4	4.09109E4	3.78636E4	3.38071E4	3.22688E4	2.89664E4	2.78075E4	2.57838E4	2.16556E4	1.97735E4
576	1.43791E5	1.40137E5	2.20273E6	1.78752E5	2.52916E5	8.19856E6	6.95022E4	5.59697E4	5.0209E4	4.43141E4	4.28725E4	4.14278E4	4.05088E4	4.08165E4	3.75519E4	3.34144E4	3.11158E4	2.9299E4	2.52016E4	2.47441E4	2.03882E4	1.80234E4
578	1.58549E5	1.4161E5	1.80081E6	2.02062E5	2.15399E5	1.06808E7	6.95394E4	5.59792E4	5.01345E4	4.4991E4	4.29689E4	4.12983E4	3.90709E4	3.87341E4	3.67202E4	3.31129E4	3.13856E4	2.81352E4	2.60484E4	2.33798E4	2.07304E4	1.82945E4
580	1.55215E5	1.37859E5	1.3545E6	2.61898E5	1.91624E5	1.23899E7	6.62712E4	5.30156E4	4.53976E4	4.15064E4	4.02858E4	3.74977E4	3.81434E4	3.80252E4	3.43314E4	3.11648E4	2.98959E4	2.7028E4	2.50879E4	2.25595E4	1.99648E4	1.72039E4
582	1.63455E5	1.27966E5	9.42985E5	3.85755E5	1.83063E5	1.24595E7	7.29989E4	5.46384E4	4.53852E4	4.09022E4	3.9814E4	3.67078E4	3.64579E4	3.61334E4	3.36785E4	3.03875E4	2.73655E4	2.6908E4	2.36921E4	2.24509E4	2.00973E4	1.63276E4
584	1.65744E5	1.32405E5	6.05194E5	5.94551E5	1.70754E5	1.0857E7	7.7435E4	5.22984E4	4.30016E4	4.1868E4	3.93404E4	3.62834E4	3.45785E4	3.54427E4	3.30199E4	3.00673E4	2.74194E4	2.62626E4	2.46068E4	2.10972E4	1.9203E4	1.63415E4
586	1.46586E5	1.1917E5	3.544E5	8.98313E5	1.68725E5	8.299E6	1.01876E5	5.20011E4	4.44033E4	4.01191E4	3.72551E4	3.47335E4	3.45686E4	3.51184E4	3.11578E4	2.917E4	2.87291E4	2.57759E4	2.3279E4	2.27665E4	1.76502E4	1.53425E4
588	1.30071E5	1.15293E5	2.37094E5	1.26506E6	1.71972E5	5.40584E6	3.61366E5	5.20465E4	4.42256E4	3.95623E4	3.66294E4	3.51434E4	3.46672E4	3.36178E4	3.18502E4	2.83482E4	2.59704E4	2.51212E4	2.27548E4	2.01026E4	1.78717E4	1.58556E4
590	1.26301E5	1.29235E5	1.84782E5	1.66753E6	1.61432E5	2.87133E6	1.23425E6	5.28867E4	4.15188E4	3.64526E4	3.43483E4	3.19504E4	3.26326E4	3.33745E4	2.96238E4	2.72128E4	2.59043E4	2.42799E4	2.27638E4	2.06935E4	1.79495E4	1.55166E4
592	1.36589E5	1.32201E5	1.53433E5	1.98356E6	1.57996E5	1.14626E6	2.9662E6	4.87679E4	4.20997E4	3.77928E4	3.47539E4	3.15804E4	3.16257E4	3.14931E4	2.8883E4	2.60699E4	2.48398E4	2.20371E4	2.13214E4	1.90879E4	1.69321E4	1.49392E4
594	1.49512E5	1.16526E5	1.37802E5	2.22506E6	1.59979E5	3.98173E5	5.33166E6	4.87087E4	4.05428E4	3.5782E4	3.19561E4	3.15003E4	3.12818E4	3.04439E4	2.79676E4	2.59342E4	2.47931E4	2.25237E4	2.0746E4	1.90279E4	1.666E4	1.4E4
596	1.54749E5	1.32194E5	1.37931E5	2.28603E6	1.64141E5	2.05013E5	8.03821E6	5.11061E4	3.85708E4	3.59136E4	3.25909E4	3.19182E4	3.04181E4	2.86317E4	2.589E4	2.54904E4	2.38553E4	2.19699E4	2.02806E4	1.93407E4	1.59115E4	1.43379E4
598	1.62382E5	1.27823E5	1.32935E5	2.16866E6	1.5904E5	1.76067E5	1.03723E7	5.11607E4	3.84404E4	3.51263E4	3.1377E4	2.99491E4	2.83322E4	3.02329E4	2.65383E4	2.39845E4	2.2682E4	2.18827E4	2.00783E4	1.71161E4	1.53374E4	1.37152E4
600	1.64167E5	1.3139E5	1.28312E5	1.91105E6	1.64757E5	1.56136E5	1.1743E7	4.97105E4	3.69358E4	3.24536E4	3.10418E4	2.92673E4	2.73254E4	2.70792E4	2.63825E4	2.5455E4	2.17724E4	2.07326E4	1.9089E4	1.76515E4	1.44104E4	1.4064E4
