300	1.38706E5	1.07239E5	1.21474E5	2.83977E6	2.71879E5	2.25202E5	1.94945E7	6.07278E4	8527.78463	5245.88426	3227.81604	3226.8322	2128.77353	1851.86459	1967.70006	1567.26369	1355.01268	1074.58849	1356.41932	916.98749	1110.51322	917.5903
302	1.10447E5	1.16311E5	1.1803E5	1.85464E6	5.86522E5	1.43308E5	1.64394E7	6.81848E5	1.0158E4	5065.9924	3445.05689	2774.01845	2234.22938	1982.41971	1807.9342	1591.87888	965.53895	1301.84568	1262.26649	1104.57627	1554.45525	950.01667
304	1.19053E5	1.09281E5	1.18441E5	9.75302E5	1.18921E6	1.34111E5	1.03375E7	3.08531E6	1.13975E4	5371.51813	3657.06253	3334.67383	2514.29	2150.20862	1891.15621	1513.30707	1498.23273	1070.18814	998.30425	1126.97078	1169.74886	846.33464
306	1.32365E5	1.13192E5	1.1848E5	4.61302E5	1.97665E6	1.21793E5	4.26609E6	8.07706E6	1.45969E4	5855.92143	4363.88583	2933.69911	2268.52609	1618.97353	1580.82305	1669.74864	987.4054	1161.81101	998.26221	915.02745	1177.38461	791.66649
308	1.35296E5	1.11481E5	1.21446E5	2.26103E5	2.67626E6	1.16166E5	1.06707E6	1.42058E7	2.10806E4	6736.10979	4430.71358	3389.39184	2226.65688	2141.43627	1993.32139	1475.36153	1124.2776	1203.53786	1116.7266	1191.52969	1019.08317	958.68842
310	1.22822E5	1.10558E5	1.27082E5	1.62983E5	2.91426E6	1.24276E5	2.07293E5	1.74223E7	5.41034E4	7170.0425	4305.67235	3691.62816	2111.13611	2281.58079	1524.90095	1491.60777	1122.48479	1122.0933	971.89647	924.48728	1012.13686	752.70946
312	1.21853E5	1.04338E5	1.26638E5	1.39632E5	2.50172E6	1.99079E5	1.18086E5	1.53668E7	6.03885E5	7524.19206	4608.21809	3404.57495	2304.6011	1809.15468	1689.42553	1548.17622	1065.03642	1142.56879	984.42005	898.40893	1155.76231	702.29973
314	1.10614E5	1.16092E5	1.23083E5	1.31393E5	1.63247E6	4.50819E5	1.0067E5	9.75467E6	2.93395E6	8997.50196	4349.99483	4259.86611	2177.82469	2337.91039	1641.49504	1260.70039	1111.00159	1090.76188	1022.8453	1075.5846	1281.14743	996.57354
316	1.29558E5	1.15742E5	1.18988E5	1.29057E5	8.65586E5	9.46781E5	9.46541E4	3.96504E6	7.50373E6	1.21357E4	4559.87369	3943.91193	2206.14903	1891.40479	1474.92188	1481.67342	1146.32122	1309.69568	1062.48608	905.35868	1052.33876	729.35358
318	1.31258E5	1.16491E5	1.24555E5	1.34448E5	4.08877E5	1.63567E6	8.82001E4	1.01313E6	1.21749E7	1.90894E4	5451.25929	4207.72821	2374.59806	1868.04635	1678.02184	1642.62626	1311.5956	947.51897	1212.42389	809.14707	1196.74958	707.58523
320	1.34528E5	1.25528E5	1.2916E5	1.32328E5	2.0421E5	2.23502E6	8.66846E4	1.64E5	1.4266E7	4.88912E4	6372.82058	4126.5897	2476.09579	2069.42508	1615.90508	1290.27284	1078.06426	947.75276	1043.01424	892.54869	1279.25697	548.11182
322	1.35354E5	1.09095E5	1.2206E5	1.28687E5	1.42976E5	2.383E6	9.17465E4	9.62263E4	1.22512E7	5.14561E5	7443.7981	4446.92853	2821.07459	2022.45138	1664.35561	1321.70002	1272.34396	1137.1623	1086.05117	839.60034	1271.86915	819.18894
324	1.4147E5	1.14928E5	1.19213E5	1.28739E5	1.31479E5	2.03956E6	1.4698E5	8.33293E4	7.48516E6	2.31025E6	7691.82944	4470.23271	3019.56376	2125.17135	1824.79442	1167.44872	1114.48131	948.50573	1143.64627	909.12664	951.97849	689.94426
326	1.43594E5	1.14377E5	1.2215E5	1.2706E5	1.26017E5	1.41877E6	3.22702E5	7.58774E4	3.11704E6	6.03683E6	1.03934E4	4724.72459	2986.21542	2158.5068	1516.07068	1509.76951	1233.87168	1064.94522	863.31383	833.64744	1089.63825	698.94169
328	1.61173E5	1.21761E5	1.11286E5	1.28124E5	1.28308E5	8.25033E5	6.78479E5	7.40161E4	8.05465E5	1.01604E7	1.56662E4	4984.72201	2953.96633	2460.35853	1674.32323	1425.27341	866.51235	1013.67172	849.79203	894.51461	978.0174	734.84599
330	1.6705E5	1.23709E5	1.19892E5	1.33883E5	1.28245E5	4.05868E5	1.215E6	7.33022E4	1.43453E5	1.24378E7	3.85388E4	5553.19326	3152.36934	2355.34693	1628.82659	1358.3008	1110.43498	966.92683	1017.65138	931.5308	1036.99261	584.59253
332	1.64015E5	1.31503E5	1.14833E5	1.31145E5	1.27986E5	2.02765E5	1.70807E6	7.05374E4	8.57417E4	1.0712E7	4.1163E5	6775.63324	2643.44768	2336.45538	1707.67618	1400.66318	1039.50733	948.42238	830.84247	874.6765	822.59683	622.84395
334	1.9981E5	1.2006E5	1.25639E5	1.33154E5	1.3003E5	1.38773E5	1.94627E6	7.32844E4	7.33938E4	6.66296E6	1.94708E6	7578.77598	3439.18324	2548.23002	1658.43703	1505.02227	1107.76592	814.70879	816.84811	841.45315	832.03868	642.82204
336	2.11373E5	1.23076E5	1.21461E5	1.3206E5	1.33103E5	1.27931E5	1.79159E6	1.13668E5	6.87039E4	2.79029E6	5.1614E6	9995.62637	3267.00858	2656.10812	2107.83202	1266.92514	979.67667	940.22422	827.34543	764.33832	1046.69395	627.0184
338	2.20411E5	1.38385E5	1.23342E5	1.35746E5	1.33851E5	1.23385E5	1.34974E6	2.20832E5	6.72311E4	7.59E5	8.55657E6	1.41113E4	3270.89438	2439.89562	1613.47645	1556.62677	981.89752	1001.96896	930.59979	701.67977	772.74937	718.7703
340	2.19136E5	1.44418E5	1.22226E5	1.34239E5	1.35087E5	1.24186E5	8.06326E5	4.88185E5	6.55886E4	1.34121E5	1.03599E7	3.361E4	4235.53011	3139.12296	1762.13619	1498.54702	1229.59454	797.21398	845.27142	740.67418	926.95278	694.70646
342	2.36893E5	1.42751E5	1.19013E5	1.25985E5	1.31796E5	1.21331E5	4.15087E5	8.71116E5	6.15133E4	7.42297E4	8.95697E6	3.29624E5	4612.2711	2837.93396	2087.55653	1324.7693	927.43334	833.77311	835.89512	752.03393	1063.62153	611.19852
344	2.20314E5	1.30793E5	1.17458E5	1.24614E5	1.38804E5	1.2187E5	2.01507E5	1.31936E6	6.15039E4	6.46459E4	5.54492E6	1.77623E6	5277.59654	3152.60499	2086.94707	1454.6522	983.31578	686.03842	847.88523	825.38215	906.61294	685.26124
346	2.34517E5	1.35822E5	1.15669E5	1.27884E5	1.32183E5	1.20914E5	1.29801E5	1.54588E6	6.3879E4	5.94262E4	2.23821E6	4.73967E6	7114.64351	2789.27227	1894.30876	1513.80506	1033.06874	735.5032	737.60186	697.23259	682.3282	741.10896
348	2.47322E5	1.47394E5	1.22919E5	1.22851E5	1.33975E5	1.21885E5	1.06409E5	1.49088E6	9.00029E4	6.04488E4	5.46972E5	8.21248E6	1.02429E4	3413.99445	2298.22893	1455.31018	893.60115	702.44328	684.41146	740.68817	907.27566	594.10995
350	2.32143E5	1.46317E5	1.14335E5	1.20266E5	1.31669E5	1.2626E5	1.02249E5	1.1641E6	1.67259E5	5.76468E4	1.02544E5	9.86659E6	2.17345E4	3899.67478	1909.92287	1625.46262	1048.74162	902.62162	731.17467	742.35817	928.06692	548.80586
352	2.39447E5	1.40912E5	1.16345E5	1.18118E5	1.27866E5	1.22028E5	1.00445E5	7.40995E5	3.51061E5	5.66729E4	5.96263E4	8.58963E6	2.55584E5	4301.78247	2055.07753	1475.71328	994.27822	901.19506	867.42422	650.03319	864.73846	591.71199
354	2.40869E5	1.41048E5	1.18551E5	1.21651E5	1.26014E5	1.23358E5	1.00955E5	4.04039E5	6.30573E5	5.63677E4	4.95679E4	5.33447E6	1.2258E6	4768.38449	2206.56029	1580.61682	1015.36817	804.91993	643.43487	951.5971	612.66076	546.93
356	2.63855E5	1.37582E5	1.12075E5	1.16227E5	1.24501E5	1.19543E5	1.00983E5	2.08176E5	9.4656E5	5.60378E4	4.74324E4	2.11045E6	3.35541E6	6667.64381	2181.10034	1561.43792	1138.01117	892.18227	830.0463	548.53117	810.4716	451.89979
358	2.60693E5	1.39553E5	1.15679E5	1.17487E5	1.21281E5	1.2213E5	1.02338E5	1.28158E5	1.17334E6	5.84003E4	4.69556E4	5.18314E5	5.87307E6	9785.00864	2439.4796	1818.12007	944.60943	802.16264	657.82583	686.21691	764.91807	615.63492
360	2.24312E5	1.52346E5	1.12768E5	1.1694E5	1.20194E5	1.2047E5	1.04188E5	1.04616E5	1.19078E6	7.16279E4	4.80488E4	9.331E4	7.10421E6	2.01783E4	2913.74038	1774.65988	1252.52668	744.22673	718.24551	695.00929	733.16643	578.71187
362	2.26373E5	1.41689E5	1.12236E5	1.12249E5	1.21778E5	1.23043E5	1.00634E5	9.5864E4	1.00784E6	1.14543E5	4.83461E4	5.53798E4	6.32995E6	2.06029E5	2976.3265	1843.86282	1076.47148	905.6057	711.69193	559.96719	776.80276	416.17654
364	2.34366E5	1.52189E5	1.10179E5	1.12331E5	1.20768E5	1.24747E5	1.02384E5	9.37797E4	7.02178E5	2.23605E5	4.75146E4	4.51088E4	4.07572E6	1.09838E6	4013.66875	1864.19478	1176.0987	822.92781	642.49205	613.39333	689.68377	517.15871
366	2.21841E5	1.45649E5	1.1433E5	1.12398E5	1.18675E5	1.20588E5	1.07341E5	9.22871E4	3.99257E5	4.23418E5	4.86664E4	4.097E4	1.68132E6	3.18241E6	4826.98714	1997.1498	1297.95179	917.23472	741.58609	676.33899	750.38283	466.98358
368	2.4266E5	1.48719E5	1.15299E5	1.14462E5	1.1686E5	1.18608E5	1.05497E5	9.54425E4	2.17501E5	6.68933E5	4.9325E4	4.0094E4	4.46992E5	5.58379E6	7820.37171	2215.47759	1239.95997	1013.12194	754.82738	721.39575	750.01516	435.37453
370	2.45261E5	1.39057E5	1.11099E5	1.103E5	1.14507E5	1.20528E5	1.07725E5	9.5658E4	1.30966E5	8.90608E5	5.13627E4	4.18559E4	7.91959E4	6.8601E6	1.92455E4	2390.29746	1200.67944	1102.52054	817.47572	689.21313	780.90558	481.37333
372	2.11608E5	1.43747E5	1.18341E5	1.06167E5	1.17964E5	1.17086E5	1.11272E5	9.73813E4	1.00435E5	9.61256E5	6.06418E4	4.234E4	4.62433E4	6.02797E6	2.06703E5	2809.04786	1292.90201	960.27748	755.90441	714.78927	794.19636	507.855
374	2.30316E5	1.49097E5	1.10817E5	1.07859E5	1.1211E5	1.17762E5	1.08401E5	9.8017E4	9.49238E4	8.58334E5	9.23302E4	4.12716E4	3.77632E4	3.74934E6	1.00507E6	3394.72765	1345.74211	1015.96293	602.75757	634.09622	631.55797	574.28049
376	2.27365E5	1.52673E5	1.14579E5	1.059E5	1.0911E5	1.15495E5	1.11425E5	1.00486E5	9.26149E4	6.48619E5	1.65787E5	4.1708E4	3.35205E4	1.54789E6	2.62847E6	4716.61131	1642.48915	961.2038	827.38181	629.11296	728.96899	561.13708
378	2.12998E5	1.42227E5	1.06833E5	1.0414E5	1.11255E5	1.1697E5	1.12498E5	1.0049E5	9.16601E4	4.08024E5	3.0572E5	4.27708E4	3.37691E4	3.71076E5	4.60974E6	7082.97622	1635.18176	1042.67499	907.88537	699.10607	674.73252	562.93262
380	2.27282E5	1.54534E5	1.12951E5	1.05468E5	1.11756E5	1.14824E5	1.12132E5	1.02122E5	9.10639E4	2.34713E5	4.89551E5	4.31012E4	3.37772E4	7.05594E4	5.50432E6	1.54867E4	1817.52084	1294.58595	889.40628	607.4721	650.03257	388.06365
382	2.22109E5	1.51064E5	1.15643E5	1.06682E5	1.13634E5	1.156E5	1.10311E5	1.04332E5	9.44613E4	1.4535E5	6.73418E5	4.43507E4	3.44739E4	4.33576E4	4.86524E6	1.48864E5	2241.46996	1205.38295	942.51705	703.05189	673.27919	504.72936
384	2.1468E5	1.56388E5	1.13937E5	1.08018E5	1.09353E5	1.16068E5	1.12579E5	1.04246E5	9.79408E4	1.06528E5	7.8027E5	5.10864E4	3.56942E4	3.37898E4	3.1096E6	8.19029E5	2763.73107	1245.80672	892.33593	702.34867	954.29751	498.80785
386	2.28015E5	1.50683E5	1.14819E5	1.10753E5	1.12642E5	1.19657E5	1.13372E5	1.08592E5	9.61086E4	9.35236E4	7.55814E5	6.82419E4	3.66908E4	3.05879E4	1.31151E6	2.42528E6	3484.44612	1280.42304	883.46323	708.38545	722.50049	499.17906
388	2.3662E5	1.54555E5	1.15906E5	1.09947E5	1.12469E5	1.16079E5	1.11736E5	1.08378E5	9.85323E4	9.33362E4	6.20112E5	1.14313E5	3.76988E4	2.98583E4	3.57614E5	4.29614E6	6157.19392	1405.22657	1128.93423	930.3883	733.43502	397.07891
390	2.20738E5	1.54755E5	1.24212E5	1.05609E5	1.12381E5	1.15608E5	1.14085E5	1.08983E5	9.80205E4	9.04567E4	4.32988E5	2.05861E5	3.78992E4	3.0678E4	6.59954E4	5.5183E6	1.37412E4	1893.18823	952.21949	799.53191	761.09756	524.61644
392	2.3768E5	1.6055E5	1.21477E5	1.11049E5	1.11852E5	1.16248E5	1.12228E5	1.10713E5	9.98126E4	9.10259E4	2.62389E5	3.50727E5	3.86018E4	3.15696E4	3.7239E4	5.02284E6	1.67315E5	2171.65289	963.4075	894.96816	864.44546	555.14777
394	2.12608E5	1.60055E5	1.19763E5	1.13472E5	1.1316E5	1.17894E5	1.17036E5	1.11046E5	9.98751E4	9.02336E4	1.5813E5	5.06574E5	4.03734E4	3.30943E4	2.96105E4	3.49323E6	7.92209E5	2744.2193	1051.54157	871.19197	944.05794	491.50094
396	2.21836E5	1.66777E5	1.24656E5	1.10371E5	1.11247E5	1.18528E5	1.13112E5	1.09292E5	1.02245E5	8.96167E4	1.07557E5	6.31986E5	4.2222E4	3.24815E4	2.71893E4	1.51664E6	2.16995E6	3711.41103	1191.08663	1032.71783	1084.70977	574.87926
398	2.12812E5	1.65989E5	1.21537E5	1.12632E5	1.12236E5	1.14754E5	1.1502E5	1.10718E5	9.96797E4	9.34544E4	8.99866E4	6.60701E5	5.18388E4	3.27545E4	2.497E4	4.14935E5	3.66581E6	6075.8883	1462.00747	968.58022	1305.56005	577.51929
400	2.41294E5	1.6084E5	1.29918E5	1.13215E5	1.1468E5	1.19137E5	1.15647E5	1.10275E5	1.01079E5	9.06296E4	8.49075E4	5.80442E5	7.71924E4	3.38618E4	2.46067E4	6.73476E4	4.4005E6	1.19639E4	1768.47906	946.48611	1100.89571	601.90601
402	2.18147E5	1.71884E5	1.23401E5	1.16543E5	1.13483E5	1.1553E5	1.14076E5	1.09794E5	1.01291E5	9.38275E4	8.37342E4	4.31455E5	1.3397E5	3.41471E4	2.54558E4	3.343E4	3.81026E6	1.20778E5	1748.80229	1046.9783	1188.68882	617.86858
404	2.29857E5	1.75765E5	1.27811E5	1.14931E5	1.14068E5	1.17962E5	1.13981E5	1.10722E5	1.01898E5	9.33078E4	8.23704E4	2.81375E5	2.32469E5	3.57847E4	2.69297E4	2.74668E4	2.35495E6	6.76345E5	2363.49908	1080.80782	983.8564	642.24189
406	2.26094E5	1.78345E5	1.34188E5	1.12976E5	1.12255E5	1.16984E5	1.14268E5	1.09991E5	1.01718E5	9.53012E4	8.09071E4	1.68739E5	3.61496E5	3.657E4	2.75932E4	2.27185E4	9.70601E5	1.97907E6	3181.01193	1053.98941	992.85551	644.29094
408	2.17766E5	1.80427E5	1.3388E5	1.18446E5	1.15363E5	1.14906E5	1.13332E5	1.09338E5	1.023E5	9.66473E4	8.30543E4	1.09063E5	4.85791E5	3.827E4	2.8222E4	2.21133E4	2.41789E5	3.47665E6	4789.92255	1301.68627	1076.66856	707.45577
410	2.4056E5	1.75874E5	1.35812E5	1.15209E5	1.15409E5	1.14788E5	1.1417E5	1.08669E5	1.00893E5	9.32231E4	8.27759E4	8.41564E4	5.53406E5	4.5008E4	2.79582E4	2.04151E4	4.48837E4	4.30226E6	1.02137E4	2026.42121	1245.116	642.12103
412	2.40444E5	1.75366E5	1.32952E5	1.1812E5	1.14323E5	1.13849E5	1.12453E5	1.0566E5	1.02116E5	9.54335E4	8.4056E4	8.04153E4	5.34584E5	6.0864E4	2.96633E4	2.19167E4	2.87703E4	3.79227E6	9.50222E4	2065.74847	1075.4598	675.1272
414	2.26187E5	1.83731E5	1.33493E5	1.18288E5	1.12844E5	1.1533E5	1.11979E5	1.08096E5	1.00243E5	9.75674E4	8.55758E4	7.5686E4	4.39634E5	9.5994E4	2.98081E4	2.26593E4	2.31588E4	2.40474E6	5.09665E5	2294.95863	1389.32606	737.60842
416	2.44321E5	1.86504E5	1.35859E5	1.21445E5	1.14871E5	1.14083E5	1.10817E5	1.07179E5	1.0039E5	9.48183E4	8.39039E4	7.45426E4	3.14209E5	1.62739E5	3.06457E4	2.36041E4	2.02377E4	9.80249E5	1.57352E6	3184.50835	1457.32977	690.82025
418	2.57186E5	1.87114E5	1.3688E5	1.20234E5	1.12365E5	1.13027E5	1.08049E5	1.05135E5	9.96373E4	9.43608E4	8.74169E4	7.31643E4	2.02003E5	2.62227E5	3.09225E4	2.43019E4	1.80776E4	2.54494E5	3.08106E6	5012.51761	1681.10928	829.26104
420	2.21003E5	1.91101E5	1.38644E5	1.20571E5	1.14108E5	1.13195E5	1.09176E5	1.05127E5	9.8744E4	9.38761E4	8.60595E4	7.28002E4	1.26695E5	3.69347E5	3.30687E4	2.41191E4	1.77975E4	4.39824E4	3.92747E6	1.11373E4	1792.34472	671.60398
422	2.30547E5	1.8648E5	1.37769E5	1.19892E5	1.11089E5	1.12507E5	1.07136E5	1.01234E5	9.78748E4	9.60861E4	8.54965E4	7.31603E4	8.71241E4	4.53545E5	3.53051E4	2.46456E4	1.78706E4	2.57468E4	3.57928E6	1.46871E5	2103.6935	886.63736
424	2.51263E5	1.89403E5	1.41138E5	1.24619E5	1.11497E5	1.12199E5	1.07968E5	1.03039E5	9.58994E4	9.3544E4	8.67121E4	7.45965E4	7.4249E4	4.76644E5	4.5089E4	2.55937E4	1.93961E4	2.15353E4	2.38631E6	6.58626E5	2945.30288	876.46121
426	2.31889E5	1.83007E5	1.48644E5	1.21794E5	1.13858E5	1.08295E5	1.04558E5	1.02919E5	9.67182E4	9.48981E4	8.69005E4	7.4967E4	7.17062E4	4.23768E5	6.51379E4	2.6188E4	2.01397E4	1.82179E4	9.80382E5	1.77661E6	4004.02522	818.00431
428	2.27929E5	1.97511E5	1.45053E5	1.24515E5	1.14399E5	1.11836E5	1.05685E5	1.00529E5	9.57526E4	9.30772E4	8.55198E4	7.58834E4	6.89357E4	3.24615E5	1.08379E5	2.74047E4	2.13866E4	1.69079E4	2.31431E5	3.00783E6	6694.47341	947.11313
430	2.25362E5	1.88509E5	1.4381E5	1.25133E5	1.1372E5	1.06002E5	1.03344E5	9.96758E4	9.3581E4	9.27044E4	8.60355E4	7.6369E4	6.79499E4	2.19022E5	1.7688E5	2.75519E4	2.10567E4	1.62927E4	3.85448E4	3.55925E6	1.38439E4	1345.76795
432	2.21595E5	1.93398E5	1.46164E5	1.22172E5	1.13496E5	1.0684E5	1.0216E5	9.84446E4	9.37689E4	9.51818E4	8.45621E4	7.49293E4	6.61512E4	1.37903E5	2.62005E5	2.87676E4	2.1722E4	1.57406E4	2.3585E4	3.11613E6	1.23941E5	1377.08828
434	2.21232E5	1.95563E5	1.47438E5	1.25321E5	1.12995E5	1.09564E5	1.0425E5	9.83425E4	9.22151E4	9.15656E4	8.69262E4	7.70052E4	6.66606E4	9.2324E4	3.39531E5	3.00292E4	2.20543E4	1.66391E4	1.96495E4	1.92879E6	9.62221E5	1800.62235
436	2.21185E5	1.84954E5	1.45202E5	1.26638E5	1.13007E5	1.04147E5	9.98179E4	9.56353E4	9.38356E4	8.94641E4	8.52296E4	7.68166E4	6.66655E4	7.34374E4	3.80433E5	3.43959E4	2.28711E4	1.75642E4	1.71839E4	8.09918E5	2.93516E6	2545.54772
438	2.2572E5	1.83382E5	1.44009E5	1.26589E5	1.1253E5	1.05344E5	1.01582E5	9.50292E4	9.07955E4	8.96725E4	8.55575E4	7.6903E4	6.89729E4	6.62031E4	3.77775E5	4.4475E4	2.23924E4	1.87396E4	1.53792E4	2.10092E5	4.95499E6	3758.98826
440	2.15666E5	1.99729E5	1.54135E5	1.24139E5	1.12906E5	1.04368E5	9.89231E4	9.18569E4	8.85518E4	8.78512E4	8.40909E4	7.52985E4	6.74387E4	6.27058E4	3.17147E5	6.83907E4	2.36498E4	1.87338E4	1.39169E4	3.42595E4	5.45821E6	6867.8504
442	2.22926E5	1.8691E5	1.45959E5	1.24621E5	1.12304E5	1.04651E5	9.86458E4	9.21761E4	8.93424E4	8.5286E4	8.50494E4	7.60876E4	6.71963E4	6.32951E4	2.38364E5	1.0616E5	2.45404E4	1.92113E4	1.43564E4	2.10959E4	4.30427E6	5.885E4
444	2.13246E5	1.87967E5	1.511E5	1.28566E5	1.15144E5	1.01379E5	9.66302E4	8.95752E4	8.73412E4	8.63579E4	8.24787E4	7.64049E4	6.73302E4	6.10267E4	1.59013E5	1.6634E5	2.44647E4	1.9263E4	1.41842E4	1.79275E4	2.37506E6	3.65852E5
446	2.09884E5	1.76385E5	1.50055E5	1.26918E5	1.09516E5	1.0284E5	9.32794E4	9.07587E4	8.64909E4	8.62864E4	8.15001E4	7.5042E4	6.75048E4	6.15223E4	1.03853E5	2.32498E5	2.61771E4	1.94732E4	1.46031E4	1.6021E4	8.17905E5	1.1957E6
448	2.18242E5	1.94691E5	1.44948E5	1.26379E5	1.15346E5	9.91847E4	9.34456E4	9.00898E4	8.55218E4	8.44038E4	8.28775E4	7.64165E4	6.83799E4	6.20255E4	7.24418E4	2.88966E5	2.80065E4	2.02938E4	1.58089E4	1.41362E4	1.85033E5	2.31774E6
450	2.04182E5	1.77371E5	1.48115E5	1.29036E5	1.11863E5	9.93197E4	9.23081E4	8.63212E4	8.50199E4	8.34448E4	8.0414E4	7.61833E4	6.88068E4	6.23915E4	6.00746E4	3.15753E5	3.48124E4	2.10723E4	1.75381E4	1.36265E4	3.50088E4	3.01572E6
452	1.9177E5	1.83256E5	1.47815E5	1.31933E5	1.09464E5	9.92292E4	9.12787E4	8.59945E4	8.37371E4	8.26351E4	7.89585E4	7.45833E4	6.86398E4	6.28263E4	5.60829E4	3.03462E5	4.86933E4	2.24131E4	1.75152E4	1.29612E4	2.02035E4	2.7005E6
454	1.98623E5	1.73068E5	1.4936E5	1.25619E5	1.1014E5	9.78019E4	8.93964E4	8.44927E4	8.1267E4	8.08918E4	7.83594E4	7.41543E4	6.8931E4	6.09056E4	5.33265E4	2.49179E5	7.49259E4	2.20098E4	1.68697E4	1.31377E4	1.71963E4	1.68836E6
456	1.99686E5	1.8192E5	1.49579E5	1.26054E5	1.11623E5	9.65669E4	8.90287E4	8.25492E4	8.12418E4	8.0364E4	7.7445E4	7.33626E4	6.83018E4	6.15333E4	5.29102E4	1.80574E5	1.16875E5	2.18779E4	1.76054E4	1.33341E4	1.47252E4	6.6974E5
458	1.98505E5	1.77777E5	1.46708E5	1.2491E5	1.08633E5	9.41899E4	8.65852E4	8.23891E4	7.95037E4	7.7758E4	7.64632E4	7.20207E4	6.6091E4	6.1006E4	5.26913E4	1.19059E5	1.69768E5	2.22996E4	1.84385E4	1.45345E4	1.3303E4	1.5958E5
460	1.96963E5	1.81792E5	1.41634E5	1.26081E5	1.08568E5	9.54216E4	8.50691E4	8.03423E4	7.71652E4	7.84623E4	7.36058E4	7.2854E4	6.62213E4	6.13671E4	5.19173E4	7.88336E4	2.23783E5	2.42519E4	1.8174E4	1.45722E4	1.24944E4	2.87812E4
462	1.87005E5	1.86065E5	1.43904E5	1.26272E5	1.07872E5	9.44022E4	8.37274E4	8.04371E4	7.68648E4	7.84429E4	7.30517E4	7.08839E4	6.73921E4	6.07764E4	5.03499E4	5.77957E4	2.579E5	2.72556E4	1.94316E4	1.58807E4	1.21536E4	1.69576E4
464	2.00425E5	1.74276E5	1.50105E5	1.21267E5	1.06834E5	9.21954E4	8.24198E4	7.73778E4	7.67073E4	7.48513E4	7.23583E4	7.0689E4	6.35408E4	6.04441E4	5.07345E4	5.04427E4	2.63006E5	3.47073E4	1.97312E4	1.59381E4	1.18167E4	1.47967E4
466	2.36164E5	1.74576E5	1.45323E5	1.23034E5	1.04725E5	9.04955E4	8.33568E4	7.49563E4	7.37274E4	7.3084E4	7.25571E4	6.88795E4	6.50247E4	6.03447E4	5.06452E4	4.65756E4	2.32537E5	4.91874E4	1.98291E4	1.58895E4	1.19482E4	1.27849E4
468	3.37308E5	1.72536E5	1.4336E5	1.22863E5	1.04577E5	8.91894E4	8.00377E4	7.60492E4	7.29625E4	7.36937E4	7.05E4	6.73441E4	6.53099E4	5.94296E4	5.09376E4	4.50165E4	1.85365E5	7.33641E4	1.97776E4	1.56121E4	1.21253E4	1.15947E4
470	7.56058E5	1.67076E5	1.42101E5	1.1823E5	1.03117E5	8.95385E4	7.66345E4	7.34248E4	7.3217E4	7.09977E4	6.91279E4	6.71941E4	6.49954E4	6.09725E4	5.04425E4	4.39523E4	1.27332E5	1.11726E5	1.99509E4	1.59259E4	1.29872E4	1.01859E4
472	1.72555E6	1.70771E5	1.45663E5	1.18653E5	1.03976E5	9.03459E4	7.9187E4	7.45278E4	7.0789E4	7.01675E4	6.83851E4	6.48983E4	6.23711E4	5.96066E4	5.13935E4	4.23761E4	8.59474E4	1.5298E5	2.00319E4	1.61571E4	1.33964E4	9596.85094
474	3.36233E6	1.66859E5	1.36229E5	1.18596E5	1.03647E5	8.73581E4	7.78137E4	7.15965E4	6.98822E4	6.82299E4	6.77677E4	6.52399E4	6.2488E4	5.89125E4	4.95867E4	4.11446E4	5.96511E4	1.95744E5	2.13342E4	1.6458E4	1.4382E4	9794.04038
476	5.78802E6	1.64041E5	1.34048E5	1.18443E5	1.01777E5	8.56558E4	7.61132E4	7.19533E4	6.78368E4	6.71088E4	6.59506E4	6.2844E4	6.06977E4	5.84934E4	4.96061E4	4.17338E4	4.5407E4	2.19678E5	2.51196E4	1.7332E4	1.34805E4	8981.34835
478	8.89013E6	1.66939E5	1.35393E5	1.17644E5	9.95753E4	8.4732E4	7.59058E4	6.9481E4	6.68615E4	6.56474E4	6.44194E4	6.01615E4	5.93307E4	5.57093E4	4.98218E4	3.99919E4	3.99034E4	2.21712E5	3.28847E4	1.72343E4	1.38764E4	9457.92225
480	1.16375E7	1.53772E5	1.35917E5	1.12711E5	9.98148E4	8.41267E4	7.56405E4	6.74644E4	6.63261E4	6.32837E4	6.19777E4	5.9795E4	5.85396E4	5.51536E4	4.82132E4	4.03034E4	3.80125E4	1.91964E5	4.73796E4	1.68181E4	1.37029E4	9953.19221
482	1.29873E7	1.63894E5	1.33948E5	1.16382E5	9.89063E4	8.53654E4	7.36515E4	6.6215E4	6.47113E4	6.45807E4	6.26387E4	6.02457E4	5.71725E4	5.44907E4	4.80269E4	3.98205E4	3.68934E4	1.49601E5	7.30822E4	1.70473E4	1.41554E4	1.04176E4
484	1.26743E7	1.63408E5	1.33562E5	1.17844E5	9.68405E4	8.03738E4	7.08676E4	6.44452E4	6.34237E4	6.06092E4	6.00995E4	5.71786E4	5.60787E4	5.5303E4	4.76193E4	3.98967E4	3.52804E4	1.00475E5	1.06368E5	1.72722E4	1.3715E4	1.14443E4
486	1.04783E7	1.72594E5	1.27288E5	1.13541E5	9.55255E4	8.02952E4	7.02587E4	6.45989E4	6.03498E4	5.981E4	5.78606E4	5.58389E4	5.45884E4	5.33089E4	4.6094E4	3.92464E4	3.44374E4	6.67062E4	1.40508E5	1.75634E4	1.42306E4	1.18535E4
488	7.59365E6	3.56772E5	1.30903E5	1.11718E5	9.39133E4	8.01333E4	7.03038E4	6.46728E4	5.99506E4	5.88869E4	5.74021E4	5.5179E4	5.49462E4	5.10303E4	4.59516E4	3.95084E4	3.39707E4	4.67382E4	1.71351E5	1.95387E4	1.3408E4	1.17156E4
490	4.58438E6	9.43515E5	1.29341E5	1.12398E5	9.2582E4	7.8123E4	6.69434E4	6.19831E4	5.85842E4	5.88586E4	5.60975E4	5.49022E4	5.39055E4	5.16855E4	4.54782E4	3.90412E4	3.35888E4	3.59951E4	1.89095E5	2.41166E4	1.37988E4	1.12276E4
492	2.04014E6	2.20614E6	1.2506E5	1.0689E5	9.17361E4	7.69556E4	6.68963E4	6.08845E4	5.79991E4	5.48938E4	5.37683E4	5.20493E4	5.16156E4	5.10488E4	4.44073E4	3.78771E4	3.21077E4	3.27045E4	1.83535E5	3.30824E4	1.28522E4	1.1081E4
494	7.72911E5	4.27568E6	1.25005E5	1.05806E5	9.38538E4	7.49507E4	6.593E4	6.01155E4	5.59656E4	5.47008E4	5.28567E4	5.26136E4	5.16157E4	4.96307E4	4.34826E4	3.80265E4	3.1716E4	3.14675E4	1.58249E5	4.76412E4	1.3452E4	1.07581E4
496	3.5724E5	7.15202E6	1.21409E5	1.01983E5	8.93948E4	7.42515E4	6.61216E4	5.71989E4	5.62372E4	5.33007E4	5.282E4	4.97668E4	5.08103E4	4.89026E4	4.30289E4	3.66709E4	3.19536E4	2.97834E4	1.21384E5	7.05342E4	1.36191E4	1.11321E4
498	2.8554E5	1.01736E7	1.24658E5	1.03974E5	8.80219E4	7.30097E4	6.0735E4	5.88749E4	5.46318E4	5.21683E4	5.2665E4	4.96308E4	4.99124E4	4.73563E4	4.20161E4	3.62751E4	3.22166E4	2.87507E4	8.47507E4	9.72208E4	1.44388E4	1.13819E4
500	2.64153E5	1.28559E7	1.23962E5	1.01858E5	8.73127E4	7.10151E4	6.2983E4	5.73099E4	5.3143E4	5.11456E4	4.95646E4	4.92036E4	4.76532E4	4.6237E4	4.08026E4	3.5462E4	3.0715E4	2.78462E4	5.59493E4	1.26619E5	1.52209E4	1.14456E4
502	2.45211E5	1.41665E7	1.25003E5	9.94277E4	8.6806E4	7.16136E4	6.12472E4	5.45037E4	5.1412E4	4.95133E4	4.89334E4	4.75513E4	4.61473E4	4.611E4	4.06001E4	3.51549E4	3.00149E4	2.69417E4	3.89592E4	1.47842E5	1.66245E4	1.10109E4
504	2.1299E5	1.3631E7	1.31197E5	9.84446E4	8.56417E4	7.15384E4	5.93908E4	5.34415E4	5.07989E4	4.81822E4	4.72645E4	4.58213E4	4.52206E4	4.42533E4	4.04952E4	3.45953E4	3.0098E4	2.72841E4	3.05599E4	1.573E5	2.07357E4	1.09602E4
506	2.27732E5	1.13275E7	1.4842E5	9.57429E4	8.40285E4	6.91747E4	5.81131E4	5.13516E4	4.87006E4	4.76271E4	4.54078E4	4.5772E4	4.49795E4	4.30181E4	3.93005E4	3.40784E4	2.97544E4	2.57011E4	2.6459E4	1.4958E5	2.88083E4	1.06528E4
508	2.27181E5	8.27421E6	3.21553E5	9.45396E4	8.25109E4	6.81844E4	5.78293E4	5.04742E4	4.86406E4	4.55857E4	4.53482E4	4.36237E4	4.23124E4	4.23635E4	3.83203E4	3.26823E4	2.98536E4	2.54832E4	2.52789E4	1.29218E5	4.20461E4	1.0754E4
510	2.93857E5	4.76962E6	9.87187E5	9.35236E4	7.8954E4	6.79208E4	5.58792E4	5.07891E4	4.78924E4	4.43479E4	4.46894E4	4.23008E4	4.06471E4	4.12518E4	3.74027E4	3.32613E4	2.94286E4	2.47214E4	2.34628E4	9.69889E4	6.12647E4	1.04896E4
512	4.34312E5	2.09066E6	2.52903E6	9.27402E4	7.89834E4	6.45207E4	5.59319E4	5.00609E4	4.64042E4	4.51326E4	4.33458E4	4.21175E4	3.99975E4	3.85871E4	3.64733E4	3.22783E4	2.81137E4	2.41148E4	2.32844E4	6.59348E4	8.44012E4	1.12059E4
514	6.3133E5	7.47795E5	4.81633E6	9.84258E4	7.81078E4	6.41024E4	5.4892E4	4.8018E4	4.59649E4	4.26077E4	4.16496E4	4.00732E4	3.94625E4	3.90532E4	3.5599E4	3.16173E4	2.7616E4	2.41026E4	2.23747E4	4.30851E4	1.06519E5	1.15595E4
516	9.446E5	3.17338E5	7.75521E6	9.0824E4	7.61596E4	6.52955E4	5.25554E4	4.6721E4	4.35416E4	4.21851E4	3.99312E4	3.92178E4	3.85624E4	3.83592E4	3.42777E4	3.09737E4	2.66565E4	2.29018E4	2.06448E4	3.01597E4	1.26011E5	1.34248E4
518	1.34388E6	2.44139E5	1.0901E7	9.46649E4	7.41353E4	6.13338E4	5.17105E4	4.57602E4	4.25372E4	4.22207E4	4.03962E4	3.79181E4	3.62877E4	3.73233E4	3.43737E4	2.96086E4	2.69794E4	2.30684E4	2.05533E4	2.39318E4	1.32583E5	1.73565E4
520	1.81126E6	2.21607E5	1.32349E7	9.12878E4	7.16518E4	6.14751E4	4.9735E4	4.42427E4	4.23213E4	3.90294E4	3.80451E4	3.76606E4	3.65863E4	3.6239E4	3.3602E4	2.87834E4	2.6208E4	2.27613E4	2.01536E4	2.04362E4	1.23493E5	2.48839E4
522	2.12324E6	2.11753E5	1.40087E7	9.31886E4	7.55645E4	5.78178E4	4.94485E4	4.47471E4	4.17982E4	3.81844E4	3.5873E4	3.64421E4	3.6216E4	3.47445E4	3.19973E4	2.92359E4	2.47269E4	2.23283E4	1.93313E4	1.95978E4	1.05484E5	3.5273E4
524	2.47218E6	1.91259E5	1.29306E7	1.00244E5	7.29395E4	5.85459E4	5.09633E4	4.32523E4	4.09704E4	3.77722E4	3.72222E4	3.58265E4	3.52152E4	3.32952E4	3.16141E4	2.80166E4	2.51622E4	2.23115E4	1.90374E4	1.89277E4	7.99136E4	5.01132E4
526	2.5552E6	1.8943E5	1.05063E7	1.22835E5	7.12317E4	5.91694E4	4.86049E4	4.35642E4	3.96705E4	3.64833E4	3.59875E4	3.53003E4	3.3961E4	3.27697E4	3.04328E4	2.74743E4	2.44019E4	2.16839E4	1.88692E4	1.82914E4	5.48452E4	7.0015E4
528	2.44628E6	1.8257E5	7.31917E6	3.32268E5	7.3967E4	5.75571E4	4.79672E4	4.19848E4	3.88572E4	3.75199E4	3.42647E4	3.2869E4	3.315E4	3.2797E4	2.97523E4	2.65474E4	2.38116E4	2.12607E4	1.95135E4	1.7141E4	3.64201E4	8.81741E4
530	2.11509E6	1.86476E5	4.19046E6	1.08271E6	6.95004E4	5.59263E4	4.59101E4	3.96279E4	3.84617E4	3.58695E4	3.3713E4	3.2234E4	3.22835E4	3.24089E4	2.87646E4	2.6768E4	2.39214E4	2.11505E4	1.77794E4	1.64523E4	2.43845E4	1.01855E5
532	1.68358E6	2.15945E5	1.82567E6	2.74059E6	7.01686E4	5.57159E4	4.63155E4	4.05516E4	3.56802E4	3.43892E4	3.17532E4	3.24102E4	3.08678E4	3.12419E4	2.86207E4	2.51196E4	2.18276E4	2.01692E4	1.74838E4	1.58147E4	1.84012E4	1.11442E5
534	1.1082E6	3.03823E5	6.25295E5	5.2973E6	7.23922E4	5.54985E4	4.39267E4	3.96469E4	3.70783E4	3.36989E4	3.20552E4	3.00786E4	2.90804E4	3.01356E4	2.71631E4	2.47461E4	2.25962E4	2.00029E4	1.73482E4	1.50475E4	1.61053E4	1.06723E5
536	6.81109E5	4.93438E5	2.58573E5	8.46934E6	6.92473E4	5.41119E4	4.47509E4	3.92351E4	3.5095E4	3.235E4	3.0281E4	2.9759E4	2.83979E4	2.83529E4	2.69936E4	2.40434E4	2.12925E4	1.86025E4	1.68573E4	1.50803E4	1.50843E4	8.81076E4
538	3.94905E5	7.81779E5	2.07429E5	1.15727E7	7.15978E4	5.33653E4	4.38984E4	3.78131E4	3.42693E4	3.25349E4	3.08648E4	2.87795E4	2.76967E4	2.80316E4	2.5512E4	2.42503E4	2.07428E4	1.87077E4	1.65466E4	1.45183E4	1.40412E4	6.8297E4
540	2.39816E5	1.19961E6	1.80611E5	1.37773E7	7.00342E4	5.29788E4	4.14043E4	3.8215E4	3.35534E4	3.20801E4	2.93043E4	2.78852E4	2.7912E4	2.71607E4	2.43534E4	2.25869E4	2.08884E4	1.80181E4	1.62324E4	1.37987E4	1.35794E4	4.71575E4
542	1.75952E5	1.70704E6	1.75625E5	1.41426E7	7.47377E4	5.11754E4	4.30411E4	3.59514E4	3.37871E4	2.93449E4	2.91381E4	2.80993E4	2.77101E4	2.64435E4	2.38225E4	2.29982E4	1.97816E4	1.81936E4	1.56392E4	1.37766E4	1.2843E4	3.08499E4
544	1.51201E5	2.12121E6	1.57806E5	1.2718E7	7.91444E4	4.87998E4	3.99079E4	3.43573E4	3.09185E4	2.8718E4	2.80176E4	2.68322E4	2.60824E4	2.52297E4	2.39516E4	2.17602E4	1.95252E4	1.76026E4	1.55806E4	1.32861E4	1.19321E4	2.03045E4
546	1.25202E5	2.55019E6	1.64813E5	1.00739E7	1.11127E5	4.97251E4	3.93307E4	3.4667E4	3.0514E4	2.89736E4	2.66397E4	2.55839E4	2.43629E4	2.45894E4	2.29029E4	2.0358E4	2.02949E4	1.69605E4	1.50933E4	1.25648E4	1.18417E4	1.51217E4
548	1.39734E5	2.72327E6	1.56632E5	6.85903E6	3.44476E5	5.09371E4	3.82113E4	3.40264E4	3.00767E4	2.78079E4	2.61571E4	2.5014E4	2.32099E4	2.43377E4	2.11466E4	2.07584E4	1.79697E4	1.61584E4	1.48571E4	1.27325E4	1.16357E4	1.33898E4
550	1.23147E5	2.70902E6	1.462E5	3.90064E6	1.17525E6	5.08423E4	3.91228E4	3.35149E4	3.0126E4	2.70277E4	2.52259E4	2.3795E4	2.31941E4	2.35083E4	2.09914E4	2.01053E4	1.79425E4	1.55228E4	1.43785E4	1.3563E4	1.12471E4	1.24258E4
552	1.05311E5	2.46836E6	1.54405E5	1.63952E6	2.97867E6	4.93692E4	3.74797E4	3.22596E4	2.79757E4	2.74525E4	2.48496E4	2.40095E4	2.27626E4	2.29637E4	2.13262E4	1.95255E4	1.78924E4	1.57467E4	1.38761E4	1.23084E4	1.08204E4	1.16564E4
554	1.32539E5	2.0917E6	1.65394E5	5.55896E5	5.69722E6	5.0068E4	3.81803E4	3.14432E4	2.79858E4	2.72999E4	2.51028E4	2.35332E4	2.19835E4	2.19727E4	2.01145E4	1.85318E4	1.71547E4	1.6036E4	1.33844E4	1.18953E4	1.02006E4	1.05946E4
556	1.04143E5	1.6437E6	2.17678E5	2.46289E5	8.98533E6	5.14876E4	3.86804E4	3.07407E4	2.84788E4	2.61572E4	2.4456E4	2.24975E4	2.20608E4	2.14751E4	2.03489E4	1.77438E4	1.64615E4	1.47864E4	1.25482E4	1.19509E4	1.05214E4	1.0129E4
558	1.21283E5	1.07075E6	3.50628E5	1.97404E5	1.22944E7	5.00497E4	3.69146E4	3.10485E4	2.69231E4	2.45699E4	2.42065E4	2.17976E4	2.14145E4	2.11851E4	1.94259E4	1.86594E4	1.57146E4	1.49888E4	1.30372E4	1.25513E4	1.01359E4	9328.64993
560	1.21753E5	6.98932E5	5.58906E5	1.76716E5	1.45759E7	5.19749E4	3.57976E4	3.10655E4	2.71278E4	2.38769E4	2.40674E4	2.08339E4	1.95001E4	2.12639E4	1.87204E4	1.75903E4	1.54264E4	1.38269E4	1.29794E4	1.13764E4	9577.30594	9204.32284
562	1.25591E5	4.07132E5	8.66834E5	1.69945E5	1.48883E7	5.72968E4	3.51681E4	2.84137E4	2.56329E4	2.29682E4	2.18103E4	2.07368E4	1.98208E4	2.03645E4	1.79122E4	1.64236E4	1.53592E4	1.35813E4	1.2564E4	1.06968E4	9702.87205	9328.34802
564	1.36646E5	2.28461E5	1.30107E6	1.56167E5	1.32383E7	6.07981E4	3.45105E4	2.6631E4	2.41321E4	2.29407E4	2.13843E4	2.0298E4	1.96544E4	1.86762E4	1.70168E4	1.58043E4	1.41734E4	1.3342E4	1.21743E4	1.08037E4	8791.12763	8002.63518
566	1.02971E5	1.62905E5	1.73497E6	1.55566E5	1.04044E7	9.6117E4	3.52692E4	2.92877E4	2.44317E4	2.1479E4	1.97601E4	1.99836E4	1.80892E4	1.82934E4	1.6812E4	1.57118E4	1.3797E4	1.3308E4	1.11287E4	1.03533E4	9138.50728	8481.17763
568	1.30361E5	1.34032E5	2.16813E6	1.57204E5	6.99261E6	3.6968E5	3.46374E4	2.77599E4	2.44479E4	2.20032E4	2.14176E4	1.9602E4	1.86879E4	1.83228E4	1.52876E4	1.53277E4	1.43158E4	1.30295E4	1.12762E4	9779.74053	9002.47524	7580.98022
570	1.37591E5	1.11686E5	2.50199E6	1.522E5	3.49315E6	1.3371E6	3.62327E4	2.78624E4	2.35049E4	2.1779E4	2.01654E4	1.90597E4	1.78608E4	1.81045E4	1.65274E4	1.44059E4	1.38566E4	1.20534E4	1.12417E4	9137.68017	8738.52383	7501.78623
572	1.23903E5	1.07354E5	2.64456E6	1.51145E5	1.42495E6	3.23163E6	3.65906E4	2.71037E4	2.42151E4	2.11391E4	1.92709E4	1.84017E4	1.69359E4	1.59591E4	1.51468E4	1.42291E4	1.31983E4	1.1608E4	1.11303E4	9355.18199	8565.50682	7900.24918
574	1.29312E5	1.12276E5	2.53114E6	1.46816E5	4.79187E5	6.0682E6	3.75644E4	2.7147E4	2.35932E4	2.05726E4	1.96138E4	1.71455E4	1.58228E4	1.71559E4	1.531E4	1.29965E4	1.27795E4	1.18015E4	1.03773E4	9411.86188	8589.47074	7324.29982
576	1.07235E5	1.02794E5	2.22903E6	1.47003E5	2.23022E5	9.27636E6	3.72314E4	2.62542E4	2.28199E4	2.00195E4	1.85777E4	1.76332E4	1.65476E4	1.66382E4	1.45251E4	1.41036E4	1.26987E4	1.10706E4	9590.27022	8997.4156	8438.61788	6731.71774
578	1.19225E5	9.76301E4	1.85906E6	1.76646E5	1.78387E5	1.22223E7	3.68817E4	2.5303E4	2.43266E4	2.03176E4	1.8094E4	1.66643E4	1.63974E4	1.65527E4	1.38307E4	1.20885E4	1.12768E4	1.11484E4	9528.4378	9301.06905	7310.25606	5938.64629
580	1.03171E5	9.32228E4	1.38211E6	2.27051E5	1.66876E5	1.42233E7	3.93078E4	2.5934E4	2.18273E4	1.90338E4	1.78077E4	1.63078E4	1.51358E4	1.50635E4	1.40055E4	1.30432E4	1.12955E4	1.0713E4	9828.052	8074.8071	7339.94166	6631.43312
582	1.27704E5	1.07209E5	9.43953E5	3.52857E5	1.54341E5	1.45907E7	4.25346E4	2.80565E4	2.07251E4	1.78955E4	1.79184E4	1.52478E4	1.53585E4	1.50155E4	1.29994E4	1.19137E4	1.12146E4	1.05846E4	9346.41833	8003.46861	6813.77231	6937.93199
584	1.16954E5	9.69981E4	6.18211E5	5.62669E5	1.41718E5	1.25494E7	4.93144E4	2.53467E4	2.18855E4	1.83256E4	1.66485E4	1.50466E4	1.50384E4	1.53153E4	1.30572E4	1.18399E4	1.01416E4	9082.56223	9248.52766	8956.36434	6650.97936	6442.28567
586	1.4579E5	9.77318E4	3.47697E5	8.57756E5	1.46082E5	9.41548E6	7.11345E4	2.65748E4	2.2099E4	1.86335E4	1.63932E4	1.4564E4	1.3821E4	1.34386E4	1.26617E4	1.16943E4	9958.40512	9680.57671	9036.42367	8795.37358	6735.32535	6682.26116
588	1.0588E5	9.72973E4	2.22367E5	1.22821E6	1.39732E5	5.96659E6	2.9135E5	2.57374E4	1.98859E4	1.69013E4	1.65819E4	1.51536E4	1.34071E4	1.358E4	1.2295E4	1.15912E4	9926.9005	9223.44367	8444.72647	7748.98847	6204.99811	6149.99856
590	1.05822E5	9.22051E4	1.51602E5	1.66389E6	1.39645E5	3.02379E6	1.14842E6	2.63934E4	2.03895E4	1.77647E4	1.48112E4	1.40175E4	1.27458E4	1.26453E4	1.25449E4	1.0235E4	1.00069E4	9299.70148	8293.04853	7719.76614	6129.41228	5435.46929
592	1.19087E5	9.84178E4	1.293E5	2.01396E6	1.37679E5	1.16786E6	2.9115E6	2.72645E4	2.03374E4	1.70854E4	1.55045E4	1.39048E4	1.26489E4	1.1834E4	1.12348E4	9734.46354	9693.36191	8675.56132	9051.98527	8153.88637	6705.53286	5623.96883
594	1.06004E5	9.33752E4	1.18269E5	2.2535E6	1.34123E5	3.89726E5	5.45739E6	2.7792E4	1.98876E4	1.7525E4	1.45604E4	1.34906E4	1.28098E4	1.24402E4	1.10583E4	1.00333E4	9652.78861	8087.97929	8358.71601	7413.46711	6018.19349	5551.87784
596	1.03083E5	9.30679E4	1.14875E5	2.33412E6	1.28772E5	1.75063E5	8.634E6	2.66495E4	1.79222E4	1.71261E4	1.54177E4	1.33752E4	1.32393E4	1.18145E4	1.13599E4	1.03639E4	9461.78866	8495.95455	7827.68179	7212.09575	5923.09454	5797.18593
598	1.02168E5	1.0181E5	1.12899E5	2.24245E6	1.26767E5	1.4672E5	1.12057E7	2.85229E4	2.02449E4	1.62259E4	1.48783E4	1.24339E4	1.24079E4	1.16065E4	1.03463E4	9721.47864	8659.1476	8353.35465	7509.24739	7216.3243	5874.14998	4929.89146
600	1.17027E5	9.41818E4	1.06351E5	1.98007E6	1.34783E5	1.28056E5	1.31666E7	3.06575E4	1.88689E4	1.54603E4	1.47525E4	1.25336E4	1.20834E4	1.14128E4	1.169E4	9487.51256	7983.19791	7407.43532	7252.80355	7272.67977	5603.05821	5185.68797
