300	1.62991E5	1.121E5	1.38748E5	2.7188E6	3.20996E5	2.52856E5	1.99677E7	7.23242E4	1.13188E4	6230.80864	4687.26899	3426.51421	2820.54245	2399.66603	2532.66182	1775.67932	1602.30156	1267.32999	1182.25933	971.98216	931.40471	736.28155
302	1.93385E5	1.29346E5	1.37996E5	1.81037E6	6.44191E5	1.7671E5	1.70647E7	8.07985E5	1.23585E4	7318.78768	5189.86509	3348.08002	3069.28985	2137.31053	2050.07375	1749.78664	1339.82133	1304.54155	1233.8473	1308.84867	869.52153	851.36231
304	1.76407E5	1.3267E5	1.50843E5	1.00739E6	1.23523E6	1.66208E5	1.08064E7	3.5656E6	1.47796E4	6512.2088	5102.96948	2966.38412	3183.78671	2645.77917	1593.75646	1630.34474	1595.60779	1264.26935	1238.62499	1255.09328	956.55154	873.63945
306	1.76008E5	1.4124E5	1.52518E5	5.22292E5	2.00721E6	1.72156E5	4.70512E6	9.14122E6	1.72945E4	7202.2894	4702.65036	3609.34898	2812.15254	2601.69422	2059.43508	1763.17717	1315.97278	1331.92554	1161.47983	1319.23057	1120.03651	913.13036
308	2.14514E5	1.44303E5	1.55796E5	2.82421E5	2.69925E6	1.72464E5	1.22939E6	1.58442E7	2.54421E4	8403.58923	5314.0774	3519.96601	2823.22655	2330.70172	1881.97749	1568.59374	1342.85017	1319.4204	1231.31223	1261.66954	919.47588	936.58028
310	1.74596E5	1.39691E5	1.64827E5	2.30814E5	2.90283E6	1.85658E5	2.19199E5	1.8976E7	6.7631E4	9466.86189	5689.03364	3564.27944	3117.38761	2440.37785	2011.11875	1583.63361	1255.94141	1364.2315	957.16431	1206.87623	1407.99434	879.83471
312	2.0517E5	1.46656E5	1.74752E5	2.22487E5	2.49264E6	2.67035E5	1.32882E5	1.69922E7	7.46446E5	9296.29813	5470.09597	3682.82332	2991.41783	2150.80109	1991.32476	1585.49314	1203.52472	1240.95148	960.69835	1132.28483	957.22482	928.46897
314	2.36613E5	1.6219E5	1.75171E5	2.27703E5	1.67078E6	5.29459E5	1.15598E5	1.04898E7	3.51335E6	1.25665E4	5801.3891	4441.81551	2824.26196	2555.8055	2196.02704	1689.23572	1364.92114	1344.29756	875.17632	1040.53162	1220.46334	710.14211
316	2.25129E5	1.615E5	1.88067E5	2.37209E5	9.71694E5	1.03015E6	1.12629E5	4.23585E6	8.78657E6	1.4981E4	5889.18568	4095.13958	2890.64503	2162.57949	1778.78666	1827.98395	1216.39372	1433.16315	1154.78105	1212.62028	1166.53549	938.58684
318	2.2361E5	1.66171E5	2.01624E5	2.44271E5	5.36082E5	1.69392E6	1.13706E5	1.04206E6	1.43123E7	2.12819E4	6465.0946	4987.44624	3011.57186	2592.0039	2158.55033	1508.82201	1461.95797	1621.26837	1001.30077	1002.65217	668.70842	1385.11229
320	2.4342E5	1.75802E5	1.94792E5	2.47661E5	3.50256E5	2.25497E6	1.10315E5	1.72416E5	1.65016E7	6.10508E4	7084.47623	4889.53412	3228.90679	2648.13059	2507.44629	1501.91032	1319.82552	1245.13957	1037.64063	1100.3395	1067.4688	803.9795
322	2.55047E5	1.9167E5	2.04669E5	2.5847E5	3.01909E5	2.39873E6	1.24829E5	1.09122E5	1.38556E7	6.58494E5	8917.2911	4860.052	3470.11157	2406.34507	2060.22347	1401.76874	1317.62425	1298.92667	1027.50065	1183.93179	765.27124	913.8311
324	2.60637E5	1.81171E5	2.01761E5	2.646E5	2.94286E5	2.07767E6	1.88187E5	9.52704E4	8.63047E6	2.98613E6	9821.48655	4746.47512	3754.25383	2342.50728	1802.8192	1473.90786	1686.8282	1142.53274	1120.54728	1178.99813	913.38039	663.06174
326	2.64927E5	1.87789E5	2.14858E5	2.65943E5	2.95219E5	1.49107E6	3.693E5	9.34377E4	3.41588E6	7.4037E6	1.19658E4	4623.03365	3797.96485	2608.0826	2102.19564	1573.3734	1456.9908	1109.97279	1114.11078	1018.00087	788.36004	1004.43675
328	2.98599E5	1.97764E5	2.20381E5	2.74791E5	2.92052E5	9.23006E5	7.34041E5	9.3592E4	8.92791E5	1.21353E7	1.85483E4	5387.65435	3799.65122	2314.05401	2078.32716	1579.14854	1219.10503	1333.85476	1071.5573	1082.15552	1057.03073	997.7656
330	3.2774E5	2.10826E5	2.37254E5	2.84494E5	3.00355E5	5.18563E5	1.26834E6	9.67785E4	1.52885E5	1.42635E7	5.03219E4	5992.59088	3565.89639	2885.85456	2140.61022	1760.81833	1475.26242	1025.74526	899.4791	1255.89831	899.09329	1057.42349
332	3.64926E5	2.13513E5	2.3541E5	2.92065E5	3.05238E5	3.40451E5	1.74188E6	9.74778E4	9.85551E4	1.2348E7	5.53653E5	7488.48983	4187.97568	2765.40082	2211.9593	1343.24411	1495.92195	944.3393	1228.42617	937.81851	841.78001	963.50873
334	3.79511E5	2.30736E5	2.33784E5	2.89284E5	3.07378E5	2.85868E5	1.94136E6	1.09834E5	8.96193E4	7.86461E6	2.52886E6	7656.41515	4118.33297	2961.06537	1934.70457	1561.19839	1348.73207	1104.81947	853.67601	1000.66677	836.07653	638.77905
336	4.31036E5	2.54726E5	2.45246E5	2.97487E5	3.16752E5	2.75042E5	1.78038E6	1.57128E5	8.99272E4	3.32286E6	6.31491E6	1.00604E4	4294.34945	3327.29989	1988.85912	1542.91471	1118.87324	1034.28082	1061.88364	882.56762	900.80497	831.712
338	4.39034E5	2.57845E5	2.5368E5	3.02787E5	3.17364E5	2.80578E5	1.35248E6	2.79908E5	9.09054E4	9.06875E5	1.00955E7	1.50063E4	5011.92087	3189.55961	2307.08085	1682.53398	1081.0724	1140.06545	941.59987	918.10438	867.50133	875.00102
340	4.6749E5	2.59626E5	2.62025E5	2.98521E5	3.21963E5	2.7953E5	8.49886E5	5.55757E5	9.14721E4	1.5452E5	1.20398E7	3.64977E4	4929.91873	3148.43601	2448.36404	1613.40655	1318.81302	1465.09579	1164.23059	1199.31438	834.0682	864.60711
342	4.85757E5	2.81991E5	2.55657E5	2.97751E5	3.20257E5	2.76908E5	4.96024E5	9.36236E5	9.49768E4	9.40387E4	1.04301E7	3.84434E5	5447.82441	3347.84403	2427.53296	1714.12614	1178.13788	1221.65505	1010.79772	1219.35384	1030.43755	754.57925
344	4.79986E5	2.77333E5	2.63287E5	2.93883E5	3.17955E5	2.82269E5	2.95347E5	1.3531E6	9.82494E4	8.48586E4	6.3805E6	1.93285E6	6532.4522	3528.11159	2385.51804	1673.15893	1364.75828	910.13699	788.55686	954.14152	783.39667	797.7549
346	5.14783E5	2.98508E5	2.52483E5	2.97945E5	3.16166E5	2.86545E5	2.33019E5	1.57418E6	1.07809E5	8.51572E4	2.68675E6	4.96229E6	8480.0974	3450.35999	2356.09241	1290.66373	1343.90907	1235.21583	977.18704	876.30123	734.11545	650.19907
348	5.13838E5	3.00471E5	2.71386E5	3.0086E5	3.18036E5	2.89434E5	2.20277E5	1.49438E6	1.41747E5	8.96459E4	6.55039E5	8.38617E6	1.3626E4	4091.96499	2591.4324	1774.60105	1199.88892	1019.43662	1095.78426	847.95423	956.16772	774.35882
350	5.35734E5	3.06456E5	2.66455E5	2.98025E5	3.15627E5	2.93416E5	2.18891E5	1.19643E6	2.29971E5	9.20893E4	1.24363E5	9.87184E6	2.80422E4	4007.08112	2641.01051	1905.31066	1264.85213	980.06029	919.50688	757.4311	760.60595	789.25762
352	5.71521E5	3.28184E5	2.78515E5	2.99212E5	3.15835E5	2.99924E5	2.24213E5	7.93525E5	4.206E5	9.69276E4	7.94255E4	8.57131E6	3.27985E5	5228.71478	2699.28146	1776.53613	1236.21754	972.32286	926.9088	881.19345	727.2252	653.23314
354	5.50234E5	3.23345E5	2.81576E5	2.99715E5	3.12579E5	2.96722E5	2.32904E5	4.79566E5	7.03123E5	1.01246E5	7.19101E4	5.4983E6	1.59221E6	5951.6931	2965.89858	1821.5818	1311.53511	1047.41934	1119.53911	939.71759	937.28002	702.67534
356	5.44445E5	3.36741E5	2.83618E5	3.02853E5	3.11913E5	3.0077E5	2.37045E5	3.04072E5	1.01683E6	1.08244E5	7.39834E4	2.27305E6	4.24525E6	7255.15633	3106.34273	1955.78293	1347.40464	958.38293	926.30602	932.01389	728.68176	659.89066
358	5.56559E5	3.49198E5	2.92188E5	2.98024E5	3.10911E5	3.05348E5	2.3995E5	2.36301E5	1.22523E6	1.15928E5	7.74151E4	5.91243E5	7.14876E6	1.14467E4	3351.51991	1921.16878	1553.17402	1166.23039	922.31106	908.82967	672.72993	647.30869
360	5.30952E5	3.67979E5	2.96077E5	3.04681E5	3.10991E5	3.05037E5	2.49203E5	2.19721E5	1.24354E6	1.36959E5	8.25343E4	1.1278E5	8.59002E6	2.53E4	3782.95234	1945.05844	1514.46041	1138.83282	921.6381	884.60179	758.95943	622.31155
362	5.73007E5	3.69451E5	2.98294E5	2.99306E5	3.0878E5	3.07711E5	2.51749E5	2.20871E5	1.06507E6	1.88639E5	8.94171E4	7.29211E4	7.88381E6	2.68073E5	3751.00112	1902.64749	1533.89094	1211.69335	780.86662	957.64962	851.81662	648.20769
364	5.59806E5	3.7792E5	3.08786E5	3.03557E5	3.13493E5	3.06022E5	2.61367E5	2.22645E5	7.71862E5	3.01193E5	9.47144E4	6.65651E4	5.00108E6	1.36302E6	5042.14295	2082.45785	1730.08371	1079.71959	971.09477	835.02338	898.67194	676.66793
366	5.82784E5	3.90786E5	3.19995E5	3.05178E5	3.12494E5	3.06931E5	2.68825E5	2.32302E5	4.99407E5	5.0803E5	1.00729E5	6.72384E4	2.10499E6	3.85475E6	6446.47486	2487.05698	1591.762	1157.93613	861.31596	837.43067	723.80379	656.29118
368	5.58482E5	3.9492E5	3.30023E5	3.15277E5	3.12799E5	3.12315E5	2.77329E5	2.39259E5	3.35504E5	7.53424E5	1.08073E5	7.14122E4	5.64002E5	6.45762E6	9982.10945	2463.89568	1650.88185	1234.64929	927.2046	817.62584	718.95349	635.64429
370	5.79815E5	4.0588E5	3.33372E5	3.16013E5	3.1202E5	3.14384E5	2.80716E5	2.49145E5	2.57714E5	9.7114E5	1.18335E5	7.59108E4	1.03106E5	7.80202E6	2.35892E4	2725.99375	1610.47413	1183.45809	735.21214	922.56111	573.36091	704.42857
372	5.89608E5	4.13364E5	3.38094E5	3.1386E5	3.18439E5	3.12868E5	2.87936E5	2.56293E5	2.37539E5	1.03908E6	1.33063E5	8.17893E4	6.27759E4	6.82265E6	2.52638E5	3417.04427	1604.00078	1324.97406	995.57968	791.56362	836.71225	719.45013
374	6.19941E5	4.32159E5	3.39564E5	3.18296E5	3.13805E5	3.10936E5	2.93822E5	2.62783E5	2.38123E5	9.45468E5	1.71319E5	8.74744E4	5.95716E4	4.31325E6	1.27486E6	4125.74615	1756.00287	1231.10175	1186.08034	991.55536	763.89361	666.50069
376	6.15616E5	4.47756E5	3.61446E5	3.205E5	3.1412E5	3.17276E5	3.00732E5	2.72399E5	2.43831E5	7.44136E5	2.52051E5	9.21669E4	5.8083E4	1.77218E6	3.3334E6	5541.88214	1879.78324	1484.98218	1158.10629	882.13482	765.10121	642.28629
378	6.16215E5	4.40932E5	3.63449E5	3.23383E5	3.22216E5	3.19675E5	3.00835E5	2.80108E5	2.51501E5	5.21833E5	3.95275E5	9.81989E4	6.14289E4	4.45533E5	5.61934E6	8178.15392	2204.82697	1289.73475	1255.47091	799.42391	649.87438	501.90262
380	5.98848E5	4.57029E5	3.62521E5	3.29406E5	3.26092E5	3.26427E5	3.11045E5	2.88642E5	2.54989E5	3.64053E5	5.85484E5	1.04488E5	6.6338E4	8.6326E4	6.74512E6	1.9974E4	2727.39864	1307.11141	1065.48037	858.91506	818.47363	624.90795
382	6.55782E5	4.85193E5	3.73467E5	3.36143E5	3.30014E5	3.31768E5	3.18703E5	2.95786E5	2.67094E5	2.84194E5	7.63996E5	1.14199E5	7.30694E4	6.04136E4	6.14609E6	2.19978E5	3057.26211	1394.65602	1159.4501	859.4209	595.14964	637.9967
384	6.35298E5	4.93893E5	3.91024E5	3.38788E5	3.3702E5	3.33431E5	3.29001E5	3.07749E5	2.75124E5	2.55206E5	8.7367E5	1.25161E5	7.784E4	5.53758E4	4.05981E6	1.07414E6	3921.15109	1749.92856	1138.46044	1078.16429	687.86007	664.16788
386	6.6578E5	5.20539E5	4.01996E5	3.54947E5	3.35426E5	3.40109E5	3.31222E5	3.18129E5	2.82673E5	2.49333E5	8.48009E5	1.49979E5	8.44099E4	5.47725E4	1.78336E6	2.87914E6	5419.90122	1770.01631	1096.18546	1145.01614	649.96897	620.49332
388	6.53647E5	5.11523E5	4.10194E5	3.63069E5	3.44856E5	3.45956E5	3.34298E5	3.24142E5	2.91379E5	2.55951E5	7.25498E5	2.0459E5	8.97243E4	5.76626E4	4.84013E5	4.95479E6	8546.39162	2019.52266	1273.43766	1137.49376	710.37581	594.00418
390	6.52989E5	5.29562E5	4.2718E5	3.67677E5	3.45758E5	3.48988E5	3.40826E5	3.29491E5	2.99546E5	2.63281E5	5.4954E5	3.03377E5	9.58807E4	6.17905E4	8.68744E4	6.1202E6	1.91257E4	2262.68481	1307.01127	1101.09888	867.49156	745.43189
392	6.70781E5	5.39771E5	4.33505E5	3.76339E5	3.49488E5	3.52912E5	3.49379E5	3.35929E5	3.05696E5	2.68558E5	3.93248E5	4.51264E5	1.04949E5	6.72898E4	5.43162E4	5.59985E6	2.32384E5	2839.20064	1385.00563	1098.84235	859.85457	720.80566
394	6.53148E5	5.5427E5	4.46904E5	3.78213E5	3.59431E5	3.60925E5	3.51485E5	3.43639E5	3.14475E5	2.7667E5	3.02367E5	6.0717E5	1.11357E5	7.37171E4	5.07152E4	3.85638E6	1.11182E6	3422.81673	1631.72003	1300.32991	848.47949	579.81485
396	7.12814E5	5.76133E5	4.47996E5	3.7931E5	3.58881E5	3.58244E5	3.57585E5	3.47752E5	3.20118E5	2.80621E5	2.57605E5	7.29783E5	1.22729E5	7.97284E4	4.89758E4	1.70126E6	3.0766E6	4933.40861	1677.70152	1277.41428	946.9675	712.22239
398	7.27012E5	6.08435E5	4.70584E5	3.95257E5	3.72128E5	3.64131E5	3.60897E5	3.58675E5	3.26547E5	2.88913E5	2.52308E5	7.6484E5	1.37767E5	8.36431E4	5.13952E4	4.8793E5	4.89074E6	7526.82471	2171.07424	1116.40877	1185.28323	916.58468
400	7.07091E5	5.90183E5	4.88476E5	4.10595E5	3.75858E5	3.75835E5	3.67812E5	3.58929E5	3.32774E5	2.97369E5	2.5519E5	6.91905E5	1.68964E5	9.04968E4	5.45484E4	8.26396E4	5.75605E6	1.59202E4	2276.69667	1222.90265	1023.8958	747.3611
402	7.1549E5	6.18535E5	4.89565E5	4.12519E5	3.80289E5	3.77104E5	3.73447E5	3.65129E5	3.3899E5	3.02781E5	2.61047E5	5.54794E5	2.36746E5	9.92647E4	5.98699E4	4.94261E4	4.98964E6	1.82178E5	2626.6454	1247.33247	1035.93648	815.72514
404	7.34013E5	6.07203E5	5.11272E5	4.23127E5	3.86028E5	3.83659E5	3.78298E5	3.70498E5	3.46729E5	3.13911E5	2.68706E5	4.15276E5	3.446E5	1.0492E5	6.48642E4	4.46854E4	3.03726E6	9.73351E5	3294.48487	1754.07186	1073.6073	1012.33891
406	7.50289E5	6.2793E5	5.25679E5	4.31274E5	3.91613E5	3.88273E5	3.83608E5	3.7614E5	3.54311E5	3.18082E5	2.71263E5	3.17439E5	4.73957E5	1.1323E5	7.05177E4	4.299E4	1.28321E6	2.57669E6	4473.35553	1411.62401	1155.68099	823.70083
408	7.24299E5	6.37609E5	5.29325E5	4.39352E5	3.92305E5	3.92603E5	3.85032E5	3.78545E5	3.58942E5	3.22633E5	2.78692E5	2.67351E5	5.96675E5	1.20878E5	7.43131E4	4.42856E4	3.23498E5	4.40946E6	7359.76302	1822.9824	952.58206	940.16517
410	7.78749E5	6.55119E5	5.47407E5	4.46255E5	4.01507E5	3.93566E5	3.91112E5	3.84078E5	3.64333E5	3.28739E5	2.8517E5	2.5118E5	6.664E5	1.34013E5	7.90794E4	4.74116E4	6.04748E4	5.31794E6	1.50403E4	2199.76603	1196.54934	1006.50658
412	7.85201E5	6.54808E5	5.47802E5	4.57229E5	4.13962E5	3.98434E5	3.91517E5	3.83632E5	3.6276E5	3.32328E5	2.90906E5	2.49424E5	6.5134E5	1.53206E5	8.57693E4	5.14561E4	4.29619E4	4.69902E6	1.77134E5	2828.72391	1180.10952	871.61228
414	7.98736E5	6.87489E5	5.56345E5	4.61386E5	4.13754E5	3.98149E5	3.94609E5	3.87699E5	3.66869E5	3.40225E5	2.97142E5	2.55156E5	5.65075E5	2.0107E5	9.13209E4	5.44215E4	3.92838E4	3.0262E6	8.8798E5	3368.26884	1544.67912	908.55465
416	7.66668E5	6.94304E5	5.71874E5	4.72365E5	4.14636E5	4.00923E5	3.94234E5	3.88233E5	3.70884E5	3.447E5	3.03466E5	2.58451E5	4.50667E5	2.71866E5	9.74009E4	6.02337E4	3.99869E4	1.32633E6	2.44662E6	4504.84694	1381.71354	1031.13559
418	8.12155E5	6.93846E5	5.87765E5	4.76198E5	4.17085E5	4.05778E5	3.95009E5	3.94252E5	3.75569E5	3.46474E5	3.08554E5	2.60512E5	3.51778E5	3.70788E5	1.03721E5	6.4559E4	3.99486E4	3.41285E5	4.29296E6	7085.47885	1642.98041	1035.21569
420	8.04696E5	7.01841E5	5.97934E5	4.81871E5	4.28814E5	4.05113E5	3.98674E5	3.95034E5	3.72958E5	3.49034E5	3.16344E5	2.68584E5	2.83036E5	4.8625E5	1.09587E5	6.82368E4	4.18563E4	6.20024E4	5.21613E6	1.46164E4	1934.79505	1215.33684
422	7.86598E5	7.00897E5	5.93197E5	4.95933E5	4.34455E5	4.07884E5	3.99655E5	3.93379E5	3.81453E5	3.53061E5	3.17771E5	2.7624E5	2.54178E5	5.67093E5	1.19011E5	7.4312E4	4.53429E4	3.80168E4	4.63243E6	1.71988E5	2420.45928	1011.38009
424	8.01874E5	7.1655E5	5.98751E5	4.9944E5	4.3128E5	4.08881E5	3.95733E5	3.94207E5	3.75759E5	3.55793E5	3.22016E5	2.80378E5	2.44489E5	5.92991E5	1.33841E5	7.76931E4	4.82712E4	3.59502E4	3.00014E6	8.63945E5	3323.1766	1258.59658
426	8.28027E5	7.37584E5	6.14877E5	5.11203E5	4.41247E5	4.11779E5	3.967E5	3.93924E5	3.77828E5	3.58234E5	3.2669E5	2.81216E5	2.46807E5	5.46432E5	1.59528E5	8.39699E4	5.32778E4	3.50223E4	1.17757E6	2.37122E6	4041.53987	1284.09934
428	8.10828E5	7.25505E5	6.17773E5	5.16849E5	4.45293E5	4.10327E5	3.99935E5	3.89849E5	3.80754E5	3.59558E5	3.31437E5	2.87941E5	2.4883E5	4.60174E5	2.08063E5	8.81354E4	5.79E4	3.62514E4	2.95575E5	4.10627E6	6729.40184	1476.50707
430	8.27067E5	7.34071E5	6.34996E5	5.19087E5	4.47824E5	4.11151E5	3.99465E5	3.93725E5	3.77009E5	3.61892E5	3.3299E5	2.90312E5	2.51836E5	3.57686E5	2.79799E5	9.42718E4	6.22924E4	3.74484E4	5.4343E4	4.94011E6	1.38956E4	1821.61473
432	7.90311E5	7.31653E5	6.37186E5	5.33223E5	4.50732E5	4.16453E5	3.96868E5	3.92059E5	3.81229E5	3.62141E5	3.38704E5	2.9975E5	2.57357E5	2.88481E5	3.64101E5	9.97522E4	6.48592E4	3.90049E4	3.60787E4	4.26667E6	1.64856E5	1994.19364
434	8.01433E5	7.44348E5	6.42301E5	5.3274E5	4.56039E5	4.17357E5	3.9849E5	3.93362E5	3.78985E5	3.63456E5	3.3754E5	2.98787E5	2.59316E5	2.51859E5	4.47335E5	1.05957E5	6.95327E4	4.38983E4	3.3881E4	2.4732E6	8.30891E5	2783.59309
436	8.30875E5	7.56071E5	6.56452E5	5.38579E5	4.53447E5	4.17774E5	3.97091E5	3.91845E5	3.75631E5	3.63145E5	3.37611E5	3.01636E5	2.66733E5	2.36832E5	4.90534E5	1.14834E5	7.46205E4	4.73146E4	3.30556E4	9.78148E5	2.10417E6	3803.76912
438	8.23473E5	7.58865E5	6.5303E5	5.48004E5	4.60075E5	4.15604E5	3.94755E5	3.88733E5	3.78339E5	3.62257E5	3.43401E5	3.05137E5	2.67846E5	2.33865E5	4.87846E5	1.30349E5	7.95162E4	5.1E4	3.34364E4	2.56529E5	3.52819E6	5490.80338
440	7.99595E5	7.52331E5	6.66427E5	5.52865E5	4.62958E5	4.18264E5	3.89981E5	3.85552E5	3.71255E5	3.61476E5	3.39857E5	3.04776E5	2.72536E5	2.34574E5	4.35007E5	1.57552E5	8.30593E4	5.58793E4	3.51612E4	4.79386E4	4.34106E6	1.03424E4
442	7.8776E5	7.44049E5	6.568E5	5.49095E5	4.71898E5	4.14958E5	3.87342E5	3.84317E5	3.78677E5	3.61418E5	3.40996E5	3.0811E5	2.77278E5	2.35515E5	3.62017E5	2.00354E5	8.74979E4	5.80054E4	3.68502E4	3.40171E4	3.82933E6	9.42183E4
444	8.10279E5	7.56081E5	6.55444E5	5.5435E5	4.67662E5	4.13752E5	3.88005E5	3.80141E5	3.71112E5	3.59391E5	3.39878E5	3.11494E5	2.77697E5	2.39431E5	2.90653E5	2.60345E5	9.19325E4	6.09461E4	3.91098E4	3.20926E4	2.47564E6	5.53809E5
446	7.84256E5	7.4135E5	6.63736E5	5.54327E5	4.66363E5	4.1613E5	3.87767E5	3.80003E5	3.67247E5	3.57922E5	3.44298E5	3.14567E5	2.82194E5	2.41672E5	2.40238E5	3.3105E5	9.59039E4	6.52138E4	4.32439E4	3.17579E4	1.04879E6	1.70382E6
448	8.27335E5	7.68944E5	6.64495E5	5.62564E5	4.72416E5	4.14262E5	3.85701E5	3.74342E5	3.66534E5	3.56822E5	3.38676E5	3.12179E5	2.83113E5	2.44866E5	2.15929E5	3.8715E5	1.02755E5	6.96899E4	4.6413E4	3.16839E4	2.71234E5	3.1619E6
450	7.6303E5	7.57177E5	6.63174E5	5.60485E5	4.7236E5	4.08618E5	3.83321E5	3.71603E5	3.65011E5	3.55774E5	3.40314E5	3.11945E5	2.84352E5	2.49075E5	2.06398E5	4.16935E5	1.13908E5	7.39978E4	5.05148E4	3.31215E4	4.91304E4	4.02264E6
452	8.04164E5	7.27583E5	6.79912E5	5.69839E5	4.6616E5	4.11156E5	3.84138E5	3.65731E5	3.62698E5	3.51151E5	3.39891E5	3.14096E5	2.86616E5	2.5345E5	2.07841E5	4.02177E5	1.2994E5	7.61021E4	5.39985E4	3.55532E4	3.15099E4	3.68631E6
454	8.13366E5	7.5809E5	6.68771E5	5.70417E5	4.67778E5	4.08445E5	3.77001E5	3.64111E5	3.56079E5	3.49418E5	3.3427E5	3.12593E5	2.83395E5	2.53757E5	2.06805E5	3.55398E5	1.60864E5	8.04433E4	5.5494E4	3.755E4	2.89144E4	2.38151E6
456	7.47692E5	7.53911E5	6.64784E5	5.72908E5	4.68087E5	4.1312E5	3.7407E5	3.57617E5	3.54316E5	3.43681E5	3.33247E5	3.09256E5	2.86193E5	2.56128E5	2.07234E5	2.91589E5	2.05334E5	8.38921E4	5.9095E4	3.97767E4	2.85125E4	9.69953E5
458	7.96643E5	7.4399E5	6.65291E5	5.72751E5	4.76185E5	4.02505E5	3.69051E5	3.60036E5	3.50162E5	3.43446E5	3.31816E5	3.08868E5	2.86999E5	2.58467E5	2.07287E5	2.3659E5	2.61237E5	8.69414E4	6.16818E4	4.21404E4	2.87222E4	2.48046E5
460	7.73373E5	7.33737E5	6.70589E5	5.63873E5	4.72355E5	4.01004E5	3.63376E5	3.55102E5	3.43778E5	3.38393E5	3.29019E5	3.0788E5	2.85036E5	2.59163E5	2.11662E5	2.01386E5	3.10586E5	9.1714E4	6.58726E4	4.56432E4	2.92542E4	4.44951E4
462	7.9073E5	7.40554E5	6.55253E5	5.68905E5	4.71619E5	3.96127E5	3.6336E5	3.50537E5	3.41149E5	3.34182E5	3.28027E5	3.05466E5	2.84342E5	2.57457E5	2.10154E5	1.82977E5	3.47913E5	9.67171E4	7.01244E4	4.832E4	3.00669E4	2.75726E4
464	8.10433E5	7.17135E5	6.45441E5	5.63013E5	4.68446E5	3.97656E5	3.61607E5	3.41968E5	3.39639E5	3.27336E5	3.23326E5	3.03928E5	2.83129E5	2.57557E5	2.11884E5	1.77677E5	3.51673E5	1.08073E5	7.14223E4	5.1363E4	3.22741E4	2.53778E4
466	7.61884E5	7.16811E5	6.53129E5	5.59876E5	4.6254E5	3.97503E5	3.56711E5	3.4001E5	3.33182E5	3.27294E5	3.18017E5	3.01714E5	2.81736E5	2.58482E5	2.14477E5	1.74483E5	3.26935E5	1.24838E5	7.41611E4	5.27727E4	3.37305E4	2.62328E4
468	8.95912E5	7.27911E5	6.45912E5	5.6266E5	4.63432E5	3.97079E5	3.50977E5	3.34542E5	3.32258E5	3.24142E5	3.12146E5	2.98428E5	2.79272E5	2.60352E5	2.14555E5	1.76609E5	2.81205E5	1.51784E5	7.66395E4	5.49723E4	3.5427E4	2.58858E4
470	1.33077E6	7.19837E5	6.59636E5	5.52334E5	4.5911E5	3.87812E5	3.50445E5	3.35005E5	3.23946E5	3.17832E5	3.12709E5	2.92139E5	2.78809E5	2.58795E5	2.14886E5	1.75699E5	2.29048E5	1.88766E5	7.89629E4	5.6543E4	3.83155E4	2.57089E4
472	2.25693E6	7.02101E5	6.36707E5	5.54407E5	4.57465E5	3.88483E5	3.43045E5	3.26288E5	3.17977E5	3.14884E5	3.06551E5	2.90668E5	2.74684E5	2.57362E5	2.16054E5	1.7698E5	1.92107E5	2.32392E5	8.17824E4	5.82991E4	4.0885E4	2.63627E4
474	3.92183E6	6.86883E5	6.37145E5	5.55498E5	4.57786E5	3.87952E5	3.45223E5	3.27036E5	3.12679E5	3.08262E5	3.0294E5	2.87044E5	2.74167E5	2.56835E5	2.16658E5	1.77336E5	1.66238E5	2.74075E5	8.41437E4	6.25792E4	4.20946E4	2.78862E4
476	6.34753E6	6.94797E5	6.21022E5	5.46434E5	4.50351E5	3.80053E5	3.36914E5	3.18116E5	3.08787E5	3.03495E5	2.97059E5	2.83227E5	2.72312E5	2.52547E5	2.16124E5	1.75864E5	1.54692E5	3.02204E5	8.92732E4	6.4298E4	4.44608E4	2.86302E4
478	9.09514E6	6.81825E5	6.30381E5	5.39242E5	4.47467E5	3.8035E5	3.36691E5	3.15301E5	3.04211E5	2.97455E5	2.94152E5	2.78901E5	2.69697E5	2.54005E5	2.13002E5	1.75222E5	1.48768E5	2.99032E5	9.87691E4	6.54839E4	4.607E4	3.03034E4
480	1.16856E7	6.84209E5	6.17121E5	5.39549E5	4.46666E5	3.72627E5	3.2678E5	3.03752E5	2.98774E5	2.93207E5	2.86723E5	2.72679E5	2.63494E5	2.51797E5	2.11599E5	1.7732E5	1.48913E5	2.74821E5	1.1523E5	6.56617E4	4.79113E4	3.13602E4
482	1.31497E7	6.60056E5	6.09962E5	5.28865E5	4.40474E5	3.67902E5	3.26543E5	3.03248E5	2.95017E5	2.88745E5	2.80881E5	2.69575E5	2.61171E5	2.50455E5	2.12345E5	1.77132E5	1.44732E5	2.30434E5	1.41983E5	6.90785E4	4.84521E4	3.42034E4
484	1.27482E7	6.4796E5	6.06111E5	5.38486E5	4.34525E5	3.63965E5	3.22952E5	2.95089E5	2.8882E5	2.80715E5	2.75706E5	2.65344E5	2.58426E5	2.43509E5	2.0976E5	1.75725E5	1.46909E5	1.87634E5	1.76896E5	7.03835E4	5.16184E4	3.59962E4
486	1.08311E7	6.75321E5	5.83142E5	5.26039E5	4.38206E5	3.58047E5	3.14191E5	2.93602E5	2.80522E5	2.77042E5	2.71019E5	2.6305E5	2.52756E5	2.40556E5	2.04847E5	1.74475E5	1.46933E5	1.5562E5	2.13043E5	7.3091E4	5.14141E4	3.75254E4
488	7.93717E6	8.58785E5	5.91029E5	5.05234E5	4.28205E5	3.50704E5	3.10858E5	2.89723E5	2.77507E5	2.68941E5	2.66926E5	2.57925E5	2.47583E5	2.37312E5	2.05733E5	1.72438E5	1.47033E5	1.35596E5	2.4199E5	7.65785E4	5.38098E4	3.9388E4
490	4.82635E6	1.47551E6	5.81172E5	5.13878E5	4.26071E5	3.51178E5	3.04885E5	2.83709E5	2.74525E5	2.64596E5	2.61654E5	2.52113E5	2.43291E5	2.35175E5	2.03803E5	1.7144E5	1.44298E5	1.26817E5	2.54796E5	8.02977E4	5.43562E4	4.02653E4
492	2.56047E6	2.77229E6	5.75306E5	5.01044E5	4.23152E5	3.48529E5	3.00138E5	2.8139E5	2.66449E5	2.6085E5	2.56043E5	2.50684E5	2.41332E5	2.2905E5	2.01638E5	1.71134E5	1.45123E5	1.23935E5	2.52591E5	9.128E4	5.54646E4	4.00066E4
494	1.16732E6	4.87243E6	5.60024E5	4.90086E5	4.08087E5	3.41731E5	2.96882E5	2.74409E5	2.6354E5	2.5624E5	2.49503E5	2.45526E5	2.36123E5	2.27827E5	1.98071E5	1.70147E5	1.43367E5	1.21457E5	2.27695E5	1.06604E5	5.67854E4	4.217E4
496	7.86393E5	7.75908E6	5.55956E5	4.88304E5	4.04204E5	3.35063E5	2.93712E5	2.75583E5	2.60461E5	2.52812E5	2.46215E5	2.38095E5	2.34119E5	2.24972E5	1.96499E5	1.65849E5	1.42694E5	1.21522E5	1.91572E5	1.30344E5	5.77598E4	4.24358E4
498	7.2382E5	1.07005E7	5.52675E5	4.7626E5	3.98387E5	3.33224E5	2.8894E5	2.64646E5	2.53807E5	2.46933E5	2.42246E5	2.31369E5	2.30179E5	2.23912E5	1.96511E5	1.66062E5	1.42957E5	1.20005E5	1.58135E5	1.55796E5	5.8533E4	4.31859E4
500	6.68727E5	1.32285E7	5.37105E5	4.73706E5	3.91517E5	3.30945E5	2.85428E5	2.61719E5	2.49942E5	2.42623E5	2.37312E5	2.30436E5	2.23733E5	2.1897E5	1.93362E5	1.65145E5	1.41653E5	1.19615E5	1.30658E5	1.82924E5	5.87828E4	4.46027E4
502	6.46189E5	1.4482E7	5.38464E5	4.62723E5	3.84907E5	3.17537E5	2.77337E5	2.58891E5	2.42031E5	2.37475E5	2.32768E5	2.27274E5	2.2231E5	2.15167E5	1.87846E5	1.63684E5	1.39404E5	1.17556E5	1.1423E5	2.06656E5	6.20783E4	4.60714E4
504	6.37965E5	1.369E7	5.33987E5	4.65798E5	3.82631E5	3.17622E5	2.75563E5	2.52713E5	2.39956E5	2.2789E5	2.27497E5	2.21298E5	2.16868E5	2.11094E5	1.87537E5	1.58588E5	1.38013E5	1.1692E5	1.06159E5	2.17366E5	6.817E4	4.66588E4
506	6.18962E5	1.13416E7	5.4831E5	4.54687E5	3.84391E5	3.1722E5	2.71174E5	2.48655E5	2.31162E5	2.27673E5	2.2102E5	2.17638E5	2.12915E5	2.07007E5	1.83181E5	1.59446E5	1.37928E5	1.16763E5	1.00637E5	2.07246E5	7.64506E4	4.56535E4
508	6.31715E5	8.19232E6	7.48691E5	4.48203E5	3.71796E5	3.09497E5	2.67981E5	2.4182E5	2.28636E5	2.2258E5	2.18277E5	2.10854E5	2.09114E5	2.03148E5	1.80225E5	1.56844E5	1.34367E5	1.14642E5	1.00434E5	1.85642E5	9.1237E4	4.76927E4
510	6.90631E5	4.9727E6	1.52037E6	4.39539E5	3.6721E5	3.02303E5	2.55982E5	2.37457E5	2.24373E5	2.1874E5	2.11178E5	2.08674E5	2.00623E5	1.99174E5	1.77665E5	1.53611E5	1.33496E5	1.14917E5	9.86326E4	1.56753E5	1.10048E5	4.78999E4
512	8.52853E5	2.40598E6	3.20925E6	4.33933E5	3.65579E5	2.96933E5	2.55379E5	2.33607E5	2.19192E5	2.11755E5	2.08479E5	1.99355E5	1.98657E5	1.96285E5	1.74535E5	1.51333E5	1.31971E5	1.13104E5	9.8377E4	1.24517E5	1.32101E5	4.82134E4
514	1.04074E6	1.09531E6	5.71489E6	4.24631E5	3.57227E5	2.92386E5	2.5334E5	2.29857E5	2.13601E5	2.11121E5	2.04324E5	1.96604E5	1.94095E5	1.89009E5	1.70561E5	1.48127E5	1.31721E5	1.12303E5	9.64184E4	1.04237E5	1.56258E5	4.93923E4
516	1.27533E6	6.75835E5	8.7548E6	4.25601E5	3.46526E5	2.89319E5	2.46066E5	2.22889E5	2.1136E5	2.03748E5	1.99248E5	1.92444E5	1.90063E5	1.85758E5	1.68738E5	1.4778E5	1.28296E5	1.1096E5	9.56178E4	9.27094E4	1.71132E5	5.20418E4
518	1.66523E6	5.99261E5	1.16728E7	4.0688E5	3.45015E5	2.8531E5	2.42805E5	2.21877E5	2.08481E5	2.00135E5	1.9593E5	1.90996E5	1.85156E5	1.82716E5	1.62082E5	1.45932E5	1.25687E5	1.07929E5	9.33125E4	8.51179E4	1.7724E5	5.74418E4
520	2.07181E6	5.66549E5	1.4106E7	4.08942E5	3.35278E5	2.77859E5	2.42176E5	2.16679E5	2.01422E5	1.93535E5	1.87435E5	1.84627E5	1.83433E5	1.7759E5	1.59067E5	1.42368E5	1.23042E5	1.07127E5	9.20309E4	8.13257E4	1.6694E5	6.29676E4
522	2.42389E6	5.40491E5	1.4754E7	4.00744E5	3.24085E5	2.72783E5	2.33999E5	2.11337E5	1.99073E5	1.918E5	1.85307E5	1.81024E5	1.77349E5	1.74522E5	1.57607E5	1.39024E5	1.22239E5	1.05695E5	9.22096E4	8.11754E4	1.50149E5	7.60244E4
524	2.67874E6	5.43612E5	1.35088E7	4.11298E5	3.29491E5	2.63092E5	2.2654E5	2.09204E5	1.95048E5	1.8631E5	1.79496E5	1.7455E5	1.72869E5	1.71843E5	1.53565E5	1.36913E5	1.19448E5	1.03558E5	9.07165E4	7.99012E4	1.26334E5	9.044E4
526	2.67442E6	5.14492E5	1.09036E7	4.26992E5	3.2068E5	2.66087E5	2.26705E5	2.03558E5	1.89816E5	1.79399E5	1.7638E5	1.72001E5	1.69729E5	1.65771E5	1.47546E5	1.33583E5	1.16721E5	1.01714E5	8.94605E4	7.64879E4	1.03534E5	1.09063E5
528	2.51346E6	5.04482E5	7.74941E6	6.52722E5	3.19924E5	2.60792E5	2.22142E5	1.98304E5	1.87562E5	1.78823E5	1.69726E5	1.66419E5	1.64444E5	1.61996E5	1.46845E5	1.31749E5	1.15253E5	1.01741E5	8.72611E4	7.59032E4	8.42685E4	1.24954E5
530	2.24787E6	5.07913E5	4.56653E6	1.4776E6	3.14505E5	2.57972E5	2.16232E5	1.9155E5	1.78287E5	1.73835E5	1.67618E5	1.62378E5	1.61252E5	1.5971E5	1.41965E5	1.28009E5	1.13634E5	1.00247E5	8.70156E4	7.45276E4	7.19467E4	1.40551E5
532	1.84495E6	5.38418E5	2.14183E6	3.26053E6	3.04562E5	2.50287E5	2.13492E5	1.8708E5	1.75182E5	1.6685E5	1.63088E5	1.58037E5	1.57954E5	1.54271E5	1.39452E5	1.248E5	1.12302E5	9.77028E4	8.49377E4	7.40977E4	6.60763E4	1.46288E5
534	1.34188E6	6.19506E5	9.10314E5	5.98062E6	3.00257E5	2.46855E5	2.05718E5	1.85536E5	1.73521E5	1.66471E5	1.60757E5	1.54758E5	1.51834E5	1.5065E5	1.354E5	1.20071E5	1.07854E5	9.60363E4	8.37988E4	7.26943E4	6.18762E4	1.40998E5
536	9.54794E5	7.83894E5	5.38651E5	9.24153E6	2.96418E5	2.41059E5	2.02187E5	1.81214E5	1.68154E5	1.58756E5	1.57362E5	1.49758E5	1.49164E5	1.47442E5	1.34438E5	1.19787E5	1.08701E5	9.36237E4	8.09107E4	7.26004E4	6.23434E4	1.25248E5
538	6.7345E5	1.07211E6	4.77315E5	1.24156E7	2.87196E5	2.3248E5	2.00266E5	1.75334E5	1.63955E5	1.55977E5	1.5505E5	1.46743E5	1.44505E5	1.43787E5	1.29746E5	1.14451E5	1.03072E5	9.02232E4	7.99294E4	6.91292E4	6.10308E4	1.0385E5
540	5.05474E5	1.4508E6	4.51978E5	1.46473E7	2.84049E5	2.27282E5	1.93812E5	1.70824E5	1.60321E5	1.50662E5	1.47394E5	1.42067E5	1.4185E5	1.40322E5	1.26526E5	1.12725E5	1.00903E5	8.97698E4	7.99647E4	6.88502E4	5.89905E4	8.40943E4
542	4.27112E5	1.89393E6	4.26162E5	1.50982E7	2.76975E5	2.24935E5	1.87892E5	1.66665E5	1.55988E5	1.46246E5	1.41419E5	1.38009E5	1.36902E5	1.34955E5	1.22928E5	1.11226E5	9.89097E4	8.93966E4	7.86563E4	6.74555E4	5.81273E4	6.76837E4
544	4.08471E5	2.32794E6	4.17259E5	1.34167E7	2.87167E5	2.22001E5	1.83898E5	1.60989E5	1.48647E5	1.43427E5	1.40081E5	1.32948E5	1.33263E5	1.30847E5	1.1908E5	1.07336E5	9.61682E4	8.53938E4	7.55151E4	6.64262E4	5.52815E4	5.62774E4
546	3.86598E5	2.61811E6	4.03679E5	1.06602E7	3.17988E5	2.16441E5	1.8473E5	1.58566E5	1.468E5	1.41145E5	1.35113E5	1.31655E5	1.29314E5	1.28301E5	1.15008E5	1.06154E5	9.41759E4	8.45371E4	7.55617E4	6.40735E4	5.39493E4	5.06295E4
548	3.82737E5	2.78413E6	3.91783E5	7.31421E6	6.14266E5	2.12817E5	1.79438E5	1.55563E5	1.43029E5	1.36828E5	1.32274E5	1.30724E5	1.26175E5	1.24938E5	1.13127E5	1.02837E5	9.0828E4	8.17284E4	7.19894E4	6.24272E4	5.4148E4	4.89702E4
550	3.72938E5	2.81703E6	3.83745E5	4.19015E6	1.5521E6	2.02643E5	1.69656E5	1.5273E5	1.41596E5	1.34221E5	1.30186E5	1.23657E5	1.21857E5	1.2211E5	1.10113E5	9.77968E4	8.91753E4	7.95837E4	6.99963E4	6.32974E4	5.23304E4	4.69579E4
552	3.30803E5	2.52612E6	3.69102E5	1.88445E6	3.48305E6	2.0632E5	1.67653E5	1.48863E5	1.37974E5	1.30466E5	1.25085E5	1.2033E5	1.16707E5	1.17965E5	1.06556E5	9.75445E4	8.69067E4	7.96436E4	6.85396E4	6.17727E4	5.32368E4	4.42522E4
554	3.54089E5	2.14193E6	3.93625E5	7.54506E5	6.36902E6	2.01735E5	1.64527E5	1.47368E5	1.32197E5	1.26489E5	1.22085E5	1.17773E5	1.15314E5	1.15414E5	1.04888E5	9.39962E4	8.588E4	7.59176E4	6.8767E4	5.99844E4	5.06053E4	4.44326E4
556	3.10463E5	1.68398E6	4.4004E5	4.32674E5	9.53512E6	1.95633E5	1.61757E5	1.4255E5	1.29942E5	1.21967E5	1.18436E5	1.11893E5	1.12873E5	1.09277E5	1.00241E5	9.28486E4	8.49765E4	7.61929E4	6.7196E4	5.87621E4	5.03771E4	4.44565E4
558	3.46749E5	1.18096E6	5.44833E5	3.77571E5	1.25523E7	2.00414E5	1.64557E5	1.38883E5	1.29056E5	1.19184E5	1.1671E5	1.12675E5	1.12138E5	1.08986E5	9.97862E4	9.00551E4	7.97427E4	7.18939E4	6.53362E4	5.78465E4	4.89289E4	4.24182E4
560	3.36251E5	8.53159E5	7.65394E5	3.59522E5	1.46496E7	1.89092E5	1.55029E5	1.3638E5	1.25806E5	1.1687E5	1.11755E5	1.09746E5	1.09099E5	1.05244E5	9.46036E4	8.83142E4	7.91847E4	7.06455E4	6.30589E4	5.69117E4	4.78437E4	4.15439E4
562	3.14692E5	5.7124E5	1.03478E6	3.43564E5	1.49718E7	1.8905E5	1.52416E5	1.30794E5	1.21468E5	1.14097E5	1.09836E5	1.0691E5	1.05025E5	1.0337E5	9.42237E4	8.39791E4	7.66082E4	6.86524E4	6.18746E4	5.61467E4	4.63349E4	4.16035E4
564	2.99309E5	3.98154E5	1.45099E6	3.22958E5	1.33774E7	1.94523E5	1.50219E5	1.29851E5	1.18595E5	1.11281E5	1.05947E5	1.00579E5	9.91694E4	9.80813E4	8.84148E4	8.12481E4	7.40244E4	6.59121E4	5.98846E4	5.32484E4	4.53467E4	4.00912E4
566	3.17321E5	3.40715E5	1.88627E6	3.15982E5	1.05403E7	2.3038E5	1.47042E5	1.2663E5	1.14577E5	1.07697E5	1.02488E5	9.74685E4	9.87454E4	9.57185E4	8.60616E4	7.97788E4	7.24032E4	6.49411E4	5.9109E4	5.03302E4	4.45676E4	3.78123E4
568	2.81585E5	2.85011E5	2.27123E6	3.11511E5	6.9998E6	5.28654E5	1.41967E5	1.24105E5	1.12701E5	1.05949E5	9.85652E4	9.76254E4	9.51261E4	9.48688E4	8.53893E4	7.53447E4	6.99629E4	6.24195E4	5.82932E4	5.12571E4	4.39197E4	3.91579E4
570	3.09989E5	2.70568E5	2.53611E6	2.98143E5	3.84885E6	1.50313E6	1.39476E5	1.1939E5	1.07708E5	1.01136E5	9.65225E4	9.32788E4	9.10514E4	8.92453E4	8.34148E4	7.48028E4	6.67894E4	6.09901E4	5.30744E4	4.95583E4	4.25327E4	3.67421E4
572	2.88828E5	2.78923E5	2.64274E6	2.87327E5	1.69692E6	3.3697E6	1.39573E5	1.18571E5	1.08688E5	9.66984E4	9.38852E4	9.06916E4	8.98609E4	8.64119E4	7.80212E4	7.29246E4	6.62044E4	6.03262E4	5.37011E4	4.91662E4	4.06815E4	3.65341E4
574	2.90608E5	2.62585E5	2.53012E6	2.7971E5	6.24083E5	6.13113E6	1.37503E5	1.15133E5	1.04944E5	9.40469E4	9.1852E4	8.7353E4	8.66882E4	8.42603E4	7.84246E4	7.00767E4	6.48229E4	5.72756E4	5.33957E4	4.82148E4	4.17064E4	3.56308E4
576	2.74144E5	2.45344E5	2.26744E6	2.87147E5	3.44865E5	9.15466E6	1.31774E5	1.12685E5	1.01404E5	9.30787E4	8.93919E4	8.53893E4	8.33704E4	8.14931E4	7.28856E4	6.94357E4	6.29959E4	5.5045E4	5.18939E4	4.51702E4	3.91114E4	3.39064E4
578	2.62742E5	2.4963E5	1.84557E6	3.04936E5	3.03248E5	1.20069E7	1.25695E5	1.07237E5	9.72407E4	9.06583E4	8.66817E4	8.43354E4	8.3563E4	8.00736E4	7.18122E4	6.62978E4	5.9519E4	5.55986E4	5.04314E4	4.49176E4	3.90379E4	3.26152E4
580	2.7799E5	2.39143E5	1.4291E6	3.59837E5	2.84937E5	1.3982E7	1.3118E5	1.05831E5	9.61222E4	8.99378E4	8.31273E4	7.8628E4	7.89852E4	7.71051E4	7.08575E4	6.4825E4	5.94224E4	5.23932E4	4.67328E4	4.27658E4	3.75092E4	3.19057E4
582	2.562E5	2.31398E5	1.02436E6	4.81257E5	2.70979E5	1.41742E7	1.27906E5	1.04904E5	9.43659E4	8.82769E4	8.10465E4	7.74085E4	7.7998E4	7.46714E4	7.01244E4	6.23654E4	5.5722E4	5.16235E4	4.74594E4	4.15493E4	3.75621E4	3.15759E4
584	2.67594E5	2.38593E5	7.05122E5	6.91278E5	2.63574E5	1.24925E7	1.3154E5	9.97243E4	9.14396E4	8.31274E4	8.21016E4	7.59634E4	7.44269E4	7.12285E4	6.67596E4	6.00378E4	5.59412E4	4.94176E4	4.47405E4	3.97161E4	3.52626E4	3.11262E4
586	2.75544E5	2.30421E5	4.75724E5	9.75973E5	2.62819E5	9.71334E6	1.64063E5	9.86769E4	8.8753E4	8.24233E4	7.77164E4	7.22521E4	7.2167E4	7.11979E4	6.56161E4	5.85864E4	5.38674E4	4.86802E4	4.42297E4	4.04287E4	3.51207E4	2.9381E4
588	2.55514E5	2.28379E5	3.32503E5	1.34465E6	2.6086E5	6.461E6	4.67335E5	9.742E4	8.50748E4	7.75801E4	7.51773E4	7.27691E4	6.93551E4	6.88725E4	6.31087E4	5.61029E4	5.13884E4	4.75497E4	4.16815E4	3.93674E4	3.36915E4	2.90322E4
590	2.74141E5	2.27596E5	2.83912E5	1.697E6	2.47625E5	3.43904E6	1.64036E6	9.54027E4	8.15692E4	7.45071E4	7.3435E4	6.95998E4	6.71247E4	6.87598E4	5.96333E4	5.49312E4	5.03047E4	4.57715E4	4.18774E4	3.71479E4	3.21207E4	2.8941E4
592	2.35732E5	2.1969E5	2.57073E5	2.061E6	2.65574E5	1.40477E6	3.49127E6	9.40037E4	8.05674E4	7.45794E4	6.97743E4	6.69418E4	6.42671E4	6.34523E4	5.68284E4	5.41225E4	4.81293E4	4.34562E4	4.04032E4	3.70508E4	3.15584E4	2.74818E4
594	2.55807E5	2.20027E5	2.46395E5	2.27983E6	2.52737E5	4.82883E5	6.25445E6	9.60908E4	8.00617E4	7.15307E4	6.84737E4	6.47311E4	6.30849E4	6.25945E4	5.5527E4	5.19849E4	4.83683E4	4.33323E4	3.98074E4	3.41576E4	3.1818E4	2.59082E4
596	2.34927E5	2.29236E5	2.38311E5	2.352E6	2.5183E5	2.71415E5	9.54594E6	8.95354E4	7.8229E4	6.94506E4	6.63737E4	6.27734E4	5.97599E4	6.05838E4	5.53467E4	5.00535E4	4.67968E4	4.03864E4	3.90089E4	3.45475E4	2.98624E4	2.61861E4
598	2.26932E5	2.18269E5	2.33431E5	2.19665E6	2.48916E5	2.32064E5	1.24659E7	9.17721E4	7.36888E4	6.78482E4	6.49555E4	6.08858E4	5.85858E4	5.90687E4	5.35381E4	4.92431E4	4.37284E4	4.15221E4	3.68774E4	3.15485E4	2.87626E4	2.69567E4
600	2.44225E5	2.06653E5	2.21227E5	2.00381E6	2.61714E5	2.26877E5	1.42449E7	9.04106E4	7.37049E4	6.87627E4	6.26915E4	5.75787E4	5.72333E4	5.61408E4	5.18367E4	4.94624E4	4.39459E4	3.91678E4	3.49832E4	3.27011E4	2.83986E4	2.44705E4
