300	2.34989E5	1.75134E5	2.11969E5	2.65267E6	4.26414E5	3.40773E5	3.19177E7	1.42252E5	1.87375E4	1.27271E4	7898.75541	5675.68585	5041.99245	3778.58522	3686.24375	3176.51368	2861.04722	2474.89694	1918.50636	1780.56886	1718.10899	1326.99903
302	2.58056E5	1.94023E5	2.20503E5	1.77416E6	7.60011E5	2.34313E5	2.77562E7	1.56645E6	2.15358E4	1.23886E4	8501.81286	5972.31623	4630.48557	4637.33607	3760.46762	3263.99531	2492.99706	2341.81393	1950.79874	2178.11735	2005.67107	1761.77157
304	2.81476E5	2.02615E5	2.20119E5	1.01916E6	1.35279E6	2.18538E5	1.77458E7	6.56826E6	2.49276E4	1.29998E4	8317.63951	6250.21715	4684.54508	4248.77313	3915.46281	3258.24753	2625.43964	2123.41915	2261.45184	1910.09075	1540.44561	1636.25468
306	2.7182E5	2.10744E5	2.38238E5	5.95994E5	2.11322E6	2.25306E5	7.69348E6	1.61862E7	2.98443E4	1.28873E4	8908.75775	6197.77554	5589.35282	4465.4493	3659.87391	3001.455	2916.64533	2272.38613	2473.55704	2033.05469	1956.89944	1616.69852
308	3.25523E5	2.21849E5	2.60084E5	3.96433E5	2.73431E6	2.34884E5	1.90461E6	2.65401E7	4.48821E4	1.41418E4	1.07002E4	6165.39655	5038.45175	4344.10285	3798.25998	2770.00263	2781.18516	2212.8897	2336.12094	2081.57284	1746.80007	1789.38469
310	3.36371E5	2.4655E5	2.63998E5	3.53324E5	2.90143E6	2.55955E5	2.92793E5	3.09273E7	1.30598E5	1.52264E4	9149.21728	6902.07037	5997.05488	4728.04127	3404.75833	3084.07856	2458.32427	2583.73861	2320.81705	2270.19243	1714.50696	1492.55875
312	3.87602E5	2.789E5	2.9042E5	3.52349E5	2.48444E6	3.52507E5	1.71413E5	2.70074E7	1.42824E6	1.82681E4	9698.77633	7498.72053	5049.28745	4407.08605	3626.55394	2983.8994	2793.04215	2455.64085	2060.3046	1810.90076	1654.5265	1543.35025
314	3.6271E5	3.05962E5	3.05686E5	3.65544E5	1.7094E6	6.28378E5	1.58395E5	1.66976E7	6.62847E6	2.14645E4	1.15645E4	7067.05958	6042.12601	4680.48071	3697.04119	2959.37325	2729.42441	1972.85381	2020.4123	2237.37184	1897.75794	1744.03153
316	4.2126E5	3.40654E5	3.44851E5	3.71586E5	1.05884E6	1.12671E6	1.54441E5	6.79318E6	1.56933E7	2.7013E4	1.14046E4	7808.56191	5536.03119	4559.15347	3416.62618	3051.2411	2390.10387	2153.9171	2068.49583	2313.03036	1695.23216	1487.03903
318	4.26126E5	3.64742E5	3.58013E5	3.96665E5	6.57809E5	1.76591E6	1.60766E5	1.62819E6	2.41598E7	3.88548E4	1.21377E4	8103.2725	6132.08694	4231.25358	3262.49891	3160.61404	2624.33649	2213.95693	1636.03975	1790.02848	1414.42907	1649.17858
320	5.05842E5	4.25608E5	3.88659E5	4.10922E5	4.95402E5	2.3E6	1.67244E5	2.28358E5	2.73859E7	1.29175E5	1.42391E4	8695.13063	6166.30657	4849.05148	3544.43145	3698.78468	2809.10238	2352.55256	2305.36217	1789.34872	1836.92764	1543.15078
322	5.3323E5	4.73311E5	4.12506E5	4.24093E5	4.59818E5	2.42023E6	1.85786E5	1.40845E5	2.32626E7	1.3572E6	1.59867E4	9088.19337	6507.99077	4835.69572	3682.85494	2906.29628	2295.60249	2289.69364	2001.41711	2135.57382	1878.99985	1453.21814
324	5.30839E5	5.08651E5	4.35269E5	4.40862E5	4.51289E5	2.07095E6	2.6221E5	1.26361E5	1.4512E7	5.6325E6	1.80475E4	8781.01524	6861.4273	4707.62089	3935.96448	3123.26602	2226.37372	2089.78445	1902.05589	1380.19421	1552.43102	1583.43158
326	5.48948E5	5.37244E5	4.59601E5	4.56203E5	4.47376E5	1.50979E6	4.60104E5	1.27294E5	5.93703E6	1.32056E7	2.42689E4	9483.88544	7061.95994	4766.02293	3090.02675	2721.61572	2187.3691	2130.89929	2167.82518	1934.67638	1750.85004	1736.47617
328	5.88869E5	5.80512E5	4.82383E5	4.71583E5	4.74913E5	9.8532E5	8.18922E5	1.26833E5	1.4795E6	2.01313E7	3.32755E4	1.09102E4	6883.60026	5004.10661	3503.81011	3145.98012	2218.93826	2310.71813	1903.96615	1962.9642	1556.44733	1503.13286
330	6.28538E5	6.06403E5	5.17092E5	4.82662E5	4.74526E5	6.26065E5	1.34165E6	1.32132E5	2.08502E5	2.31336E7	9.93761E4	1.1458E4	7074.53299	5062.63191	3685.10034	3001.11106	2384.31319	1908.67946	1898.64258	1872.97326	1622.61324	1833.04176
332	6.51934E5	6.56891E5	5.20114E5	5.01075E5	4.76197E5	4.62378E5	1.79543E6	1.37161E5	1.25717E5	2.02606E7	1.04391E6	1.32484E4	7818.53574	5706.05966	3868.29783	2966.22875	2537.03675	1962.25932	1975.17291	1841.56655	1517.57879	1516.00598
334	6.79507E5	6.76321E5	5.24763E5	4.91964E5	4.89692E5	4.22004E5	1.98403E6	1.53862E5	1.11517E5	1.33016E7	4.58683E6	1.50605E4	8380.99448	5854.93301	3890.58342	2929.58716	2448.08004	1965.69065	1786.67835	2026.45253	1605.31556	1397.19237
336	7.2858E5	6.85133E5	5.43163E5	5.04106E5	4.928E5	4.07283E5	1.79772E6	2.07683E5	1.11273E5	5.7711E6	1.10551E7	1.94452E4	8777.79872	5542.60369	3859.97822	3041.87948	2361.55352	2267.45884	1735.99571	1515.60734	1515.59177	1314.68971
338	7.46926E5	6.82466E5	5.46673E5	5.00164E5	5.01539E5	4.16334E5	1.3847E6	3.36157E5	1.18557E5	1.56568E6	1.70049E7	2.89915E4	9116.41684	5913.77444	3706.90206	3126.7846	2134.4456	1843.26434	1762.95709	1308.28038	1247.11309	1457.08819
340	7.64697E5	6.91127E5	5.62162E5	5.11149E5	5.09028E5	4.20455E5	9.08821E5	6.2527E5	1.21527E5	2.14903E5	1.96328E7	7.99501E4	1.03189E4	5845.80859	4352.86923	3143.16356	2534.3627	1992.96101	1828.30269	1811.25184	1670.13482	1398.05313
342	8.05045E5	6.96741E5	5.65863E5	5.12677E5	5.05194E5	4.29605E5	5.71312E5	1.01073E6	1.26446E5	1.1511E5	1.73168E7	8.39084E5	1.12403E4	6212.23049	4426.12521	2905.72471	2547.08002	1970.05468	1838.07599	1594.91632	1372.49838	1336.87226
344	7.88945E5	6.92585E5	5.64565E5	5.06177E5	5.0836E5	4.37169E5	3.99834E5	1.40995E6	1.36829E5	1.06054E5	1.11704E7	4.02862E6	1.41484E4	6801.34922	4580.96584	3076.30019	2332.53051	1894.32465	1656.2468	1728.62145	1457.97782	1525.37178
346	7.88506E5	7.24656E5	5.60871E5	5.10753E5	5.07191E5	4.43474E5	3.48169E5	1.60584E6	1.54241E5	1.10368E5	4.87663E6	9.4182E6	1.71851E4	7313.45295	4664.72635	3237.08935	2389.22708	1988.66704	1555.51314	1585.39098	1493.69593	1123.26197
348	7.97024E5	7.10229E5	5.6676E5	5.14185E5	5.1165E5	4.50284E5	3.4176E5	1.52274E6	1.91856E5	1.16084E5	1.1805E6	1.47012E7	2.53274E4	7374.92504	4674.61893	3229.62285	2179.22979	1797.29427	1657.3767	1759.69585	1194.48101	1356.96917
350	8.29206E5	7.36038E5	5.76967E5	5.10184E5	5.09251E5	4.51267E5	3.43779E5	1.22802E6	2.91448E5	1.26073E5	1.8833E5	1.65837E7	5.8361E4	7944.23966	4939.18027	3593.61166	2280.90564	1865.72879	1689.24892	1235.29594	1568.82138	1209.02828
352	7.96739E5	7.32156E5	5.735E5	5.18129E5	5.10939E5	4.55648E5	3.54459E5	8.58503E5	4.9302E5	1.363E5	1.12271E5	1.44053E7	7.22642E5	9514.57475	5194.68602	3446.42216	2356.81176	2185.06432	1406.08831	1406.73135	1402.97659	1243.78937
354	8.27635E5	7.22578E5	5.6873E5	5.15801E5	5.07001E5	4.62236E5	3.70245E5	5.67491E5	7.69738E5	1.45087E5	1.05755E5	9.50569E6	3.2071E6	1.18557E4	5060.81111	3765.65891	2415.92494	1710.03556	1875.63353	1505.58314	1345.87921	1216.38964
356	8.32374E5	7.28728E5	5.76116E5	5.17557E5	5.11104E5	4.7422E5	3.7819E5	4.13177E5	1.08025E6	1.57543E5	1.09025E5	4.12829E6	7.9806E6	1.48243E4	5458.29053	3789.89104	2372.05428	2029.28238	1824.46144	1298.33785	1290.00609	1251.34494
358	8.05549E5	7.45947E5	5.72554E5	5.19859E5	5.09027E5	4.77479E5	3.91997E5	3.54609E5	1.28396E6	1.78017E5	1.18883E5	1.07442E6	1.25776E7	2.2266E4	6024.37088	3678.02622	2548.46597	2142.76271	1585.9467	1791.06996	1231.3022	1163.19685
360	8.69053E5	7.70325E5	5.80247E5	5.21504E5	5.08099E5	4.90137E5	4.07727E5	3.49939E5	1.30209E6	2.04998E5	1.30205E5	1.70875E5	1.46565E7	5.01886E4	6578.64861	3483.41127	2636.61957	2135.04737	1631.71685	1529.39744	1237.10144	1282.19173
362	8.89649E5	7.55278E5	5.92905E5	5.20003E5	5.17113E5	4.93015E5	4.2578E5	3.58084E5	1.12932E6	2.64787E5	1.42649E5	1.0502E5	1.33302E7	5.86812E5	7681.55145	3906.86351	2800.0487	1987.0671	1681.45589	1404.44827	1334.15885	1086.99388
364	8.40349E5	7.48159E5	5.95163E5	5.33404E5	5.22388E5	5.00412E5	4.36033E5	3.71584E5	8.61897E5	3.90835E5	1.53771E5	1.00962E5	9.16277E6	2.85084E6	9381.33029	4119.40358	3083.67199	2241.06173	1790.89621	1500.93629	1289.80593	1032.51473
366	8.68913E5	7.7483E5	6.10722E5	5.37687E5	5.24159E5	5.12292E5	4.49639E5	3.85065E5	6.07386E5	6.05779E5	1.67309E5	1.04645E5	3.99933E6	7.37604E6	1.2933E4	4499.63108	3031.89728	2252.4615	1852.07745	1530.9912	1198.08588	1160.76117
368	8.74608E5	8.01993E5	6.24978E5	5.44412E5	5.28859E5	5.15232E5	4.62593E5	4.04095E5	4.62662E5	8.52892E5	1.81291E5	1.1233E5	1.06257E6	1.15237E7	1.94353E4	4958.90578	3093.27829	2436.55431	1655.45774	1492.79154	1292.13194	1066.1316
370	9.17533E5	8.00095E5	6.39474E5	5.52235E5	5.28933E5	5.22143E5	4.84199E5	4.25634E5	4.01971E5	1.06461E6	1.99127E5	1.23033E5	1.52667E5	1.32695E7	4.98398E4	5635.99761	3246.45845	2532.99892	1662.95086	1441.63144	1505.52043	1139.28263
372	9.09928E5	8.17755E5	6.49968E5	5.57932E5	5.3996E5	5.35208E5	4.99739E5	4.42956E5	3.92592E5	1.13695E6	2.23235E5	1.33314E5	9.3893E4	1.16816E7	5.83562E5	6974.64703	3193.10219	2676.81339	1794.05449	1334.76713	1391.94028	1129.70104
374	9.47499E5	8.37871E5	6.60093E5	5.64627E5	5.41175E5	5.37518E5	5.09038E5	4.59319E5	4.01862E5	1.04053E6	2.69902E5	1.47119E5	8.95986E4	7.63445E6	2.72329E6	7669.94838	3747.15932	2346.99591	1914.91142	1563.11247	1295.20646	1027.39669
376	9.57626E5	8.60638E5	6.73395E5	5.73971E5	5.52388E5	5.46661E5	5.18498E5	4.77883E5	4.19215E5	8.56281E5	3.59041E5	1.56723E5	9.17009E4	3.29408E6	6.50261E6	1.06694E4	4159.31302	2701.3774	1879.0117	1393.84162	1501.9279	1229.51218
378	9.77032E5	8.64279E5	6.89815E5	5.88303E5	5.55233E5	5.58775E5	5.38904E5	4.9466E5	4.3482E5	6.51329E5	5.12086E5	1.71926E5	1.01152E5	7.94567E5	1.00637E7	1.62667E4	4158.87788	2814.94509	2057.70514	1611.90657	1257.3272	1137.61759
380	9.8963E5	9.01663E5	7.11905E5	6.00152E5	5.67476E5	5.64652E5	5.49873E5	5.16993E5	4.51038E5	5.1175E5	7.04653E5	1.84279E5	1.12483E5	1.25507E5	1.1451E7	3.92623E4	4767.29181	2777.27493	2168.4632	1625.05387	1305.10859	1128.56832
382	1.05086E6	9.23809E5	7.38694E5	6.14432E5	5.83946E5	5.79237E5	5.72553E5	5.35453E5	4.7046E5	4.50228E5	8.79807E5	1.98878E5	1.23056E5	8.7822E4	1.02618E7	4.46259E5	6098.62624	3027.63824	2197.92938	1628.33191	1172.64272	1310.16595
384	1.07883E6	9.58806E5	7.59441E5	6.2673E5	5.9756E5	5.96701E5	5.7985E5	5.54025E5	4.91077E5	4.33408E5	9.88542E5	2.23027E5	1.32286E5	8.54607E4	6.91845E6	2.17374E6	7037.83197	3165.48216	2219.6649	1610.21321	1529.55549	1143.53713
386	1.08961E6	9.81503E5	7.88556E5	6.40983E5	6.05957E5	6.09258E5	5.98834E5	5.71741E5	5.12876E5	4.42568E5	9.80008E5	2.56034E5	1.45989E5	8.74754E4	3.02128E6	5.61119E6	9627.09236	3484.37153	2187.73258	1838.41902	1386.25143	1127.6006
388	1.12985E6	1.00538E6	7.98522E5	6.55075E5	6.08969E5	6.12207E5	6.14621E5	5.90023E5	5.231E5	4.56213E5	8.62224E5	3.16974E5	1.56478E5	9.45751E4	8.3517E5	8.98426E6	1.5016E4	4049.87639	2533.46948	2159.04981	1443.20687	1235.6774
390	1.13822E6	1.01978E6	8.2345E5	6.76065E5	6.27059E5	6.34113E5	6.29852E5	6.06732E5	5.47033E5	4.69329E5	7.05985E5	4.26804E5	1.72985E5	1.05041E5	1.33974E5	1.05832E7	3.63252E4	4622.54598	2694.36719	2210.98185	1487.51624	1328.12942
392	1.13635E6	1.04631E6	8.41644E5	6.80213E5	6.39221E5	6.3923E5	6.42075E5	6.2223E5	5.6088E5	4.81282E5	5.63276E5	5.88554E5	1.85905E5	1.17155E5	8.01911E4	9.64754E6	4.65396E5	5477.77209	2684.17727	2047.66349	1626.53926	1250.53142
394	1.24144E6	1.07565E6	8.63112E5	6.97802E5	6.41235E5	6.53196E5	6.57221E5	6.38341E5	5.75239E5	5.03081E5	4.8049E5	7.42867E5	2.00476E5	1.26094E5	7.56892E4	6.76127E6	2.0782E6	7130.89285	2923.44716	2361.95915	1609.91708	1448.27502
396	1.23334E6	1.09705E6	8.91235E5	7.17417E5	6.5416E5	6.59836E5	6.58965E5	6.53284E5	5.90077E5	5.14254E5	4.55108E5	8.62658E5	2.19029E5	1.39225E5	7.88222E4	3.04119E6	5.31905E6	9439.99848	3412.786	2188.2207	1807.23514	1211.73014
398	1.22647E6	1.10141E6	9.08655E5	7.33953E5	6.69562E5	6.77413E5	6.76806E5	6.68003E5	6.03489E5	5.27652E5	4.5317E5	8.93003E5	2.4265E5	1.49997E5	8.30055E4	8.17109E5	8.34091E6	1.41722E4	3869.98811	2350.85711	2070.40156	1342.52823
400	1.23379E6	1.13928E6	9.38925E5	7.46111E5	6.875E5	6.89511E5	6.86953E5	6.77549E5	6.21793E5	5.46855E5	4.68377E5	8.29505E5	2.86208E5	1.64668E5	9.22929E4	1.24376E5	9.67034E6	3.10355E4	4402.62057	2720.08574	2000.8409	1523.30916
402	1.28832E6	1.16742E6	9.47489E5	7.68588E5	6.94895E5	6.89595E5	6.9614E5	6.84165E5	6.34806E5	5.59475E5	4.78924E5	7.03452E5	3.60793E5	1.77834E5	1.01815E5	7.24888E4	8.59214E6	3.75207E5	5251.31515	2584.22721	1778.23934	1563.88701
404	1.29085E6	1.17267E6	9.80292E5	7.78742E5	7.0942E5	7.05684E5	7.11876E5	7.0307E5	6.49735E5	5.75073E5	4.92196E5	5.80155E5	4.74615E5	1.91453E5	1.11573E5	6.90053E4	5.67567E6	1.87732E6	6393.55819	2868.47813	2070.56517	1481.80247
406	1.33287E6	1.22059E6	9.99026E5	8.08119E5	7.21643E5	7.12053E5	7.2048E5	7.08032E5	6.6009E5	5.89337E5	5.07137E5	4.94727E5	6.07127E5	2.06388E5	1.2294E5	7.12897E4	2.52052E6	4.72075E6	8043.24217	3225.38842	2055.94674	1741.40315
408	1.33753E6	1.22693E6	1.01218E6	8.23748E5	7.33445E5	7.2154E5	7.31837E5	7.10947E5	6.72468E5	6.00001E5	5.19737E5	4.57667E5	7.3138E5	2.20193E5	1.32135E5	7.33415E4	6.37521E5	7.61516E6	1.25809E4	3492.43509	2013.55102	1753.69715
410	1.3577E6	1.24324E6	1.04118E6	8.29829E5	7.4189E5	7.25188E5	7.34265E5	7.25247E5	6.76924E5	6.09215E5	5.305E5	4.47559E5	8.00724E5	2.43013E5	1.4286E5	7.97992E4	9.62374E4	8.91712E6	2.65051E4	4127.35816	2198.06832	1817.74794
412	1.39962E6	1.26963E6	1.03899E6	8.51204E5	7.49945E5	7.34625E5	7.38891E5	7.32722E5	6.84767E5	6.22469E5	5.47273E5	4.58125E5	7.89146E5	2.70716E5	1.55094E5	8.77073E4	6.35074E4	8.00191E6	2.89411E5	4163.67719	2490.15281	1778.12454
414	1.3959E6	1.26096E6	1.08877E6	8.69133E5	7.54384E5	7.33909E5	7.42512E5	7.39742E5	6.92626E5	6.32066E5	5.57781E5	4.66831E5	7.18131E5	3.23249E5	1.65809E5	9.61195E4	6.2036E4	5.4169E6	1.48219E6	5777.50965	2618.52799	1685.04671
416	1.38611E6	1.29906E6	1.08177E6	8.78402E5	7.681E5	7.41441E5	7.43632E5	7.41203E5	7.01026E5	6.39379E5	5.67049E5	4.7999E5	6.07065E5	4.00814E5	1.76041E5	1.06196E5	6.32224E4	2.4076E6	4.05603E6	7577.46918	2806.70408	1848.10641
418	1.41154E6	1.32452E6	1.10101E6	9.03554E5	7.77932E5	7.49522E5	7.54419E5	7.46259E5	7.03254E5	6.4957E5	5.80395E5	4.89341E5	5.18371E5	5.08133E5	1.90822E5	1.1437E5	6.61424E4	6.24479E5	6.8587E6	1.22591E4	2983.78962	1871.39918
420	1.39438E6	1.32047E6	1.12664E6	9.10731E5	7.98926E5	7.56584E5	7.5577E5	7.52255E5	7.14543E5	6.54611E5	5.917E5	5.04136E5	4.6422E5	6.22143E5	2.02442E5	1.22361E5	7.0272E4	9.46881E4	8.32577E6	2.56609E4	3638.54519	2051.88035
422	1.47896E6	1.33305E6	1.13876E6	9.22238E5	7.96823E5	7.59387E5	7.54805E5	7.55043E5	7.16054E5	6.62999E5	5.98292E5	5.14077E5	4.44233E5	7.09413E5	2.17254E5	1.33424E5	7.6543E4	5.61356E4	7.54542E6	3.20094E5	4241.1481	2087.13815
424	1.48281E6	1.33954E6	1.15282E6	9.34172E5	8.05494E5	7.62908E5	7.53732E5	7.5012E5	7.21419E5	6.69145E5	6.07328E5	5.25931E5	4.43462E5	7.35196E5	2.35341E5	1.42447E5	8.39733E4	5.45485E4	5.09417E6	1.55128E6	5168.02094	2193.53424
426	1.4722E6	1.37653E6	1.16257E6	9.38291E5	8.07757E5	7.70066E5	7.52596E5	7.51E5	7.21392E5	6.76898E5	6.1983E5	5.3749E5	4.50484E5	6.98402E5	2.71891E5	1.53503E5	9.27794E4	5.43536E4	2.14674E6	4.19927E6	6962.77908	2487.27685
428	1.44223E6	1.36034E6	1.1791E6	9.73683E5	8.18471E5	7.62979E5	7.55974E5	7.54486E5	7.22081E5	6.80168E5	6.21691E5	5.46107E5	4.59841E5	6.12035E5	3.25878E5	1.61509E5	9.89702E4	5.85901E4	5.19638E5	6.83553E6	1.10876E4	2802.88923
430	1.45932E6	1.37893E6	1.18565E6	9.78534E5	8.27739E5	7.64744E5	7.53535E5	7.51798E5	7.21581E5	6.82686E5	6.29033E5	5.53021E5	4.71537E5	5.25478E5	4.00706E5	1.71133E5	1.0631E5	6.15097E4	7.81848E4	7.91536E6	2.538E4	2948.41184
432	1.47256E6	1.38358E6	1.20535E6	9.80291E5	8.31279E5	7.69822E5	7.56566E5	7.46942E5	7.25722E5	6.88502E5	6.36082E5	5.60549E5	4.77058E5	4.62657E5	4.92582E5	1.81021E5	1.15956E5	6.73234E4	5.00064E4	6.83018E6	3.19333E5	3829.99954
434	1.48285E6	1.39169E6	1.22284E6	9.93619E5	8.49707E5	7.7637E5	7.51372E5	7.50226E5	7.23014E5	6.88282E5	6.40036E5	5.66471E5	4.88374E5	4.3566E5	5.7405E5	1.92442E5	1.22244E5	7.30851E4	4.90787E4	4.28702E6	1.54429E6	4868.62489
436	1.45266E6	1.40507E6	1.23338E6	1.01099E6	8.48177E5	7.7358E5	7.51425E5	7.40004E5	7.23305E5	6.91722E5	6.42301E5	5.70757E5	4.95273E5	4.2734E5	6.19673E5	2.06871E5	1.2985E5	7.91807E4	5.04002E4	1.79652E6	3.85382E6	6471.86691
438	1.44612E6	1.39516E6	1.24851E6	1.02233E6	8.54643E5	7.73593E5	7.50223E5	7.44215E5	7.24309E5	6.87911E5	6.46174E5	5.81848E5	5.0362E5	4.2764E5	6.13709E5	2.24979E5	1.38324E5	8.58407E4	5.16234E4	4.41328E5	6.22937E6	9228.73643
440	1.46816E6	1.38799E6	1.24648E6	1.03103E6	8.51761E5	7.69613E5	7.45383E5	7.3728E5	7.21511E5	6.83522E5	6.47569E5	5.81621E5	5.08458E5	4.31977E5	5.70196E5	2.58372E5	1.4626E5	9.26051E4	5.5414E4	6.84009E4	7.29807E6	1.86891E4
442	1.45832E6	1.411E6	1.24391E6	1.03341E6	8.54741E5	7.68411E5	7.41362E5	7.31131E5	7.07217E5	6.80979E5	6.46122E5	5.86346E5	5.13562E5	4.39806E5	5.05817E5	3.05091E5	1.53841E5	9.82162E4	5.8074E4	4.67151E4	6.50702E6	1.85699E5
444	1.46728E6	1.41576E6	1.23305E6	1.04508E6	8.59393E5	7.78314E5	7.4039E5	7.28038E5	7.08326E5	6.83008E5	6.4521E5	5.89969E5	5.19317E5	4.45759E5	4.40427E5	3.70816E5	1.62074E5	1.03897E5	6.283E4	4.49012E4	4.22298E6	1.01411E6
446	1.47109E6	1.40573E6	1.25912E6	1.0413E6	8.53674E5	7.684E5	7.34661E5	7.22308E5	7.00501E5	6.82579E5	6.45313E5	5.88532E5	5.25546E5	4.53537E5	3.93453E5	4.38119E5	1.69357E5	1.09555E5	6.82916E4	4.56237E4	1.77539E6	3.05873E6
448	1.45448E6	1.39538E6	1.26755E6	1.05739E6	8.68959E5	7.71836E5	7.28533E5	7.1821E5	7.00346E5	6.75643E5	6.46264E5	5.93412E5	5.27735E5	4.61823E5	3.77811E5	5.00924E5	1.7906E5	1.1619E5	7.40355E4	4.7936E4	4.32873E5	5.45653E6
450	1.45007E6	1.40309E6	1.24693E6	1.05605E6	8.61461E5	7.6831E5	7.24363E5	7.05882E5	6.97457E5	6.73047E5	6.47681E5	5.92966E5	5.33895E5	4.65719E5	3.72473E5	5.25762E5	1.9251E5	1.2375E5	7.96988E4	4.99968E4	6.74954E4	6.77552E6
452	1.42415E6	1.37656E6	1.26337E6	1.06017E6	8.71015E5	7.68323E5	7.24371E5	7.05539E5	6.94968E5	6.73787E5	6.42935E5	5.93604E5	5.35139E5	4.72535E5	3.74116E5	5.1672E5	2.14432E5	1.28814E5	8.63211E4	5.32338E4	4.29298E4	6.17855E6
454	1.41547E6	1.39808E6	1.27662E6	1.06391E6	8.79321E5	7.69679E5	7.17263E5	7.00109E5	6.84489E5	6.6912E5	6.38457E5	5.94326E5	5.38437E5	4.73969E5	3.76362E5	4.68992E5	2.4458E5	1.3563E5	9.07127E4	5.67217E4	4.16481E4	4.05756E6
456	1.42578E6	1.37166E6	1.23892E6	1.07043E6	8.7075E5	7.59808E5	7.05942E5	6.88208E5	6.7606E5	6.59298E5	6.36304E5	5.91176E5	5.39841E5	4.79335E5	3.78583E5	4.11233E5	2.93125E5	1.40521E5	9.46458E4	6.02776E4	3.98995E4	1.6902E6
458	1.45417E6	1.36531E6	1.24929E6	1.05817E6	8.79143E5	7.5379E5	7.03373E5	6.89894E5	6.62302E5	6.55246E5	6.31005E5	5.87326E5	5.36941E5	4.83193E5	3.82742E5	3.64377E5	3.5196E5	1.47624E5	1.00008E5	6.58416E4	4.21712E4	4.13807E5
460	1.38429E6	1.38058E6	1.22981E6	1.06758E6	8.65733E5	7.57217E5	6.96903E5	6.74455E5	6.60175E5	6.44419E5	6.26402E5	5.8647E5	5.38806E5	4.84564E5	3.85602E5	3.30366E5	4.02264E5	1.54321E5	1.05231E5	7.1059E4	4.31019E4	6.37935E4
462	1.41172E6	1.35707E6	1.22363E6	1.05927E6	8.67025E5	7.47925E5	6.87212E5	6.64448E5	6.51303E5	6.41329E5	6.21431E5	5.82288E5	5.34107E5	4.85307E5	3.9261E5	3.14946E5	4.36692E5	1.61393E5	1.10128E5	7.45995E4	4.67062E4	3.89756E4
464	1.38059E6	1.32941E6	1.22825E6	1.04344E6	8.6274E5	7.49528E5	6.77574E5	6.59425E5	6.44321E5	6.32156E5	6.13954E5	5.77811E5	5.3422E5	4.82403E5	3.91545E5	3.11102E5	4.40685E5	1.73061E5	1.1514E5	7.9621E4	4.98491E4	3.7587E4
466	1.37529E6	1.32028E6	1.22184E6	1.05945E6	8.63031E5	7.38191E5	6.72859E5	6.5127E5	6.3352E5	6.24741E5	6.08198E5	5.75634E5	5.35861E5	4.82657E5	3.93991E5	3.14114E5	4.19465E5	1.94275E5	1.2083E5	8.42499E4	5.2665E4	3.73397E4
468	1.53426E6	1.3088E6	1.22631E6	1.03736E6	8.59036E5	7.38954E5	6.68652E5	6.39338E5	6.29419E5	6.16566E5	6.01225E5	5.67714E5	5.33839E5	4.86306E5	3.98034E5	3.12843E5	3.76674E5	2.23681E5	1.23174E5	8.76424E4	5.66653E4	3.82468E4
470	2.03772E6	1.29945E6	1.206E6	1.03562E6	8.62452E5	7.30861E5	6.64166E5	6.36657E5	6.16993E5	6.06287E5	5.91743E5	5.64314E5	5.2775E5	4.81344E5	3.9769E5	3.16542E5	3.31216E5	2.66063E5	1.28362E5	8.94229E4	6.15597E4	3.94958E4
472	3.25255E6	1.28681E6	1.20806E6	1.03034E6	8.52503E5	7.2213E5	6.57432E5	6.27626E5	6.16412E5	6.00942E5	5.85044E5	5.60578E5	5.24036E5	4.83295E5	3.98856E5	3.1786E5	2.9163E5	3.08857E5	1.33613E5	9.60248E4	6.41221E4	4.21111E4
474	5.21734E6	1.28111E6	1.18658E6	1.04273E6	8.51253E5	7.20805E5	6.46182E5	6.23023E5	6.03173E5	5.91051E5	5.80357E5	5.49956E5	5.20971E5	4.84227E5	3.97109E5	3.20022E5	2.71563E5	3.49863E5	1.36631E5	9.81485E4	6.80172E4	4.36088E4
476	8.10078E6	1.25042E6	1.18832E6	1.01679E6	8.42766E5	7.10411E5	6.39502E5	6.08957E5	5.94423E5	5.85959E5	5.69823E5	5.4431E5	5.19112E5	4.77039E5	3.9972E5	3.1905E5	2.61135E5	3.73315E5	1.45698E5	1.01939E5	7.0253E4	4.54761E4
478	1.16285E7	1.23274E6	1.15832E6	1.01503E6	8.41087E5	7.0646E5	6.30234E5	6.01642E5	5.82967E5	5.73486E5	5.5994E5	5.35369E5	5.08299E5	4.75788E5	3.96069E5	3.17643E5	2.57862E5	3.72227E5	1.54603E5	1.06268E5	7.35924E4	4.77906E4
480	1.46572E7	1.26893E6	1.14358E6	1.00013E6	8.18033E5	6.95895E5	6.26735E5	5.8932E5	5.70212E5	5.62906E5	5.51066E5	5.29984E5	5.0023E5	4.71082E5	3.93648E5	3.20852E5	2.5481E5	3.49466E5	1.75105E5	1.07895E5	7.56662E4	5.24803E4
482	1.62572E7	1.21975E6	1.1339E6	9.82305E5	8.20006E5	6.90935E5	6.11421E5	5.78474E5	5.63703E5	5.52567E5	5.4353E5	5.17536E5	4.95146E5	4.63664E5	3.92077E5	3.19033E5	2.55816E5	3.09138E5	2.03387E5	1.10587E5	7.87395E4	5.42604E4
484	1.57985E7	1.22519E6	1.11636E6	9.74701E5	8.07619E5	6.83192E5	6.00729E5	5.69025E5	5.51214E5	5.42427E5	5.34025E5	5.10368E5	4.89586E5	4.59181E5	3.87226E5	3.17772E5	2.5679E5	2.68093E5	2.37992E5	1.1561E5	8.28515E4	5.81245E4
486	1.32703E7	1.23758E6	1.10226E6	9.68261E5	7.99869E5	6.74338E5	5.98455E5	5.57134E5	5.43299E5	5.34198E5	5.22538E5	5.03948E5	4.81176E5	4.57576E5	3.88622E5	3.19408E5	2.57709E5	2.3851E5	2.70469E5	1.18209E5	8.66849E4	6.04324E4
488	9.91611E6	1.49202E6	1.10256E6	9.57473E5	7.9856E5	6.73225E5	5.87084E5	5.50973E5	5.32709E5	5.20243E5	5.11961E5	4.92098E5	4.72573E5	4.52496E5	3.82209E5	3.16217E5	2.56529E5	2.22492E5	3.04636E5	1.25256E5	8.7739E4	6.31646E4
490	6.23142E6	2.27515E6	1.08053E6	9.4837E5	7.81126E5	6.5791E5	5.78204E5	5.43118E5	5.22063E5	5.14156E5	5.09119E5	4.87612E5	4.68097E5	4.44244E5	3.79103E5	3.14282E5	2.57234E5	2.1467E5	3.19335E5	1.30317E5	8.96662E4	6.45664E4
492	3.3037E6	3.98856E6	1.05292E6	9.33925E5	7.77963E5	6.51127E5	5.72642E5	5.3665E5	5.14793E5	5.04446E5	4.95656E5	4.7803E5	4.58444E5	4.38826E5	3.74714E5	3.13303E5	2.56068E5	2.10675E5	3.08082E5	1.3974E5	9.21467E4	6.62026E4
494	1.80993E6	6.68516E6	1.04417E6	9.17871E5	7.6781E5	6.33097E5	5.63907E5	5.20597E5	5.01894E5	4.90778E5	4.84708E5	4.69297E5	4.54926E5	4.3164E5	3.71585E5	3.11746E5	2.53037E5	2.08466E5	2.86443E5	1.58171E5	9.38288E4	6.84847E4
496	1.27166E6	1.03533E7	1.05013E6	9.08233E5	7.57475E5	6.32474E5	5.48105E5	5.09051E5	4.91699E5	4.85166E5	4.72704E5	4.58385E5	4.44548E5	4.24729E5	3.63195E5	3.0482E5	2.54226E5	2.08938E5	2.5453E5	1.82686E5	9.70033E4	7.08994E4
498	1.19654E6	1.41542E7	1.00366E6	8.87488E5	7.34396E5	6.1739E5	5.48288E5	5.05308E5	4.84417E5	4.79216E5	4.69582E5	4.50064E5	4.40232E5	4.21984E5	3.62894E5	3.04729E5	2.51416E5	2.07401E5	2.21356E5	2.11223E5	9.75331E4	7.32643E4
500	1.1302E6	1.73843E7	9.99472E5	8.89983E5	7.38535E5	6.16954E5	5.33259E5	4.92142E5	4.78284E5	4.67449E5	4.56438E5	4.42707E5	4.28693E5	4.1384E5	3.59059E5	3.00578E5	2.5288E5	2.05577E5	1.96528E5	2.3776E5	9.9791E4	7.41837E4
502	1.09447E6	1.89718E7	9.88377E5	8.68524E5	7.13069E5	6.06015E5	5.24453E5	4.8202E5	4.65353E5	4.59527E5	4.49605E5	4.32332E5	4.21626E5	4.06482E5	3.53451E5	2.96007E5	2.48586E5	2.06991E5	1.83555E5	2.58878E5	1.05594E5	7.5696E4
504	1.10597E6	1.78476E7	9.6633E5	8.50395E5	7.06275E5	5.979E5	5.21564E5	4.76975E5	4.58019E5	4.4734E5	4.39044E5	4.23923E5	4.13497E5	3.96181E5	3.48151E5	2.97975E5	2.49357E5	2.0358E5	1.72321E5	2.66942E5	1.09298E5	7.85663E4
506	1.0533E6	1.50256E7	9.98979E5	8.48368E5	7.13956E5	5.88481E5	5.14699E5	4.72486E5	4.50168E5	4.33758E5	4.2961E5	4.215E5	4.05997E5	3.88761E5	3.41157E5	2.92274E5	2.46324E5	2.02503E5	1.71401E5	2.6033E5	1.18768E5	7.84031E4
508	1.04735E6	1.10873E7	1.32072E6	8.36044E5	6.8987E5	5.81027E5	5.05007E5	4.64037E5	4.39029E5	4.26662E5	4.20797E5	4.06748E5	3.96228E5	3.82912E5	3.40168E5	2.87392E5	2.45803E5	2.01688E5	1.699E5	2.37381E5	1.33076E5	7.85277E4
510	1.11983E6	6.82478E6	2.34693E6	8.20177E5	6.79757E5	5.71737E5	4.921E5	4.59304E5	4.30369E5	4.19553E5	4.11926E5	3.97731E5	3.89241E5	3.73985E5	3.3283E5	2.85589E5	2.4071E5	2.0079E5	1.68844E5	2.07492E5	1.53578E5	8.16249E4
512	1.22795E6	3.38091E6	4.56391E6	8.20323E5	6.62837E5	5.6473E5	4.88597E5	4.40867E5	4.16562E5	4.10203E5	3.99897E5	3.91185E5	3.81536E5	3.69961E5	3.24546E5	2.78932E5	2.38902E5	2.00038E5	1.67306E5	1.80452E5	1.79506E5	8.32034E4
514	1.39092E6	1.637E6	7.84584E6	7.8919E5	6.55012E5	5.48794E5	4.78057E5	4.33436E5	4.09808E5	3.98432E5	3.89821E5	3.82128E5	3.76146E5	3.58717E5	3.22275E5	2.762E5	2.34545E5	2.00641E5	1.6603E5	1.59622E5	1.97622E5	8.38451E4
516	1.69682E6	1.10591E6	1.19231E7	7.78713E5	6.46562E5	5.48179E5	4.6397E5	4.26868E5	3.9703E5	3.89881E5	3.81115E5	3.70553E5	3.62841E5	3.53786E5	3.16292E5	2.69784E5	2.30919E5	1.98582E5	1.63511E5	1.47388E5	2.13508E5	8.69126E4
518	2.04598E6	1.00667E6	1.61725E7	7.67964E5	6.35721E5	5.32075E5	4.62125E5	4.15041E5	3.94969E5	3.81442E5	3.71029E5	3.63504E5	3.53866E5	3.48878E5	3.05168E5	2.67555E5	2.27935E5	1.94866E5	1.63604E5	1.41266E5	2.1922E5	9.16667E4
520	2.33554E6	9.60489E5	1.94657E7	7.50453E5	6.2585E5	5.25198E5	4.40684E5	4.05893E5	3.85029E5	3.69413E5	3.65104E5	3.54678E5	3.4734E5	3.37857E5	3.03177E5	2.6052E5	2.22471E5	1.90881E5	1.59852E5	1.36761E5	2.10617E5	1.00511E5
522	2.71213E6	9.20234E5	2.05025E7	7.41946E5	6.16197E5	5.12508E5	4.47226E5	4.00449E5	3.75337E5	3.59994E5	3.57221E5	3.47719E5	3.38939E5	3.32219E5	2.95906E5	2.57007E5	2.21087E5	1.88663E5	1.60916E5	1.35531E5	1.92811E5	1.11915E5
524	2.92151E6	8.79764E5	1.88669E7	7.32747E5	6.06544E5	5.00932E5	4.3095E5	3.97335E5	3.69412E5	3.5481E5	3.51752E5	3.38249E5	3.28864E5	3.23381E5	2.9045E5	2.52317E5	2.17294E5	1.87517E5	1.58117E5	1.34486E5	1.6568E5	1.27377E5
526	2.91312E6	8.83877E5	1.53679E7	7.70722E5	5.85669E5	4.9286E5	4.21109E5	3.8741E5	3.63426E5	3.44476E5	3.44011E5	3.33679E5	3.23718E5	3.13309E5	2.82694E5	2.45986E5	2.14175E5	1.84465E5	1.55408E5	1.33434E5	1.45969E5	1.442E5
528	2.77184E6	8.54435E5	1.10079E7	1.12589E6	5.84077E5	4.8228E5	4.15663E5	3.7545E5	3.55794E5	3.40553E5	3.31172E5	3.22446E5	3.15641E5	3.12195E5	2.73858E5	2.41832E5	2.09112E5	1.80987E5	1.51097E5	1.31833E5	1.29441E5	1.59584E5
530	2.39961E6	8.59409E5	6.51596E6	2.37108E6	5.64113E5	4.7765E5	4.0872E5	3.67578E5	3.50434E5	3.29224E5	3.24691E5	3.17714E5	3.10753E5	3.02463E5	2.70385E5	2.34753E5	2.06134E5	1.759E5	1.52141E5	1.29939E5	1.16855E5	1.73666E5
532	2.02376E6	8.50418E5	3.10462E6	4.97875E6	5.64706E5	4.68215E5	4.02962E5	3.54083E5	3.32213E5	3.22559E5	3.14981E5	3.07933E5	2.9974E5	2.92931E5	2.63748E5	2.30415E5	2.01761E5	1.75627E5	1.49549E5	1.27965E5	1.10775E5	1.79934E5
534	1.57867E6	9.70331E5	1.38676E6	8.87963E6	5.50882E5	4.5498E5	3.85624E5	3.46028E5	3.2616E5	3.13077E5	3.07306E5	3.0115E5	2.93668E5	2.87441E5	2.58455E5	2.27398E5	1.98442E5	1.73239E5	1.4722E5	1.28493E5	1.05368E5	1.74703E5
536	1.21121E6	1.1384E6	8.85256E5	1.3555E7	5.37962E5	4.43E5	3.77962E5	3.38344E5	3.19854E5	3.09273E5	2.97555E5	2.89153E5	2.85188E5	2.80826E5	2.52682E5	2.21218E5	1.9572E5	1.67856E5	1.45698E5	1.25093E5	1.05315E5	1.57427E5
538	9.82067E5	1.38128E6	7.9374E5	1.80333E7	5.22869E5	4.37897E5	3.71187E5	3.31844E5	3.10783E5	3.01101E5	2.91778E5	2.84003E5	2.78798E5	2.72158E5	2.42112E5	2.15532E5	1.90448E5	1.63318E5	1.42519E5	1.25617E5	1.02186E5	1.38816E5
540	7.84307E5	1.71382E6	7.46631E5	2.1175E7	5.19727E5	4.30487E5	3.66535E5	3.20602E5	3.06201E5	2.90259E5	2.81641E5	2.73672E5	2.72059E5	2.65566E5	2.38424E5	2.12011E5	1.85852E5	1.60324E5	1.39862E5	1.20466E5	1.02339E5	1.16868E5
542	7.5944E5	2.12604E6	7.12097E5	2.1696E7	5.11633E5	4.14494E5	3.55629E5	3.15012E5	2.95305E5	2.84905E5	2.76292E5	2.68524E5	2.63237E5	2.59861E5	2.33968E5	2.06062E5	1.80656E5	1.5949E5	1.36669E5	1.16923E5	1.0009E5	1.00743E5
544	6.7305E5	2.51892E6	7.05612E5	1.94847E7	5.11564E5	4.06321E5	3.48396E5	3.09572E5	2.89042E5	2.73467E5	2.66693E5	2.57053E5	2.5381E5	2.50814E5	2.25885E5	2.02059E5	1.76358E5	1.56691E5	1.34641E5	1.18415E5	9.74706E4	8.83708E4
546	7.07119E5	2.80634E6	6.7215E5	1.55009E7	5.7231E5	3.96503E5	3.35248E5	2.98845E5	2.81327E5	2.70299E5	2.6188E5	2.53101E5	2.50549E5	2.46633E5	2.21898E5	1.9708E5	1.71553E5	1.50711E5	1.32352E5	1.15534E5	9.70676E4	8.47795E4
548	6.37268E5	2.96137E6	6.61904E5	1.07275E7	1.06058E6	3.92105E5	3.28486E5	2.93761E5	2.77864E5	2.58241E5	2.53358E5	2.47404E5	2.42531E5	2.37858E5	2.17548E5	1.91557E5	1.68977E5	1.49007E5	1.29881E5	1.11828E5	9.53445E4	8.19244E4
550	6.54632E5	2.86727E6	6.35376E5	6.14737E6	2.52299E6	3.87091E5	3.20521E5	2.89173E5	2.68609E5	2.52522E5	2.45366E5	2.37943E5	2.35573E5	2.30122E5	2.09372E5	1.83669E5	1.66474E5	1.43966E5	1.26058E5	1.08694E5	9.10737E4	7.91079E4
552	6.33543E5	2.65847E6	6.20982E5	2.85014E6	5.42858E6	3.83683E5	3.22081E5	2.80762E5	2.60948E5	2.48089E5	2.40241E5	2.33452E5	2.29236E5	2.24799E5	2.02683E5	1.80457E5	1.59153E5	1.42169E5	1.24269E5	1.08883E5	9.01302E4	7.78641E4
554	6.09682E5	2.28043E6	6.37481E5	1.17455E6	9.56738E6	3.66242E5	3.11157E5	2.73625E5	2.53635E5	2.40311E5	2.35591E5	2.25598E5	2.21131E5	2.20492E5	1.9617E5	1.74108E5	1.56713E5	1.3834E5	1.20729E5	1.08226E5	8.92283E4	7.76419E4
556	5.91897E5	1.79348E6	6.67411E5	6.70209E5	1.42842E7	3.58964E5	3.02815E5	2.6881E5	2.4893E5	2.33964E5	2.31065E5	2.21239E5	2.1613E5	2.1581E5	1.92319E5	1.74559E5	1.53246E5	1.3492E5	1.19028E5	1.0629E5	8.87467E4	7.44724E4
558	5.97092E5	1.36341E6	8.01495E5	6.04738E5	1.88746E7	3.50343E5	2.94006E5	2.65923E5	2.45507E5	2.28356E5	2.1973E5	2.14208E5	2.08907E5	2.08141E5	1.88256E5	1.67165E5	1.50025E5	1.35518E5	1.1292E5	1.00597E5	8.56896E4	7.29245E4
560	5.9334E5	1.04861E6	9.85437E5	5.70838E5	2.19102E7	3.52327E5	2.87425E5	2.56306E5	2.37576E5	2.20533E5	2.17634E5	2.05043E5	2.04091E5	2.01419E5	1.79209E5	1.62642E5	1.44002E5	1.27995E5	1.12818E5	9.93322E4	8.54679E4	7.24889E4
562	5.4355E5	7.85936E5	1.25361E6	5.55723E5	2.23914E7	3.44644E5	2.80831E5	2.47492E5	2.26185E5	2.17812E5	2.08363E5	2.0328E5	1.97274E5	1.97163E5	1.768E5	1.59635E5	1.41143E5	1.24766E5	1.09045E5	9.64862E4	8.23828E4	7.00081E4
564	5.49556E5	6.26532E5	1.62578E6	5.31382E5	2.0006E7	3.53607E5	2.78255E5	2.41096E5	2.21229E5	2.10043E5	2.05693E5	1.93689E5	1.89921E5	1.88973E5	1.68572E5	1.53984E5	1.35137E5	1.23293E5	1.07582E5	9.27335E4	8.07072E4	6.8525E4
566	5.34893E5	5.72548E5	2.00073E6	5.04114E5	1.58508E7	4.12039E5	2.70994E5	2.35554E5	2.17772E5	2.05283E5	1.96885E5	1.92954E5	1.85976E5	1.82831E5	1.68476E5	1.47749E5	1.34106E5	1.20521E5	1.05463E5	9.40747E4	7.87725E4	6.82033E4
568	5.06529E5	5.25463E5	2.33212E6	5.1062E5	1.07894E7	9.14274E5	2.67997E5	2.31055E5	2.1259E5	1.98202E5	1.891E5	1.86044E5	1.7957E5	1.79058E5	1.60594E5	1.42366E5	1.29807E5	1.15659E5	1.0296E5	9.17316E4	7.78359E4	6.66068E4
570	5.77586E5	4.90759E5	2.63476E6	4.99076E5	5.97444E6	2.51992E6	2.59396E5	2.26016E5	2.07691E5	1.90852E5	1.8421E5	1.78792E5	1.75167E5	1.75448E5	1.56548E5	1.40935E5	1.27138E5	1.13801E5	1.0002E5	8.8868E4	7.64159E4	6.39728E4
572	5.02852E5	4.91003E5	2.7113E6	4.90662E5	2.64281E6	5.55774E6	2.51543E5	2.19187E5	2.00319E5	1.86889E5	1.78561E5	1.72257E5	1.70049E5	1.68121E5	1.53567E5	1.37639E5	1.22465E5	1.10087E5	9.5272E4	8.53284E4	7.43681E4	6.40997E4
574	5.04535E5	4.65189E5	2.56897E6	4.79985E5	9.78245E5	9.88494E6	2.50827E5	2.17596E5	1.94197E5	1.81296E5	1.74141E5	1.67684E5	1.65788E5	1.6396E5	1.45839E5	1.31768E5	1.18364E5	1.05767E5	9.551E4	8.34877E4	7.09384E4	6.22425E4
576	5.13498E5	4.38196E5	2.29526E6	4.70726E5	5.25973E5	1.46394E7	2.38165E5	2.07749E5	1.88276E5	1.79316E5	1.68701E5	1.64742E5	1.58671E5	1.5768E5	1.43735E5	1.27032E5	1.14459E5	1.03489E5	9.07048E4	8.08637E4	7.11667E4	6.08931E4
578	4.75636E5	4.48784E5	1.93851E6	4.93888E5	4.73803E5	1.90218E7	2.39696E5	2.04841E5	1.84803E5	1.72835E5	1.68669E5	1.57977E5	1.56067E5	1.50869E5	1.41599E5	1.23521E5	1.12366E5	1.01608E5	8.86498E4	7.88285E4	6.80868E4	5.8762E4
580	4.62012E5	4.35517E5	1.53241E6	5.48891E5	4.475E5	2.20459E7	2.3993E5	1.97472E5	1.80902E5	1.65377E5	1.56472E5	1.52397E5	1.49508E5	1.47145E5	1.3475E5	1.21016E5	1.09266E5	9.82594E4	8.71811E4	7.8311E4	6.74524E4	5.81109E4
582	4.62671E5	4.36059E5	1.15308E6	6.68066E5	4.34986E5	2.23337E7	2.4138E5	1.93234E5	1.71328E5	1.63567E5	1.56877E5	1.49393E5	1.46752E5	1.43464E5	1.30323E5	1.16995E5	1.05367E5	9.55152E4	8.3813E4	7.38363E4	6.60837E4	5.56304E4
584	4.65027E5	4.26495E5	8.34087E5	8.60802E5	4.23949E5	1.97809E7	2.43473E5	1.90219E5	1.6989E5	1.57811E5	1.529E5	1.44444E5	1.40833E5	1.37784E5	1.25262E5	1.15687E5	1.00321E5	9.20242E4	8.24885E4	7.37462E4	6.33067E4	5.34857E4
586	4.57619E5	3.9895E5	6.29955E5	1.13379E6	4.26738E5	1.54087E7	3.0219E5	1.87564E5	1.67858E5	1.53415E5	1.43421E5	1.4094E5	1.36715E5	1.38874E5	1.23778E5	1.08668E5	9.94146E4	9.01942E4	7.94066E4	7.11703E4	6.13596E4	5.16582E4
588	4.38892E5	3.98189E5	5.03304E5	1.4795E6	4.14957E5	1.017E7	8.037E5	1.82958E5	1.59386E5	1.49071E5	1.40436E5	1.37226E5	1.34399E5	1.31231E5	1.20348E5	1.05483E5	9.59461E4	8.65452E4	7.7611E4	6.99579E4	5.87497E4	5.33323E4
590	4.0932E5	3.89191E5	4.67481E5	1.83604E6	4.17468E5	5.39024E6	2.51175E6	1.75722E5	1.55428E5	1.4543E5	1.3626E5	1.33144E5	1.27175E5	1.24806E5	1.16684E5	1.04364E5	9.26905E4	8.48467E4	7.43081E4	6.68027E4	5.91965E4	4.94942E4
592	4.08539E5	3.95851E5	4.22446E5	2.13815E6	4.10416E5	2.18297E6	5.80414E6	1.75073E5	1.51119E5	1.42621E5	1.33835E5	1.26183E5	1.26259E5	1.20179E5	1.11192E5	1.02415E5	9.06955E4	8.07595E4	7.28637E4	6.43902E4	5.67841E4	4.94314E4
594	4.70689E5	3.8026E5	4.11561E5	2.35122E6	4.11156E5	7.53036E5	1.02449E7	1.70956E5	1.48433E5	1.37932E5	1.30481E5	1.19075E5	1.21748E5	1.19282E5	1.06502E5	9.56533E4	8.84945E4	7.95222E4	7.05305E4	6.30988E4	5.39822E4	4.78267E4
596	4.37073E5	3.89731E5	3.92482E5	2.38229E6	4.11584E5	4.00027E5	1.52195E7	1.67618E5	1.4396E5	1.33205E5	1.24578E5	1.18792E5	1.13388E5	1.14305E5	1.05744E5	9.3732E4	8.52594E4	7.57263E4	6.94219E4	6.05552E4	5.3926E4	4.63508E4
598	4.23283E5	3.60982E5	3.89283E5	2.2796E6	4.17097E5	3.53848E5	1.95018E7	1.67741E5	1.37963E5	1.29047E5	1.21111E5	1.14391E5	1.12991E5	1.09625E5	9.9345E4	9.01772E4	8.27451E4	7.50848E4	6.60506E4	6.01786E4	5.19192E4	4.38342E4
600	4.15693E5	3.78532E5	3.79102E5	2.04666E6	4.18546E5	3.40019E5	2.21228E7	1.68358E5	1.35122E5	1.26401E5	1.16928E5	1.109E5	1.08842E5	1.06766E5	9.76969E4	8.97928E4	8.03874E4	7.26231E4	6.53393E4	5.58893E4	5.17904E4	4.17826E4
