300	2.037E5	1.44539E5	1.68499E5	2.5591E6	3.87366E5	2.63766E5	1.87486E7	6.70208E4	1.07135E4	7040.43053	5165.64741	3934.89777	3197.48931	2530.65725	1905.37979	1774.46184	1546.92855	1050.85962	1499.64679	1140.13423	1017.26584	719.94453
302	1.83749E5	1.54933E5	1.74241E5	1.75247E6	7.03371E5	2.00776E5	1.63587E7	7.74421E5	1.2261E4	7228.76596	5611.12213	4101.77652	2821.81728	2669.65764	2096.39966	1647.73233	1300.59	1209.88885	1140.9537	899.74041	1104.21286	1300.74758
304	2.49601E5	1.7104E5	1.90675E5	9.9587E5	1.27164E6	2.04144E5	1.03326E7	3.42791E6	1.32092E4	7246.77227	5004.74899	3298.85833	3265.20864	2698.59189	2362.3786	1613.26373	1576.32308	1501.12138	1486.57885	1024.92448	886.30422	847.28015
306	2.41915E5	1.85406E5	1.87873E5	5.54752E5	1.99961E6	2.04582E5	4.44737E6	8.87103E6	1.76732E4	7528.66069	6208.78534	3715.34221	3433.8974	2818.04748	2129.67948	1996.11151	1431.28296	1387.90045	1488.22455	1310.41447	889.04113	1080.44882
308	2.29385E5	1.90086E5	2.08926E5	3.66208E5	2.65651E6	2.15138E5	1.15204E6	1.52214E7	2.42936E4	7479.082	5897.38498	4319.92007	3483.46962	2842.86502	2491.8152	1755.48919	1130.23024	1678.12915	1143.69462	1211.00032	1174.92948	1137.87433
310	2.45493E5	1.94119E5	2.24763E5	3.23218E5	2.82171E6	2.40659E5	2.19261E5	1.83171E7	6.55036E4	8714.33371	5911.91468	3787.60398	3271.73191	2862.98188	2196.65971	1861.27434	1528.59544	1086.13296	1022.6926	1296.09044	765.54707	892.06549
312	2.96239E5	2.04518E5	2.38268E5	3.10334E5	2.43031E6	3.25576E5	1.47311E5	1.60117E7	7.20692E5	1.12927E4	5467.60533	4533.25924	3100.35166	2547.6901	1869.16788	1813.70986	1674.74829	1488.29563	1248.76771	970.74207	861.02152	857.42846
314	2.85576E5	2.22837E5	2.44957E5	3.21079E5	1.68726E6	5.94563E5	1.36297E5	9.7207E6	3.46202E6	1.16717E4	5660.52341	4428.39212	3352.75438	2838.78719	2269.54665	1556.70482	1182.94758	1345.23391	993.41477	1391.5817	1013.09119	850.24214
316	3.06563E5	2.22955E5	2.58507E5	3.24827E5	1.01655E6	1.06549E6	1.37871E5	3.91991E6	8.68144E6	1.50426E4	6952.44546	4894.58	3224.24296	3415.30853	2298.82571	1558.585	1595.67135	1386.88767	1308.86634	1105.05742	965.06208	940.29942
318	3.09316E5	2.34892E5	2.73372E5	3.29728E5	6.15018E5	1.70922E6	1.3888E5	9.85354E5	1.39721E7	2.1341E4	6815.23086	4985.27602	2851.92987	3027.58932	2089.26437	1609.69163	1415.52984	1482.98715	1189.78663	967.05108	833.39408	1045.94965
320	3.23234E5	2.47678E5	2.79458E5	3.42803E5	4.44742E5	2.23378E6	1.46932E5	1.71624E5	1.61855E7	6.16557E4	7859.87425	5028.69832	3475.8635	2629.71369	1764.62828	1916.78129	1401.54568	1027.10159	1050.37307	746.77528	836.55348	1076.50262
322	3.28147E5	2.5834E5	2.91032E5	3.54619E5	3.98039E5	2.3523E6	1.63531E5	1.18972E5	1.3605E7	6.65209E5	9258.59923	4637.7121	3776.33324	2666.30635	2137.6228	1565.84719	1484.14326	1210.7674	1021.35015	951.17279	1014.59228	998.4003
324	3.20699E5	2.74102E5	2.99908E5	3.51288E5	3.85753E5	2.03431E6	2.32191E5	1.11072E5	8.21969E6	2.90507E6	1.09602E4	4698.38325	3524.27706	2987.58458	1941.44039	1905.47609	1220.84768	1039.80071	1080.8438	944.28499	659.40028	721.83116
326	3.86665E5	2.80936E5	3.10972E5	3.57981E5	3.91035E5	1.47685E6	4.25068E5	1.1376E5	3.30022E6	7.24318E6	1.26755E4	4884.76384	3875.27877	2743.54336	2173.13728	1763.03675	1187.30043	1344.98949	1024.05394	1020.65547	842.42461	791.95045
328	3.71394E5	2.90759E5	3.25084E5	3.65182E5	3.89463E5	9.61549E5	7.80035E5	1.17426E5	8.47183E5	1.16983E7	1.88452E4	5745.71018	3605.52962	2730.76697	2243.80676	1778.62942	1498.5822	1025.66792	1157.49284	900.18893	932.28109	609.44423
330	4.11227E5	3.06636E5	3.32001E5	3.84169E5	4.03882E5	5.85336E5	1.30105E6	1.23801E5	1.53907E5	1.38659E7	5.33141E4	5907.45678	4282.23446	3237.27543	2254.03516	1503.37836	1444.21017	1173.74111	1090.77208	721.8344	925.72506	736.2477
332	4.15632E5	3.20669E5	3.3513E5	3.93588E5	4.09848E5	4.21722E5	1.74815E6	1.30551E5	1.06053E5	1.20061E7	5.60138E5	7106.92149	3798.25684	3477.11235	2861.58643	1455.76203	1396.97629	1287.97523	1118.13512	988.37309	869.43396	918.00115
334	4.12283E5	3.25925E5	3.50747E5	3.85667E5	4.08751E5	3.70875E5	1.92782E6	1.43373E5	1.00494E5	7.59098E6	2.46163E6	8163.33566	4308.60694	3189.6918	2068.68945	1525.55016	1501.66232	989.71336	963.29979	953.76094	1179.21384	835.95305
336	4.51127E5	3.34433E5	3.49302E5	3.86595E5	4.13962E5	3.75688E5	1.77782E6	1.95799E5	1.0624E5	3.20039E6	6.13581E6	1.08491E4	4514.86631	3531.92429	2166.5603	1602.45359	1480.40423	854.55882	1298.22995	869.49009	664.86759	725.24617
338	4.71752E5	3.71838E5	3.63569E5	3.9835E5	4.25167E5	3.7421E5	1.36944E6	3.20907E5	1.11089E5	8.77001E5	9.95018E6	1.51728E4	4549.12156	3465.4132	2530.96291	1658.41088	1344.14824	1346.38643	943.99242	881.43614	712.0609	723.60728
340	4.96157E5	3.71857E5	3.66124E5	4.13362E5	4.32453E5	3.90332E5	8.99763E5	5.96995E5	1.18955E5	1.58818E5	1.17791E7	3.89045E4	5235.96454	3542.39567	2344.89645	1921.21551	1308.92614	1323.76545	960.70587	862.62717	939.77512	781.9759
342	5.03185E5	3.72149E5	3.80897E5	4.06784E5	4.334E5	3.87958E5	5.71242E5	9.73791E5	1.24466E5	1.02361E5	1.02782E7	4.06913E5	6000.8576	3180.2473	2600.53694	1631.04709	1266.74826	1268.65807	969.14356	913.57025	815.54043	742.38341
344	4.97568E5	4.14661E5	3.93227E5	4.10572E5	4.37368E5	3.99343E5	3.92556E5	1.38475E6	1.37921E5	9.7453E4	6.31365E6	2.04683E6	7635.28977	3391.6957	2553.284	1833.83423	1382.0328	978.9696	811.78672	707.36117	722.68529	760.21962
346	5.35601E5	4.16293E5	3.95548E5	4.22485E5	4.46156E5	4.00829E5	3.36647E5	1.59472E6	1.52458E5	1.05303E5	2.66064E6	5.12321E6	9059.3008	3812.67489	2669.66907	1883.44604	1118.48934	939.7801	1139.39239	561.52647	819.07546	690.25889
348	5.67199E5	4.37918E5	4.00301E5	4.27999E5	4.47499E5	4.12165E5	3.38923E5	1.533E6	1.94184E5	1.14431E5	6.58244E5	8.39833E6	1.33857E4	4388.28774	2531.11633	2012.69572	1311.27772	1005.8486	1045.14779	827.83987	477.54567	732.20301
350	5.89226E5	4.35441E5	4.2566E5	4.31057E5	4.48062E5	4.24773E5	3.41719E5	1.24309E6	2.91046E5	1.27858E5	1.38548E5	9.79277E6	2.96364E4	5032.84555	2744.11971	1976.74199	1670.82785	1063.65855	857.48768	706.11039	776.15418	878.3205
352	6.14279E5	4.70858E5	4.3497E5	4.36067E5	4.58028E5	4.35888E5	3.55578E5	8.65687E5	4.88554E5	1.35951E5	1.0024E5	8.36527E6	3.59545E5	5363.23956	2487.46359	1930.64146	1214.96529	1183.54486	667.54741	700.96336	686.65837	619.27509
354	6.22852E5	4.85337E5	4.43292E5	4.49354E5	4.60152E5	4.41866E5	3.71579E5	5.81613E5	7.67237E5	1.48935E5	1.0128E5	5.27798E6	1.65344E6	6485.05037	2491.5901	2019.66731	1290.93017	1106.56995	841.7382	656.31868	710.47096	731.25305
356	6.45357E5	5.06492E5	4.61807E5	4.44986E5	4.67829E5	4.60636E5	3.86615E5	4.23239E5	1.07322E6	1.63336E5	1.07058E5	2.19837E6	4.30919E6	8638.40429	2941.26291	1823.73148	1732.93111	1174.87367	1033.67609	838.98487	783.96782	768.22893
358	6.93852E5	5.37185E5	4.84538E5	4.62119E5	4.74952E5	4.65495E5	4.04133E5	3.71067E5	1.28986E6	1.83259E5	1.20834E5	5.91473E5	7.19963E6	1.19049E4	3045.65558	2245.57762	1658.04921	1066.19629	823.82115	859.11867	768.43427	656.91666
360	7.10021E5	5.75962E5	4.82452E5	4.72558E5	4.84505E5	4.81495E5	4.22396E5	3.64727E5	1.31179E6	2.10463E5	1.32273E5	1.30558E5	8.60336E6	2.63973E4	3881.81452	2260.93923	1616.71641	1185.82683	728.87404	859.64889	748.0446	702.22249
362	7.3963E5	5.86812E5	5.22441E5	4.78648E5	4.9217E5	4.85759E5	4.34492E5	3.74199E5	1.1493E6	2.72567E5	1.4523E5	9.66201E4	7.68284E6	2.81393E5	4243.68849	2120.76512	1614.73802	1009.67362	1021.71818	984.64549	864.47334	838.31924
364	7.48678E5	6.20705E5	5.4719E5	4.94102E5	5.01485E5	4.96056E5	4.56181E5	3.90813E5	8.78297E5	3.91095E5	1.58653E5	9.70311E4	5.04129E6	1.43042E6	4949.16817	2208.14443	1751.59912	1350.06878	990.92711	1172.80197	764.87286	666.55315
366	7.6869E5	6.46271E5	5.56132E5	5.08851E5	5.14422E5	5.11583E5	4.71185E5	4.1201E5	6.27056E5	6.06141E5	1.74265E5	1.03793E5	2.13231E6	3.92294E6	7010.48373	2502.4936	1664.8594	1141.13443	797.61629	775.12027	839.4262	789.83651
368	8.03401E5	6.92854E5	5.81313E5	5.181E5	5.24868E5	5.3199E5	4.89248E5	4.34846E5	4.8536E5	8.58274E5	1.8955E5	1.15898E5	5.93023E5	6.5294E6	1.0468E4	2638.33221	1812.78217	1264.48902	991.83866	908.07323	864.12283	679.90054
370	8.34058E5	7.26753E5	6.04379E5	5.37941E5	5.35345E5	5.39781E5	5.07861E5	4.56898E5	4.23116E5	1.07582E6	2.1046E5	1.28869E5	1.20417E5	7.77377E6	2.55356E4	3022.99242	1852.48952	1405.15224	1027.03278	832.92046	634.04319	592.85407
372	8.74351E5	7.44096E5	6.24855E5	5.57593E5	5.47872E5	5.50157E5	5.29009E5	4.7666E5	4.21707E5	1.14673E6	2.33647E5	1.40459E5	8.76063E4	6.79448E6	2.74844E5	3651.76204	1935.93889	1488.47616	1016.05932	824.11785	851.80233	662.34473
374	8.99922E5	7.74252E5	6.43055E5	5.74959E5	5.62641E5	5.60198E5	5.42249E5	4.97748E5	4.30595E5	1.05986E6	2.83474E5	1.54677E5	8.74281E4	4.23541E6	1.35718E6	4358.78897	1864.20036	1484.6461	1064.49058	863.7401	649.59632	745.88682
376	9.22872E5	8.06269E5	6.69535E5	5.86788E5	5.62236E5	5.79968E5	5.66832E5	5.20151E5	4.49021E5	8.78817E5	3.69426E5	1.67778E5	9.39692E4	1.76582E6	3.51484E6	6051.00844	2039.43876	1328.41477	1043.41244	882.21315	866.3618	748.82499
378	1.00167E6	8.69278E5	6.98809E5	6.04852E5	5.80389E5	5.90091E5	5.8654E5	5.3774E5	4.72909E5	6.80122E5	5.23208E5	1.82638E5	1.02353E5	4.41093E5	5.75227E6	9610.42432	2442.52112	1516.07137	1116.88468	783.60213	656.95728	655.87883
380	1.01338E6	8.81368E5	7.32082E5	6.20502E5	5.99399E5	6.08132E5	5.99134E5	5.61715E5	4.91149E5	5.44358E5	7.1866E5	1.95635E5	1.16038E5	1.01629E5	6.74473E6	2.16271E4	2877.48687	1501.03366	1097.84484	874.65645	814.47313	732.83199
382	1.05231E6	9.2514E5	7.56896E5	6.42352E5	6.17081E5	6.28002E5	6.2664E5	5.90509E5	5.11647E5	4.80264E5	9.00507E5	2.14299E5	1.2646E5	8.30303E4	5.92069E6	2.32366E5	3390.26295	1438.31425	1230.6739	1131.24194	1042.29406	802.15581
384	1.11671E6	9.8442E5	7.96642E5	6.67681E5	6.33967E5	6.45042E5	6.50069E5	6.12072E5	5.42412E5	4.68805E5	1.01846E6	2.38765E5	1.42887E5	8.45202E4	3.79545E6	1.13351E6	4587.40724	1614.5066	1200.28008	890.61592	849.96689	627.58652
386	1.10836E6	9.97909E5	8.27021E5	6.96568E5	6.50392E5	6.66672E5	6.67477E5	6.39499E5	5.62496E5	4.77097E5	1.00398E6	2.75021E5	1.5705E5	8.90478E4	1.58762E6	3.04514E6	5894.64667	2117.48476	1253.80574	1066.60644	839.87593	885.9248
388	1.18123E6	1.03379E6	8.72738E5	7.0899E5	6.62911E5	6.86116E5	6.93308E5	6.59132E5	5.85448E5	4.96742E5	8.97551E5	3.37192E5	1.68899E5	9.96896E4	4.4611E5	5.01882E6	8745.98973	2133.93926	1413.27993	1299.58484	833.39033	853.79415
390	1.20138E6	1.0917E6	8.9284E5	7.28486E5	6.86714E5	7.03916E5	7.0961E5	6.81485E5	6.07646E5	5.1149E5	7.35798E5	4.48505E5	1.89321E5	1.11756E5	1.01555E5	6.11167E6	1.98172E4	2782.63024	1397.09679	1307.71032	1076.47767	856.54181
392	1.24182E6	1.10777E6	9.20046E5	7.53027E5	7.0614E5	7.1523E5	7.26459E5	7.0559E5	6.2858E5	5.36482E5	5.9964E5	6.05822E5	2.06839E5	1.23557E5	7.70994E4	5.50311E6	2.23371E5	3011.31376	1667.23158	1102.64395	1014.33715	781.01821
394	1.26506E6	1.15956E6	9.41865E5	7.79576E5	7.24558E5	7.3476E5	7.47658E5	7.22517E5	6.42225E5	5.51899E5	5.23497E5	7.6253E5	2.22247E5	1.37536E5	7.96449E4	3.7043E6	1.04847E6	4043.05534	1578.31299	1361.26083	1194.00068	717.82852
396	1.32359E6	1.18611E6	9.75463E5	7.96486E5	7.45911E5	7.55095E5	7.66567E5	7.44377E5	6.70635E5	5.77886E5	5.00921E5	8.95288E5	2.43755E5	1.52578E5	8.38764E4	1.61659E6	2.86908E6	5606.13534	1814.7463	1226.90615	1345.88362	947.04283
398	1.3513E6	1.22682E6	1.01275E6	8.34233E5	7.61563E5	7.77531E5	7.82001E5	7.67183E5	6.87903E5	5.94039E5	5.09787E5	9.33032E5	2.7024E5	1.66208E5	9.02711E4	4.50038E5	4.82842E6	8730.24983	1911.76468	1258.20982	1219.67903	878.55433
400	1.40718E6	1.24647E6	1.05572E6	8.56774E5	7.90084E5	7.90631E5	8.05258E5	7.87818E5	7.06007E5	6.17545E5	5.23164E5	8.74346E5	3.16976E5	1.82557E5	1.00895E5	9.68086E4	5.7488E6	1.70187E4	2419.1682	1572.82124	1330.34114	979.5106
402	1.47079E6	1.2773E6	1.08533E6	8.82665E5	7.9987E5	8.07708E5	8.24487E5	7.99571E5	7.32894E5	6.39026E5	5.43917E5	7.53444E5	3.93515E5	1.98961E5	1.12358E5	7.02976E4	4.95676E6	1.7388E5	3049.43058	1558.22069	1128.14571	1083.62517
404	1.49415E6	1.3626E6	1.10432E6	9.10201E5	8.18778E5	8.24885E5	8.40494E5	8.21174E5	7.47055E5	6.5869E5	5.57997E5	6.3584E5	5.08836E5	2.16661E5	1.25592E5	6.98533E4	3.07795E6	9.46574E5	3833.00874	1695.12619	1390.26994	895.53369
406	1.51508E6	1.34195E6	1.13761E6	9.43523E5	8.42164E5	8.43928E5	8.55433E5	8.32707E5	7.68549E5	6.77528E5	5.79383E5	5.54588E5	6.46403E5	2.3415E5	1.35969E5	7.48999E4	1.28294E6	2.53296E6	4948.88844	1899.98159	1111.71965	1171.20615
408	1.53126E6	1.38957E6	1.15472E6	9.66635E5	8.67523E5	8.61093E5	8.59241E5	8.51302E5	7.87638E5	6.97843E5	6.00307E5	5.21999E5	7.74303E5	2.5016E5	1.48161E5	8.09374E4	3.3641E5	4.34306E6	7222.23981	2010.30696	1166.16513	1313.41966
410	1.5931E6	1.42706E6	1.20255E6	9.90925E5	8.81676E5	8.70092E5	8.70831E5	8.61177E5	8.01677E5	7.13573E5	6.16157E5	5.19383E5	8.43093E5	2.73717E5	1.6151E5	8.9113E4	7.66718E4	5.21042E6	1.49118E4	2556.15615	1333.61427	1264.25608
412	1.63321E6	1.44856E6	1.2295E6	1.00569E6	9.00858E5	8.87576E5	8.93142E5	8.69094E5	8.1302E5	7.27964E5	6.38475E5	5.26517E5	8.41941E5	3.04793E5	1.73914E5	9.6955E4	6.27277E4	4.59388E6	1.38849E5	2714.69011	1406.10038	1216.52715
414	1.58982E6	1.47586E6	1.2628E6	1.02324E6	9.1237E5	8.91118E5	8.91827E5	8.83025E5	8.20558E5	7.42851E5	6.54762E5	5.42335E5	7.71062E5	3.58306E5	1.8682E5	1.0883E5	6.29595E4	2.97409E6	7.26493E5	3562.52634	1599.77334	1180.74521
416	1.62363E6	1.5281E6	1.2838E6	1.04889E6	9.25985E5	8.98649E5	9.04424E5	8.91083E5	8.32427E5	7.54264E5	6.66583E5	5.55924E5	6.7102E5	4.44045E5	2.01434E5	1.1774E5	6.61945E4	1.27806E6	2.10916E6	4866.43452	1706.09614	1251.59877
418	1.63433E6	1.53059E6	1.30991E6	1.06786E6	9.36931E5	9.05134E5	8.98161E5	8.98008E5	8.51268E5	7.70902E5	6.8519E5	5.70271E5	5.83513E5	5.49469E5	2.1572E5	1.28907E5	7.0994E4	3.4907E5	3.75333E6	7479.79218	1905.78296	1349.03876
420	1.6559E6	1.56475E6	1.3225E6	1.09334E6	9.49832E5	9.18167E5	9.13106E5	9.06231E5	8.53501E5	7.78691E5	6.92437E5	5.88169E5	5.30434E5	6.67124E5	2.3052E5	1.37701E5	7.67188E4	7.47183E4	4.63983E6	1.46294E4	2453.89269	1342.10004
422	1.69456E6	1.58107E6	1.3607E6	1.09921E6	9.68012E5	9.22611E5	9.20957E5	9.1397E5	8.67909E5	7.92591E5	7.14181E5	6.00857E5	5.1193E5	7.54614E5	2.47508E5	1.4936E5	8.55357E4	5.60265E4	4.17615E6	1.53238E5	2824.06915	1358.48191
424	1.71746E6	1.57131E6	1.36964E6	1.12954E6	9.69068E5	9.27297E5	9.17638E5	9.14706E5	8.71345E5	8.02412E5	7.21365E5	6.14974E5	5.15791E5	7.85628E5	2.68443E5	1.60042E5	9.52664E4	5.6621E4	2.73025E6	7.5216E5	3497.17098	1646.23445
426	1.75639E6	1.59919E6	1.38816E6	1.14879E6	9.7304E5	9.32228E5	9.18179E5	9.17612E5	8.70392E5	8.14728E5	7.33692E5	6.27532E5	5.23098E5	7.47692E5	3.0461E5	1.73164E5	1.03236E5	5.82493E4	1.12323E6	2.12978E6	4664.36177	1511.09955
428	1.73711E6	1.60663E6	1.41758E6	1.16101E6	9.96109E5	9.4005E5	9.21712E5	9.18649E5	8.81028E5	8.19343E5	7.4531E5	6.43308E5	5.38914E5	6.68676E5	3.60287E5	1.83968E5	1.13328E5	6.18642E4	2.8611E5	3.68184E6	6965.63574	1819.37965
430	1.68171E6	1.61088E6	1.41254E6	1.17406E6	1.00496E6	9.46205E5	9.25455E5	9.14011E5	8.76163E5	8.26546E5	7.56288E5	6.54168E5	5.47684E5	5.83748E5	4.39662E5	1.94823E5	1.21414E5	6.74856E4	6.25726E4	4.39009E6	1.38524E4	2091.04303
432	1.78735E6	1.66569E6	1.44132E6	1.18452E6	1.01464E6	9.48385E5	9.2332E5	9.24087E5	8.82986E5	8.35955E5	7.62826E5	6.65204E5	5.59127E5	5.27479E5	5.28583E5	2.07946E5	1.29683E5	7.45383E4	4.97185E4	3.78767E6	1.4386E5	2658.0397
434	1.73355E6	1.64734E6	1.4533E6	1.20581E6	1.01735E6	9.48981E5	9.18553E5	9.14566E5	8.85638E5	8.36699E5	7.72244E5	6.76978E5	5.73034E5	4.99781E5	6.1709E5	2.2187E5	1.39019E5	8.10922E4	5.09465E4	2.26841E6	7.53152E5	3312.36108
436	1.75407E6	1.67059E6	1.47046E6	1.21555E6	1.03586E6	9.4767E5	9.28535E5	9.12916E5	8.85237E5	8.41526E5	7.82742E5	6.84912E5	5.82351E5	4.94513E5	6.62387E5	2.35634E5	1.48765E5	8.82995E4	5.27809E4	9.20628E5	2.01498E6	4179.2946
438	1.72599E6	1.67062E6	1.47908E6	1.23808E6	1.03707E6	9.52022E5	9.18571E5	9.14881E5	8.82886E5	8.45669E5	7.8286E5	6.90199E5	5.97269E5	4.99734E5	6.61724E5	2.53981E5	1.57881E5	9.6287E4	5.70101E4	2.37765E5	3.46866E6	6459.11185
440	1.72807E6	1.6512E6	1.47391E6	1.23667E6	1.04661E6	9.42772E5	9.07743E5	9.03563E5	8.84119E5	8.38006E5	7.85843E5	6.97968E5	6.03742E5	5.06647E5	6.15599E5	2.91211E5	1.68449E5	1.04962E5	5.99572E4	5.5209E4	4.21305E6	1.1064E4
442	1.75458E6	1.67114E6	1.47974E6	1.24209E6	1.04466E6	9.46941E5	9.06643E5	9.01459E5	8.74615E5	8.41136E5	7.87182E5	7.02767E5	6.07797E5	5.14826E5	5.55184E5	3.3932E5	1.76297E5	1.1069E5	6.57167E4	4.69235E4	3.6901E6	9.20515E4
444	1.76299E6	1.66152E6	1.50263E6	1.24629E6	1.05142E6	9.41302E5	8.9705E5	8.97511E5	8.74164E5	8.41696E5	7.889E5	7.06918E5	6.18285E5	5.21815E5	4.91846E5	4.08696E5	1.85166E5	1.19135E5	7.14576E4	4.71905E4	2.31262E6	4.96678E5
446	1.70871E6	1.67046E6	1.49186E6	1.24421E6	1.04953E6	9.47085E5	8.96827E5	8.82461E5	8.66841E5	8.37617E5	7.90403E5	7.10105E5	6.19756E5	5.31897E5	4.49743E5	4.73653E5	1.96065E5	1.27027E5	7.74702E4	4.85626E4	9.75306E5	1.54533E6
448	1.73647E6	1.67252E6	1.51505E6	1.25086E6	1.04938E6	9.54177E5	8.94482E5	8.86579E5	8.61096E5	8.38228E5	7.92359E5	7.13176E5	6.32861E5	5.41972E5	4.34259E5	5.38051E5	2.07071E5	1.34844E5	8.40531E4	5.08286E4	2.54899E5	2.87956E6
450	1.72431E6	1.70128E6	1.50748E6	1.27017E6	1.06231E6	9.37524E5	8.90431E5	8.78155E5	8.58781E5	8.35352E5	7.93487E5	7.16967E5	6.38007E5	5.49644E5	4.29646E5	5.70334E5	2.21789E5	1.42067E5	9.1205E4	5.63429E4	5.49088E4	3.69443E6
452	1.72932E6	1.66874E6	1.50696E6	1.27502E6	1.05715E6	9.39219E5	8.79788E5	8.6889E5	8.56491E5	8.28451E5	7.95331E5	7.15946E5	6.3996E5	5.54552E5	4.37649E5	5.5749E5	2.46892E5	1.50657E5	9.85126E4	5.93516E4	4.23066E4	3.35772E6
454	1.71027E6	1.65716E6	1.50458E6	1.26792E6	1.06559E6	9.35247E5	8.79339E5	8.59362E5	8.46636E5	8.24013E5	7.82586E5	7.18168E5	6.40885E5	5.61945E5	4.39062E5	5.14091E5	2.78976E5	1.5848E5	1.04508E5	6.42915E4	4.25899E4	2.13812E6
456	1.74098E6	1.631E6	1.48963E6	1.27391E6	1.05745E6	9.36476E5	8.6701E5	8.52231E5	8.39593E5	8.1418E5	7.81071E5	7.17558E5	6.40198E5	5.6895E5	4.46095E5	4.61234E5	3.29845E5	1.66728E5	1.0859E5	7.00967E4	4.36324E4	8.67221E5
458	1.67312E6	1.62885E6	1.48531E6	1.28451E6	1.0573E6	9.21374E5	8.57856E5	8.47E5	8.21718E5	8.12391E5	7.76299E5	7.13736E5	6.43021E5	5.6727E5	4.51543E5	4.1275E5	3.87178E5	1.73662E5	1.15933E5	7.54089E4	4.53663E4	2.24271E5
460	1.68601E6	1.61498E6	1.48212E6	1.2735E6	1.05211E6	9.2203E5	8.53608E5	8.30726E5	8.21663E5	8.04431E5	7.72942E5	7.11292E5	6.46145E5	5.7291E5	4.53124E5	3.80681E5	4.39213E5	1.80182E5	1.2252E5	8.06261E4	4.98601E4	5.03291E4
462	1.67141E6	1.6231E6	1.49287E6	1.27339E6	1.05625E6	9.11227E5	8.4116E5	8.22801E5	8.14655E5	7.91818E5	7.64677E5	7.01715E5	6.45905E5	5.72919E5	4.59653E5	3.6601E5	4.7591E5	1.90662E5	1.30344E5	8.64519E4	5.23471E4	3.8694E4
464	1.64542E6	1.60059E6	1.47518E6	1.26556E6	1.0401E6	9.11963E5	8.35848E5	8.10638E5	7.95907E5	7.83569E5	7.55566E5	7.03532E5	6.39043E5	5.79708E5	4.63555E5	3.65226E5	4.83996E5	2.02324E5	1.35714E5	9.13874E4	5.62182E4	3.95933E4
466	1.65441E6	1.58366E6	1.46035E6	1.26772E6	1.04873E6	8.95697E5	8.27384E5	8.0019E5	7.90572E5	7.70997E5	7.51791E5	6.95087E5	6.43157E5	5.78145E5	4.66783E5	3.65387E5	4.58719E5	2.2381E5	1.40856E5	9.74269E4	5.98092E4	4.02E4
468	1.77575E6	1.57281E6	1.47046E6	1.24842E6	1.04377E6	8.92726E5	8.21798E5	7.91976E5	7.79875E5	7.65608E5	7.40947E5	6.91097E5	6.352E5	5.77294E5	4.68594E5	3.69629E5	4.18847E5	2.56185E5	1.43801E5	1.00573E5	6.41538E4	4.14388E4
470	2.09013E6	1.57656E6	1.43371E6	1.25249E6	1.0319E6	8.8961E5	8.12683E5	7.77064E5	7.69186E5	7.57396E5	7.348E5	6.85557E5	6.32423E5	5.78832E5	4.69529E5	3.72161E5	3.71723E5	2.9554E5	1.50953E5	1.06548E5	6.96491E4	4.35557E4
472	2.82855E6	1.5701E6	1.44509E6	1.24987E6	1.04431E6	8.83777E5	8.05027E5	7.73985E5	7.6031E5	7.40383E5	7.27033E5	6.82486E5	6.33301E5	5.77742E5	4.72291E5	3.77132E5	3.40792E5	3.43441E5	1.575E5	1.12505E5	7.41736E4	4.66894E4
474	4.24367E6	1.53529E6	1.43244E6	1.23755E6	1.02898E6	8.77358E5	7.95634E5	7.60921E5	7.51642E5	7.36236E5	7.09905E5	6.76353E5	6.25421E5	5.73758E5	4.77038E5	3.79315E5	3.18999E5	3.82295E5	1.63354E5	1.17654E5	7.75142E4	4.80085E4
476	6.24038E6	1.51615E6	1.41332E6	1.22982E6	1.02771E6	8.57469E5	7.80866E5	7.60449E5	7.34006E5	7.2674E5	7.07639E5	6.67543E5	6.22353E5	5.72876E5	4.71204E5	3.79361E5	3.08244E5	4.0859E5	1.70221E5	1.20004E5	8.05653E4	5.26007E4
478	8.8527E6	1.49084E6	1.40756E6	1.21569E6	1.0106E6	8.65169E5	7.70459E5	7.34326E5	7.21296E5	7.13227E5	6.93718E5	6.57995E5	6.1875E5	5.71064E5	4.70888E5	3.80843E5	3.05273E5	4.0851E5	1.8309E5	1.24001E5	8.53687E4	5.58426E4
480	1.10567E7	1.47044E6	1.35771E6	1.20238E6	1.00034E6	8.49306E5	7.58406E5	7.27961E5	7.07452E5	6.99254E5	6.82145E5	6.48226E5	6.03751E5	5.62177E5	4.69228E5	3.80918E5	3.05946E5	3.86299E5	2.01603E5	1.28124E5	8.83585E4	5.91686E4
482	1.23324E7	1.46534E6	1.35316E6	1.1925E6	9.85531E5	8.4358E5	7.46238E5	7.09805E5	6.9198E5	6.8603E5	6.70667E5	6.3861E5	5.99537E5	5.58066E5	4.65421E5	3.80243E5	3.06707E5	3.48205E5	2.30827E5	1.3176E5	9.40756E4	6.28854E4
484	1.18516E7	1.44391E6	1.33999E6	1.17695E6	9.76297E5	8.30968E5	7.40846E5	6.97593E5	6.84913E5	6.71913E5	6.59734E5	6.28526E5	5.90457E5	5.50089E5	4.65856E5	3.81465E5	3.07486E5	3.08075E5	2.67997E5	1.35352E5	9.67348E4	6.64548E4
486	1.01061E7	1.43492E6	1.32728E6	1.16874E6	9.66924E5	8.18062E5	7.36371E5	6.8542E5	6.65209E5	6.61348E5	6.47671E5	6.17311E5	5.86331E5	5.44457E5	4.62846E5	3.77588E5	3.05655E5	2.75421E5	3.05579E5	1.40127E5	1.00256E5	7.01716E4
488	7.53676E6	1.59135E6	1.2946E6	1.14052E6	9.59654E5	8.05915E5	7.18401E5	6.83131E5	6.58829E5	6.47833E5	6.31962E5	6.03429E5	5.79663E5	5.35844E5	4.62699E5	3.79791E5	3.08388E5	2.61381E5	3.33749E5	1.4458E5	1.01745E5	7.15542E4
490	4.93723E6	2.10117E6	1.29298E6	1.13461E6	9.50298E5	7.88367E5	7.07281E5	6.66008E5	6.50364E5	6.33502E5	6.2085E5	5.94569E5	5.67299E5	5.3588E5	4.5357E5	3.77951E5	3.08827E5	2.52828E5	3.48136E5	1.52643E5	1.05891E5	7.55214E4
492	2.85896E6	3.17839E6	1.25186E6	1.13299E6	9.27364E5	7.89527E5	6.98926E5	6.55251E5	6.32589E5	6.2903E5	6.08065E5	5.86697E5	5.61696E5	5.28634E5	4.56424E5	3.7488E5	3.07555E5	2.54426E5	3.44246E5	1.6558E5	1.07376E5	7.8542E4
494	1.81483E6	4.94334E6	1.24245E6	1.10034E6	9.21122E5	7.75742E5	6.81922E5	6.39342E5	6.21575E5	6.11098E5	5.96519E5	5.79013E5	5.49103E5	5.20958E5	4.48904E5	3.70565E5	3.07138E5	2.51116E5	3.20939E5	1.81295E5	1.09053E5	7.96663E4
496	1.42439E6	7.33832E6	1.22865E6	1.09679E6	9.06706E5	7.59745E5	6.68214E5	6.25283E5	6.09247E5	5.93276E5	5.85001E5	5.63835E5	5.41433E5	5.12947E5	4.42796E5	3.68263E5	3.06363E5	2.48945E5	2.89659E5	2.04914E5	1.12648E5	8.24873E4
498	1.40667E6	9.93224E6	1.21488E6	1.08776E6	9.04923E5	7.57639E5	6.65787E5	6.20396E5	5.96372E5	5.89516E5	5.7788E5	5.55853E5	5.33047E5	5.0521E5	4.38164E5	3.66555E5	3.0486E5	2.48573E5	2.53705E5	2.32654E5	1.14126E5	8.39354E4
500	1.34718E6	1.20631E7	1.19126E6	1.06263E6	8.93696E5	7.49592E5	6.47586E5	6.07888E5	5.87275E5	5.75764E5	5.64277E5	5.49965E5	5.2393E5	4.97987E5	4.29554E5	3.63147E5	3.01777E5	2.48155E5	2.30543E5	2.63771E5	1.18928E5	8.70362E4
502	1.2866E6	1.29673E7	1.17625E6	1.03889E6	8.73567E5	7.34895E5	6.48029E5	6.02583E5	5.77163E5	5.65391E5	5.50666E5	5.36849E5	5.16175E5	4.90171E5	4.21981E5	3.60643E5	3.02149E5	2.46499E5	2.15687E5	2.83609E5	1.23133E5	8.94634E4
504	1.281E6	1.21831E7	1.14152E6	1.01953E6	8.63244E5	7.21331E5	6.33096E5	5.89593E5	5.62648E5	5.57213E5	5.43242E5	5.23324E5	5.04971E5	4.8418E5	4.19069E5	3.54284E5	3.02521E5	2.48035E5	2.0755E5	2.92134E5	1.28069E5	8.80489E4
506	1.26471E6	1.01663E7	1.16338E6	9.999E5	8.53702E5	7.11395E5	6.22281E5	5.73152E5	5.53963E5	5.39612E5	5.30584E5	5.14312E5	4.97309E5	4.77288E5	4.17852E5	3.56164E5	2.96838E5	2.46923E5	2.0403E5	2.84264E5	1.38589E5	9.40469E4
508	1.27647E6	7.59205E6	1.31473E6	9.85568E5	8.3187E5	7.0619E5	6.11992E5	5.62521E5	5.40613E5	5.28714E5	5.1911E5	5.0224E5	4.85591E5	4.6869E5	4.06438E5	3.51462E5	2.94473E5	2.41874E5	2.02957E5	2.64282E5	1.51397E5	9.28246E4
510	1.27858E6	4.84574E6	1.9279E6	9.82598E5	8.18267E5	6.93362E5	5.99669E5	5.51827E5	5.27459E5	5.15869E5	5.07694E5	4.91235E5	4.76394E5	4.61943E5	4.0052E5	3.42272E5	2.92623E5	2.43952E5	2.00907E5	2.35053E5	1.7258E5	9.55043E4
512	1.37883E6	2.63317E6	3.29152E6	9.76321E5	8.02749E5	6.74062E5	5.84904E5	5.41845E5	5.19358E5	5.02517E5	4.93996E5	4.76942E5	4.69243E5	4.46078E5	3.93461E5	3.39113E5	2.87359E5	2.40554E5	1.99559E5	2.07703E5	1.95861E5	9.5972E4
514	1.56423E6	1.58906E6	5.34007E6	9.49959E5	7.89577E5	6.69745E5	5.75192E5	5.30092E5	5.06614E5	4.93739E5	4.8569E5	4.68813E5	4.56408E5	4.37822E5	3.87194E5	3.34225E5	2.84713E5	2.3725E5	1.99822E5	1.86873E5	2.17993E5	9.71597E4
516	1.82882E6	1.22161E6	7.85674E6	9.25921E5	7.77384E5	6.55522E5	5.68883E5	5.15259E5	4.97406E5	4.86645E5	4.74269E5	4.59982E5	4.46022E5	4.32603E5	3.79416E5	3.27003E5	2.809E5	2.36562E5	1.96481E5	1.75257E5	2.30932E5	1.00271E5
518	2.08062E6	1.14754E6	1.06117E7	9.11479E5	7.67442E5	6.36661E5	5.60179E5	5.09654E5	4.79842E5	4.68333E5	4.61064E5	4.47612E5	4.39084E5	4.22937E5	3.75486E5	3.23262E5	2.76106E5	2.36982E5	1.93559E5	1.65775E5	2.36605E5	1.05087E5
520	2.49676E6	1.09314E6	1.26592E7	8.96195E5	7.43814E5	6.22512E5	5.43161E5	4.97268E5	4.7315E5	4.64855E5	4.52207E5	4.36402E5	4.28587E5	4.15008E5	3.62872E5	3.17992E5	2.70039E5	2.30108E5	1.94031E5	1.63508E5	2.30096E5	1.14549E5
522	2.76594E6	1.05723E6	1.32525E7	8.80757E5	7.43625E5	6.14721E5	5.33837E5	4.85454E5	4.61457E5	4.52615E5	4.42207E5	4.30091E5	4.20229E5	4.03356E5	3.60017E5	3.1609E5	2.7027E5	2.27368E5	1.91019E5	1.61383E5	2.12419E5	1.25867E5
524	3.04283E6	1.0559E6	1.21765E7	8.76575E5	7.3459E5	6.06334E5	5.19164E5	4.75549E5	4.54286E5	4.3876E5	4.24781E5	4.19915E5	4.07989E5	3.98337E5	3.51256E5	3.06485E5	2.63051E5	2.22734E5	1.89009E5	1.61501E5	1.88482E5	1.40048E5
526	3.02683E6	1.02375E6	1.00201E7	8.69548E5	7.14222E5	5.99557E5	5.08664E5	4.6853E5	4.40953E5	4.2692E5	4.19704E5	4.0982E5	4.005E5	3.91398E5	3.45581E5	3.03625E5	2.59742E5	2.22779E5	1.84658E5	1.57277E5	1.67012E5	1.59922E5
528	2.83682E6	9.93296E5	7.21623E6	1.05086E6	6.97215E5	5.86208E5	5.00847E5	4.58489E5	4.27566E5	4.20826E5	4.08385E5	3.94996E5	3.92771E5	3.77508E5	3.35964E5	2.97309E5	2.57884E5	2.20088E5	1.84663E5	1.57134E5	1.47469E5	1.74552E5
530	2.58476E6	9.75252E5	4.38813E6	1.7758E6	6.80827E5	5.7647E5	4.93905E5	4.50921E5	4.18013E5	4.05919E5	3.99914E5	3.89046E5	3.79721E5	3.71475E5	3.26819E5	2.89496E5	2.49736E5	2.12466E5	1.84085E5	1.5438E5	1.36166E5	1.89022E5
532	2.15624E6	9.99916E5	2.34187E6	3.30649E6	6.70063E5	5.57349E5	4.75393E5	4.3506E5	4.13416E5	4.03185E5	3.88019E5	3.83847E5	3.73578E5	3.61684E5	3.21666E5	2.85473E5	2.44051E5	2.10119E5	1.8045E5	1.52688E5	1.29333E5	1.92525E5
534	1.71566E6	1.06859E6	1.27388E6	5.65231E6	6.51615E5	5.42972E5	4.71667E5	4.29843E5	4.03182E5	3.87055E5	3.77947E5	3.67512E5	3.58122E5	3.51415E5	3.14233E5	2.77251E5	2.41125E5	2.0665E5	1.78298E5	1.51274E5	1.24696E5	1.8649E5
536	1.35705E6	1.22127E6	9.63516E5	8.45592E6	6.32553E5	5.40363E5	4.61756E5	4.20008E5	3.94434E5	3.74984E5	3.69737E5	3.58065E5	3.50164E5	3.44566E5	3.05571E5	2.68133E5	2.3461E5	2.04978E5	1.75314E5	1.47088E5	1.24722E5	1.71558E5
538	1.05666E6	1.49626E6	8.94995E5	1.12417E7	6.29302E5	5.20355E5	4.47377E5	4.01425E5	3.87091E5	3.65929E5	3.61865E5	3.50458E5	3.37023E5	3.34372E5	2.98616E5	2.63324E5	2.31121E5	2.00471E5	1.68069E5	1.44693E5	1.22286E5	1.51062E5
540	9.46356E5	1.80231E6	8.49265E5	1.32368E7	6.10524E5	5.11815E5	4.36534E5	3.97897E5	3.69611E5	3.59128E5	3.48462E5	3.39028E5	3.30563E5	3.25908E5	2.90108E5	2.57763E5	2.23544E5	1.9503E5	1.68452E5	1.4441E5	1.19408E5	1.30372E5
542	8.15328E5	2.18919E6	8.26428E5	1.35496E7	5.95422E5	4.9157E5	4.3126E5	3.82649E5	3.61221E5	3.45103E5	3.35847E5	3.32074E5	3.22405E5	3.1773E5	2.8227E5	2.51503E5	2.22371E5	1.9343E5	1.63882E5	1.41518E5	1.18143E5	1.14791E5
544	7.88114E5	2.54832E6	7.93051E5	1.21062E7	6.1059E5	4.89205E5	4.17693E5	3.74167E5	3.50521E5	3.36161E5	3.31889E5	3.20677E5	3.13705E5	3.08863E5	2.77231E5	2.46322E5	2.13743E5	1.86943E5	1.61836E5	1.38886E5	1.16246E5	1.04115E5
546	8.23529E5	2.79767E6	7.77532E5	9.65636E6	6.22775E5	4.75517E5	4.07764E5	3.63952E5	3.4191E5	3.33036E5	3.24651E5	3.08994E5	3.06802E5	3.00365E5	2.72879E5	2.40804E5	2.14763E5	1.83318E5	1.58881E5	1.37933E5	1.14673E5	9.81545E4
548	7.36201E5	2.99001E6	7.58408E5	6.75224E6	8.5977E5	4.63998E5	4.01017E5	3.53865E5	3.32992E5	3.2106E5	3.13189E5	3.07893E5	2.99564E5	2.91851E5	2.60726E5	2.35555E5	2.06116E5	1.7996E5	1.57277E5	1.32892E5	1.12084E5	9.56487E4
550	6.91781E5	2.89303E6	7.36474E5	4.01421E6	1.6772E6	4.54937E5	3.95901E5	3.51607E5	3.27769E5	3.12467E5	3.07597E5	2.97722E5	2.90567E5	2.86147E5	2.57413E5	2.27864E5	2.0256E5	1.76297E5	1.51969E5	1.32473E5	1.0991E5	9.36371E4
552	7.31347E5	2.72233E6	7.27394E5	2.02038E6	3.32563E6	4.48953E5	3.78756E5	3.41543E5	3.1513E5	3.05968E5	2.94747E5	2.87493E5	2.82689E5	2.754E5	2.49799E5	2.23342E5	1.96995E5	1.7455E5	1.48979E5	1.30047E5	1.08836E5	9.20189E4
554	6.61626E5	2.345E6	7.05326E5	1.01718E6	5.76441E6	4.40604E5	3.69427E5	3.33714E5	3.12344E5	3.01197E5	2.91313E5	2.81369E5	2.74485E5	2.69479E5	2.45533E5	2.18655E5	1.91706E5	1.71021E5	1.45276E5	1.29552E5	1.05431E5	8.91166E4
556	7.00682E5	1.90244E6	7.6358E5	7.23495E5	8.56191E6	4.21175E5	3.57752E5	3.2732E5	2.96908E5	2.87888E5	2.82085E5	2.72636E5	2.66566E5	2.61805E5	2.39381E5	2.10089E5	1.87175E5	1.66041E5	1.44655E5	1.25328E5	1.05268E5	8.81969E4
558	6.59438E5	1.45743E6	8.50432E5	6.61042E5	1.13661E7	4.14484E5	3.53498E5	3.16303E5	2.89451E5	2.82264E5	2.72464E5	2.63079E5	2.5688E5	2.51764E5	2.29419E5	2.05737E5	1.81919E5	1.59135E5	1.40583E5	1.21898E5	1.01849E5	8.5618E4
560	6.30263E5	1.11349E6	1.04799E6	6.34495E5	1.32166E7	4.12752E5	3.41278E5	3.06414E5	2.86555E5	2.71505E5	2.614E5	2.55796E5	2.54104E5	2.4511E5	2.22353E5	2.00249E5	1.77603E5	1.57706E5	1.36002E5	1.20235E5	1.00257E5	8.51215E4
562	6.06075E5	8.31051E5	1.2941E6	6.13338E5	1.35319E7	3.98392E5	3.33916E5	2.96807E5	2.77964E5	2.64106E5	2.56904E5	2.47196E5	2.40762E5	2.40056E5	2.20503E5	1.93503E5	1.74107E5	1.51628E5	1.34729E5	1.17982E5	9.68273E4	8.16605E4
564	5.97659E5	7.03239E5	1.65038E6	5.90253E5	1.19398E7	4.01127E5	3.25191E5	2.87885E5	2.72367E5	2.57615E5	2.48042E5	2.39374E5	2.34223E5	2.32673E5	2.09705E5	1.85945E5	1.67085E5	1.49588E5	1.29673E5	1.14039E5	9.72451E4	8.02962E4
566	6.24636E5	6.31357E5	2.01967E6	5.76945E5	9.52389E6	4.28881E5	3.18056E5	2.82012E5	2.62642E5	2.54271E5	2.42288E5	2.32603E5	2.27561E5	2.24757E5	2.06388E5	1.83821E5	1.62353E5	1.45774E5	1.27834E5	1.10471E5	9.29139E4	7.96564E4
568	5.76314E5	5.83712E5	2.39603E6	5.69572E5	6.44752E6	6.89558E5	3.0597E5	2.73683E5	2.55116E5	2.42138E5	2.40514E5	2.30007E5	2.23049E5	2.22255E5	2.00055E5	1.76281E5	1.57712E5	1.40729E5	1.22454E5	1.08983E5	9.22502E4	7.94038E4
570	5.46365E5	5.62719E5	2.60315E6	5.5287E5	3.66673E6	1.58885E6	2.9934E5	2.71529E5	2.50787E5	2.32452E5	2.28723E5	2.21736E5	2.16808E5	2.12015E5	1.95611E5	1.74468E5	1.54203E5	1.38871E5	1.18896E5	1.0719E5	9.06102E4	7.65661E4
572	5.09386E5	5.59626E5	2.72992E6	5.38756E5	1.73663E6	3.30711E6	2.98707E5	2.62233E5	2.39451E5	2.3125E5	2.21546E5	2.1626E5	2.0885E5	2.06162E5	1.85833E5	1.67974E5	1.5006E5	1.35491E5	1.15916E5	1.02457E5	8.94768E4	7.59199E4
574	5.32328E5	5.3281E5	2.62485E6	5.25771E5	8.03678E5	5.79445E6	2.83326E5	2.54272E5	2.34191E5	2.24328E5	2.14396E5	2.08352E5	2.04704E5	1.98719E5	1.82735E5	1.60492E5	1.46869E5	1.29281E5	1.139E5	9.97482E4	8.47668E4	7.33567E4
576	5.30088E5	5.09442E5	2.29862E6	5.27148E5	5.40074E5	8.55704E6	2.80572E5	2.43638E5	2.24397E5	2.16175E5	2.05542E5	2.03178E5	1.97051E5	1.94101E5	1.74446E5	1.58142E5	1.42604E5	1.26151E5	1.10713E5	9.89218E4	8.28591E4	7.08729E4
578	5.0171E5	4.91271E5	1.95505E6	5.39812E5	4.97475E5	1.11798E7	2.75616E5	2.4281E5	2.20632E5	2.06093E5	2.00788E5	1.96058E5	1.89423E5	1.8825E5	1.70277E5	1.55361E5	1.36274E5	1.22227E5	1.08929E5	9.77536E4	7.97429E4	6.88924E4
580	5.4632E5	4.69251E5	1.55528E6	5.8592E5	4.80273E5	1.29806E7	2.71872E5	2.30979E5	2.11952E5	2.06683E5	1.95811E5	1.8955E5	1.83242E5	1.82171E5	1.6394E5	1.49805E5	1.33586E5	1.19333E5	1.04584E5	9.27245E4	7.86309E4	6.74194E4
582	5.26282E5	4.71376E5	1.18858E6	6.99427E5	4.72599E5	1.31184E7	2.6524E5	2.27545E5	2.09764E5	1.97378E5	1.89052E5	1.81966E5	1.79784E5	1.74282E5	1.60236E5	1.43929E5	1.27817E5	1.13982E5	1.02892E5	9.0308E4	7.72511E4	6.73873E4
584	4.91684E5	4.62984E5	8.72482E5	8.86424E5	4.56706E5	1.15099E7	2.68451E5	2.19274E5	2.0342E5	1.91026E5	1.8073E5	1.79145E5	1.73521E5	1.67785E5	1.59768E5	1.35896E5	1.24296E5	1.12953E5	9.81254E4	8.73364E4	7.43101E4	6.29491E4
586	4.76389E5	4.71866E5	6.52698E5	1.1483E6	4.56519E5	8.8829E6	2.91921E5	2.19714E5	1.96408E5	1.8751E5	1.81332E5	1.70925E5	1.66235E5	1.63261E5	1.48456E5	1.35542E5	1.2225E5	1.10828E5	9.6959E4	8.54285E4	7.37083E4	6.27745E4
588	4.82032E5	4.44047E5	5.42909E5	1.47333E6	4.50996E5	5.82874E6	5.41522E5	2.12298E5	1.90012E5	1.78809E5	1.76165E5	1.63963E5	1.59285E5	1.60647E5	1.44178E5	1.29238E5	1.17245E5	1.04221E5	9.26718E4	8.21818E4	7.04216E4	6.11839E4
590	4.71195E5	4.26397E5	4.83349E5	1.84248E6	4.40281E5	3.14768E6	1.45411E6	2.02034E5	1.86547E5	1.72296E5	1.67685E5	1.60155E5	1.57079E5	1.53103E5	1.4245E5	1.27946E5	1.12942E5	1.01152E5	9.08758E4	7.93042E4	6.96502E4	5.91445E4
592	4.51272E5	4.34842E5	4.59964E5	2.14139E6	4.44329E5	1.3641E6	3.26447E6	2.01699E5	1.79806E5	1.68756E5	1.58962E5	1.52675E5	1.47754E5	1.48083E5	1.35141E5	1.22576E5	1.08277E5	9.89881E4	8.74691E4	7.80152E4	6.60574E4	5.61537E4
594	4.62578E5	4.26621E5	4.33137E5	2.37896E6	4.35944E5	5.91541E5	5.79962E6	1.9428E5	1.73028E5	1.62277E5	1.56498E5	1.48609E5	1.47E5	1.43311E5	1.32744E5	1.15425E5	1.07737E5	9.58826E4	8.57006E4	7.68268E4	6.46568E4	5.65364E4
596	4.50365E5	4.2488E5	4.31564E5	2.3944E6	4.39657E5	4.00833E5	8.59993E6	1.89095E5	1.69129E5	1.58025E5	1.52947E5	1.42686E5	1.41483E5	1.39236E5	1.27958E5	1.14052E5	1.01436E5	9.25053E4	8.1912E4	7.09175E4	6.32788E4	5.48529E4
598	4.6931E5	4.06567E5	4.19145E5	2.2783E6	4.42813E5	3.7066E5	1.11125E7	1.85834E5	1.65914E5	1.55479E5	1.4823E5	1.4073E5	1.34218E5	1.34164E5	1.23566E5	1.09849E5	1.018E5	9.05175E4	8.0133E4	6.92337E4	6.28285E4	5.20175E4
600	4.35189E5	4.16128E5	4.27657E5	2.05782E6	4.37913E5	3.57011E5	1.26355E7	1.83268E5	1.60863E5	1.51484E5	1.40845E5	1.34476E5	1.31833E5	1.3008E5	1.18044E5	1.09156E5	9.81637E4	8.69855E4	7.73666E4	6.99198E4	5.90148E4	5.21657E4
