300	2.2663E5	1.53667E5	1.81651E5	2.63746E6	4.08935E5	2.92217E5	2.26275E7	8.27195E4	1.28934E4	7890.08287	5748.01008	4559.73493	3067.09723	2596.54709	2639.45232	2210.66525	1630.2204	1631.56672	1636.36311	1396.0725	1332.07222	1468.27572
302	2.35684E5	1.7206E5	1.94545E5	1.81782E6	7.32683E5	2.33468E5	1.95744E7	9.18832E5	1.47618E4	7902.67464	6087.65127	4575.10121	3248.10432	2719.98051	2345.54932	2106.63776	1665.64054	1959.53136	1233.93392	1202.9646	1177.42189	1064.4823
304	2.89182E5	1.76116E5	2.19732E5	1.06794E6	1.30969E6	2.23837E5	1.25102E7	4.1112E6	1.70583E4	9446.68548	6406.95614	4687.58538	3794.18609	3098.51498	2700.73571	2092.69335	2098.42384	1297.98638	1325.1943	1108.1528	1273.31431	960.59632
306	2.6914E5	1.8979E5	2.22876E5	5.89235E5	2.07589E6	2.31797E5	5.4135E6	1.06269E7	2.03752E4	8813.23465	6687.00559	4447.1773	3652.06829	2890.11757	2427.19883	1758.69437	1403.0095	1613.33733	1342.7805	1140.66191	1172.01612	1169.18875
308	3.02585E5	2.15559E5	2.37059E5	4.09846E5	2.7559E6	2.38692E5	1.37549E6	1.84335E7	2.80688E4	1.0548E4	7234.96242	4365.09844	3480.64585	3380.09353	2341.32884	1947.58217	1748.05391	1629.14618	1643.46335	1362.26958	1310.69582	1350.09385
310	3.19929E5	2.11732E5	2.50687E5	3.68714E5	2.93072E6	2.70011E5	2.37602E5	2.22647E7	7.51626E4	1.00769E4	7043.11904	4865.70542	3631.71044	2845.25778	2779.07726	2105.752	1729.99831	1420.65689	1344.19838	1358.35893	1097.74697	1079.44618
312	3.1331E5	2.25888E5	2.66661E5	3.66043E5	2.54074E6	3.54008E5	1.57717E5	1.94509E7	8.38911E5	1.19276E4	6810.53135	5075.73127	3711.46985	2909.10116	2385.8903	2205.7942	2045.24063	1568.4929	1259.6792	1185.7112	1047.72271	1348.30775
314	3.2767E5	2.27654E5	2.74371E5	3.71488E5	1.78059E6	6.21919E5	1.49754E5	1.19248E7	4.12568E6	1.50983E4	7101.89824	4986.80595	3879.29988	3201.42518	2943.50502	2121.42748	1694.14652	1319.79372	1205.93419	1578.25005	1047.60511	1168.81761
316	3.48622E5	2.40329E5	3.01118E5	3.79479E5	1.09805E6	1.09811E6	1.45018E5	4.80829E6	1.0418E7	1.74943E4	7632.03538	5114.4448	3803.70996	3071.63655	2701.67015	2408.86866	1747.39609	1431.2292	1477.15653	1448.01642	1335.03978	1192.58621
318	3.4988E5	2.60302E5	3.2111E5	3.87591E5	6.83638E5	1.74761E6	1.50768E5	1.17743E6	1.68839E7	2.61622E4	8340.62188	6072.78147	4719.12827	2915.46169	2654.27302	2214.63641	1830.83335	1490.05425	1600.70644	1229.7404	1512.817	1029.18899
320	3.49193E5	2.62944E5	3.25859E5	4.05665E5	5.18074E5	2.29096E6	1.57138E5	1.93615E5	1.96081E7	7.0301E4	9130.14067	5593.33389	4082.54129	2902.59752	2633.96702	2112.07096	1648.64369	1668.89805	1385.51568	1403.49551	1142.37951	1494.79064
322	3.68728E5	2.72245E5	3.32704E5	4.02701E5	4.66427E5	2.42269E6	1.67529E5	1.24446E5	1.65615E7	7.73351E5	1.11906E4	5937.52048	4285.06678	3530.32062	2601.27576	2144.29684	1745.81939	1459.20242	1429.02312	1041.97242	1250.95999	1041.87492
324	3.6352E5	2.73436E5	3.34534E5	4.08773E5	4.57834E5	2.0978E6	2.37027E5	1.11747E5	1.01109E7	3.4448E6	1.22429E4	6822.83313	4621.04687	3564.41035	2441.69003	1990.09835	1500.23541	1411.96725	1389.2803	1132.29138	991.3749	1512.45893
326	4.06696E5	3.04921E5	3.43199E5	4.13807E5	4.57146E5	1.54075E6	4.302E5	1.1585E5	4.11335E6	8.50862E6	1.5091E4	6988.75823	4537.97667	3398.27297	2472.39152	2262.96565	2061.54198	1457.12127	1324.98108	1544.52519	1092.37675	1062.43048
328	4.25182E5	3.08109E5	3.59986E5	4.28677E5	4.72477E5	9.98308E5	7.86786E5	1.16467E5	1.05293E6	1.39117E7	2.27046E4	7199.50681	4194.16266	3461.20446	2598.87946	1924.78834	1679.0083	1282.65486	1177.01032	1066.17161	1171.57503	1292.51334
330	4.8688E5	3.26079E5	3.59184E5	4.35751E5	4.7104E5	6.24783E5	1.31017E6	1.25862E5	1.69121E5	1.66166E7	5.7243E4	8336.41285	4524.64904	3487.45921	2690.54049	2306.57783	1829.21393	1486.89384	1242.66701	1258.95924	1136.66715	1085.24058
332	4.42618E5	3.38856E5	3.59808E5	4.36109E5	4.74907E5	4.55415E5	1.74774E6	1.28472E5	1.12857E5	1.46048E7	6.15635E5	8752.05051	4963.58136	3705.65225	2801.77388	2021.12304	1827.98359	1611.7559	1136.97235	1268.19999	958.26399	1035.29126
334	4.58239E5	3.36667E5	3.83988E5	4.43268E5	4.65941E5	4.0811E5	1.965E6	1.48865E5	1.02817E5	9.32532E6	2.84065E6	1.08495E4	5408.7338	4141.46392	2632.12843	1973.80751	1990.67646	1324.32554	1130.40606	1078.36232	999.46726	940.37075
336	4.72751E5	3.55427E5	3.79951E5	4.40788E5	4.78802E5	3.93419E5	1.79859E6	1.93457E5	1.06258E5	3.96281E6	7.37621E6	1.28937E4	5063.40045	4511.0478	2919.13975	1789.50087	1707.17387	1363.18814	1212.28966	1133.93626	1006.17482	1149.59816
338	4.62752E5	3.61176E5	3.88348E5	4.51737E5	4.80748E5	4.03974E5	1.39399E6	3.26126E5	1.13009E5	1.06895E6	1.20189E7	1.90363E4	6003.15432	4126.84001	2667.5848	1687.6818	1538.18853	1303.32494	1482.038	1239.50681	1055.54158	1188.10347
340	5.09687E5	3.85721E5	3.96857E5	4.52814E5	4.86953E5	4.06395E5	9.05333E5	5.9547E5	1.1741E5	1.77379E5	1.42688E7	4.60968E4	6754.88032	4139.85369	2948.17206	2040.82316	1739.15377	1703.39751	1227.55596	1089.44774	1139.51723	866.07751
342	5.07857E5	3.75607E5	4.06041E5	4.44811E5	4.77575E5	4.11708E5	5.68698E5	9.58278E5	1.22584E5	1.03625E5	1.24727E7	4.90984E5	7215.96097	4426.55591	3330.47721	2016.03768	1791.72957	1357.13342	1180.05496	906.08525	909.14144	930.00275
344	5.4897E5	3.9244E5	4.10882E5	4.5598E5	4.82349E5	4.28379E5	3.94364E5	1.38533E6	1.34057E5	9.89985E4	7.82801E6	2.53694E6	8931.63074	4537.08388	3276.43291	2257.30427	1534.21212	1417.63119	1381.38585	1088.69879	955.74991	1101.04937
346	5.45769E5	4.30745E5	4.14865E5	4.4375E5	4.7678E5	4.28556E5	3.3767E5	1.60179E6	1.50816E5	1.04837E5	3.3445E6	6.37223E6	1.14719E4	5063.60246	3265.01843	2139.43228	1716.87147	1270.01045	1287.44372	1001.80536	839.3255	1001.13456
348	5.83949E5	4.39525E5	4.18221E5	4.45066E5	4.82726E5	4.34511E5	3.28778E5	1.54646E6	1.91493E5	1.10949E5	8.30415E5	1.03658E7	1.65945E4	5371.01432	3184.01962	2402.95921	1597.84051	1457.00642	1208.96712	1171.89893	646.44769	1100.46323
350	6.05828E5	4.5105E5	4.31659E5	4.48092E5	4.77199E5	4.45531E5	3.36277E5	1.24781E6	2.83509E5	1.23298E5	1.54731E5	1.20452E7	3.22909E4	5211.96407	3385.36103	2096.20948	1533.28277	1302.91572	1109.62193	962.50631	1093.03416	1014.88727
352	5.95751E5	4.54934E5	4.41471E5	4.57256E5	4.83198E5	4.51552E5	3.51515E5	8.7287E5	4.79077E5	1.36651E5	9.90929E4	1.05266E7	3.99515E5	6729.19026	2862.37227	2225.78948	1597.3525	1240.335	1031.54888	923.53531	831.28818	682.6444
354	6.30565E5	4.77567E5	4.56676E5	4.59281E5	4.8618E5	4.48735E5	3.60638E5	5.75219E5	7.63676E5	1.47754E5	9.87904E4	6.7868E6	1.94839E6	8099.5235	3628.04603	2345.70766	1833.56486	1319.10258	1156.04485	957.45495	777.52228	812.44653
356	6.51739E5	5.03352E5	4.59743E5	4.64328E5	4.85749E5	4.62525E5	3.74561E5	4.15536E5	1.07317E6	1.56518E5	1.06707E5	2.86303E6	5.26931E6	9959.61578	3687.93948	2469.75543	1601.30925	1399.31659	883.88157	1055.47559	1078.38466	843.32907
358	6.75856E5	5.21942E5	4.74174E5	4.70772E5	4.82276E5	4.74108E5	3.91653E5	3.61263E5	1.2918E6	1.73749E5	1.14318E5	7.49456E5	8.81609E6	1.5229E4	4107.04995	2368.78765	1826.42461	1327.84358	1084.72505	1188.76173	925.8823	886.42338
360	6.85157E5	5.44815E5	4.84892E5	4.73696E5	4.94116E5	4.80414E5	4.03847E5	3.54236E5	1.31638E6	2.03443E5	1.23617E5	1.39295E5	1.05977E7	3.12706E4	4697.57004	2613.01415	2051.57443	1248.10142	1152.41823	1019.86657	878.45207	930.45355
362	7.12205E5	5.7765E5	5.03702E5	4.82586E5	5.03919E5	4.83509E5	4.17631E5	3.58038E5	1.15041E6	2.60246E5	1.37556E5	9.45417E4	9.6815E6	3.47396E5	5290.24225	2569.76727	2040.42313	1600.50897	1179.24993	942.28212	845.02411	796.10009
364	7.22989E5	5.98249E5	5.13643E5	4.92868E5	4.98439E5	4.96467E5	4.38377E5	3.79951E5	8.79912E5	3.7937E5	1.4806E5	9.25093E4	6.44438E6	1.83559E6	6906.52553	3070.23571	1909.09681	1359.72723	1388.20236	936.21949	812.25311	923.52134
366	7.4561E5	6.25769E5	5.28896E5	5.08877E5	5.07666E5	5.0691E5	4.52851E5	3.89763E5	6.2374E5	5.9644E5	1.61119E5	9.83863E4	2.76699E6	5.09988E6	8563.56315	2971.64041	1789.46724	1601.42472	1229.96394	1025.63663	787.24667	901.27317
368	7.89622E5	6.54908E5	5.6165E5	5.15455E5	5.17281E5	5.14969E5	4.72882E5	4.15118E5	4.6802E5	8.48877E5	1.75973E5	1.06958E5	7.36053E5	8.30737E6	1.28229E4	3392.37737	1985.10709	1681.14323	1201.91975	1076.57787	993.42843	752.82098
370	7.96848E5	6.73491E5	5.79556E5	5.33818E5	5.25909E5	5.25734E5	4.85478E5	4.30429E5	4.06404E5	1.06206E6	1.92674E5	1.18029E5	1.26705E5	9.89664E6	2.92087E4	3930.20267	2195.06433	1901.42603	1151.16697	1030.96103	984.2028	789.81872
372	8.36076E5	7.08926E5	5.93631E5	5.48312E5	5.34895E5	5.27219E5	5.02863E5	4.51539E5	3.93188E5	1.13604E6	2.16809E5	1.30836E5	8.68729E4	8.62184E6	3.45216E5	4474.39474	2055.59968	1834.88344	1200.86915	1025.48085	1020.61897	1016.45035
374	8.53832E5	7.35349E5	6.27459E5	5.45916E5	5.46198E5	5.39598E5	5.18196E5	4.69482E5	4.0473E5	1.0583E6	2.65147E5	1.41059E5	8.33981E4	5.40635E6	1.68266E6	5565.52169	2455.64496	1911.57606	1330.14064	1046.02994	993.88327	930.24278
376	8.91522E5	7.47711E5	6.45788E5	5.65736E5	5.43875E5	5.5078E5	5.30901E5	4.8861E5	4.18288E5	8.6103E5	3.52868E5	1.52649E5	8.72342E4	2.28536E6	4.31725E6	7813.7698	2520.27663	1891.43631	1350.71971	1136.52716	938.25266	875.14026
378	9.17498E5	7.96694E5	6.60489E5	5.72396E5	5.63888E5	5.68551E5	5.49111E5	5.08161E5	4.38711E5	6.52117E5	5.10408E5	1.66205E5	9.52209E4	5.71598E5	7.13301E6	1.10712E4	3269.32666	1775.91803	1363.46729	1243.25994	824.6678	901.10136
380	9.23256E5	8.15608E5	6.84886E5	5.86724E5	5.84601E5	5.76661E5	5.61234E5	5.22945E5	4.57731E5	5.10132E5	6.96904E5	1.82648E5	1.07147E5	1.08165E5	8.42311E6	2.43112E4	3429.26726	2051.52191	1527.59082	1175.43733	919.71991	747.18882
382	9.90674E5	8.61434E5	7.02625E5	6.06325E5	5.8982E5	5.92406E5	5.79803E5	5.44835E5	4.7359E5	4.49486E5	8.85756E5	1.97367E5	1.18379E5	7.98728E4	7.59847E6	2.65434E5	4133.83732	2127.93687	1556.47135	1102.49894	1046.37801	935.16493
384	9.86049E5	9.18761E5	7.35159E5	6.31572E5	5.96429E5	6.07993E5	6.00975E5	5.64987E5	4.97346E5	4.32134E5	9.9167E5	2.15672E5	1.31548E5	8.08629E4	5.09797E6	1.36648E6	5195.43009	2206.0703	1628.55883	1274.09005	1029.84965	871.46785
386	1.04095E6	9.24484E5	7.63552E5	6.42688E5	6.08202E5	6.20249E5	6.12687E5	5.79856E5	5.15647E5	4.43492E5	9.75789E5	2.50475E5	1.43402E5	8.41671E4	2.23389E6	3.7315E6	7229.88253	2359.53818	1311.14652	1242.06286	844.76705	1175.58841
388	1.09575E6	9.5302E5	7.89648E5	6.62869E5	6.25747E5	6.36048E5	6.33218E5	6.04244E5	5.34851E5	4.56004E5	8.63836E5	3.11536E5	1.55988E5	9.25031E4	6.06558E5	6.32346E6	1.0772E4	2727.34538	1835.79649	1453.22592	982.74635	814.89669
390	1.12497E6	9.89795E5	8.19867E5	6.82509E5	6.3844E5	6.54128E5	6.43637E5	6.23031E5	5.52347E5	4.71436E5	7.02618E5	4.2134E5	1.68894E5	1.01615E5	1.1019E5	7.77329E6	2.42751E4	3335.24716	1640.44286	1308.00797	1046.61098	1124.13476
392	1.16656E6	1.01396E6	8.37026E5	6.98725E5	6.58061E5	6.62153E5	6.67298E5	6.41884E5	5.67002E5	4.84451E5	5.59581E5	5.78289E5	1.84943E5	1.13293E5	7.48475E4	7.04937E6	2.91985E5	3960.08571	1780.39075	1451.08055	1094.37718	1039.93806
394	1.17947E6	1.04936E6	8.7265E5	7.17657E5	6.62852E5	6.75593E5	6.78627E5	6.54812E5	5.85796E5	5.02108E5	4.8146E5	7.33596E5	1.9902E5	1.25376E5	7.39281E4	4.89164E6	1.37488E6	5003.77061	2360.02971	1482.73284	1292.98962	1113.92271
396	1.21263E6	1.10351E6	8.94878E5	7.37378E5	6.77197E5	6.87359E5	6.95038E5	6.70356E5	6.01883E5	5.19787E5	4.53862E5	8.64948E5	2.16621E5	1.37148E5	7.5875E4	2.1896E6	3.69456E6	6776.40237	2323.2433	1646.82057	1353.08337	960.91608
398	1.23467E6	1.10883E6	9.23532E5	7.53379E5	6.98694E5	7.00054E5	7.06233E5	6.84379E5	6.22714E5	5.38862E5	4.51554E5	8.99668E5	2.41779E5	1.51786E5	8.20082E4	6.03785E5	6.16944E6	9740.76467	2676.32051	1619.9053	1498.84827	1117.14485
400	1.27438E6	1.1437E6	9.57234E5	7.73706E5	7.12737E5	7.14117E5	7.21201E5	7.06175E5	6.38973E5	5.49824E5	4.67965E5	8.3762E5	2.8126E5	1.62353E5	9.22867E4	1.05853E5	7.20233E6	1.96707E4	2921.68257	1657.21598	1441.02691	1162.77214
402	1.30912E6	1.15557E6	9.68374E5	7.96512E5	7.33188E5	7.34188E5	7.35517E5	7.19072E5	6.5303E5	5.65113E5	4.83153E5	7.13939E5	3.56682E5	1.7711E5	1.01823E5	6.76408E4	6.30757E6	2.15429E5	3854.26449	1772.73418	1376.99443	1085.20057
404	1.31637E6	1.2093E6	9.97824E5	8.17941E5	7.48478E5	7.49143E5	7.49941E5	7.26182E5	6.7317E5	5.8859E5	4.969E5	5.89821E5	4.70329E5	1.92135E5	1.12347E5	6.66726E4	4.03745E6	1.17681E6	4360.7565	2047.08159	1506.44703	1463.52706
406	1.33291E6	1.2446E6	1.02573E6	8.44029E5	7.61429E5	7.52825E5	7.60751E5	7.40622E5	6.81998E5	6.01225E5	5.14899E5	5.06239E5	6.06229E5	2.08883E5	1.22582E5	6.86337E4	1.70184E6	3.22611E6	6056.89133	2261.01205	1208.8155	1357.10708
408	1.39325E6	1.24499E6	1.04978E6	8.61045E5	7.75799E5	7.60455E5	7.71656E5	7.52573E5	6.96844E5	6.1818E5	5.31719E5	4.64263E5	7.30181E5	2.2162E5	1.32642E5	7.32425E4	4.25382E5	5.59651E6	9308.2669	2639.92186	1330.16852	1433.25809
410	1.40657E6	1.28172E6	1.06459E6	8.84626E5	7.95485E5	7.71708E5	7.74386E5	7.65666E5	7.08431E5	6.32013E5	5.46137E5	4.5763E5	8.07186E5	2.41468E5	1.42055E5	8.07825E4	7.92796E4	6.79926E6	1.74863E4	3067.72639	1483.72591	1282.86113
412	1.42958E6	1.32038E6	1.10226E6	8.94823E5	7.99132E5	7.87595E5	7.86008E5	7.70816E5	7.17472E5	6.40577E5	5.56694E5	4.66018E5	8.01431E5	2.71799E5	1.55347E5	8.68298E4	5.96031E4	6.09807E6	1.79795E5	3471.55409	1618.82434	1235.49037
414	1.46652E6	1.32675E6	1.12761E6	9.12574E5	8.0986E5	7.93866E5	7.9144E5	7.79978E5	7.23772E5	6.51166E5	5.76222E5	4.75463E5	7.24945E5	3.20755E5	1.66498E5	9.49394E4	5.94255E4	4.02662E6	1.05086E6	4089.21699	1767.17687	1512.38384
416	1.46451E6	1.35682E6	1.14398E6	9.32445E5	8.21075E5	7.90848E5	7.93595E5	7.86351E5	7.35538E5	6.6338E5	5.88719E5	4.88095E5	6.23841E5	4.01184E5	1.77851E5	1.03594E5	6.02111E4	1.72375E6	2.88511E6	6083.54221	2103.49032	1552.31182
418	1.48071E6	1.35796E6	1.1673E6	9.52504E5	8.32129E5	8.00579E5	8.02718E5	7.92851E5	7.46957E5	6.77832E5	5.99857E5	4.97806E5	5.30841E5	5.05441E5	1.90062E5	1.11754E5	6.40354E4	4.43027E5	5.08077E6	8811.77971	2085.54997	1385.00637
420	1.47452E6	1.38874E6	1.18635E6	9.5217E5	8.41988E5	8.18792E5	7.96873E5	7.94847E5	7.53691E5	6.86376E5	6.07483E5	5.13867E5	4.73982E5	6.22563E5	2.00872E5	1.22822E5	6.97917E4	7.80727E4	6.3342E6	1.71805E4	2672.54683	1706.313
422	1.49101E6	1.3853E6	1.20085E6	9.7722E5	8.55074E5	8.15837E5	8.05221E5	7.97721E5	7.54233E5	6.95133E5	6.15174E5	5.26971E5	4.52791E5	7.12859E5	2.1773E5	1.3213E5	7.58091E4	5.41875E4	5.71979E6	1.96389E5	3587.78501	1505.43955
424	1.49827E6	1.42096E6	1.21398E6	9.959E5	8.59364E5	8.14134E5	8.06861E5	7.96188E5	7.59214E5	6.99528E5	6.30442E5	5.34388E5	4.50275E5	7.41783E5	2.35823E5	1.40674E5	8.41452E4	5.15604E4	3.79218E6	1.01221E6	3875.89735	1737.45974
426	1.52861E6	1.39883E6	1.22832E6	1.00765E6	8.74791E5	8.23719E5	8.15578E5	7.96518E5	7.60955E5	7.07449E5	6.36653E5	5.50471E5	4.60949E5	7.02976E5	2.7338E5	1.50726E5	9.20684E4	5.40343E4	1.58689E6	2.90551E6	5396.5338	1955.42427
428	1.55982E6	1.43357E6	1.23972E6	1.02934E6	8.80727E5	8.21348E5	8.13583E5	7.97329E5	7.64415E5	7.0834E5	6.4522E5	5.60121E5	4.68733E5	6.20994E5	3.25007E5	1.60367E5	9.94332E4	5.74439E4	4.02991E5	4.96704E6	8468.50694	2271.54063
430	1.56741E6	1.44671E6	1.26395E6	1.03391E6	8.91294E5	8.25931E5	8.10123E5	8.00776E5	7.69202E5	7.18007E5	6.52906E5	5.71486E5	4.76175E5	5.31223E5	3.99461E5	1.70461E5	1.08092E5	6.20612E4	7.00096E4	6.025E6	1.71374E4	2670.37379
432	1.58746E6	1.44703E6	1.2724E6	1.04569E6	8.94679E5	8.28737E5	8.07893E5	7.99257E5	7.67207E5	7.18124E5	6.59086E5	5.77267E5	4.88789E5	4.67655E5	4.9152E5	1.7917E5	1.14225E5	6.7991E4	4.88408E4	5.24857E6	1.87328E5	2970.93438
434	1.52738E6	1.47204E6	1.27158E6	1.06843E6	9.0285E5	8.31256E5	8.08316E5	7.91397E5	7.70566E5	7.23562E5	6.71113E5	5.84586E5	5.00277E5	4.39494E5	5.74498E5	1.90302E5	1.223E5	7.47769E4	4.79681E4	3.24086E6	9.82963E5	3789.56567
436	1.53332E6	1.48568E6	1.2762E6	1.07241E6	9.05421E5	8.32759E5	8.01216E5	7.99896E5	7.65736E5	7.25408E5	6.68546E5	5.93089E5	5.10102E5	4.34936E5	6.22407E5	2.06257E5	1.31744E5	7.96601E4	4.89633E4	1.31205E6	2.61752E6	5260.87021
438	1.56803E6	1.4723E6	1.30566E6	1.07829E6	9.14734E5	8.36333E5	7.99514E5	7.91389E5	7.64604E5	7.219E5	6.77597E5	5.98205E5	5.18711E5	4.34833E5	6.19568E5	2.25573E5	1.3958E5	8.67289E4	5.18811E4	3.29996E5	4.55126E6	7585.54995
440	1.53666E6	1.4522E6	1.29976E6	1.09639E6	9.138E5	8.27686E5	7.95875E5	7.84469E5	7.66969E5	7.25802E5	6.7801E5	6.03475E5	5.22113E5	4.42177E5	5.71938E5	2.58278E5	1.48755E5	9.39468E4	5.70378E4	6.1499E4	5.67934E6	1.3716E4
442	1.55936E6	1.46591E6	1.30732E6	1.08357E6	9.19631E5	8.30039E5	7.88526E5	7.77732E5	7.61783E5	7.24851E5	6.78755E5	6.07009E5	5.29617E5	4.468E5	5.08391E5	3.05576E5	1.54592E5	1.00119E5	6.14483E4	4.49754E4	5.15536E6	1.24199E5
444	1.54707E6	1.48339E6	1.31095E6	1.09646E6	9.16537E5	8.28753E5	7.91401E5	7.77639E5	7.53817E5	7.24117E5	6.78822E5	6.0989E5	5.34172E5	4.52255E5	4.4267E5	3.6963E5	1.64149E5	1.06565E5	6.4649E4	4.53358E4	3.32687E6	7.47849E5
446	1.51382E6	1.47607E6	1.3198E6	1.10472E6	9.24755E5	8.24143E5	7.87669E5	7.7247E5	7.53816E5	7.19953E5	6.78697E5	6.11186E5	5.37965E5	4.59292E5	4.00258E5	4.40231E5	1.72658E5	1.13054E5	7.17289E4	4.61595E4	1.39628E6	2.34715E6
448	1.54519E6	1.45477E6	1.32423E6	1.11028E6	9.1935E5	8.2447E5	7.82275E5	7.69014E5	7.52444E5	7.16828E5	6.84038E5	6.18365E5	5.46074E5	4.66903E5	3.80263E5	4.99556E5	1.8098E5	1.20666E5	7.72508E4	4.77617E4	3.45602E5	4.45085E6
450	1.53878E6	1.48095E6	1.33249E6	1.11955E6	9.23177E5	8.17791E5	7.7553E5	7.63777E5	7.41558E5	7.11976E5	6.81978E5	6.18856E5	5.46804E5	4.78589E5	3.75274E5	5.29748E5	1.95981E5	1.28011E5	8.32398E4	5.19898E4	6.22042E4	5.76817E6
452	1.51496E6	1.4641E6	1.31633E6	1.11938E6	9.26148E5	8.21559E5	7.77311E5	7.55688E5	7.34309E5	7.14439E5	6.78882E5	6.2116E5	5.54069E5	4.84002E5	3.76441E5	5.18634E5	2.16583E5	1.35365E5	8.97247E4	5.39452E4	4.19984E4	4.97361E6
454	1.49098E6	1.47791E6	1.31572E6	1.11488E6	9.24762E5	8.19302E5	7.66109E5	7.48415E5	7.32648E5	7.08728E5	6.74203E5	6.14834E5	5.50595E5	4.86326E5	3.84654E5	4.74211E5	2.51761E5	1.40721E5	9.44345E4	5.86844E4	4.1549E4	3.11735E6
456	1.49015E6	1.44628E6	1.3362E6	1.12018E6	9.21568E5	8.10891E5	7.61052E5	7.31635E5	7.22358E5	7.03725E5	6.71043E5	6.1259E5	5.49816E5	4.88501E5	3.87534E5	4.19084E5	2.96819E5	1.45691E5	9.94613E4	6.37738E4	4.15959E4	1.26304E6
458	1.51658E6	1.44398E6	1.3286E6	1.10407E6	9.26409E5	8.12579E5	7.52253E5	7.2878E5	7.13669E5	6.95759E5	6.62201E5	6.17749E5	5.55102E5	4.91568E5	3.88407E5	3.65823E5	3.56163E5	1.55093E5	1.04453E5	6.92541E4	4.34862E4	3.0818E5
460	1.47464E6	1.44555E6	1.3022E6	1.11216E6	9.20896E5	8.00975E5	7.45494E5	7.24339E5	7.11212E5	6.87605E5	6.57825E5	6.08276E5	5.56857E5	4.9425E5	3.91625E5	3.35372E5	4.06162E5	1.60766E5	1.08891E5	7.41356E4	4.5627E4	5.56526E4
462	1.46709E6	1.41416E6	1.30252E6	1.11318E6	9.21591E5	8.01169E5	7.35483E5	7.13243E5	6.98296E5	6.80392E5	6.54391E5	6.06611E5	5.51823E5	4.92976E5	3.97306E5	3.18894E5	4.45594E5	1.687E5	1.18422E5	7.97773E4	4.87466E4	3.9286E4
464	1.42882E6	1.40921E6	1.29337E6	1.10162E6	9.20138E5	7.89685E5	7.26013E5	7.07557E5	6.91559E5	6.71254E5	6.50998E5	6.05667E5	5.52992E5	4.98779E5	3.99078E5	3.15597E5	4.522E5	1.82464E5	1.20928E5	8.31454E4	5.18002E4	3.69765E4
466	1.45582E6	1.40185E6	1.28713E6	1.10021E6	9.13929E5	7.86435E5	7.19364E5	6.98323E5	6.76428E5	6.59365E5	6.4474E5	6.01021E5	5.5396E5	5.00311E5	4.03495E5	3.15221E5	4.29699E5	2.01418E5	1.26205E5	8.72829E4	5.56284E4	3.83654E4
468	1.55747E6	1.40314E6	1.26925E6	1.10127E6	9.08998E5	7.87297E5	7.17078E5	6.90252E5	6.7072E5	6.56533E5	6.34099E5	5.97452E5	5.48847E5	4.94621E5	4.04934E5	3.20179E5	3.8555E5	2.32834E5	1.30877E5	9.12321E4	5.96571E4	3.93506E4
470	1.8989E6	1.37097E6	1.2711E6	1.10394E6	9.06603E5	7.80106E5	7.02033E5	6.78149E5	6.65301E5	6.50644E5	6.28187E5	5.86514E5	5.45982E5	4.98101E5	4.0654E5	3.19586E5	3.4067E5	2.71041E5	1.34592E5	9.56732E4	6.24035E4	4.13342E4
472	2.84475E6	1.3575E6	1.26567E6	1.1011E6	9.05479E5	7.72653E5	6.95254E5	6.70747E5	6.48488E5	6.40441E5	6.22541E5	5.82078E5	5.42439E5	4.96231E5	4.07217E5	3.26031E5	3.0427E5	3.18045E5	1.40964E5	1.00348E5	6.71095E4	4.27537E4
474	4.39189E6	1.36539E6	1.26057E6	1.08151E6	9.01159E5	7.61945E5	6.90056E5	6.61791E5	6.44278E5	6.29832E5	6.12836E5	5.76628E5	5.38694E5	4.94211E5	4.09297E5	3.26743E5	2.8127E5	3.59331E5	1.44324E5	1.03797E5	7.25296E4	4.57823E4
476	6.60303E6	1.35801E6	1.25101E6	1.07732E6	8.86737E5	7.59861E5	6.83053E5	6.50589E5	6.37512E5	6.22791E5	6.03078E5	5.68426E5	5.32259E5	4.95256E5	4.10419E5	3.28129E5	2.70477E5	3.82712E5	1.5291E5	1.09104E5	7.38711E4	4.74858E4
478	9.43703E6	1.33471E6	1.22513E6	1.05275E6	8.74004E5	7.48459E5	6.72646E5	6.37334E5	6.29228E5	6.09831E5	5.92528E5	5.60681E5	5.26068E5	4.88946E5	4.07132E5	3.27515E5	2.66956E5	3.84374E5	1.64127E5	1.11822E5	7.78268E4	5.08553E4
480	1.19836E7	1.29242E6	1.20846E6	1.06092E6	8.74606E5	7.38721E5	6.6159E5	6.27579E5	6.12205E5	6.00457E5	5.84423E5	5.53492E5	5.22491E5	4.85293E5	4.04803E5	3.28144E5	2.6785E5	3.61772E5	1.82115E5	1.1588E5	8.17543E4	5.4244E4
482	1.32584E7	1.28649E6	1.19046E6	1.04755E6	8.54702E5	7.34601E5	6.52232E5	6.19266E5	5.98157E5	5.8911E5	5.72106E5	5.43059E5	5.16147E5	4.80947E5	4.02028E5	3.31279E5	2.67561E5	3.20937E5	2.08391E5	1.17548E5	8.41923E4	5.74164E4
484	1.27005E7	1.28437E6	1.17642E6	1.03298E6	8.52321E5	7.25042E5	6.43672E5	6.1047E5	5.92043E5	5.80947E5	5.65556E5	5.3546E5	5.09412E5	4.76707E5	3.99842E5	3.26295E5	2.67167E5	2.80471E5	2.45731E5	1.19929E5	8.76329E4	6.12175E4
486	1.08553E7	1.25018E6	1.15541E6	1.02005E6	8.52692E5	7.17865E5	6.34262E5	5.9607E5	5.80967E5	5.70312E5	5.53064E5	5.28608E5	4.99563E5	4.70087E5	4.00222E5	3.27825E5	2.66411E5	2.52098E5	2.81315E5	1.25783E5	9.10138E4	6.40728E4
488	8.09957E6	1.44051E6	1.14737E6	1.00865E6	8.34781E5	7.04113E5	6.27046E5	5.91458E5	5.68426E5	5.61595E5	5.4306E5	5.16945E5	4.93959E5	4.64547E5	3.95696E5	3.25831E5	2.68181E5	2.29807E5	3.14319E5	1.30382E5	9.31783E4	6.75292E4
490	5.22016E6	2.0348E6	1.12331E6	9.91941E5	8.2215E5	7.01584E5	6.15907E5	5.75301E5	5.56437E5	5.50809E5	5.35301E5	5.13366E5	4.88019E5	4.56076E5	3.91055E5	3.27265E5	2.70791E5	2.24707E5	3.2756E5	1.36384E5	9.60184E4	6.94313E4
492	2.95816E6	3.30879E6	1.11944E6	9.83037E5	8.21289E5	6.91646E5	6.11607E5	5.69108E5	5.48725E5	5.36475E5	5.26035E5	4.99301E5	4.81385E5	4.5363E5	3.90529E5	3.22645E5	2.6789E5	2.20117E5	3.23538E5	1.49635E5	9.83665E4	6.96868E4
494	1.725E6	5.32569E6	1.08706E6	9.71535E5	8.04703E5	6.73108E5	6.01502E5	5.59132E5	5.38598E5	5.27212E5	5.13172E5	4.94608E5	4.67936E5	4.46494E5	3.85371E5	3.185E5	2.6509E5	2.20266E5	2.98456E5	1.64821E5	1.00712E5	7.35162E4
496	1.33488E6	8.12693E6	1.07507E6	9.49177E5	7.98158E5	6.67161E5	5.8599E5	5.44057E5	5.26829E5	5.18292E5	5.05973E5	4.86251E5	4.63313E5	4.40664E5	3.80858E5	3.16469E5	2.68732E5	2.18807E5	2.66991E5	1.88924E5	1.02211E5	7.5015E4
498	1.23179E6	1.11103E7	1.06595E6	9.47109E5	7.86082E5	6.67823E5	5.82954E5	5.37948E5	5.17552E5	5.06087E5	4.95248E5	4.75012E5	4.54688E5	4.37136E5	3.8058E5	3.15212E5	2.6513E5	2.18917E5	2.34588E5	2.18865E5	1.03939E5	7.73957E4
500	1.22447E6	1.35475E7	1.04093E6	9.28609E5	7.80727E5	6.54165E5	5.71622E5	5.339E5	5.1337E5	4.95844E5	4.91539E5	4.68793E5	4.50919E5	4.30536E5	3.72388E5	3.13778E5	2.64162E5	2.16368E5	2.10076E5	2.43724E5	1.05878E5	7.98187E4
502	1.19686E6	1.47124E7	1.04386E6	9.167E5	7.69207E5	6.4584E5	5.61904E5	5.14299E5	5.00675E5	4.90853E5	4.7378E5	4.60445E5	4.42056E5	4.2278E5	3.69187E5	3.08679E5	2.60949E5	2.15396E5	1.90914E5	2.67574E5	1.07583E5	8.05086E4
504	1.15356E6	1.39736E7	1.02372E6	9.00985E5	7.55906E5	6.39585E5	5.60364E5	5.09472E5	4.94007E5	4.78727E5	4.63483E5	4.50245E5	4.36867E5	4.15056E5	3.64482E5	3.08452E5	2.61274E5	2.1462E5	1.83894E5	2.76146E5	1.17835E5	8.21714E4
506	1.14176E6	1.16586E7	1.01188E6	8.98981E5	7.42873E5	6.19614E5	5.42967E5	5.03823E5	4.76453E5	4.65471E5	4.58501E5	4.39706E5	4.28171E5	4.12945E5	3.56228E5	3.02657E5	2.58331E5	2.16193E5	1.83493E5	2.68523E5	1.25989E5	8.32784E4
508	1.12438E6	8.59756E6	1.22348E6	8.67678E5	7.32252E5	6.12903E5	5.36297E5	4.94589E5	4.7351E5	4.54003E5	4.50885E5	4.34345E5	4.16754E5	3.99988E5	3.53432E5	2.98855E5	2.56791E5	2.1451E5	1.80865E5	2.49834E5	1.43122E5	8.64294E4
510	1.16235E6	5.33487E6	1.90584E6	8.60294E5	7.17764E5	5.99759E5	5.26108E5	4.77487E5	4.58711E5	4.49457E5	4.3562E5	4.21471E5	4.11443E5	3.93697E5	3.44477E5	2.97302E5	2.53856E5	2.12448E5	1.79942E5	2.20035E5	1.60212E5	8.66097E4
512	1.24821E6	2.79252E6	3.53794E6	8.47528E5	7.13756E5	5.92695E5	5.12391E5	4.69473E5	4.51948E5	4.35473E5	4.26409E5	4.08296E5	4.01703E5	3.84553E5	3.39149E5	2.90958E5	2.50809E5	2.10352E5	1.78873E5	1.91438E5	1.85863E5	8.88373E4
514	1.45255E6	1.54062E6	5.88417E6	8.26408E5	6.95089E5	5.78454E5	5.04657E5	4.59229E5	4.37985E5	4.25251E5	4.16152E5	4.03171E5	3.92178E5	3.81071E5	3.34552E5	2.87486E5	2.44084E5	2.06032E5	1.769E5	1.67769E5	2.04831E5	8.98702E4
516	1.77081E6	1.12978E6	8.93522E6	8.13559E5	6.9394E5	5.73291E5	4.98019E5	4.51154E5	4.30511E5	4.18324E5	4.08152E5	3.95567E5	3.82506E5	3.7169E5	3.27134E5	2.81603E5	2.40789E5	2.0474E5	1.73801E5	1.54476E5	2.21045E5	9.18805E4
518	2.04927E6	1.03704E6	1.22579E7	8.09353E5	6.68531E5	5.58349E5	4.83583E5	4.47932E5	4.23346E5	4.1485E5	4.00564E5	3.88172E5	3.74546E5	3.6198E5	3.24103E5	2.80433E5	2.42267E5	2.03083E5	1.74235E5	1.49023E5	2.28419E5	9.74583E4
520	2.408E6	9.86843E5	1.47972E7	7.94731E5	6.63537E5	5.55021E5	4.76419E5	4.34487E5	4.13866E5	3.99671E5	3.87841E5	3.7662E5	3.66012E5	3.5728E5	3.16626E5	2.72154E5	2.34887E5	2.00071E5	1.71609E5	1.45054E5	2.21015E5	1.04525E5
522	2.73039E6	9.64246E5	1.57457E7	7.87894E5	6.49145E5	5.40123E5	4.66521E5	4.26954E5	4.03546E5	3.88977E5	3.83202E5	3.71424E5	3.59949E5	3.51457E5	3.10318E5	2.68925E5	2.32886E5	2.01067E5	1.70189E5	1.46286E5	1.99752E5	1.16724E5
524	2.93887E6	9.59032E5	1.43586E7	7.65356E5	6.36719E5	5.32235E5	4.60936E5	4.13236E5	3.94449E5	3.77965E5	3.69889E5	3.60624E5	3.51245E5	3.39041E5	3.01825E5	2.60618E5	2.30136E5	1.97395E5	1.66426E5	1.44417E5	1.77787E5	1.34993E5
526	2.88168E6	9.1505E5	1.1791E7	7.82146E5	6.27552E5	5.14962E5	4.55847E5	4.09733E5	3.85015E5	3.73984E5	3.64222E5	3.54764E5	3.42611E5	3.33116E5	2.9735E5	2.57862E5	2.27433E5	1.94375E5	1.66648E5	1.41092E5	1.52532E5	1.49814E5
528	2.7983E6	9.00022E5	8.36318E6	9.94148E5	6.1911E5	5.17878E5	4.43314E5	3.99361E5	3.79852E5	3.65985E5	3.54008E5	3.43184E5	3.32324E5	3.25274E5	2.915E5	2.5436E5	2.22684E5	1.93108E5	1.64177E5	1.40344E5	1.35741E5	1.67443E5
530	2.52899E6	8.72311E5	4.99819E6	1.84436E6	6.02135E5	5.04288E5	4.35333E5	3.88193E5	3.6467E5	3.55912E5	3.52732E5	3.35267E5	3.25622E5	3.17859E5	2.82857E5	2.48293E5	2.18243E5	1.88584E5	1.61723E5	1.39104E5	1.2297E5	1.81201E5
532	2.0559E6	8.9961E5	2.49992E6	3.6909E6	5.83885E5	4.92726E5	4.23159E5	3.82726E5	3.60291E5	3.45391E5	3.37932E5	3.25753E5	3.20066E5	3.10004E5	2.79692E5	2.44303E5	2.1441E5	1.8677E5	1.60695E5	1.3854E5	1.16797E5	1.86668E5
534	1.63051E6	9.60256E5	1.23763E6	6.60145E6	5.79117E5	4.80142E5	4.17047E5	3.75021E5	3.54478E5	3.35623E5	3.24635E5	3.19026E5	3.11457E5	3.06328E5	2.73451E5	2.35774E5	2.0931E5	1.83464E5	1.5776E5	1.33965E5	1.1543E5	1.80319E5
536	1.21134E6	1.1471E6	8.80034E5	9.92536E6	5.63791E5	4.71216E5	4.01076E5	3.66672E5	3.4165E5	3.2844E5	3.20383E5	3.1271E5	3.01955E5	2.97055E5	2.64154E5	2.31226E5	2.05946E5	1.76275E5	1.5642E5	1.34211E5	1.12835E5	1.66552E5
538	9.74934E5	1.35727E6	8.20771E5	1.32427E7	5.51864E5	4.6228E5	3.9638E5	3.59765E5	3.33602E5	3.2079E5	3.12306E5	3.03219E5	2.96298E5	2.84112E5	2.61953E5	2.26318E5	2.02742E5	1.74356E5	1.5042E5	1.32285E5	1.12115E5	1.44053E5
540	7.95144E5	1.75916E6	7.83757E5	1.56527E7	5.46649E5	4.42633E5	3.86765E5	3.47641E5	3.26014E5	3.12346E5	2.99188E5	2.92776E5	2.87103E5	2.82264E5	2.53414E5	2.21533E5	1.95351E5	1.71252E5	1.47809E5	1.29389E5	1.08489E5	1.22743E5
542	7.50361E5	2.11384E6	7.54457E5	1.60935E7	5.29267E5	4.39669E5	3.7663E5	3.38868E5	3.15597E5	3.02104E5	2.93626E5	2.83053E5	2.78709E5	2.7498E5	2.46467E5	2.15624E5	1.92347E5	1.66574E5	1.45755E5	1.25908E5	1.06968E5	1.07091E5
544	7.11287E5	2.49708E6	7.17502E5	1.44652E7	5.32523E5	4.36206E5	3.66481E5	3.32045E5	3.09747E5	2.96491E5	2.8457E5	2.78692E5	2.70027E5	2.64467E5	2.37424E5	2.11941E5	1.87317E5	1.64081E5	1.43592E5	1.22669E5	1.07178E5	9.51494E4
546	6.8901E5	2.85767E6	7.1346E5	1.14458E7	5.5335E5	4.25393E5	3.5481E5	3.2343E5	3.01974E5	2.90245E5	2.78302E5	2.70669E5	2.61524E5	2.57677E5	2.33772E5	2.04351E5	1.83932E5	1.63123E5	1.41536E5	1.21785E5	1.02207E5	9.04597E4
548	6.89166E5	2.95397E6	6.77425E5	7.98395E6	8.48829E5	4.15286E5	3.55937E5	3.15221E5	2.99231E5	2.80933E5	2.72547E5	2.63043E5	2.58552E5	2.53951E5	2.24211E5	2.00303E5	1.78092E5	1.58655E5	1.3905E5	1.19004E5	1.0113E5	8.8426E4
550	6.23945E5	2.94397E6	6.54737E5	4.61371E6	1.81237E6	4.06493E5	3.44746E5	3.0543E5	2.87479E5	2.75108E5	2.63842E5	2.54872E5	2.50301E5	2.45131E5	2.20571E5	1.93341E5	1.75656E5	1.55264E5	1.37228E5	1.18547E5	9.98596E4	8.58253E4
552	6.31825E5	2.68836E6	6.41086E5	2.2042E6	3.82915E6	3.9574E5	3.38507E5	2.98801E5	2.77537E5	2.69274E5	2.59752E5	2.47465E5	2.47656E5	2.39712E5	2.16536E5	1.91029E5	1.70704E5	1.51319E5	1.31851E5	1.15789E5	9.54125E4	8.34531E4
554	6.05626E5	2.30496E6	6.65416E5	1.03301E6	6.80398E6	3.85992E5	3.22162E5	2.93489E5	2.72087E5	2.58757E5	2.47248E5	2.42142E5	2.37257E5	2.34424E5	2.13978E5	1.84242E5	1.67269E5	1.48561E5	1.30625E5	1.11569E5	9.60561E4	8.13879E4
556	5.77139E5	1.85259E6	6.99562E5	6.71001E5	1.01431E7	3.85994E5	3.20548E5	2.84816E5	2.65473E5	2.52264E5	2.43874E5	2.3624E5	2.33181E5	2.2653E5	2.05091E5	1.79166E5	1.6217E5	1.44301E5	1.25619E5	1.11045E5	9.44177E4	8.21267E4
558	5.48199E5	1.40826E6	7.99478E5	6.07341E5	1.35751E7	3.72536E5	3.09799E5	2.79655E5	2.57975E5	2.4669E5	2.36977E5	2.28161E5	2.26107E5	2.22144E5	1.98837E5	1.7602E5	1.60453E5	1.40584E5	1.23718E5	1.08241E5	9.23292E4	7.93426E4
560	5.52687E5	1.06247E6	9.83479E5	5.85069E5	1.59234E7	3.64765E5	3.01537E5	2.67168E5	2.51874E5	2.39948E5	2.32616E5	2.19186E5	2.17795E5	2.17136E5	1.92627E5	1.72294E5	1.54271E5	1.35372E5	1.21074E5	1.03484E5	8.94971E4	7.8212E4
562	5.43863E5	7.70372E5	1.25396E6	5.57436E5	1.6294E7	3.61873E5	2.96265E5	2.66533E5	2.4268E5	2.35356E5	2.2477E5	2.16656E5	2.11653E5	2.05885E5	1.8593E5	1.66467E5	1.50903E5	1.3108E5	1.1962E5	1.04469E5	8.94455E4	7.58868E4
564	5.71224E5	6.49929E5	1.61359E6	5.42261E5	1.44868E7	3.57407E5	2.92203E5	2.57602E5	2.37191E5	2.28655E5	2.18979E5	2.05803E5	1.99631E5	1.9884E5	1.79791E5	1.62595E5	1.48153E5	1.28303E5	1.14199E5	1.01189E5	8.77411E4	7.3697E4
566	5.71688E5	5.79554E5	1.99455E6	5.44754E5	1.14725E7	3.90235E5	2.84142E5	2.58362E5	2.30159E5	2.20395E5	2.12153E5	2.03577E5	1.96952E5	1.95052E5	1.77857E5	1.58548E5	1.43404E5	1.28035E5	1.12127E5	9.80398E4	8.60725E4	7.26779E4
568	5.43061E5	5.25483E5	2.3767E6	5.16354E5	7.75663E6	7.01944E5	2.7494E5	2.39655E5	2.25447E5	2.1449E5	2.02878E5	1.98743E5	1.92041E5	1.90302E5	1.73692E5	1.52352E5	1.37835E5	1.2258E5	1.08338E5	9.70602E4	8.17246E4	7.098E4
570	5.21336E5	5.3241E5	2.6155E6	5.05693E5	4.39725E6	1.78141E6	2.71179E5	2.4631E5	2.20476E5	2.09162E5	1.97846E5	1.93691E5	1.86109E5	1.86013E5	1.66515E5	1.47577E5	1.3503E5	1.19317E5	1.04803E5	9.31949E4	7.9478E4	6.9136E4
572	5.28855E5	4.80659E5	2.71753E6	4.98384E5	2.00603E6	3.84545E6	2.6652E5	2.30183E5	2.12377E5	2.01991E5	1.96087E5	1.86113E5	1.81711E5	1.78234E5	1.62762E5	1.41465E5	1.31245E5	1.15241E5	1.05739E5	9.16152E4	8.04499E4	6.91872E4
574	5.06598E5	4.58695E5	2.59272E6	4.90998E5	8.31196E5	6.87148E6	2.60809E5	2.26607E5	2.07727E5	1.93656E5	1.84622E5	1.8134E5	1.75158E5	1.69989E5	1.56123E5	1.43251E5	1.24922E5	1.13516E5	9.94302E4	8.89631E4	7.78488E4	6.50752E4
576	4.8779E5	4.57155E5	2.36668E6	4.82462E5	5.11935E5	1.02417E7	2.54007E5	2.21915E5	2.0509E5	1.89346E5	1.81853E5	1.77641E5	1.70416E5	1.70982E5	1.50959E5	1.3577E5	1.23406E5	1.11589E5	9.83008E4	8.79906E4	7.39757E4	6.4686E4
578	5.00243E5	4.67948E5	1.95541E6	4.97835E5	4.66766E5	1.3497E7	2.51908E5	2.12432E5	1.93075E5	1.82442E5	1.75057E5	1.69863E5	1.64824E5	1.62643E5	1.48556E5	1.31575E5	1.1881E5	1.06404E5	9.63748E4	8.45281E4	7.42842E4	6.42835E4
580	4.38719E5	4.54405E5	1.5576E6	5.59892E5	4.55079E5	1.56369E7	2.46826E5	2.09075E5	1.89497E5	1.79004E5	1.70864E5	1.62885E5	1.58647E5	1.58839E5	1.40921E5	1.29381E5	1.16142E5	1.0456E5	9.30987E4	8.26521E4	7.06515E4	6.03045E4
582	4.61323E5	4.46671E5	1.15042E6	6.77421E5	4.41842E5	1.59789E7	2.4754E5	2.05552E5	1.85624E5	1.71193E5	1.64653E5	1.60785E5	1.57574E5	1.50752E5	1.37975E5	1.21954E5	1.13531E5	1.0004E5	9.03021E4	8.20103E4	6.93439E4	6.15174E4
584	4.59492E5	4.40751E5	8.38467E5	8.63569E5	4.37171E5	1.40385E7	2.48749E5	2.01534E5	1.80619E5	1.68645E5	1.60621E5	1.55123E5	1.49918E5	1.47589E5	1.32626E5	1.21069E5	1.08798E5	1.00121E5	8.84314E4	7.76488E4	6.94743E4	5.83994E4
586	4.60176E5	4.18009E5	6.2765E5	1.12768E6	4.37795E5	1.07848E7	2.71932E5	1.9618E5	1.70847E5	1.65134E5	1.55861E5	1.47842E5	1.46928E5	1.42682E5	1.29105E5	1.16277E5	1.06938E5	9.42697E4	8.54098E4	7.64048E4	6.569E4	5.62861E4
588	4.64419E5	3.96852E5	5.03991E5	1.48711E6	4.41885E5	7.04014E6	5.96712E5	1.87824E5	1.67753E5	1.60645E5	1.48767E5	1.45024E5	1.41014E5	1.36715E5	1.25756E5	1.13553E5	1.03809E5	9.28519E4	8.19487E4	7.1568E4	6.43141E4	5.57645E4
590	4.48712E5	4.13951E5	4.4208E5	1.83311E6	4.35481E5	3.74216E6	1.75841E6	1.84302E5	1.61806E5	1.5381E5	1.47874E5	1.39028E5	1.36684E5	1.3246E5	1.22794E5	1.09304E5	9.99554E4	8.84893E4	8.06363E4	7.15083E4	6.22455E4	5.48184E4
592	4.3397E5	3.94877E5	4.43524E5	2.13243E6	4.29581E5	1.55375E6	3.98769E6	1.77044E5	1.59265E5	1.51272E5	1.42066E5	1.36162E5	1.30734E5	1.3257E5	1.18293E5	1.0406E5	9.57766E4	8.82447E4	7.78319E4	6.82298E4	5.86789E4	5.20604E4
594	4.15145E5	4.006E5	4.24176E5	2.35819E6	4.22679E5	6.16044E5	7.1038E6	1.75363E5	1.56944E5	1.49718E5	1.3956E5	1.30649E5	1.25563E5	1.27226E5	1.1511E5	1.02007E5	9.15502E4	8.39404E4	7.59076E4	6.75846E4	5.72654E4	5.1856E4
596	4.57819E5	3.91973E5	4.06948E5	2.41163E6	4.30883E5	3.84535E5	1.06109E7	1.73879E5	1.51132E5	1.39516E5	1.31084E5	1.25609E5	1.20987E5	1.23769E5	1.10552E5	9.98014E4	9.10026E4	8.17392E4	7.17813E4	6.35409E4	5.6548E4	4.94857E4
598	4.47682E5	3.72462E5	3.81813E5	2.30819E6	4.29097E5	3.56638E5	1.37651E7	1.66709E5	1.43497E5	1.35732E5	1.2752E5	1.24484E5	1.19059E5	1.17486E5	1.06036E5	9.59817E4	8.91566E4	7.87141E4	7.11647E4	6.30975E4	5.60678E4	4.70759E4
600	4.18528E5	3.90616E5	4.03606E5	2.0636E6	4.39505E5	3.53579E5	1.56406E7	1.65427E5	1.45139E5	1.33561E5	1.25388E5	1.17589E5	1.15138E5	1.14469E5	1.05559E5	9.33019E4	8.48348E4	7.58846E4	7.07419E4	6.06364E4	5.41599E4	4.81507E4
