300	2.16176E5	1.51387E5	1.72966E5	2.58312E6	3.74674E5	2.65448E5	2.12184E7	8.16647E4	1.19979E4	8030.54338	5900.30164	4227.62522	3288.53342	2479.64777	2634.74495	1803.04027	2157.35786	1489.48684	1618.21492	1450.18344	1161.16974	1116.74221
302	1.86929E5	1.45509E5	1.80658E5	1.72533E6	7.07421E5	2.00354E5	1.82659E7	9.34464E5	1.42422E4	7887.08955	6572.62975	4671.7692	3771.2915	3338.94848	2559.58461	2027.77151	1461.17197	1910.90709	1353.26804	1152.12375	1496.22295	806.55524
304	2.28358E5	1.65655E5	1.892E5	9.94465E5	1.27493E6	2.0165E5	1.14992E7	4.01727E6	1.51949E4	8716.10467	6230.34445	4454.8291	4063.88504	3019.09305	2786.23662	1882.3765	2140.1643	1241.52491	1022.67249	1228.30293	1031.18288	1248.21138
306	2.45038E5	1.7938E5	1.85455E5	5.3314E5	2.00175E6	2.09242E5	4.90485E6	1.01785E7	1.83426E4	8501.80222	6672.75343	4384.91051	4002.28056	2830.32792	2392.02566	2266.82972	1687.74259	1821.78334	1108.95914	1334.31508	1269.72775	947.03919
308	2.66065E5	1.80836E5	2.01945E5	3.53105E5	2.65692E6	2.10325E5	1.23351E6	1.74132E7	2.88507E4	1.00358E4	6056.1504	4829.64159	4073.55677	2730.56744	2310.814	1909.43979	1638.84706	1348.82697	1181.5693	976.14085	1382.31477	941.20187
310	2.69725E5	1.81157E5	2.13739E5	3.02308E5	2.82765E6	2.29176E5	2.17585E5	2.08736E7	7.98216E4	1.11371E4	5886.745	4341.94603	3645.73651	3127.14038	2621.22862	2041.80008	1868.90063	1732.72634	1310.00732	1684.35708	1137.12844	959.10309
312	2.67032E5	2.05904E5	2.30759E5	3.03771E5	2.4002E6	3.15193E5	1.43972E5	1.8221E7	8.73264E5	1.22559E4	6830.01797	5505.50614	3581.36999	3376.35129	2615.24431	1798.26955	1806.65224	1592.50379	1376.96601	1212.19459	782.26175	953.17448
314	2.61003E5	2.1355E5	2.39299E5	3.04073E5	1.64126E6	5.82266E5	1.36613E5	1.10535E7	4.10741E6	1.45166E4	6682.37228	4638.07043	3537.84241	3544.53083	2569.86287	1669.88052	2082.07435	1512.06213	1243.26581	1375.95846	918.67197	1042.68979
316	2.90123E5	2.28893E5	2.46176E5	3.07495E5	9.85162E5	1.07143E6	1.36982E5	4.41982E6	1.00983E7	1.77002E4	7733.77677	5629.14384	3612.16954	3055.20305	2297.74423	1657.47401	1905.28943	1265.65678	1635.33815	1309.8707	1183.99141	1062.05091
318	3.00658E5	2.30516E5	2.60901E5	3.25078E5	5.83798E5	1.67615E6	1.40984E5	1.07206E6	1.60237E7	2.5006E4	7840.72302	5463.65421	3924.67634	2964.6844	2648.713	1550.14716	1594.36468	1315.778	1536.56238	1604.64618	1269.00864	1120.71196
320	3.09224E5	2.42544E5	2.76097E5	3.26541E5	4.23253E5	2.23112E6	1.45125E5	1.82961E5	1.83443E7	7.39986E4	9175.55671	5328.92042	3872.14563	3093.37026	2449.97042	1772.4087	1980.75586	1698.36798	1213.07657	1312.19024	1113.55894	1056.68282
322	3.10399E5	2.51151E5	2.68162E5	3.37706E5	3.8419E5	2.35196E6	1.6451E5	1.20349E5	1.52429E7	7.96296E5	1.02308E4	5580.73244	4709.13662	3223.11896	2646.37961	1639.55104	1469.3204	1478.78262	1484.34622	1409.71633	1542.62805	803.05528
324	3.25298E5	2.66447E5	2.89448E5	3.41805E5	3.73357E5	2.02235E6	2.34061E5	1.14797E5	9.11634E6	3.48183E6	1.23435E4	5770.31761	3806.06513	3396.38009	2415.52843	2097.6897	1629.37853	1521.14856	1297.67015	1159.05629	973.57057	1105.53446
326	3.3177E5	2.71105E5	2.94589E5	3.47593E5	3.73822E5	1.44467E6	4.22837E5	1.14914E5	3.63366E6	8.4873E6	1.48206E4	6209.86884	4656.92947	3220.53144	2410.73107	1839.5293	1536.45835	1639.38919	1251.22968	1008.77609	1119.49972	1129.02644
328	3.54591E5	2.74978E5	3.05027E5	3.49439E5	3.87684E5	9.1565E5	7.88993E5	1.20382E5	9.10373E5	1.35116E7	2.18314E4	6489.14298	4523.80407	3179.13387	2819.80062	2333.41879	1464.21777	1345.49487	1316.2876	1265.9017	1135.98108	1072.54283
330	3.86243E5	3.13473E5	3.28381E5	3.60277E5	3.88284E5	5.59758E5	1.31218E6	1.2422E5	1.61244E5	1.58859E7	5.80903E4	7503.23924	4331.88719	3541.26615	2485.72885	1737.9781	1653.84953	1314.79177	1235.82987	1132.45304	933.8167	1126.06506
332	4.13055E5	3.09419E5	3.23382E5	3.63E5	3.93745E5	4.02041E5	1.75563E6	1.30612E5	1.10805E5	1.37568E7	6.18218E5	8610.79453	4431.84965	3980.0634	2458.91861	2007.54025	1752.27486	1589.51863	1231.68068	1037.03142	1091.35621	959.56208
334	4.14238E5	3.22543E5	3.38186E5	3.74413E5	3.90431E5	3.55585E5	1.95467E6	1.49283E5	1.07582E5	8.67886E6	2.78419E6	9539.09213	4752.21963	3654.15867	2578.32626	1764.57895	1794.86749	1255.92555	1135.43997	950.29643	1248.95193	834.77606
336	4.56636E5	3.33358E5	3.35739E5	3.71646E5	4.00321E5	3.58061E5	1.77875E6	1.97085E5	1.09986E5	3.57383E6	7.09054E6	1.2946E4	5497.41623	4033.59315	2768.09096	2068.8808	1591.47626	1610.76325	1068.94383	1244.65208	824.85129	1176.60379
338	4.31674E5	3.50923E5	3.47337E5	3.90055E5	4.07388E5	3.58535E5	1.36549E6	3.32416E5	1.14056E5	9.28011E5	1.1475E7	1.75464E4	5811.68049	3837.04433	2548.58009	2085.18937	1597.20811	1270.42177	1152.49411	822.86868	1177.0859	960.09215
340	4.59953E5	3.54697E5	3.63057E5	3.94826E5	4.21474E5	3.69517E5	8.88854E5	6.0923E5	1.24271E5	1.6178E5	1.33858E7	4.6608E4	6315.00277	4073.25691	2865.90264	1896.39864	1415.85683	1365.93475	1319.62865	945.84627	850.25305	983.85632
342	4.83547E5	3.79824E5	3.60484E5	3.93396E5	4.20534E5	3.75756E5	5.57832E5	9.77491E5	1.29211E5	1.03506E5	1.16923E7	4.85728E5	6942.33783	4417.80297	2726.44561	1812.53737	1571.90016	1532.48846	1040.48445	935.25587	1053.66877	1059.4957
344	4.9872E5	3.86618E5	3.80289E5	4.06548E5	4.28475E5	3.79855E5	3.83769E5	1.3956E6	1.38929E5	1.02983E5	7.11661E6	2.46993E6	8537.76083	4347.00472	2976.44504	2063.83828	1711.89887	1433.21579	1136.32267	1143.854	882.4342	984.67785
346	5.28956E5	3.96614E5	3.77169E5	4.04524E5	4.30753E5	3.95551E5	3.38522E5	1.59915E6	1.55403E5	1.09206E5	2.98018E6	6.05759E6	1.0732E4	4220.75404	2699.95986	2137.15377	1419.57719	1131.37299	923.36468	983.65125	921.42013	862.78963
348	5.45834E5	4.04181E5	4.06088E5	4.10322E5	4.3236E5	4.07295E5	3.324E5	1.54282E6	2.03093E5	1.20161E5	7.31841E5	9.80536E6	1.61021E4	4895.23561	3170.74805	2034.74589	1728.26383	1329.41278	1203.26509	944.44123	1011.93061	897.47456
350	5.4094E5	4.46233E5	4.01852E5	4.12316E5	4.36452E5	4.10535E5	3.39432E5	1.24583E6	2.95273E5	1.29951E5	1.46758E5	1.12588E7	3.39802E4	5362.81973	2766.87673	2154.14546	1638.27286	1548.12254	1230.49952	960.22576	1155.94723	789.42878
352	5.91767E5	4.64194E5	4.23809E5	4.25391E5	4.45792E5	4.28197E5	3.5623E5	8.66922E5	4.94557E5	1.42315E5	1.07792E5	9.64924E6	4.10216E5	6190.39345	3100.5826	2331.12605	1400.50559	1449.52029	1133.65938	933.35738	844.19963	892.35118
354	6.22139E5	4.74444E5	4.4477E5	4.30861E5	4.49783E5	4.4163E5	3.71784E5	5.79275E5	7.84796E5	1.55851E5	1.04555E5	6.08037E6	1.91417E6	7156.2435	3340.35285	2557.04671	1796.53181	1478.16394	1194.31838	1163.84397	789.43815	989.72994
356	6.45903E5	4.94131E5	4.47141E5	4.3953E5	4.60231E5	4.48182E5	3.82897E5	4.26473E5	1.09063E6	1.6816E5	1.14214E5	2.54088E6	4.9877E6	9277.26671	3399.7114	2271.63156	1578.95693	1212.55317	1202.34414	1179.49096	866.70104	946.80936
358	6.5419E5	5.34007E5	4.68996E5	4.45038E5	4.68873E5	4.59004E5	4.02849E5	3.7212E5	1.3007E6	1.90444E5	1.26373E5	6.70387E5	8.28817E6	1.42037E4	3894.8881	2316.42611	1633.73926	1061.56023	1074.42742	949.23016	874.20422	698.67921
360	6.75467E5	5.65697E5	4.91593E5	4.64631E5	4.7003E5	4.72141E5	4.2211E5	3.72627E5	1.32879E6	2.22255E5	1.36325E5	1.38277E5	9.8951E6	3.10145E4	4406.28577	2639.22552	1959.70897	1404.41464	1123.78271	865.33975	928.12797	781.83538
362	7.03098E5	5.90357E5	5.09205E5	4.80071E5	4.85004E5	4.80302E5	4.40065E5	3.84347E5	1.16115E6	2.83797E5	1.55299E5	1.04781E5	8.86901E6	3.27036E5	5097.3745	2481.83957	1913.76014	1322.209	1073.89784	808.00307	808.17059	991.60213
364	7.56608E5	6.33445E5	5.33575E5	4.97028E5	4.94655E5	4.96341E5	4.53655E5	4.0261E5	8.84624E5	4.09902E5	1.68827E5	1.02679E5	5.85564E6	1.67728E6	6085.16477	2910.03583	1805.0725	1710.84909	1032.37292	787.10995	726.23918	799.17011
366	7.63462E5	6.52469E5	5.652E5	5.05052E5	5.05287E5	5.08201E5	4.78549E5	4.24904E5	6.3928E5	6.19125E5	1.83443E5	1.10903E5	2.43267E6	4.65532E6	8196.90914	3117.01466	1774.85638	1545.64696	1015.73063	1003.96706	779.50577	850.69007
368	7.85465E5	6.77791E5	5.86889E5	5.25215E5	5.1568E5	5.26138E5	4.9656E5	4.40128E5	4.93296E5	8.71633E5	2.00245E5	1.21876E5	6.44953E5	7.70819E6	1.21896E4	3351.22937	1964.38447	1463.52495	1105.80611	954.77124	953.01726	876.10704
370	8.1377E5	7.16464E5	6.00024E5	5.37328E5	5.30587E5	5.34239E5	5.17783E5	4.68415E5	4.35684E5	1.09161E6	2.2133E5	1.36376E5	1.23309E5	9.1473E6	3.21484E4	3780.02063	2091.1735	1641.6458	1176.4222	1093.71764	984.73939	527.05059
372	8.6898E5	7.36446E5	6.2924E5	5.5446E5	5.45938E5	5.48916E5	5.31847E5	4.88906E5	4.34534E5	1.1646E6	2.46242E5	1.48806E5	9.27525E4	7.96817E6	3.7463E5	4497.10717	2181.20791	1515.67122	1204.80787	987.30844	995.31104	888.15258
374	8.86686E5	7.79415E5	6.53784E5	5.74882E5	5.56578E5	5.66336E5	5.51771E5	5.09966E5	4.49143E5	1.07551E6	2.96925E5	1.63613E5	9.24362E4	4.93103E6	1.77811E6	5260.21322	2219.99072	1638.67346	1286.86613	923.17585	891.04201	816.24328
376	9.3322E5	8.11823E5	6.76693E5	5.95169E5	5.68372E5	5.79375E5	5.73352E5	5.30757E5	4.64995E5	8.85924E5	3.86865E5	1.77484E5	9.94555E4	2.06221E6	4.31094E6	6988.64042	2390.26982	1461.53038	1334.05523	1148.14656	894.47982	961.88019
378	9.39718E5	8.51095E5	7.15044E5	6.08795E5	5.85513E5	6.0005E5	5.95023E5	5.56474E5	4.86445E5	6.88085E5	5.41092E5	1.93399E5	1.09066E5	5.04552E5	6.86975E6	1.08008E4	2842.17529	1576.3225	1414.3651	1095.23335	1022.23033	675.94464
380	1.03313E6	8.88243E5	7.24664E5	6.20358E5	6.0632E5	6.12595E5	6.10676E5	5.82146E5	5.08396E5	5.55371E5	7.39608E5	2.11749E5	1.22759E5	1.09622E5	7.91419E6	2.46487E4	3311.22774	1774.22606	1620.07514	948.29386	1013.82628	796.76339
382	1.06182E6	9.51749E5	7.7383E5	6.55272E5	6.24442E5	6.39377E5	6.39106E5	6.08913E5	5.31476E5	5.00296E5	9.28652E5	2.33008E5	1.36354E5	8.85562E4	6.94547E6	2.60552E5	4040.69554	1958.1102	1523.64539	1085.8192	1031.46949	814.34441
384	1.08915E6	9.7371E5	8.10308E5	6.78053E5	6.35563E5	6.58183E5	6.63299E5	6.33917E5	5.58308E5	4.88698E5	1.03911E6	2.54787E5	1.51214E5	8.86671E4	4.45631E6	1.29798E6	5037.76187	2065.96207	1442.82463	1214.56771	919.90986	938.0497
386	1.12655E6	1.00989E6	8.37831E5	6.97961E5	6.61802E5	6.71718E5	6.76519E5	6.51259E5	5.81118E5	5.04883E5	1.0259E6	2.91371E5	1.68144E5	9.58519E4	1.85039E6	3.54929E6	6568.62996	2388.42678	1577.6164	1347.02358	881.37979	918.21778
388	1.19769E6	1.06234E6	8.64101E5	7.25628E5	6.7482E5	6.92892E5	7.10992E5	6.83473E5	6.0532E5	5.1903E5	9.1086E5	3.54671E5	1.81848E5	1.05253E5	4.99283E5	5.99258E6	1.00563E4	2386.66608	1407.57053	1398.90986	829.8206	932.29518
390	1.23526E6	1.09316E6	9.01285E5	7.48542E5	6.98534E5	7.17104E5	7.21193E5	7.03613E5	6.27531E5	5.36134E5	7.58312E5	4.67788E5	1.98635E5	1.1848E5	1.06255E5	7.25024E6	2.32388E4	2988.76847	1710.90123	1459.0925	1039.41233	1014.17792
392	1.23483E6	1.11234E6	9.24705E5	7.74812E5	7.15972E5	7.29853E5	7.47017E5	7.24599E5	6.50924E5	5.57563E5	6.18759E5	6.22631E5	2.15881E5	1.31439E5	8.15704E4	6.53349E6	2.69431E5	3513.59279	1922.21596	1478.00254	1129.07401	1042.70867
394	1.25196E6	1.16725E6	9.43618E5	7.87287E5	7.38924E5	7.50485E5	7.63626E5	7.42623E5	6.72431E5	5.80414E5	5.52524E5	7.87081E5	2.33554E5	1.46765E5	8.25305E4	4.44824E6	1.25166E6	4509.93131	2099.05794	1629.74477	1241.25465	1252.2301
396	1.31842E6	1.20628E6	1.00256E6	8.16063E5	7.57887E5	7.70702E5	7.85315E5	7.65323E5	6.94688E5	6.01362E5	5.28015E5	9.18703E5	2.57822E5	1.62563E5	8.8283E4	1.94111E6	3.36667E6	6528.75233	2206.41173	1725.04097	1358.6754	1098.96656
398	1.38248E6	1.23912E6	1.03163E6	8.44187E5	7.73645E5	7.87102E5	7.97899E5	7.87934E5	7.14278E5	6.24407E5	5.365E5	9.5382E5	2.85067E5	1.76461E5	9.59918E4	5.31508E5	5.50702E6	1.00782E4	2462.57079	1773.73767	1341.32406	1207.99116
400	1.38186E6	1.25956E6	1.0597E6	8.71045E5	8.00223E5	7.99792E5	8.25893E5	8.07442E5	7.38224E5	6.47314E5	5.47511E5	8.94974E5	3.34251E5	1.89939E5	1.06013E5	1.04665E5	6.53014E6	1.93633E4	2887.86765	1769.21145	1286.49521	1034.40185
402	1.48086E6	1.31909E6	1.09328E6	8.99513E5	8.17534E5	8.20634E5	8.39811E5	8.25339E5	7.6262E5	6.69767E5	5.67132E5	7.76241E5	4.08608E5	2.09738E5	1.18957E5	7.54347E4	5.7258E6	2.07242E5	3529.85548	1765.63793	1364.10954	1335.11055
404	1.49652E6	1.35775E6	1.12181E6	9.24143E5	8.45001E5	8.36984E5	8.55504E5	8.41071E5	7.79764E5	6.91369E5	5.89319E5	6.55915E5	5.25689E5	2.29512E5	1.3147E5	7.43315E4	3.60068E6	1.08083E6	4430.90804	1816.01551	1486.94192	1368.80671
406	1.54397E6	1.37094E6	1.15945E6	9.43581E5	8.56332E5	8.58657E5	8.70407E5	8.58718E5	7.97855E5	7.08178E5	6.05662E5	5.81964E5	6.62343E5	2.46466E5	1.44652E5	8.12816E4	1.50259E6	2.87907E6	5384.86042	2258.60513	1284.95453	1192.0779
408	1.56228E6	1.40544E6	1.19522E6	9.79444E5	8.72032E5	8.69063E5	8.88622E5	8.72207E5	8.16242E5	7.26556E5	6.30013E5	5.448E5	7.91607E5	2.64265E5	1.58843E5	8.70243E4	3.77632E5	4.93382E6	8476.78618	2354.08993	1593.99113	1371.66635
410	1.55165E6	1.47633E6	1.21064E6	9.89782E5	8.94703E5	8.79127E5	8.99325E5	8.85285E5	8.26197E5	7.42815E5	6.43909E5	5.42461E5	8.65549E5	2.91332E5	1.71811E5	9.57049E4	8.10913E4	5.97476E6	1.74055E4	2799.05103	1544.3169	1287.10472
412	1.61124E6	1.45574E6	1.23982E6	1.02658E6	9.07115E5	8.91037E5	9.10555E5	9.00217E5	8.44282E5	7.62921E5	6.64343E5	5.52851E5	8.61408E5	3.20349E5	1.8323E5	1.051E5	6.6097E4	5.32064E6	1.65877E5	3016.74543	1756.50056	1369.93363
414	1.62042E6	1.51509E6	1.26642E6	1.04777E6	9.1936E5	9.07737E5	9.09596E5	9.11059E5	8.59184E5	7.80874E5	6.78712E5	5.66668E5	7.90798E5	3.76242E5	1.98365E5	1.14379E5	6.72825E4	3.47439E6	8.73802E5	4462.2471	1935.22459	1212.52409
416	1.61356E6	1.52847E6	1.30534E6	1.06274E6	9.43712E5	9.10924E5	9.26875E5	9.21447E5	8.69768E5	7.90555E5	7.03169E5	5.8424E5	6.87982E5	4.62624E5	2.13791E5	1.25444E5	7.04834E4	1.48849E6	2.50244E6	5942.18439	1835.03557	1544.21214
418	1.64983E6	1.54248E6	1.30319E6	1.07584E6	9.46028E5	9.21968E5	9.21829E5	9.26112E5	8.74927E5	8.04067E5	7.14307E5	5.95937E5	6.04211E5	5.69069E5	2.29235E5	1.36572E5	7.62598E4	3.9346E5	4.42965E6	8105.42365	2228.5578	1359.95778
420	1.71362E6	1.58795E6	1.35275E6	1.09734E6	9.62973E5	9.23662E5	9.39675E5	9.28362E5	8.90106E5	8.19638E5	7.30552E5	6.14693E5	5.50271E5	6.85874E5	2.43518E5	1.46947E5	8.26164E4	7.85111E4	5.50341E6	1.69692E4	2655.29261	1446.61404
422	1.69976E6	1.59402E6	1.3528E6	1.12729E6	9.81594E5	9.37337E5	9.36442E5	9.33581E5	8.91904E5	8.34509E5	7.4106E5	6.29492E5	5.34195E5	7.76403E5	2.61486E5	1.59297E5	9.14404E4	5.98591E4	4.94281E6	1.88655E5	3119.19393	1793.27895
424	1.6641E6	1.58401E6	1.37365E6	1.13128E6	9.91466E5	9.41115E5	9.44543E5	9.4491E5	9.06692E5	8.37681E5	7.54671E5	6.4766E5	5.34397E5	8.04583E5	2.84032E5	1.70009E5	9.90533E4	5.85168E4	3.22816E6	9.24055E5	4291.94459	1736.58745
426	1.6893E6	1.60649E6	1.39159E6	1.15958E6	1.00477E6	9.54778E5	9.36703E5	9.48028E5	9.0617E5	8.46948E5	7.65101E5	6.56697E5	5.49963E5	7.70983E5	3.22275E5	1.82845E5	1.09215E5	6.31282E4	1.30963E6	2.60695E6	5116.88948	1837.97118
428	1.7178E6	1.63814E6	1.42656E6	1.17678E6	1.01303E6	9.54976E5	9.48551E5	9.46073E5	9.13826E5	8.59651E5	7.77766E5	6.72387E5	5.61898E5	6.88126E5	3.79667E5	1.95439E5	1.20471E5	6.58531E4	3.28724E5	4.45294E6	7899.43169	2083.071
430	1.74967E6	1.65485E6	1.43301E6	1.19979E6	1.02035E6	9.57894E5	9.47201E5	9.49125E5	9.12812E5	8.60324E5	7.85752E5	6.83768E5	5.72976E5	6.05883E5	4.5511E5	2.07626E5	1.29197E5	7.30252E4	6.87896E4	5.29048E6	1.68452E4	2663.01839
432	1.78234E6	1.66621E6	1.46206E6	1.21173E6	1.03016E6	9.65849E5	9.48731E5	9.49196E5	9.11968E5	8.69151E5	7.96244E5	6.9691E5	5.83313E5	5.47621E5	5.50597E5	2.19778E5	1.38801E5	7.85682E4	5.34284E4	4.59347E6	1.70575E5	3112.49339
434	1.74404E6	1.68799E6	1.46092E6	1.22055E6	1.0419E6	9.68465E5	9.4941E5	9.47127E5	9.19048E5	8.73323E5	8.06336E5	7.04941E5	5.99149E5	5.2218E5	6.35142E5	2.32461E5	1.47379E5	8.69283E4	5.44046E4	2.81563E6	8.65501E5	3833.07194
436	1.78621E6	1.69636E6	1.492E6	1.24102E6	1.05394E6	9.72509E5	9.40105E5	9.46643E5	9.2133E5	8.78623E5	8.10515E5	7.17922E5	6.09451E5	5.16372E5	6.82134E5	2.49848E5	1.58861E5	9.49455E4	5.678E4	1.14494E6	2.29659E6	5127.9759
438	1.78462E6	1.67948E6	1.47635E6	1.24673E6	1.04386E6	9.66872E5	9.42952E5	9.40244E5	9.16959E5	8.83021E5	8.1523E5	7.22018E5	6.18152E5	5.21402E5	6.81067E5	2.71505E5	1.67747E5	1.04257E5	6.03853E4	2.79619E5	3.92658E6	7047.6994
440	1.75483E6	1.66623E6	1.50156E6	1.25581E6	1.05759E6	9.68517E5	9.37508E5	9.36808E5	9.14095E5	8.81469E5	8.17598E5	7.28972E5	6.29529E5	5.33111E5	6.35684E5	3.07411E5	1.80499E5	1.10411E5	6.53472E4	6.0353E4	4.7409E6	1.35441E4
442	1.8087E6	1.70435E6	1.50373E6	1.26331E6	1.05925E6	9.68307E5	9.35428E5	9.24526E5	9.14177E5	8.75442E5	8.18202E5	7.33504E5	6.35564E5	5.3949E5	5.70548E5	3.57347E5	1.87835E5	1.19423E5	7.00363E4	4.99518E4	4.16783E6	1.1315E5
444	1.77341E6	1.68414E6	1.51618E6	1.27589E6	1.06574E6	9.6133E5	9.24477E5	9.25786E5	9.1112E5	8.75695E5	8.24429E5	7.38591E5	6.43243E5	5.45611E5	5.10689E5	4.23438E5	1.97123E5	1.28127E5	7.65803E4	5.09999E4	2.63061E6	6.158E5
446	1.77607E6	1.71189E6	1.52834E6	1.27732E6	1.07803E6	9.68437E5	9.27572E5	9.17322E5	8.98961E5	8.74153E5	8.20068E5	7.40198E5	6.51561E5	5.55637E5	4.70071E5	4.94464E5	2.07956E5	1.34304E5	8.38633E4	5.36974E4	1.09048E6	1.90373E6
448	1.75753E6	1.68587E6	1.51618E6	1.28043E6	1.07523E6	9.6165E5	9.22426E5	9.15488E5	8.9477E5	8.70895E5	8.22613E5	7.47044E5	6.59501E5	5.61875E5	4.54525E5	5.55694E5	2.20413E5	1.43471E5	9.12666E4	5.63011E4	2.77434E5	3.4953E6
450	1.76496E6	1.70299E6	1.52531E6	1.29049E6	1.07646E6	9.62855E5	9.16944E5	9.09424E5	8.95864E5	8.72388E5	8.27846E5	7.49296E5	6.60761E5	5.72203E5	4.50051E5	5.86468E5	2.36573E5	1.51803E5	9.9377E4	6.04767E4	5.79071E4	4.42005E6
452	1.72221E6	1.71001E6	1.51275E6	1.28931E6	1.07633E6	9.59386E5	9.09324E5	9.0644E5	8.86356E5	8.60807E5	8.26154E5	7.4895E5	6.67478E5	5.81333E5	4.55871E5	5.7581E5	2.56891E5	1.62202E5	1.04996E5	6.47427E4	4.57319E4	4.02443E6
454	1.7065E6	1.70467E6	1.507E6	1.28952E6	1.07686E6	9.49852E5	9.10169E5	8.88389E5	8.84121E5	8.58694E5	8.21086E5	7.45024E5	6.67943E5	5.82189E5	4.59776E5	5.31564E5	2.94421E5	1.68405E5	1.12366E5	7.01389E4	4.57338E4	2.54944E6
456	1.68019E6	1.65832E6	1.50716E6	1.29285E6	1.07845E6	9.57443E5	8.88526E5	8.80467E5	8.72273E5	8.55933E5	8.16058E5	7.46661E5	6.72302E5	5.90668E5	4.64733E5	4.77208E5	3.40578E5	1.75432E5	1.18201E5	7.40165E4	4.79123E4	1.02947E6
458	1.71257E6	1.63748E6	1.52117E6	1.28689E6	1.07205E6	9.52284E5	8.88197E5	8.69822E5	8.69327E5	8.43621E5	8.1213E5	7.41901E5	6.73495E5	5.90543E5	4.66793E5	4.31053E5	4.02061E5	1.83066E5	1.24937E5	8.24312E4	5.01909E4	2.59469E5
460	1.70403E6	1.67455E6	1.50537E6	1.29054E6	1.06484E6	9.47648E5	8.79682E5	8.56547E5	8.5165E5	8.29527E5	8.04351E5	7.43025E5	6.68213E5	5.94538E5	4.73497E5	3.95909E5	4.55952E5	1.93501E5	1.32326E5	8.69411E4	5.24865E4	5.53794E4
462	1.67921E6	1.6433E6	1.50624E6	1.28247E6	1.07304E6	9.36065E5	8.6832E5	8.49172E5	8.40862E5	8.27913E5	7.98241E5	7.39895E5	6.75841E5	6.00447E5	4.79622E5	3.83509E5	4.91119E5	2.02952E5	1.3843E5	9.51603E4	5.64373E4	4.08397E4
464	1.68351E6	1.62232E6	1.50171E6	1.28214E6	1.06037E6	9.36157E5	8.6469E5	8.37971E5	8.32221E5	8.18561E5	7.91872E5	7.38617E5	6.668E5	5.99714E5	4.82144E5	3.80347E5	4.99783E5	2.16474E5	1.46438E5	9.96969E4	6.05429E4	4.18568E4
466	1.66554E6	1.62075E6	1.47974E6	1.27142E6	1.0625E6	9.27273E5	8.48798E5	8.28785E5	8.1826E5	8.04368E5	7.83338E5	7.27595E5	6.69534E5	6.02723E5	4.85536E5	3.8481E5	4.75197E5	2.34556E5	1.48419E5	1.03093E5	6.66729E4	4.31458E4
468	1.73008E6	1.59789E6	1.48623E6	1.27798E6	1.0607E6	9.18929E5	8.48212E5	8.19421E5	8.1505E5	7.98832E5	7.71181E5	7.22241E5	6.61656E5	6.03784E5	4.87717E5	3.8888E5	4.34438E5	2.68279E5	1.56338E5	1.09708E5	6.98002E4	4.46343E4
470	2.14209E6	1.57231E6	1.46615E6	1.26921E6	1.05069E6	9.20408E5	8.39089E5	8.05194E5	8.00462E5	7.91472E5	7.66225E5	7.11859E5	6.62171E5	6.01517E5	4.91812E5	3.87568E5	3.89908E5	3.09709E5	1.60683E5	1.14408E5	7.49334E4	4.7047E4
472	2.95011E6	1.56314E6	1.4641E6	1.26984E6	1.04846E6	9.08037E5	8.31404E5	7.96206E5	7.90239E5	7.82501E5	7.57914E5	7.10083E5	6.57957E5	5.97791E5	4.92974E5	3.92585E5	3.54787E5	3.55608E5	1.68688E5	1.20059E5	8.07241E4	4.96032E4
474	4.35084E6	1.57038E6	1.44154E6	1.2566E6	1.05029E6	9.02664E5	8.22598E5	7.89531E5	7.82837E5	7.63935E5	7.46031E5	7.0351E5	6.55434E5	5.95701E5	4.93916E5	3.95106E5	3.32927E5	3.94177E5	1.73904E5	1.25565E5	8.35593E4	5.33969E4
476	6.445E6	1.55485E6	1.42609E6	1.24138E6	1.02239E6	8.91271E5	8.13011E5	7.76031E5	7.67925E5	7.54753E5	7.35581E5	6.95773E5	6.47876E5	5.94052E5	4.95247E5	3.97476E5	3.2237E5	4.2062E5	1.81541E5	1.2977E5	8.91575E4	5.73007E4
478	9.02526E6	1.51869E6	1.42073E6	1.2304E6	1.0312E6	8.82222E5	7.98319E5	7.65358E5	7.47418E5	7.47828E5	7.24631E5	6.84734E5	6.38138E5	5.899E5	4.89082E5	3.99059E5	3.23536E5	4.22368E5	1.95319E5	1.31388E5	9.26813E4	5.94094E4
480	1.13842E7	1.49012E6	1.3728E6	1.21613E6	1.00717E6	8.61351E5	7.87693E5	7.46681E5	7.37882E5	7.31836E5	7.10272E5	6.75237E5	6.30124E5	5.83667E5	4.87707E5	3.9973E5	3.19665E5	3.98565E5	2.13287E5	1.37496E5	9.41016E4	6.37434E4
482	1.24977E7	1.46231E6	1.3631E6	1.2061E6	1.01279E6	8.60651E5	7.76566E5	7.38404E5	7.27462E5	7.1533E5	6.99641E5	6.67707E5	6.26298E5	5.7942E5	4.89113E5	3.97674E5	3.22518E5	3.61231E5	2.40724E5	1.39886E5	9.82475E4	6.71026E4
484	1.2179E7	1.45104E6	1.36001E6	1.19562E6	1.01027E6	8.53896E5	7.66657E5	7.28878E5	7.16802E5	7.03184E5	6.89911E5	6.58689E5	6.14257E5	5.74459E5	4.83878E5	3.9905E5	3.22739E5	3.17366E5	2.77982E5	1.44294E5	1.02838E5	7.22438E4
486	1.03774E7	1.4565E6	1.33493E6	1.16823E6	9.89712E5	8.49107E5	7.54363E5	7.20664E5	6.97292E5	6.89917E5	6.75257E5	6.43553E5	6.07578E5	5.67913E5	4.83346E5	3.99628E5	3.21356E5	2.89969E5	3.11381E5	1.49045E5	1.06176E5	7.48293E4
488	7.78107E6	1.60992E6	1.30325E6	1.16547E6	9.76057E5	8.40408E5	7.43274E5	7.03517E5	6.88104E5	6.804E5	6.653E5	6.35105E5	5.99204E5	5.65164E5	4.81699E5	3.94472E5	3.23975E5	2.73475E5	3.4324E5	1.54874E5	1.10479E5	7.7427E4
490	4.98935E6	2.16418E6	1.30955E6	1.15211E6	9.65509E5	8.22811E5	7.31509E5	6.91683E5	6.71884E5	6.67461E5	6.52793E5	6.23249E5	5.93872E5	5.57208E5	4.74336E5	3.9544E5	3.22011E5	2.64906E5	3.59164E5	1.62194E5	1.12525E5	7.93226E4
492	2.90034E6	3.34503E6	1.28699E6	1.14062E6	9.49805E5	8.08878E5	7.19605E5	6.75896E5	6.58577E5	6.52542E5	6.41552E5	6.13122E5	5.78274E5	5.49989E5	4.70066E5	3.93495E5	3.2234E5	2.62448E5	3.51255E5	1.74887E5	1.14858E5	8.22363E4
494	1.80637E6	5.29723E6	1.25299E6	1.11596E6	9.36272E5	8.0188E5	7.06103E5	6.69875E5	6.46149E5	6.36664E5	6.2937E5	6.00917E5	5.73837E5	5.41408E5	4.64007E5	3.88904E5	3.22072E5	2.64978E5	3.31697E5	1.89666E5	1.17683E5	8.59594E4
496	1.43651E6	7.91296E6	1.2398E6	1.09614E6	9.31295E5	7.92392E5	6.91391E5	6.55381E5	6.30408E5	6.29415E5	6.17272E5	5.89895E5	5.63657E5	5.31828E5	4.58747E5	3.84792E5	3.19941E5	2.62907E5	2.95854E5	2.17987E5	1.19889E5	8.69781E4
498	1.40109E6	1.06883E7	1.21614E6	1.09091E6	9.20445E5	7.75103E5	6.81398E5	6.52312E5	6.24323E5	6.15267E5	5.98356E5	5.84414E5	5.55285E5	5.30963E5	4.55509E5	3.8248E5	3.18132E5	2.62924E5	2.66765E5	2.44397E5	1.22147E5	9.1427E4
500	1.37454E6	1.30511E7	1.22452E6	1.07884E6	9.04898E5	7.61697E5	6.80902E5	6.35828E5	6.14024E5	6.01085E5	5.96436E5	5.70281E5	5.46785E5	5.16845E5	4.48184E5	3.79976E5	3.13508E5	2.61761E5	2.39508E5	2.70018E5	1.24995E5	9.15557E4
502	1.38296E6	1.4034E7	1.19502E6	1.06476E6	8.88666E5	7.57158E5	6.65601E5	6.25015E5	6.02065E5	5.91642E5	5.80234E5	5.62529E5	5.35278E5	5.12075E5	4.44799E5	3.77171E5	3.1629E5	2.59794E5	2.25121E5	2.927E5	1.30984E5	9.47864E4
504	1.29099E6	1.33242E7	1.1796E6	1.03996E6	8.83528E5	7.4428E5	6.52511E5	6.12841E5	5.9214E5	5.81186E5	5.69832E5	5.47458E5	5.24854E5	5.05589E5	4.40116E5	3.69461E5	3.12289E5	2.59356E5	2.19018E5	2.99663E5	1.34119E5	9.67612E4
506	1.263E6	1.12104E7	1.19011E6	1.03313E6	8.68043E5	7.36156E5	6.49095E5	5.97184E5	5.77153E5	5.63323E5	5.57146E5	5.36354E5	5.17827E5	4.9656E5	4.3339E5	3.66437E5	3.10727E5	2.5792E5	2.14004E5	2.91208E5	1.47647E5	9.82279E4
508	1.29215E6	8.24736E6	1.37514E6	1.01079E6	8.47362E5	7.30012E5	6.35413E5	5.88134E5	5.70334E5	5.54958E5	5.49769E5	5.25396E5	5.06152E5	4.8313E5	4.26033E5	3.66375E5	3.09043E5	2.56237E5	2.12953E5	2.7434E5	1.62371E5	9.98846E4
510	1.30713E6	5.13257E6	2.02098E6	9.97576E5	8.4038E5	7.13206E5	6.22196E5	5.78654E5	5.57326E5	5.42796E5	5.30453E5	5.09502E5	4.97347E5	4.75709E5	4.21206E5	3.59866E5	3.05098E5	2.5433E5	2.12261E5	2.42131E5	1.80127E5	1.00327E5
512	1.37473E6	2.76313E6	3.54296E6	9.79295E5	8.27797E5	7.03247E5	6.10167E5	5.61903E5	5.41658E5	5.3142E5	5.18212E5	5.02369E5	4.8639E5	4.68185E5	4.09765E5	3.5482E5	2.97888E5	2.52538E5	2.10339E5	2.13973E5	2.04347E5	1.02036E5
514	1.59258E6	1.624E6	5.74883E6	9.49126E5	8.11777E5	6.91064E5	5.99278E5	5.55691E5	5.32442E5	5.18363E5	5.05859E5	4.90895E5	4.74638E5	4.59039E5	4.09677E5	3.47959E5	2.97633E5	2.50892E5	2.05624E5	1.95552E5	2.26523E5	1.04111E5
516	1.84186E6	1.24441E6	8.52465E6	9.44455E5	7.97572E5	6.73983E5	5.82641E5	5.32018E5	5.17258E5	5.0672E5	4.95735E5	4.82438E5	4.64524E5	4.52513E5	3.95136E5	3.39759E5	2.94649E5	2.4801E5	2.07356E5	1.82785E5	2.39802E5	1.07004E5
518	2.14554E6	1.16904E6	1.15315E7	9.27891E5	7.80974E5	6.64928E5	5.79751E5	5.32906E5	5.09275E5	4.92898E5	4.86565E5	4.67962E5	4.55435E5	4.43313E5	3.90793E5	3.35425E5	2.90789E5	2.45112E5	2.05236E5	1.7696E5	2.45591E5	1.11154E5
520	2.49282E6	1.11989E6	1.38712E7	9.06233E5	7.71517E5	6.52913E5	5.6693E5	5.21286E5	4.94087E5	4.78769E5	4.73207E5	4.58208E5	4.49512E5	4.32412E5	3.81208E5	3.32348E5	2.85115E5	2.4297E5	2.04041E5	1.73359E5	2.36629E5	1.19381E5
522	2.78082E6	1.09264E6	1.45733E7	8.97107E5	7.57527E5	6.40764E5	5.52137E5	5.12281E5	4.86236E5	4.74603E5	4.59987E5	4.51812E5	4.33862E5	4.25521E5	3.77003E5	3.2528E5	2.78368E5	2.39745E5	2.02382E5	1.71093E5	2.1916E5	1.30099E5
524	2.98662E6	1.08306E6	1.33872E7	8.81409E5	7.50108E5	6.21061E5	5.41138E5	4.92102E5	4.72449E5	4.58215E5	4.52684E5	4.34474E5	4.24998E5	4.1345E5	3.68895E5	3.19593E5	2.77231E5	2.34545E5	1.97863E5	1.69442E5	1.9579E5	1.45577E5
526	3.04816E6	1.04483E6	1.10576E7	8.88995E5	7.30065E5	6.17416E5	5.33162E5	4.83869E5	4.5776E5	4.44392E5	4.41239E5	4.31986E5	4.13703E5	4.02994E5	3.62091E5	3.11918E5	2.72464E5	2.31611E5	1.97255E5	1.65957E5	1.72578E5	1.653E5
528	2.85359E6	1.04379E6	7.9806E6	1.09458E6	7.20108E5	6.03783E5	5.21853E5	4.77904E5	4.54936E5	4.38555E5	4.29026E5	4.16038E5	4.0741E5	4.01796E5	3.50717E5	3.10181E5	2.66898E5	2.29271E5	1.94763E5	1.6485E5	1.55299E5	1.81204E5
530	2.62033E6	1.00398E6	4.76654E6	1.88537E6	6.99002E5	5.92703E5	5.15329E5	4.6642E5	4.41572E5	4.27303E5	4.16756E5	4.05277E5	3.96385E5	3.8549E5	3.42528E5	3.01127E5	2.59119E5	2.26061E5	1.91734E5	1.62771E5	1.42909E5	1.96874E5
532	2.20974E6	1.01308E6	2.47473E6	3.56389E6	6.87467E5	5.81542E5	5.04573E5	4.55026E5	4.31878E5	4.13618E5	4.07155E5	3.97905E5	3.87055E5	3.77282E5	3.337E5	2.93929E5	2.5631E5	2.22518E5	1.91756E5	1.60945E5	1.36126E5	2.01675E5
534	1.70443E6	1.08633E6	1.31389E6	6.22836E6	6.7155E5	5.63488E5	4.92674E5	4.40919E5	4.23871E5	4.05778E5	3.97251E5	3.81227E5	3.76982E5	3.64061E5	3.26981E5	2.88714E5	2.52059E5	2.16438E5	1.84818E5	1.58637E5	1.32283E5	1.92114E5
536	1.35824E6	1.25264E6	9.85457E5	9.40816E6	6.59395E5	5.44951E5	4.76915E5	4.33915E5	4.04594E5	3.96428E5	3.85739E5	3.72215E5	3.66794E5	3.57846E5	3.21404E5	2.81677E5	2.45359E5	2.14259E5	1.83189E5	1.55672E5	1.3172E5	1.78822E5
538	1.11742E6	1.49273E6	9.04646E5	1.24881E7	6.40058E5	5.41059E5	4.66519E5	4.26206E5	3.94947E5	3.83367E5	3.75305E5	3.67712E5	3.57801E5	3.4589E5	3.08988E5	2.76586E5	2.38956E5	2.08134E5	1.82761E5	1.55092E5	1.28476E5	1.56134E5
540	9.67727E5	1.825E6	8.76756E5	1.46723E7	6.29902E5	5.28122E5	4.55524E5	4.08403E5	3.88517E5	3.73326E5	3.6953E5	3.49708E5	3.4497E5	3.40832E5	3.02213E5	2.68064E5	2.36375E5	2.07025E5	1.76414E5	1.50359E5	1.27149E5	1.3727E5
542	8.89715E5	2.21727E6	8.40531E5	1.50647E7	6.18517E5	5.1385E5	4.44701E5	4.01718E5	3.80263E5	3.64083E5	3.61198E5	3.42673E5	3.37212E5	3.29873E5	2.95456E5	2.62244E5	2.30533E5	2.0176E5	1.74635E5	1.4702E5	1.23109E5	1.21922E5
544	8.22695E5	2.57228E6	8.15508E5	1.34353E7	6.13935E5	5.03398E5	4.37946E5	3.91075E5	3.68145E5	3.58938E5	3.43103E5	3.36818E5	3.26277E5	3.23619E5	2.85413E5	2.54582E5	2.24122E5	1.97299E5	1.68E5	1.47411E5	1.21093E5	1.08373E5
546	7.80666E5	2.90364E6	7.94809E5	1.06675E7	6.32378E5	4.87404E5	4.18482E5	3.82035E5	3.61071E5	3.44992E5	3.34722E5	3.25738E5	3.20169E5	3.12377E5	2.81442E5	2.4983E5	2.19102E5	1.91317E5	1.66453E5	1.43629E5	1.19355E5	1.03867E5
548	7.84597E5	2.99389E6	7.71141E5	7.38331E6	9.15355E5	4.77816E5	4.14781E5	3.71979E5	3.51595E5	3.31543E5	3.27426E5	3.16818E5	3.08522E5	3.03435E5	2.74195E5	2.45733E5	2.13176E5	1.87738E5	1.64338E5	1.41463E5	1.18917E5	1.0322E5
550	7.33411E5	2.97979E6	7.4636E5	4.3337E6	1.82677E6	4.75009E5	4.06645E5	3.58042E5	3.41429E5	3.24338E5	3.18109E5	3.111E5	3.04763E5	2.93683E5	2.67653E5	2.39037E5	2.06872E5	1.8503E5	1.58575E5	1.37702E5	1.15468E5	9.7797E4
552	7.33102E5	2.67634E6	7.36726E5	2.10245E6	3.72274E6	4.68658E5	3.91491E5	3.54811E5	3.31473E5	3.19435E5	3.09305E5	2.99978E5	2.921E5	2.8702E5	2.59539E5	2.31827E5	2.03662E5	1.78648E5	1.56507E5	1.35757E5	1.14381E5	9.68264E4
554	7.22321E5	2.34085E6	7.23439E5	1.02845E6	6.49509E6	4.50563E5	3.80292E5	3.42169E5	3.22657E5	3.09388E5	3.02331E5	2.91856E5	2.85787E5	2.79846E5	2.50411E5	2.24528E5	1.98705E5	1.76043E5	1.51631E5	1.32063E5	1.13188E5	9.43334E4
556	6.71991E5	1.8949E6	7.54381E5	7.25557E5	9.66717E6	4.37917E5	3.73404E5	3.3616E5	3.16405E5	3.00886E5	2.96059E5	2.83713E5	2.77346E5	2.73773E5	2.46124E5	2.18775E5	1.96427E5	1.72624E5	1.52291E5	1.29124E5	1.11313E5	9.12227E4
558	6.67625E5	1.4378E6	8.89467E5	6.85407E5	1.27716E7	4.28737E5	3.69312E5	3.33846E5	3.03995E5	2.94081E5	2.84565E5	2.77814E5	2.67722E5	2.66859E5	2.3857E5	2.11735E5	1.89462E5	1.66001E5	1.46282E5	1.27698E5	1.08664E5	9.17669E4
560	6.48907E5	1.10634E6	1.04839E6	6.5152E5	1.4804E7	4.2511E5	3.57206E5	3.21622E5	2.96185E5	2.82523E5	2.76078E5	2.67316E5	2.58473E5	2.57868E5	2.32107E5	2.06864E5	1.83215E5	1.66386E5	1.42574E5	1.25152E5	1.05991E5	8.72702E4
562	6.39513E5	8.43909E5	1.3347E6	6.21729E5	1.51279E7	4.14293E5	3.54063E5	3.1184E5	2.9043E5	2.79109E5	2.67704E5	2.58863E5	2.53008E5	2.48124E5	2.25638E5	2.02825E5	1.7901E5	1.58729E5	1.41269E5	1.22487E5	1.02814E5	8.759E4
564	6.43531E5	7.2939E5	1.6747E6	5.99965E5	1.34395E7	4.16464E5	3.44538E5	3.00703E5	2.84339E5	2.6739E5	2.61518E5	2.50235E5	2.46842E5	2.43311E5	2.18375E5	1.9448E5	1.72444E5	1.54556E5	1.37413E5	1.20491E5	1.00944E5	8.63424E4
566	5.93742E5	6.62246E5	2.05978E6	6.00054E5	1.05554E7	4.39927E5	3.31421E5	2.96877E5	2.73921E5	2.6275E5	2.54129E5	2.44492E5	2.37602E5	2.35344E5	2.11686E5	1.90675E5	1.72541E5	1.49796E5	1.32697E5	1.17355E5	1.00651E5	8.39627E4
568	5.60608E5	6.17492E5	2.40311E6	5.73303E5	7.15132E6	7.43351E5	3.23406E5	2.88281E5	2.65286E5	2.54857E5	2.45766E5	2.36397E5	2.32938E5	2.31453E5	2.08523E5	1.85843E5	1.65592E5	1.48615E5	1.2853E5	1.13146E5	9.4931E4	8.17642E4
570	5.90428E5	5.90693E5	2.67529E6	5.63659E5	4.02411E6	1.74463E6	3.18916E5	2.82027E5	2.61585E5	2.46957E5	2.3848E5	2.27558E5	2.26159E5	2.21528E5	1.99567E5	1.80025E5	1.61472E5	1.43095E5	1.26438E5	1.13536E5	9.27319E4	8.08772E4
572	5.54299E5	5.50418E5	2.70796E6	5.49432E5	1.84899E6	3.66617E6	3.09991E5	2.75568E5	2.55029E5	2.41738E5	2.2889E5	2.2392E5	2.19846E5	2.16091E5	1.94499E5	1.7377E5	1.56088E5	1.40344E5	1.22556E5	1.09935E5	9.18575E4	7.84666E4
574	5.58829E5	5.44518E5	2.60308E6	5.42241E5	8.20921E5	6.4913E6	3.01567E5	2.67705E5	2.45325E5	2.34219E5	2.24431E5	2.16305E5	2.12185E5	2.08771E5	1.86083E5	1.67855E5	1.50348E5	1.35714E5	1.20859E5	1.05117E5	9.00812E4	7.34048E4
576	5.37025E5	5.17359E5	2.35024E6	5.42838E5	5.60122E5	9.6626E6	2.95394E5	2.55877E5	2.3815E5	2.27147E5	2.17863E5	2.10549E5	2.0435E5	2.01056E5	1.81306E5	1.62664E5	1.48082E5	1.31192E5	1.14351E5	1.01813E5	8.62001E4	7.54955E4
578	5.68309E5	5.05991E5	1.97301E6	5.45428E5	5.16519E5	1.25597E7	2.87555E5	2.53387E5	2.34187E5	2.15716E5	2.08777E5	2.01349E5	2.04376E5	1.9396E5	1.75886E5	1.59616E5	1.42611E5	1.27977E5	1.12452E5	9.99803E4	8.44407E4	7.29049E4
580	5.3761E5	4.86292E5	1.58304E6	5.82064E5	4.86691E5	1.45738E7	2.81912E5	2.45772E5	2.27241E5	2.09967E5	2.01319E5	1.9365E5	1.9038E5	1.89109E5	1.7249E5	1.53163E5	1.40561E5	1.22332E5	1.0878E5	9.7085E4	8.38681E4	7.17706E4
582	5.05383E5	4.99981E5	1.18437E6	6.99389E5	4.8531E5	1.47152E7	2.75791E5	2.40636E5	2.16899E5	2.04711E5	1.97577E5	1.93054E5	1.85161E5	1.8541E5	1.6768E5	1.46649E5	1.34296E5	1.19421E5	1.06319E5	9.43138E4	8.00331E4	6.81333E4
584	4.88302E5	4.60075E5	9.00676E5	9.06612E5	4.66249E5	1.29478E7	2.76403E5	2.27677E5	2.11656E5	2.03658E5	1.94457E5	1.82528E5	1.81592E5	1.77514E5	1.57934E5	1.45597E5	1.28639E5	1.16282E5	1.02667E5	9.26637E4	7.78191E4	6.95215E4
586	4.99506E5	4.65052E5	6.74213E5	1.14953E6	4.61224E5	9.91884E6	3.01895E5	2.27577E5	2.05363E5	1.9263E5	1.89042E5	1.79182E5	1.75466E5	1.71976E5	1.58871E5	1.37145E5	1.24271E5	1.14863E5	1.00761E5	9.08788E4	7.56833E4	6.51266E4
588	4.65906E5	4.47995E5	5.36239E5	1.487E6	4.52406E5	6.52086E6	5.8378E5	2.15141E5	1.97866E5	1.91319E5	1.78774E5	1.69791E5	1.68265E5	1.68191E5	1.51124E5	1.34744E5	1.23818E5	1.09382E5	9.82245E4	8.54455E4	7.52442E4	6.40383E4
590	5.14062E5	4.30812E5	4.899E5	1.85148E6	4.51824E5	3.46648E6	1.60837E6	2.11664E5	1.94109E5	1.82701E5	1.76194E5	1.64834E5	1.64083E5	1.58029E5	1.46346E5	1.33284E5	1.1848E5	1.07844E5	9.45115E4	8.45925E4	7.18685E4	6.29435E4
592	4.49869E5	4.3968E5	4.72066E5	2.141E6	4.49939E5	1.47353E6	3.66823E6	2.10917E5	1.87895E5	1.75348E5	1.71203E5	1.60832E5	1.57518E5	1.55423E5	1.40624E5	1.28985E5	1.15592E5	1.05334E5	9.17477E4	8.1973E4	7.17105E4	6.07955E4
594	4.70515E5	4.25209E5	4.51319E5	2.3705E6	4.46789E5	6.20036E5	6.55966E6	2.02243E5	1.81161E5	1.74013E5	1.64002E5	1.57987E5	1.51471E5	1.4977E5	1.37069E5	1.25395E5	1.13001E5	1.01559E5	8.73889E4	7.80648E4	6.87966E4	5.81158E4
596	4.53242E5	4.18621E5	4.36794E5	2.4116E6	4.3734E5	3.98665E5	9.80035E6	1.97819E5	1.74749E5	1.65243E5	1.57653E5	1.49855E5	1.46329E5	1.4614E5	1.32111E5	1.16952E5	1.08511E5	9.82654E4	8.61928E4	7.58879E4	6.56991E4	5.64403E4
598	4.58842E5	4.00232E5	4.21864E5	2.31442E6	4.286E5	3.79942E5	1.27323E7	1.93724E5	1.66977E5	1.60576E5	1.52733E5	1.46104E5	1.45504E5	1.42095E5	1.27012E5	1.14967E5	1.03691E5	9.39662E4	8.25729E4	7.30309E4	6.28401E4	5.4156E4
600	4.55215E5	3.83425E5	4.29124E5	2.05621E6	4.36093E5	3.5678E5	1.45496E7	1.90404E5	1.69304E5	1.56447E5	1.48125E5	1.42799E5	1.37642E5	1.34196E5	1.2547E5	1.12516E5	1.00524E5	9.06334E4	8.03627E4	7.07621E4	6.3555E4	5.35796E4
