300	2.78881E5	1.71647E5	1.88219E5	2.68215E6	3.98013E5	3.46679E5	3.93407E7	1.59351E5	2.42312E4	1.47887E4	1.00746E4	7174.62038	5606.04148	5243.46177	5118.79182	4389.57437	3217.38548	3186.63056	2721.56267	3081.5633	2121.95571	2294.70914
302	2.91239E5	1.77971E5	2.0091E5	1.77449E6	7.18529E5	2.35385E5	3.42479E7	1.84285E6	2.73239E4	1.40586E4	1.03342E4	7220.4283	6349.53764	4740.58307	4410.97415	4279.66176	3238.56797	3321.03825	2628.01587	2290.71094	2701.62209	2063.6148
304	2.77095E5	1.8915E5	2.10161E5	1.00506E6	1.28952E6	2.24709E5	2.209E7	8.03613E6	3.09435E4	1.58998E4	1.07673E4	8134.53364	6677.52669	5511.82443	4149.03126	3686.26227	3247.07177	3465.46441	3009.6652	2219.80544	2371.40266	2262.89541
306	3.16297E5	2.06538E5	2.23606E5	5.50529E5	2.04963E6	2.25113E5	9.46683E6	1.98438E7	3.77835E4	1.68229E4	1.06077E4	7997.80433	6501.31398	5498.7682	4403.93813	3542.44792	3598.42848	2693.70345	2616.2711	2283.20212	2485.50684	1944.79755
308	3.14967E5	2.03389E5	2.24137E5	3.65654E5	2.71925E6	2.20634E5	2.26252E6	3.23536E7	5.64372E4	1.85511E4	1.20986E4	8020.72949	6741.55847	5956.13417	4180.37358	3900.41123	3439.76447	3373.17843	2496.87898	2390.14022	2522.93833	2254.09388
310	3.45124E5	2.06745E5	2.35702E5	3.16207E5	2.84927E6	2.45069E5	3.15679E5	3.77249E7	1.53239E5	2.07092E4	1.16921E4	8548.31356	7123.78791	6245.35877	4423.19618	4029.90117	3498.55458	2966.68532	2492.63581	2697.92007	2194.26087	2240.23176
312	3.3553E5	2.24702E5	2.41468E5	3.06258E5	2.44591E6	3.26675E5	1.80963E5	3.30724E7	1.73825E6	2.26003E4	1.30071E4	8934.36831	6807.4201	5282.99049	4426.52587	4277.84619	3584.14748	3190.0561	2831.6072	2471.43389	2265.1354	2071.44688
314	3.50755E5	2.22435E5	2.53973E5	3.19867E5	1.67655E6	6.03119E5	1.60833E5	2.06976E7	8.2365E6	2.76398E4	1.40258E4	8931.96001	6986.08696	5595.21453	4767.9932	3532.66488	3500.83387	3061.46081	2585.3381	2648.78267	2403.30331	2058.45415
316	3.6842E5	2.4032E5	2.67119E5	3.24306E5	1.00249E6	1.09062E6	1.57271E5	8.38006E6	1.95531E7	3.30276E4	1.50379E4	1.01531E4	7125.77304	5855.73934	4688.60663	3722.75113	3472.31427	3117.94955	2925.02986	2351.85142	2119.21019	2090.0351
318	3.60485E5	2.51745E5	2.85774E5	3.34381E5	6.09076E5	1.7341E6	1.57397E5	1.96297E6	2.97795E7	4.99599E4	1.60142E4	1.05855E4	7452.27829	6228.13613	4285.49936	3342.2013	3284.87288	3024.77358	2995.47492	2375.39993	2385.44121	2183.47193
320	3.43439E5	2.60539E5	2.92222E5	3.33124E5	4.39568E5	2.27857E6	1.56619E5	2.55978E5	3.33737E7	1.45977E5	1.72564E4	9980.38019	7519.78864	5728.95058	4841.47284	3666.44735	3074.00292	3139.23634	2937.22209	2312.6185	2342.54173	2237.9608
322	3.48001E5	2.80732E5	2.92963E5	3.39939E5	3.84243E5	2.38281E6	1.74569E5	1.51394E5	2.84045E7	1.62818E6	2.06315E4	9991.46522	8058.09166	6350.87213	4755.76125	3854.6476	3079.59156	2820.98158	2439.92265	2365.15074	2326.23647	1987.23596
324	3.78119E5	2.706E5	2.97197E5	3.55806E5	3.81525E5	2.04958E6	2.44378E5	1.3581E5	1.77739E7	7.01303E6	2.38289E4	1.08088E4	8430.56272	5959.74713	4705.04453	4107.51283	3171.16946	2998.55676	2534.7367	2300.00536	2328.20703	2052.51562
326	4.19021E5	2.95606E5	3.07401E5	3.54218E5	3.84292E5	1.47693E6	4.38825E5	1.29751E5	7.25244E6	1.63496E7	2.94983E4	1.21695E4	8305.67102	6019.90674	5068.50484	3645.06785	3017.77279	2689.92449	2374.39409	2326.23939	2319.21612	2127.74687
328	4.22322E5	2.71909E5	3.25951E5	3.68831E5	3.85053E5	9.3402E5	8.00923E5	1.30932E5	1.75677E6	2.46891E7	4.41693E4	1.31983E4	8797.05612	6508.87387	4820.92603	3606.22845	2648.45517	2723.01562	2156.49609	2382.97786	2023.28424	1960.45167
330	4.3922E5	3.10256E5	3.28599E5	3.79145E5	3.9691E5	5.79686E5	1.3282E6	1.34927E5	2.24182E5	2.83019E7	1.17285E5	1.40923E4	9296.70959	6633.58311	4975.80992	3974.55343	2934.11992	2714.64946	2659.39249	1988.42321	1844.6594	1799.08585
332	4.50169E5	3.16682E5	3.31768E5	3.87E5	4.03693E5	4.14476E5	1.77919E6	1.42526E5	1.37869E5	2.47849E7	1.30549E6	1.67931E4	9193.0388	6946.61508	4675.17102	3716.55697	3019.78621	2838.29974	2548.27994	2224.01005	2070.01155	1680.35408
334	4.8589E5	3.26898E5	3.3976E5	3.86164E5	4.11959E5	3.74736E5	1.96192E6	1.57518E5	1.23938E5	1.64509E7	5.82149E6	1.91061E4	9760.89716	7141.41613	5341.32116	3948.66178	3280.02726	2611.6232	2169.6186	2304.46034	2038.50215	1889.53942
336	5.08396E5	3.22781E5	3.47796E5	3.99625E5	4.07487E5	3.67032E5	1.79588E6	2.06847E5	1.22711E5	7.06406E6	1.39687E7	2.52373E4	1.14469E4	7621.90349	5273.11606	3973.55715	3053.89915	2899.57382	2337.97144	2050.3652	1748.79709	1902.42481
338	5.26671E5	3.58499E5	3.57834E5	4.04594E5	4.21197E5	3.71659E5	1.37631E6	3.3844E5	1.23888E5	1.83808E6	2.11216E7	3.62113E4	1.12528E4	7681.18816	4910.5429	3886.56128	3237.14887	2614.08429	2228.83675	2288.4765	1994.62071	1611.0693
340	5.32507E5	3.77079E5	3.66977E5	3.96866E5	4.2545E5	3.79746E5	8.87166E5	6.18936E5	1.28945E5	2.33851E5	2.40074E7	9.80449E4	1.34586E4	7334.53877	5562.95883	3891.11521	2999.12655	2578.03978	2472.55654	2163.76851	1768.67558	1844.06389
342	5.79712E5	3.97175E5	3.679E5	4.05297E5	4.29588E5	3.78743E5	5.57024E5	9.99101E5	1.3551E5	1.26698E5	2.12707E7	1.07808E6	1.38732E4	7717.83434	5950.85399	3526.83138	2982.58868	2790.61949	2147.47732	1944.98424	1797.49811	1963.96055
344	5.97999E5	3.84319E5	3.83638E5	4.06238E5	4.32352E5	3.88161E5	3.83733E5	1.41489E6	1.43111E5	1.15077E5	1.39133E7	5.22109E6	1.69212E4	8478.00446	5972.85359	3974.06994	3175.5824	2284.54976	2311.62083	1825.63129	1933.47642	1691.75011
346	5.96639E5	4.20535E5	3.81222E5	4.11664E5	4.40151E5	3.97531E5	3.3358E5	1.61353E6	1.59265E5	1.16632E5	6.14059E6	1.19884E7	2.14121E4	9026.49563	5795.9457	3985.58035	2754.51746	2651.19425	2326.08263	2133.00902	1722.61389	1708.60182
348	6.64276E5	4.35077E5	3.9816E5	4.1539E5	4.47917E5	4.02547E5	3.29422E5	1.5338E6	2.00358E5	1.23143E5	1.43533E6	1.80885E7	3.11328E4	9830.56822	5737.26533	4332.28615	3072.95385	2625.56295	2670.84807	1982.92745	1618.13937	1519.36019
350	6.36071E5	4.42933E5	3.98902E5	4.16711E5	4.41113E5	4.15227E5	3.36974E5	1.23411E6	2.9057E5	1.30268E5	2.03732E5	2.01089E7	6.8649E4	1.0979E4	6020.3345	4618.06923	3147.08715	2419.86373	2082.82447	1851.18032	1600.24042	1562.18159
352	6.49506E5	4.77223E5	4.11732E5	4.16691E5	4.45164E5	4.18728E5	3.47296E5	8.49409E5	4.92071E5	1.41412E5	1.19087E5	1.75915E7	8.76871E5	1.2081E4	6544.55848	5007.08475	2902.59176	2732.29266	2180.33267	1995.85251	1782.50518	1561.23161
354	6.4976E5	5.01418E5	4.14798E5	4.20276E5	4.44151E5	4.26691E5	3.56278E5	5.63459E5	7.64855E5	1.49127E5	1.08298E5	1.17264E7	4.1643E6	1.44395E4	6460.78193	4634.48011	2901.54721	2829.30203	2136.6797	2136.6116	1933.74767	1365.55932
356	6.88174E5	5.09318E5	4.41251E5	4.27752E5	4.52785E5	4.29515E5	3.67256E5	4.01504E5	1.07689E6	1.61341E5	1.10701E5	5.08311E6	1.00417E7	1.90984E4	6745.87825	4527.60225	3277.4238	2628.62593	2213.18877	1907.74161	1611.58185	1560.6649
358	7.04714E5	5.15962E5	4.45247E5	4.44314E5	4.51146E5	4.42446E5	3.8699E5	3.49358E5	1.29004E6	1.77949E5	1.20295E5	1.27285E6	1.54389E7	2.75852E4	7515.98287	4553.22301	3450.29572	2414.49134	1995.20578	1866.86429	1545.94426	1630.91505
360	7.43295E5	5.45909E5	4.54009E5	4.47517E5	4.58898E5	4.50212E5	3.94675E5	3.43546E5	1.30373E6	2.06469E5	1.3085E5	1.80265E5	1.77126E7	6.28987E4	9267.30456	4905.7115	3865.82897	2669.44214	2164.10483	1906.94745	1632.67329	1366.75606
362	7.71239E5	5.7272E5	4.80907E5	4.50603E5	4.68637E5	4.59975E5	4.07231E5	3.50155E5	1.13357E6	2.62281E5	1.39854E5	1.0891E5	1.61572E7	7.33793E5	9842.45634	5248.85701	3980.04728	2693.83069	2109.34273	1762.84365	1856.21864	1473.51758
364	7.47552E5	6.13165E5	4.98246E5	4.6592E5	4.64994E5	4.66911E5	4.20494E5	3.6512E5	8.51187E5	3.87973E5	1.51311E5	1.02122E5	1.13189E7	3.64095E6	1.23412E4	5714.49406	4127.75342	2527.95483	2236.39163	1870.58982	1639.25672	1343.58152
366	7.75413E5	6.1746E5	5.12677E5	4.70917E5	4.80693E5	4.73869E5	4.40584E5	3.80696E5	6.03044E5	5.94303E5	1.62847E5	1.04062E5	5.02666E6	9.34499E6	1.61618E4	5916.61746	3889.47611	2943.1297	2074.53312	1941.3674	1537.42987	1622.19298
368	8.25285E5	6.28696E5	5.34732E5	4.83089E5	4.79391E5	4.87552E5	4.50896E5	3.99156E5	4.53251E5	8.4852E5	1.77594E5	1.12668E5	1.29933E6	1.42705E7	2.36518E4	6729.09232	3972.09774	3280.4463	2288.59922	1836.74508	1552.416	1291.741
370	8.16077E5	6.62217E5	5.56731E5	4.90971E5	4.93823E5	4.98418E5	4.66491E5	4.15176E5	3.91811E5	1.06132E6	1.92271E5	1.22792E5	1.66142E5	1.6252E7	5.73735E4	7661.64466	4115.1176	3233.2803	2240.57227	1974.40814	1567.08871	1421.523
372	8.60288E5	6.93822E5	5.66346E5	5.11837E5	5.04685E5	4.95164E5	4.83147E5	4.32779E5	3.85297E5	1.1331E6	2.14878E5	1.31908E5	9.82081E4	1.44134E7	7.12038E5	8912.57559	4291.59812	3310.20502	2307.60293	1970.75385	1819.78678	1493.72617
374	8.99271E5	7.1077E5	5.83148E5	5.07205E5	5.01286E5	5.09305E5	4.9539E5	4.48422E5	3.92294E5	1.02795E6	2.61436E5	1.41604E5	8.99727E4	9.58369E6	3.41632E6	1.04423E4	4871.89966	3302.86791	2510.53236	1913.31712	1590.88361	1553.64612
376	8.87022E5	7.31113E5	6.06443E5	5.33306E5	5.15235E5	5.24604E5	5.12526E5	4.7072E5	4.02937E5	8.35679E5	3.51309E5	1.50677E5	9.2269E4	4.15476E6	8.16361E6	1.40454E4	4876.40349	3206.37979	2563.224	2062.60101	1613.16917	1527.03943
378	9.36841E5	7.88566E5	6.31856E5	5.39606E5	5.28678E5	5.32951E5	5.20707E5	4.82576E5	4.19606E5	6.35856E5	5.03282E5	1.6437E5	9.95356E4	9.73524E5	1.24544E7	2.0681E4	5914.91628	3401.68466	2783.41079	1668.5841	1944.73538	1593.02209
380	9.50178E5	7.87061E5	6.57637E5	5.56145E5	5.33002E5	5.42863E5	5.36064E5	5.04582E5	4.37138E5	4.96654E5	6.97584E5	1.79739E5	1.08904E5	1.39584E5	1.40278E7	4.80323E4	6583.66804	3619.39338	2789.8951	2024.43921	1602.29528	1430.67679
382	9.68394E5	8.35137E5	6.71735E5	5.78843E5	5.49824E5	5.56631E5	5.54127E5	5.20468E5	4.55377E5	4.33822E5	8.72976E5	1.91551E5	1.1879E5	8.9169E4	1.273E7	5.70844E5	7385.76148	3865.19408	2939.11179	2148.27049	1575.83013	1441.89384
384	1.00354E6	8.51239E5	6.97874E5	5.90501E5	5.5855E5	5.69927E5	5.73632E5	5.39332E5	4.73692E5	4.16773E5	9.8284E5	2.1056E5	1.29355E5	8.54137E4	8.74634E6	2.83788E6	9074.89626	4046.03352	3238.12768	2525.25591	1762.94895	1341.29622
386	1.02779E6	8.88953E5	7.21886E5	6.06153E5	5.7309E5	5.80398E5	5.78871E5	5.6428E5	4.89764E5	4.23245E5	9.61088E5	2.45046E5	1.40878E5	8.72284E4	3.90233E6	7.19139E6	1.23468E4	4751.32071	2960.20963	2593.61411	1846.02104	1321.20206
388	1.09653E6	9.14437E5	7.47139E5	6.16742E5	5.8993E5	5.95156E5	6.04055E5	5.74362E5	5.05277E5	4.35006E5	8.44098E5	3.06458E5	1.52707E5	9.30996E4	1.03919E6	1.11811E7	1.92598E4	5044.51403	2959.64106	2913.27513	1711.12071	1446.71779
390	1.09511E6	9.39358E5	7.74876E5	6.39376E5	6.00784E5	6.07509E5	6.12155E5	5.8774E5	5.27316E5	4.47369E5	6.78298E5	4.12752E5	1.66654E5	1.02042E5	1.47E5	1.31464E7	4.49793E4	5957.25469	3183.32483	2759.14686	1920.64878	1549.99404
392	1.11778E6	9.63751E5	7.87251E5	6.53743E5	6.12331E5	6.14532E5	6.25939E5	6.05576E5	5.44295E5	4.65709E5	5.38113E5	5.66855E5	1.80783E5	1.14552E5	8.3891E4	1.21724E7	6.00562E5	6989.49901	4082.8643	3133.36803	1862.74225	1754.01555
394	1.1119E6	1.00701E6	8.09583E5	6.64179E5	6.23787E5	6.34661E5	6.38363E5	6.20711E5	5.58193E5	4.79136E5	4.656E5	7.27419E5	1.95229E5	1.24547E5	7.91867E4	8.83329E6	2.70638E6	9163.93221	4014.48461	2898.24232	1998.49197	1683.79512
396	1.15582E6	1.02932E6	8.48567E5	6.90577E5	6.31163E5	6.45869E5	6.51814E5	6.33488E5	5.71091E5	4.94949E5	4.38095E5	8.58392E5	2.11537E5	1.35717E5	8.04362E4	4.07222E6	6.82789E6	1.201E4	4132.25756	2890.5657	2398.7985	1589.89077
398	1.17906E6	1.0615E6	8.6713E5	7.06559E5	6.49959E5	6.52664E5	6.63888E5	6.52166E5	5.86609E5	5.1206E5	4.32289E5	8.81976E5	2.36631E5	1.46103E5	8.42595E4	1.07882E6	1.04855E7	1.71961E4	4910.22525	3063.60969	2421.58315	1702.68386
400	1.23029E6	1.09024E6	8.93528E5	7.25615E5	6.54514E5	6.61597E5	6.76572E5	6.61077E5	6.04458E5	5.25844E5	4.43664E5	8.08852E5	2.76314E5	1.58344E5	9.10034E4	1.43714E5	1.20336E7	3.73353E4	5337.94404	3064.37737	2502.11897	1844.70434
402	1.27493E6	1.08776E6	9.09805E5	7.40061E5	6.69592E5	6.75003E5	6.88137E5	6.72688E5	6.1432E5	5.37877E5	4.57183E5	6.92587E5	3.4947E5	1.71569E5	1.01289E5	7.58887E4	1.0841E7	4.60223E5	6340.47411	3251.39528	2571.19225	1912.22765
404	1.27538E6	1.12841E6	9.35001E5	7.56815E5	6.84698E5	6.86177E5	7.02262E5	6.81067E5	6.31902E5	5.5013E5	4.72161E5	5.6487E5	4.59981E5	1.8401E5	1.11248E5	7.09284E4	7.36141E6	2.39473E6	8243.13125	3554.15402	2601.23578	1997.66523
406	1.28887E6	1.15535E6	9.51996E5	7.76554E5	6.95545E5	6.96267E5	7.03874E5	6.96223E5	6.40761E5	5.637E5	4.87335E5	4.79063E5	5.93976E5	1.97702E5	1.1999E5	7.12405E4	3.27324E6	6.04879E6	1.05947E4	3850.11743	2617.64097	2100.49883
408	1.32489E6	1.17514E6	9.78815E5	7.88486E5	7.04929E5	7.01394E5	7.15645E5	7.00671E5	6.50435E5	5.73538E5	5.00464E5	4.42769E5	7.18174E5	2.1504E5	1.28447E5	7.31299E4	8.01221E5	9.63528E6	1.60442E4	4477.37222	2635.29101	2261.45963
410	1.36119E6	1.19916E6	9.99665E5	8.07944E5	7.16351E5	7.11512E5	7.19213E5	7.12556E5	6.60629E5	5.89626E5	5.12345E5	4.33249E5	7.89159E5	2.34884E5	1.37563E5	7.98959E4	1.05626E5	1.1184E7	3.24696E4	5252.02511	2879.53861	2636.60598
412	1.34655E6	1.22792E6	1.00827E6	8.18031E5	7.2801E5	7.16666E5	7.32589E5	7.16782E5	6.69696E5	6.02915E5	5.2327E5	4.39964E5	7.79196E5	2.62373E5	1.49982E5	8.74544E4	6.6492E4	1.01516E7	3.69699E5	6097.3909	2849.75201	2365.71279
414	1.36559E6	1.24023E6	1.03428E6	8.42866E5	7.41767E5	7.26183E5	7.2926E5	7.20426E5	6.79059E5	6.11076E5	5.35449E5	4.51706E5	7.06982E5	3.0907E5	1.62848E5	9.65695E4	6.2909E4	7.03902E6	1.96112E6	7439.18859	3206.10105	2117.98687
416	1.384E6	1.25906E6	1.05901E6	8.53625E5	7.45865E5	7.28655E5	7.37497E5	7.28131E5	6.85407E5	6.2062E5	5.48868E5	4.61853E5	5.99507E5	3.88902E5	1.7305E5	1.03663E5	6.20497E4	3.20606E6	5.33467E6	1.03462E4	3577.12212	2073.06873
418	1.3848E6	1.26595E6	1.07344E6	8.61608E5	7.62172E5	7.31527E5	7.36784E5	7.3344E5	6.91484E5	6.2795E5	5.62067E5	4.75194E5	5.08085E5	4.9778E5	1.82934E5	1.12538E5	6.60722E4	8.24707E5	8.85227E6	1.48277E4	3962.84164	2343.78244
420	1.38126E6	1.28715E6	1.08522E6	8.94335E5	7.66059E5	7.40175E5	7.44675E5	7.34881E5	6.92124E5	6.40261E5	5.74923E5	4.84852E5	4.51111E5	6.14021E5	1.92162E5	1.19632E5	7.02432E4	1.08131E5	1.05905E7	3.07953E4	4284.35532	2396.52721
422	1.43042E6	1.30755E6	1.11656E6	8.88797E5	7.74926E5	7.48109E5	7.42756E5	7.35743E5	7.05893E5	6.47499E5	5.81232E5	4.97036E5	4.28816E5	6.97521E5	2.10399E5	1.29329E5	7.53363E4	5.93797E4	9.69199E6	4.02376E5	5328.33709	2631.75806
424	1.40782E6	1.31437E6	1.11839E6	9.16906E5	7.80296E5	7.43683E5	7.43787E5	7.38071E5	7.05879E5	6.57011E5	5.88778E5	5.06018E5	4.32817E5	7.2153E5	2.31626E5	1.37526E5	8.22021E4	5.52469E4	6.69321E6	2.01595E6	6515.1389	2651.80046
426	1.43606E6	1.32307E6	1.14473E6	9.21403E5	7.9985E5	7.45052E5	7.45954E5	7.40668E5	7.05046E5	6.55663E5	5.93131E5	5.18293E5	4.34124E5	6.85558E5	2.61965E5	1.49389E5	9.18838E4	5.52518E4	2.86438E6	5.46777E6	9009.41977	3246.3228
428	1.42781E6	1.36061E6	1.13327E6	9.44546E5	7.9423E5	7.57226E5	7.4521E5	7.40891E5	7.08462E5	6.62312E5	6.03855E5	5.26017E5	4.42312E5	6.02131E5	3.16633E5	1.58892E5	9.94174E4	5.71948E4	6.73173E5	8.80208E6	1.36252E4	3486.44234
430	1.46197E6	1.33556E6	1.16298E6	9.46006E5	8.12919E5	7.47942E5	7.4378E5	7.3923E5	7.06993E5	6.69461E5	6.15224E5	5.34811E5	4.53277E5	5.155E5	3.91295E5	1.66372E5	1.05846E5	6.10462E4	8.67506E4	1.01535E7	3.02252E4	3898.5119
432	1.42549E6	1.36111E6	1.16261E6	9.63875E5	8.13418E5	7.56242E5	7.4018E5	7.37191E5	7.10117E5	6.72135E5	6.17466E5	5.44719E5	4.65067E5	4.51016E5	4.85149E5	1.77775E5	1.12874E5	6.64481E4	5.44647E4	8.876E6	3.76882E5	4514.50383
434	1.46642E6	1.35556E6	1.19276E6	9.73072E5	8.27637E5	7.60735E5	7.43136E5	7.3612E5	7.09529E5	6.73012E5	6.22625E5	5.52696E5	4.70221E5	4.21438E5	5.59646E5	1.88326E5	1.19811E5	7.14312E4	5.0564E4	5.63827E6	1.96293E6	5548.30551
436	1.49209E6	1.34975E6	1.19276E6	9.93903E5	8.19458E5	7.61127E5	7.37982E5	7.40738E5	7.07751E5	6.74211E5	6.25942E5	5.6021E5	4.82102E5	4.15397E5	6.05739E5	2.01555E5	1.2778E5	7.8982E4	5.11195E4	2.36698E6	4.929E6	8218.48203
438	1.45481E6	1.35785E6	1.20294E6	9.8877E5	8.34343E5	7.56601E5	7.37915E5	7.28327E5	7.09951E5	6.75824E5	6.30082E5	5.65639E5	4.89961E5	4.16694E5	6.06234E5	2.20021E5	1.35387E5	8.52876E4	5.27627E4	5.57132E5	7.92543E6	1.19016E4
440	1.44769E6	1.36479E6	1.20772E6	9.97621E5	8.30326E5	7.60395E5	7.35989E5	7.26695E5	7.06021E5	6.75899E5	6.36003E5	5.67941E5	4.9319E5	4.21828E5	5.59652E5	2.52189E5	1.42368E5	9.09966E4	5.45875E4	7.56625E4	9.33287E6	2.28407E4
442	1.46182E6	1.38287E6	1.21526E6	1.00203E6	8.40508E5	7.59841E5	7.29914E5	7.22548E5	7.06326E5	6.70023E5	6.33938E5	5.7083E5	5.03434E5	4.283E5	4.9228E5	2.99325E5	1.51059E5	9.67477E4	5.94355E4	5.06353E4	8.36963E6	2.50951E5
444	1.44106E6	1.36036E6	1.20662E6	1.01864E6	8.4125E5	7.61156E5	7.2423E5	7.14671E5	6.96878E5	6.68563E5	6.32614E5	5.71258E5	5.05697E5	4.35317E5	4.25772E5	3.63292E5	1.57814E5	1.02801E5	6.34191E4	4.73934E4	5.54125E6	1.38854E6
446	1.45652E6	1.37038E6	1.21767E6	1.01557E6	8.4713E5	7.48129E5	7.21022E5	7.10923E5	6.94578E5	6.73021E5	6.34594E5	5.77785E5	5.12127E5	4.42505E5	3.85753E5	4.33819E5	1.66159E5	1.08809E5	6.95706E4	4.70427E4	2.36152E6	4.11541E6
448	1.43963E6	1.36616E6	1.221E6	1.02938E6	8.50668E5	7.52285E5	7.1816E5	7.06191E5	6.92111E5	6.65179E5	6.35807E5	5.79933E5	5.16836E5	4.45848E5	3.65581E5	4.90549E5	1.763E5	1.15165E5	7.50394E4	4.80579E4	5.60188E5	7.13129E6
450	1.47058E6	1.37385E6	1.21721E6	1.02891E6	8.60579E5	7.49511E5	7.09903E5	6.96896E5	6.91807E5	6.70109E5	6.3583E5	5.83858E5	5.21187E5	4.55303E5	3.61157E5	5.21855E5	1.88844E5	1.21461E5	8.02667E4	5.22344E4	7.5272E4	8.76812E6
452	1.41574E6	1.37243E6	1.23404E6	1.03867E6	8.5773E5	7.52187E5	7.11956E5	7.02514E5	6.79669E5	6.66136E5	6.31747E5	5.85037E5	5.22386E5	4.57589E5	3.63201E5	5.07318E5	2.10955E5	1.28342E5	8.6017E4	5.42152E4	4.58704E4	8.00465E6
454	1.42851E6	1.38989E6	1.21885E6	1.03577E6	8.56123E5	7.54065E5	7.08015E5	6.94368E5	6.71372E5	6.6003E5	6.33179E5	5.83023E5	5.24505E5	4.65821E5	3.65532E5	4.61055E5	2.43203E5	1.35936E5	9.02761E4	5.74555E4	4.2456E4	5.33249E6
456	1.41701E6	1.33814E6	1.23247E6	1.04042E6	8.5435E5	7.44303E5	6.98215E5	6.87844E5	6.67277E5	6.48324E5	6.24879E5	5.78274E5	5.27079E5	4.71556E5	3.70296E5	4.03921E5	2.89191E5	1.41387E5	9.3999E4	6.12874E4	4.28851E4	2.20877E6
458	1.40963E6	1.34463E6	1.22642E6	1.03355E6	8.54497E5	7.45263E5	6.98936E5	6.77921E5	6.61267E5	6.44716E5	6.1971E5	5.80321E5	5.27327E5	4.69198E5	3.73182E5	3.53023E5	3.43623E5	1.45112E5	1.00518E5	6.61088E4	4.32567E4	5.2963E5
460	1.3906E6	1.33543E6	1.21521E6	1.02679E6	8.52907E5	7.30469E5	6.83017E5	6.67958E5	6.55508E5	6.42308E5	6.18149E5	5.74344E5	5.23616E5	4.71219E5	3.78784E5	3.22908E5	3.97418E5	1.51418E5	1.04697E5	7.09702E4	4.50362E4	7.05987E4
462	1.33003E6	1.32311E6	1.2088E6	1.03758E6	8.51306E5	7.33006E5	6.74326E5	6.59747E5	6.44704E5	6.36663E5	6.12601E5	5.71343E5	5.24826E5	4.75084E5	3.82648E5	3.08611E5	4.33889E5	1.62563E5	1.10348E5	7.69028E4	4.78676E4	4.15413E4
464	1.39709E6	1.3143E6	1.21369E6	1.02409E6	8.46454E5	7.38046E5	6.71974E5	6.55E5	6.36287E5	6.25668E5	6.08789E5	5.65448E5	5.23639E5	4.73188E5	3.83972E5	3.05872E5	4.39226E5	1.72675E5	1.14326E5	8.0069E4	5.0189E4	3.90936E4
466	1.37869E6	1.29749E6	1.18867E6	1.02496E6	8.39736E5	7.26057E5	6.71364E5	6.4656E5	6.30601E5	6.17499E5	5.98679E5	5.66636E5	5.22955E5	4.73377E5	3.85702E5	3.04077E5	4.13102E5	1.93527E5	1.18213E5	8.43797E4	5.36585E4	3.83405E4
468	1.52798E6	1.2862E6	1.17307E6	1.02772E6	8.46333E5	7.19546E5	6.56967E5	6.37274E5	6.24279E5	6.10063E5	5.96298E5	5.60143E5	5.21784E5	4.72893E5	3.86318E5	3.10068E5	3.73633E5	2.22168E5	1.23568E5	8.69429E4	5.75469E4	3.9084E4
470	2.06995E6	1.29198E6	1.18305E6	1.01556E6	8.33759E5	7.16789E5	6.57181E5	6.27421E5	6.16872E5	6.02106E5	5.85415E5	5.56788E5	5.16202E5	4.74127E5	3.87377E5	3.11565E5	3.24387E5	2.60464E5	1.28559E5	9.25024E4	6.09332E4	4.03267E4
472	3.39228E6	1.25198E6	1.17711E6	1.02045E6	8.33423E5	7.16496E5	6.53802E5	6.25432E5	6.0229E5	5.96223E5	5.79082E5	5.50569E5	5.12615E5	4.76692E5	3.88597E5	3.10621E5	2.91562E5	3.05749E5	1.32895E5	9.56504E4	6.37216E4	4.20301E4
474	5.70282E6	1.26027E6	1.17177E6	1.0061E6	8.32084E5	7.09837E5	6.43445E5	6.10697E5	5.94861E5	5.88662E5	5.72161E5	5.45223E5	5.11466E5	4.69491E5	3.89552E5	3.10657E5	2.68389E5	3.46314E5	1.36674E5	9.85261E4	6.87975E4	4.38062E4
476	9.04862E6	1.24052E6	1.13631E6	9.89902E5	8.32282E5	7.1091E5	6.2879E5	6.02662E5	5.88968E5	5.7568E5	5.6595E5	5.37048E5	5.04705E5	4.67509E5	3.92087E5	3.12496E5	2.58915E5	3.70715E5	1.43537E5	1.02612E5	7.13685E4	4.66861E4
478	1.30677E7	1.2281E6	1.14647E6	9.87119E5	8.11364E5	6.97287E5	6.2812E5	5.92973E5	5.79787E5	5.67635E5	5.52615E5	5.28586E5	4.98527E5	4.64487E5	3.90278E5	3.15913E5	2.52665E5	3.70494E5	1.54153E5	1.05265E5	7.42142E4	4.87888E4
480	1.68841E7	1.21531E6	1.12978E6	9.85482E5	8.07839E5	6.8604E5	6.18414E5	5.7896E5	5.66164E5	5.60069E5	5.45104E5	5.20784E5	4.9326E5	4.64745E5	3.87976E5	3.1646E5	2.54272E5	3.45728E5	1.74093E5	1.09084E5	7.69657E4	5.15138E4
482	1.88447E7	1.21706E6	1.12044E6	9.7468E5	7.99542E5	6.87331E5	6.11819E5	5.74791E5	5.55762E5	5.49687E5	5.38771E5	5.14346E5	4.87136E5	4.54829E5	3.86035E5	3.13501E5	2.54997E5	3.07896E5	2.02094E5	1.1035E5	7.82483E4	5.48816E4
484	1.81244E7	1.19119E6	1.10251E6	9.49036E5	7.9479E5	6.71235E5	5.97733E5	5.64235E5	5.44315E5	5.37293E5	5.25396E5	5.05512E5	4.77536E5	4.51905E5	3.82388E5	3.11441E5	2.52696E5	2.6389E5	2.35879E5	1.13266E5	8.21596E4	5.79014E4
486	1.54951E7	1.19488E6	1.09073E6	9.47699E5	7.83218E5	6.65753E5	5.92102E5	5.52409E5	5.42434E5	5.29831E5	5.14026E5	4.98625E5	4.74059E5	4.44427E5	3.79551E5	3.10963E5	2.51632E5	2.34996E5	2.70543E5	1.16408E5	8.39442E4	5.98997E4
488	1.13159E7	1.46583E6	1.06656E6	9.32195E5	7.79718E5	6.56653E5	5.87599E5	5.43703E5	5.32283E5	5.1943E5	5.07446E5	4.89271E5	4.68374E5	4.42379E5	3.76137E5	3.12321E5	2.52502E5	2.17643E5	3.00509E5	1.20875E5	8.72371E4	6.19338E4
490	7.03558E6	2.38651E6	1.04866E6	9.35805E5	7.69054E5	6.47441E5	5.82428E5	5.40291E5	5.14586E5	5.10766E5	5.03446E5	4.78946E5	4.63271E5	4.32004E5	3.7373E5	3.10871E5	2.53105E5	2.09121E5	3.15437E5	1.27952E5	8.99075E4	6.4362E4
492	3.55205E6	4.37316E6	1.03715E6	9.06332E5	7.65178E5	6.43109E5	5.67652E5	5.30616E5	5.09259E5	4.9908E5	4.90204E5	4.70634E5	4.513E5	4.29798E5	3.67663E5	3.08083E5	2.50313E5	2.07066E5	3.07596E5	1.3897E5	9.13378E4	6.65528E4
494	1.86371E6	7.46856E6	1.00244E6	8.97065E5	7.46599E5	6.34263E5	5.62149E5	5.17602E5	4.99782E5	4.85321E5	4.7965E5	4.63977E5	4.43747E5	4.24935E5	3.63206E5	3.02893E5	2.50626E5	2.05201E5	2.86692E5	1.56971E5	9.25292E4	6.82293E4
496	1.34154E6	1.19262E7	1.00034E6	8.90008E5	7.48927E5	6.25095E5	5.49333E5	5.14941E5	4.90063E5	4.77679E5	4.72724E5	4.52365E5	4.37756E5	4.19416E5	3.57767E5	3.01529E5	2.5028E5	2.02647E5	2.49849E5	1.81251E5	9.42531E4	6.99426E4
498	1.15992E6	1.65599E7	9.92283E5	8.84761E5	7.41596E5	6.1934E5	5.43732E5	5.00369E5	4.80201E5	4.71257E5	4.61403E5	4.4182E5	4.33603E5	4.13288E5	3.57117E5	2.98824E5	2.50482E5	2.07583E5	2.19331E5	2.10535E5	9.67765E4	7.22857E4
500	1.17584E6	2.05601E7	9.9642E5	8.71322E5	7.2347E5	6.11607E5	5.31111E5	4.91124E5	4.73095E5	4.58808E5	4.51513E5	4.3724E5	4.20292E5	4.06169E5	3.52423E5	2.97876E5	2.48862E5	2.0627E5	1.9341E5	2.38997E5	9.97804E4	7.47883E4
502	1.11294E6	2.23088E7	9.60314E5	8.5702E5	7.12406E5	5.95253E5	5.22395E5	4.84678E5	4.65069E5	4.50412E5	4.45096E5	4.31874E5	4.15271E5	3.9719E5	3.45059E5	2.95554E5	2.46406E5	2.03951E5	1.79581E5	2.58823E5	1.01755E5	7.63253E4
504	1.07229E6	2.12035E7	9.58231E5	8.36616E5	7.05296E5	5.89291E5	5.15422E5	4.70508E5	4.60637E5	4.46934E5	4.39594E5	4.22938E5	4.06435E5	3.91978E5	3.43308E5	2.89534E5	2.4592E5	2.04252E5	1.72412E5	2.65689E5	1.08328E5	7.61578E4
506	1.0728E6	1.75448E7	9.87179E5	8.33502E5	6.89305E5	5.87158E5	5.1066E5	4.67087E5	4.45253E5	4.36803E5	4.25584E5	4.14262E5	4.01401E5	3.86197E5	3.37243E5	2.85335E5	2.41057E5	2.00664E5	1.70132E5	2.58186E5	1.18493E5	7.72936E4
508	1.11032E6	1.28219E7	1.28698E6	8.24265E5	6.80649E5	5.77438E5	4.99489E5	4.56899E5	4.39659E5	4.25085E5	4.1729E5	4.03802E5	3.93371E5	3.76398E5	3.32187E5	2.81997E5	2.4152E5	2.0128E5	1.689E5	2.37267E5	1.32694E5	7.70774E4
510	1.1123E6	7.63239E6	2.47483E6	8.04666E5	6.76149E5	5.56925E5	4.89599E5	4.43821E5	4.26053E5	4.15107E5	4.09351E5	3.96292E5	3.83824E5	3.71802E5	3.26296E5	2.807E5	2.3549E5	1.9844E5	1.67911E5	2.06304E5	1.51713E5	8.04816E4
512	1.21258E6	3.67849E6	5.09668E6	7.95292E5	6.59247E5	5.49114E5	4.81151E5	4.39022E5	4.18778E5	4.06415E5	4.01194E5	3.9282E5	3.78481E5	3.62299E5	3.20161E5	2.75395E5	2.35778E5	1.95498E5	1.63937E5	1.77776E5	1.76681E5	8.29714E4
514	1.40383E6	1.71735E6	8.95551E6	7.71672E5	6.43275E5	5.47601E5	4.71211E5	4.30119E5	4.11397E5	3.98944E5	3.90865E5	3.76799E5	3.70372E5	3.52462E5	3.15365E5	2.72064E5	2.32147E5	1.94694E5	1.62629E5	1.57366E5	1.96743E5	8.24585E4
516	1.68282E6	1.09741E6	1.39009E7	7.65801E5	6.41209E5	5.3408E5	4.59923E5	4.21641E5	3.982E5	3.90743E5	3.82409E5	3.71223E5	3.61149E5	3.52489E5	3.11234E5	2.67501E5	2.29954E5	1.96054E5	1.62421E5	1.45863E5	2.13162E5	8.71743E4
518	2.00711E6	9.99611E5	1.91524E7	7.47333E5	6.35772E5	5.26684E5	4.54183E5	4.15543E5	3.97073E5	3.79365E5	3.74465E5	3.60469E5	3.54147E5	3.40879E5	3.0341E5	2.63324E5	2.28031E5	1.89922E5	1.59114E5	1.39281E5	2.19827E5	9.03292E4
520	2.39931E6	9.36552E5	2.33048E7	7.38225E5	6.15905E5	5.13577E5	4.48868E5	4.0871E5	3.85492E5	3.68925E5	3.62833E5	3.51529E5	3.43575E5	3.35097E5	2.97337E5	2.57911E5	2.21289E5	1.89337E5	1.60954E5	1.37314E5	2.07368E5	9.92322E4
522	2.66958E6	9.20826E5	2.46151E7	7.32458E5	6.10498E5	5.07303E5	4.43289E5	3.95744E5	3.75642E5	3.63934E5	3.59073E5	3.42764E5	3.35388E5	3.28028E5	2.9056E5	2.54993E5	2.18022E5	1.87299E5	1.60393E5	1.33235E5	1.89614E5	1.08507E5
524	2.89114E6	8.8485E5	2.26439E7	7.38614E5	5.93818E5	5.02979E5	4.31713E5	3.91044E5	3.65025E5	3.57174E5	3.48405E5	3.34355E5	3.28292E5	3.24641E5	2.85452E5	2.44725E5	2.14863E5	1.85027E5	1.5478E5	1.3324E5	1.66728E5	1.24791E5
526	2.97617E6	8.83446E5	1.84328E7	7.61608E5	5.8051E5	4.92111E5	4.22501E5	3.85149E5	3.61936E5	3.46234E5	3.36449E5	3.27668E5	3.21397E5	3.12433E5	2.80176E5	2.44633E5	2.1205E5	1.8139E5	1.54305E5	1.31383E5	1.44862E5	1.42878E5
528	2.73629E6	8.5913E5	1.30964E7	1.09368E6	5.75406E5	4.80267E5	4.14956E5	3.76982E5	3.50972E5	3.42239E5	3.28834E5	3.20545E5	3.13684E5	3.05996E5	2.73487E5	2.40487E5	2.06079E5	1.80188E5	1.52682E5	1.32784E5	1.27325E5	1.60923E5
530	2.42945E6	8.2962E5	7.59043E6	2.50757E6	5.61756E5	4.75807E5	4.08066E5	3.63597E5	3.46371E5	3.30702E5	3.21092E5	3.09805E5	3.04912E5	3.00551E5	2.65439E5	2.32994E5	2.02731E5	1.75818E5	1.51477E5	1.26583E5	1.15057E5	1.72823E5
532	2.0128E6	8.7251E5	3.53095E6	5.51871E6	5.56749E5	4.68599E5	3.97235E5	3.57647E5	3.35598E5	3.20771E5	3.10737E5	3.059E5	3.01156E5	2.93132E5	2.59946E5	2.27286E5	2.00756E5	1.71127E5	1.47389E5	1.27297E5	1.09283E5	1.77976E5
534	1.5827E6	9.45516E5	1.43443E6	1.03072E7	5.37856E5	4.54794E5	3.88182E5	3.48771E5	3.24755E5	3.14458E5	3.0696E5	3.00391E5	2.88815E5	2.85779E5	2.56011E5	2.25788E5	1.96697E5	1.68809E5	1.45067E5	1.2586E5	1.06896E5	1.72689E5
536	1.19084E6	1.13744E6	8.71089E5	1.60186E7	5.33974E5	4.35739E5	3.76378E5	3.42562E5	3.19811E5	3.04632E5	3.00072E5	2.94144E5	2.81425E5	2.78305E5	2.47665E5	2.1979E5	1.91563E5	1.64701E5	1.44684E5	1.22431E5	1.06812E5	1.56093E5
538	9.06736E5	1.35602E6	8.13763E5	2.16131E7	5.25352E5	4.31966E5	3.72986E5	3.35555E5	3.16546E5	2.98194E5	2.89208E5	2.81653E5	2.76457E5	2.71163E5	2.42259E5	2.12416E5	1.86554E5	1.63602E5	1.41322E5	1.21532E5	1.02673E5	1.36779E5
540	8.1571E5	1.73251E6	7.61714E5	2.55595E7	5.11166E5	4.26664E5	3.5842E5	3.27541E5	3.04564E5	2.91108E5	2.83617E5	2.72445E5	2.67315E5	2.63763E5	2.3521E5	2.07777E5	1.84287E5	1.59269E5	1.38353E5	1.2112E5	9.97336E4	1.15301E5
542	7.44443E5	2.10595E6	7.20431E5	2.63582E7	5.13085E5	4.16167E5	3.55481E5	3.14291E5	2.94782E5	2.83278E5	2.7467E5	2.6555E5	2.59529E5	2.5909E5	2.31121E5	2.06334E5	1.79672E5	1.58473E5	1.36327E5	1.17236E5	9.88191E4	1.00048E5
544	7.02521E5	2.51765E6	6.86821E5	2.3884E7	5.2101E5	4.0838E5	3.45817E5	3.07468E5	2.85792E5	2.74328E5	2.66593E5	2.60032E5	2.52718E5	2.50774E5	2.2189E5	1.97292E5	1.76144E5	1.5502E5	1.33208E5	1.16787E5	9.72793E4	9.0937E4
546	7.23547E5	2.82218E6	6.86074E5	1.90914E7	5.55127E5	3.94814E5	3.43495E5	3.01496E5	2.84887E5	2.68544E5	2.63333E5	2.51568E5	2.46835E5	2.44687E5	2.19859E5	1.90647E5	1.72735E5	1.47128E5	1.29425E5	1.1307E5	9.69047E4	8.50993E4
548	6.83199E5	2.96635E6	6.48581E5	1.30822E7	1.06696E6	3.86769E5	3.32231E5	3.01616E5	2.77859E5	2.62218E5	2.54335E5	2.44342E5	2.42645E5	2.35806E5	2.12223E5	1.88811E5	1.65459E5	1.46259E5	1.26222E5	1.1015E5	9.36839E4	8.04227E4
550	6.12309E5	2.88831E6	6.41506E5	7.40787E6	2.71652E6	3.88621E5	3.23639E5	2.89065E5	2.7015E5	2.52438E5	2.45048E5	2.3632E5	2.35752E5	2.31029E5	2.05626E5	1.83814E5	1.6571E5	1.44737E5	1.26981E5	1.09122E5	9.16542E4	8.12886E4
552	6.3288E5	2.62875E6	6.34252E5	3.30874E6	6.24518E6	3.78896E5	3.18904E5	2.82851E5	2.5801E5	2.46463E5	2.37602E5	2.36342E5	2.26391E5	2.25981E5	2.03159E5	1.80621E5	1.59603E5	1.39995E5	1.23933E5	1.07118E5	9.24503E4	7.67843E4
554	5.68788E5	2.26175E6	6.46237E5	1.25781E6	1.13028E7	3.73489E5	3.10694E5	2.76793E5	2.55518E5	2.44567E5	2.30862E5	2.26015E5	2.2191E5	2.16521E5	1.9856E5	1.74299E5	1.55834E5	1.36574E5	1.19997E5	1.04331E5	8.86076E4	7.65691E4
556	6.06096E5	1.85752E6	6.75527E5	7.0046E5	1.70551E7	3.67378E5	3.04163E5	2.61978E5	2.48423E5	2.36932E5	2.2853E5	2.18736E5	2.15874E5	2.09108E5	1.91558E5	1.72162E5	1.54012E5	1.34055E5	1.18729E5	1.02919E5	8.74189E4	7.37965E4
558	5.85746E5	1.33764E6	7.83269E5	6.14918E5	2.27604E7	3.56502E5	3.0018E5	2.63248E5	2.42914E5	2.29212E5	2.21273E5	2.11695E5	2.11129E5	2.05282E5	1.84354E5	1.64849E5	1.49078E5	1.30623E5	1.15567E5	9.88947E4	8.55914E4	7.32078E4
560	5.74794E5	1.01444E6	9.82935E5	5.75462E5	2.6578E7	3.5757E5	2.90151E5	2.57975E5	2.34063E5	2.24301E5	2.13558E5	2.09044E5	2.04706E5	1.97873E5	1.82279E5	1.63332E5	1.43567E5	1.24813E5	1.12306E5	9.99736E4	8.25492E4	7.17342E4
562	5.5342E5	7.6468E5	1.23745E6	5.54874E5	2.73336E7	3.53744E5	2.88096E5	2.49622E5	2.30363E5	2.15934E5	2.09512E5	2.05394E5	1.97697E5	1.96421E5	1.74915E5	1.57403E5	1.39511E5	1.26556E5	1.09529E5	9.88669E4	8.31889E4	6.99212E4
564	5.66394E5	6.18022E5	1.60999E6	5.23557E5	2.44444E7	3.62344E5	2.80174E5	2.43426E5	2.2363E5	2.1121E5	2.07309E5	1.92695E5	1.92668E5	1.89546E5	1.68368E5	1.51554E5	1.37137E5	1.21115E5	1.07378E5	9.35394E4	8.13303E4	6.8308E4
566	5.37552E5	5.48802E5	1.98625E6	5.16518E5	1.9442E7	4.11429E5	2.68517E5	2.36891E5	2.192E5	2.06075E5	1.98251E5	1.91785E5	1.85435E5	1.86608E5	1.66593E5	1.50102E5	1.31256E5	1.18115E5	1.04478E5	9.32994E4	7.79637E4	6.71697E4
568	5.24355E5	5.32053E5	2.34534E6	5.04304E5	1.3168E7	9.89645E5	2.69919E5	2.30347E5	2.15605E5	1.99035E5	1.90063E5	1.8684E5	1.79181E5	1.77731E5	1.58292E5	1.44248E5	1.32156E5	1.13615E5	1.02222E5	8.7922E4	7.63221E4	6.58124E4
570	5.35752E5	5.04947E5	2.62125E6	4.98235E5	7.237E6	2.89895E6	2.66359E5	2.30936E5	2.08739E5	1.93992E5	1.85161E5	1.78242E5	1.74852E5	1.73323E5	1.56572E5	1.38852E5	1.26493E5	1.12439E5	9.76646E4	8.7594E4	7.59711E4	6.4497E4
572	4.8978E5	4.71857E5	2.75065E6	4.68233E5	3.09623E6	6.63009E6	2.61261E5	2.21216E5	2.01167E5	1.92436E5	1.81294E5	1.73929E5	1.69137E5	1.67894E5	1.51764E5	1.3625E5	1.21837E5	1.11786E5	9.55902E4	8.61992E4	7.37423E4	6.31055E4
574	4.89426E5	4.61983E5	2.60191E6	4.71969E5	1.07764E6	1.19528E7	2.57455E5	2.17304E5	1.96999E5	1.82552E5	1.75224E5	1.70772E5	1.63445E5	1.60519E5	1.46548E5	1.3079E5	1.18488E5	1.04993E5	9.52845E4	8.36963E4	7.10878E4	6.06393E4
576	4.9321E5	4.57008E5	2.30973E6	4.73512E5	5.37115E5	1.78784E7	2.5224E5	2.10937E5	1.93558E5	1.77636E5	1.70523E5	1.64469E5	1.57672E5	1.55219E5	1.42991E5	1.2887E5	1.16328E5	1.03447E5	9.0993E4	8.10347E4	6.96307E4	6.06949E4
578	5.02894E5	4.49748E5	1.95876E6	4.78614E5	4.80745E5	2.32778E7	2.43173E5	2.05106E5	1.89665E5	1.77346E5	1.65222E5	1.60393E5	1.55128E5	1.53672E5	1.4009E5	1.24507E5	1.10569E5	9.97836E4	9.01239E4	7.96081E4	6.93788E4	5.82628E4
580	4.97408E5	4.31802E5	1.54067E6	5.21184E5	4.43373E5	2.70449E7	2.39102E5	1.99795E5	1.79794E5	1.68288E5	1.62814E5	1.52689E5	1.50007E5	1.46692E5	1.37404E5	1.21705E5	1.07198E5	9.62169E4	8.41732E4	7.65859E4	6.6224E4	5.81175E4
582	4.47783E5	4.16215E5	1.14613E6	6.42252E5	4.33795E5	2.74168E7	2.45575E5	1.94864E5	1.77961E5	1.63776E5	1.55978E5	1.50592E5	1.47887E5	1.44887E5	1.30578E5	1.15287E5	1.04921E5	9.47281E4	8.27475E4	7.49159E4	6.44775E4	5.6257E4
584	4.22321E5	4.07118E5	8.26152E5	8.28963E5	4.20741E5	2.43588E7	2.55516E5	1.9461E5	1.75518E5	1.60886E5	1.53982E5	1.46757E5	1.42927E5	1.39507E5	1.26231E5	1.13001E5	1.01785E5	9.32797E4	8.21426E4	7.36542E4	6.46895E4	5.38934E4
586	4.6694E5	4.13445E5	6.23418E5	1.1035E6	4.08328E5	1.88821E7	3.00207E5	1.94754E5	1.65873E5	1.57495E5	1.45043E5	1.42887E5	1.3613E5	1.34633E5	1.2374E5	1.12652E5	9.81074E4	9.07688E4	8.00076E4	7.09269E4	6.12546E4	5.37638E4
588	4.45061E5	3.89107E5	5.00762E5	1.42924E6	4.01742E5	1.23526E7	8.38489E5	1.8754E5	1.63711E5	1.51087E5	1.46353E5	1.36573E5	1.34576E5	1.31648E5	1.18596E5	1.07481E5	9.63382E4	8.69338E4	7.80797E4	6.83385E4	5.89457E4	5.21813E4
590	4.4322E5	3.8642E5	4.33907E5	1.79356E6	4.02995E5	6.47167E6	2.86196E6	1.8108E5	1.58518E5	1.47695E5	1.3772E5	1.33231E5	1.31209E5	1.25732E5	1.14809E5	1.02412E5	9.26953E4	8.50497E4	7.45042E4	6.53982E4	5.70872E4	5.03818E4
592	4.12914E5	3.86226E5	4.13098E5	2.11769E6	4.10134E5	2.50191E6	6.9142E6	1.81153E5	1.55749E5	1.42505E5	1.31889E5	1.28981E5	1.24866E5	1.20349E5	1.11058E5	1.00136E5	9.11757E4	8.16828E4	7.19771E4	6.37035E4	5.62389E4	4.83577E4
594	4.29803E5	3.90423E5	4.02191E5	2.34074E6	3.98427E5	8.29999E5	1.24314E7	1.80478E5	1.47391E5	1.37308E5	1.32844E5	1.22439E5	1.2021E5	1.18684E5	1.07655E5	9.58609E4	8.72539E4	7.66581E4	7.04018E4	6.27282E4	5.39396E4	4.90123E4
596	4.10288E5	3.70299E5	4.03777E5	2.37249E6	3.89538E5	4.00025E5	1.8546E7	1.73845E5	1.45762E5	1.33161E5	1.25076E5	1.21331E5	1.1516E5	1.13022E5	1.04672E5	9.3786E4	8.45939E4	7.71264E4	7.14828E4	6.11703E4	5.26188E4	4.59687E4
598	4.41482E5	3.9707E5	3.81281E5	2.27584E6	3.91493E5	3.58435E5	2.39635E7	1.71281E5	1.4703E5	1.32519E5	1.24657E5	1.19819E5	1.13769E5	1.11533E5	9.99519E4	9.17417E4	8.26829E4	7.4771E4	6.73528E4	5.9046E4	5.23462E4	4.38954E4
600	3.70518E5	3.68404E5	3.87153E5	2.05722E6	3.9201E5	3.38943E5	2.72119E7	1.73461E5	1.41875E5	1.29956E5	1.21445E5	1.13509E5	1.11213E5	1.07362E5	9.51189E4	8.87652E4	7.92033E4	6.88393E4	6.36633E4	5.8064E4	4.97756E4	4.43051E4
