300	2.77741E5	1.70273E5	1.93879E5	2.58973E6	4.03488E5	3.57808E5	3.68142E7	1.46972E5	2.18016E4	1.44352E4	1.01168E4	7523.05984	5871.57642	4972.89502	4768.65937	3461.41656	3382.36573	3598.16014	2600.04477	2500.05195	2431.65792	2087.93534
302	3.02108E5	1.77458E5	2.05427E5	1.74822E6	7.2748E5	2.35404E5	3.22019E7	1.69237E6	2.5293E4	1.40001E4	9430.50902	7949.08734	6763.94699	5585.19676	4510.01584	3692.44197	3520.11409	3101.96868	2666.59192	2352.58837	2247.44955	2000.61547
304	2.9925E5	2.07713E5	2.11748E5	1.02397E6	1.28075E6	2.33564E5	2.09367E7	7.31943E6	3.0433E4	1.55247E4	1.12747E4	8136.20976	6755.24865	5503.59465	4614.49173	3781.65805	3446.63532	3010.8347	2598.28897	2300.72482	2156.57513	2054.43549
306	2.94667E5	2.02583E5	2.30248E5	5.79305E5	2.00004E6	2.25875E5	9.0998E6	1.83213E7	3.68822E4	1.63146E4	1.15646E4	7870.72928	6258.41802	5390.64699	4478.91157	3609.48292	3511.57012	3092.74245	2799.20701	2035.89218	2292.71612	1985.13481
308	3.27256E5	2.13783E5	2.48803E5	3.86097E5	2.65627E6	2.30473E5	2.22767E6	3.04276E7	5.20736E4	1.64858E4	1.16674E4	8044.42222	6620.01057	5254.35416	4219.38423	4095.28709	3257.73476	2979.70412	2520.06845	2980.85921	2291.17334	1783.87195
310	3.34878E5	2.31894E5	2.45411E5	3.51192E5	2.83818E6	2.54032E5	3.1472E5	3.59088E7	1.40434E5	1.85149E4	1.20483E4	8731.58409	6928.68454	5542.98991	4040.38876	4039.56658	3550.9223	3274.6595	2503.74272	2036.9955	1953.69309	2289.81005
312	3.51198E5	2.38737E5	2.55692E5	3.34353E5	2.43108E6	3.44729E5	1.80627E5	3.19718E7	1.57025E6	2.16391E4	1.25282E4	9505.32702	6709.5501	5270.35799	4338.2752	3504.69647	3504.99688	3191.97183	2714.96252	2197.34929	2158.62046	2075.15442
314	3.69357E5	2.45157E5	2.71699E5	3.56234E5	1.69089E6	6.04745E5	1.59014E5	2.02267E7	7.55056E6	2.56828E4	1.30845E4	1.00515E4	6800.03378	5318.74752	4514.14872	3924.155	3440.94948	2831.5435	2651.09893	2127.28627	2413.90315	2203.73628
316	3.70433E5	2.57676E5	2.86452E5	3.55767E5	1.05066E6	1.08182E6	1.62401E5	8.38654E6	1.82997E7	3.27081E4	1.36168E4	9945.79866	6623.65336	5804.32359	4348.9613	3174.61632	3248.67118	3089.82074	2810.43592	2258.3963	2381.30845	2016.88609
318	3.77382E5	2.75732E5	2.96822E5	3.61878E5	6.3702E5	1.71645E6	1.62988E5	1.96345E6	2.82425E7	4.68283E4	1.55309E4	1.0248E4	7022.30256	5597.10646	4291.06714	3712.74097	3274.22244	2924.96494	2423.15012	2222.49837	2394.56026	1949.30229
320	3.74496E5	2.77855E5	3.08198E5	3.72382E5	4.69962E5	2.23375E6	1.67054E5	2.55778E5	3.19234E7	1.35138E5	1.71269E4	1.02295E4	7469.35539	5937.41238	4174.06532	3854.75884	3255.66268	2574.17007	2726.45005	2310.46524	2088.71891	1842.33788
322	4.05158E5	2.93566E5	3.18167E5	3.68282E5	4.33812E5	2.36412E6	1.88784E5	1.49457E5	2.71551E7	1.52573E6	1.97349E4	1.09129E4	7320.65032	5902.02117	4624.93625	3693.77499	3205.80708	2548.01545	2636.4574	2321.7887	1985.48222	1704.76481
324	4.22821E5	2.96203E5	3.30297E5	3.83761E5	4.221E5	2.04472E6	2.52889E5	1.34865E5	1.70734E7	6.61165E6	2.34462E4	1.15007E4	8134.75387	5925.57015	4891.37785	3638.99524	3135.15112	2832.74916	2297.99777	2308.78205	2132.86021	1828.97799
326	3.93557E5	3.02766E5	3.35705E5	3.94153E5	4.23443E5	1.48508E6	4.42201E5	1.31657E5	7.06732E6	1.55065E7	2.88111E4	1.14376E4	8556.93458	5507.49044	4626.15623	3342.90519	3041.8742	3064.31755	2118.60208	2321.28173	2098.38202	2017.09634
328	4.36674E5	3.13379E5	3.48051E5	3.98526E5	4.3222E5	9.62322E5	8.03371E5	1.40819E5	1.75367E6	2.36225E7	4.21624E4	1.31693E4	8729.97043	5836.53643	4505.54466	3928.20027	3107.84148	2767.1769	2632.20662	2318.43338	2023.05608	1990.25139
330	4.61465E5	3.28637E5	3.44082E5	4.05052E5	4.34167E5	6.0181E5	1.3215E6	1.43092E5	2.37595E5	2.71864E7	1.24192E5	1.42522E4	8577.08431	6855.45855	4997.61801	3710.98599	3235.97254	2900.35248	2381.88592	2203.11398	1913.86041	2010.34712
332	4.59029E5	3.3154E5	3.5856E5	4.19063E5	4.42512E5	4.51946E5	1.76025E6	1.4721E5	1.34784E5	2.40495E7	1.33896E6	1.73763E4	8957.47024	6957.0152	4980.03436	3859.01647	3146.22876	2622.86716	2295.93487	2187.84636	1831.9512	1989.44567
334	4.887E5	3.59189E5	3.69987E5	4.20145E5	4.38315E5	3.95076E5	1.94489E6	1.64858E5	1.26389E5	1.60287E7	5.69786E6	1.89736E4	9566.67732	6831.16235	4635.21905	3457.14365	3558.4245	2614.52623	2424.41752	2145.62884	1798.93725	1888.65675
336	4.75413E5	3.67866E5	3.80377E5	4.25377E5	4.5395E5	3.92984E5	1.77145E6	2.13835E5	1.26357E5	6.94619E6	1.34449E7	2.49771E4	9844.67757	7433.71213	5076.98317	3872.11575	3258.19374	2477.69217	2185.6283	2049.27496	1804.06375	1592.83513
338	5.19498E5	3.96757E5	3.89272E5	4.31877E5	4.59143E5	3.97936E5	1.37574E6	3.40284E5	1.2987E5	1.81857E6	2.03243E7	3.53336E4	1.11648E4	7332.16933	4885.01333	3612.03702	2785.45561	2915.62055	2101.54058	2100.9095	2034.19156	1902.52633
340	5.47456E5	4.08977E5	4.00585E5	4.34061E5	4.63859E5	4.03044E5	9.11639E5	6.09903E5	1.35374E5	2.36417E5	2.33607E7	8.82848E4	1.2639E4	7419.03054	5576.30996	4042.95254	3570.35133	2670.32349	2330.02941	2008.97109	1868.17878	1802.60134
342	5.6528E5	4.09623E5	4.02451E5	4.40062E5	4.68849E5	4.13707E5	5.87177E5	9.82704E5	1.42394E5	1.29695E5	2.08309E7	9.87633E5	1.36224E4	8026.98802	5587.22983	3747.20804	2959.21921	2650.27785	2219.93423	1948.50489	1866.73574	1950.08797
344	5.58521E5	4.21972E5	4.06261E5	4.48342E5	4.69146E5	4.2514E5	4.08565E5	1.39085E6	1.53494E5	1.1722E5	1.358E7	4.93639E6	1.70121E4	8036.49949	5390.34568	3821.86317	3256.87431	2675.94312	2010.43752	1957.03814	1732.31234	1573.75622
346	6.00323E5	4.55115E5	4.37192E5	4.48618E5	4.74625E5	4.36455E5	3.65628E5	1.606E6	1.73349E5	1.21921E5	6.021E6	1.166E7	2.10774E4	8408.90662	5856.06509	3787.24388	3190.76748	2688.29459	2078.02758	2161.62704	1748.97629	1795.65008
348	6.28095E5	4.77722E5	4.40893E5	4.50933E5	4.79347E5	4.38297E5	3.59952E5	1.5474E6	2.11158E5	1.2899E5	1.45777E6	1.77675E7	3.11569E4	9847.99368	6145.95721	4074.6404	3004.61078	2544.1987	2231.71723	1925.22372	1683.45379	1658.92436
350	6.49033E5	5.01208E5	4.55196E5	4.51321E5	4.79073E5	4.58373E5	3.70047E5	1.25426E6	3.11442E5	1.41658E5	2.16445E5	1.98819E7	6.83079E4	1.05686E4	5880.51526	4585.15559	3090.02573	2463.43293	2154.04365	1814.17359	1812.47286	1688.42675
352	6.66147E5	5.22084E5	4.70621E5	4.68229E5	4.92633E5	4.66754E5	3.85545E5	8.83171E5	5.05058E5	1.55038E5	1.26929E5	1.762E7	8.76979E5	1.2504E4	6486.73386	4521.55218	2838.577	2667.5655	2288.24928	2152.29608	1518.23016	1819.05952
354	6.6195E5	5.34173E5	4.94007E5	4.7458E5	4.98502E5	4.78232E5	4.03948E5	6.0151E5	7.8495E5	1.67381E5	1.2043E5	1.2057E7	3.95065E6	1.46271E4	6745.58284	4671.79061	3184.40653	2446.32839	2353.26668	1766.82619	1532.00773	1692.63906
356	7.16057E5	5.59424E5	4.86333E5	4.86038E5	5.00609E5	4.85664E5	4.17616E5	4.47843E5	1.10034E6	1.84478E5	1.26188E5	5.46635E6	9.74743E6	1.8165E4	6638.78425	4809.3376	3282.5074	2353.67959	1985.67717	1873.89426	1713.78596	1611.59556
358	7.12521E5	5.85827E5	5.16258E5	4.95916E5	5.06453E5	5.02641E5	4.29409E5	4.01373E5	1.3101E6	2.04487E5	1.3865E5	1.48558E6	1.51308E7	2.72087E4	7977.97596	4902.48887	3632.44482	2613.99183	2135.04771	2028.9214	1566.66314	1679.53912
360	7.61598E5	6.11779E5	5.39763E5	5.04707E5	5.13653E5	5.13738E5	4.53202E5	3.96994E5	1.32822E6	2.36792E5	1.51677E5	2.16535E5	1.74785E7	6.14929E4	8493.80538	5029.38135	3939.40824	2740.01531	2168.0212	1934.31538	1783.84249	1302.59933
362	7.56901E5	6.30494E5	5.66163E5	5.2486E5	5.31997E5	5.22971E5	4.73334E5	4.12606E5	1.16649E6	2.99591E5	1.67233E5	1.24775E5	1.60493E7	7.01482E5	1.02E4	5209.40627	3898.82706	2727.86813	2125.74684	2002.09599	1838.83464	1581.31605
364	8.55416E5	6.71181E5	5.82465E5	5.4147E5	5.322E5	5.37308E5	4.92416E5	4.28998E5	8.99444E5	4.2217E5	1.8125E5	1.20306E5	1.1324E7	3.50077E6	1.26212E4	5638.32528	3839.41588	3099.62786	2384.78712	1853.70862	1635.42191	1538.90422
366	8.38991E5	7.05987E5	6.03938E5	5.57737E5	5.53443E5	5.53681E5	5.18177E5	4.48934E5	6.58624E5	6.3985E5	1.98723E5	1.23933E5	5.09779E6	9.04769E6	1.58547E4	5877.6828	3600.38845	3291.64548	2216.65139	1734.43432	1827.74954	1525.30741
368	8.80905E5	7.53261E5	6.38237E5	5.72974E5	5.6928E5	5.65984E5	5.34392E5	4.75364E5	5.17075E5	8.84079E5	2.18291E5	1.34537E5	1.34818E6	1.38882E7	2.40461E4	6603.23424	3849.31092	3390.09243	2041.22718	1817.92518	1675.54585	1668.78428
370	9.20495E5	7.6711E5	6.53458E5	5.93065E5	5.78116E5	5.86023E5	5.57711E5	5.02637E5	4.67314E5	1.10766E6	2.37221E5	1.47688E5	1.81585E5	1.59013E7	5.72921E4	7471.91895	4087.94127	3513.76709	2208.42445	2259.29048	1883.9858	1422.92966
372	9.8998E5	8.39681E5	6.91639E5	6.10732E5	5.91401E5	5.99959E5	5.76387E5	5.24218E5	4.64551E5	1.18331E6	2.66375E5	1.61315E5	1.10427E5	1.41894E7	6.9992E5	8610.29468	4188.75243	3889.1645	2402.0198	1875.69943	1573.57293	1588.66976
374	9.84177E5	8.39276E5	7.18894E5	6.35518E5	6.06516E5	6.18529E5	5.98168E5	5.48163E5	4.75534E5	1.10212E6	3.18138E5	1.75936E5	1.05804E5	9.44934E6	3.39717E6	1.04984E4	4786.61297	3657.09637	2431.00135	2056.19137	1516.77415	1599.87316
376	1.04755E6	8.87612E5	7.35913E5	6.44345E5	6.22139E5	6.40649E5	6.23547E5	5.74022E5	4.96556E5	9.17278E5	4.06547E5	1.90345E5	1.10587E5	4.19171E6	8.19254E6	1.40056E4	5271.36022	3800.52966	2556.71854	1890.70905	1828.01259	1476.84457
378	1.08877E6	9.20316E5	7.73404E5	6.63335E5	6.43569E5	6.52632E5	6.42214E5	6.01259E5	5.22959E5	7.20449E5	5.65546E5	2.06773E5	1.19797E5	1.02194E6	1.25297E7	2.06908E4	5942.02792	3516.14842	2991.1108	2113.03737	1820.22207	1558.11612
380	1.1278E6	9.50877E5	8.05053E5	6.92352E5	6.54176E5	6.6942E5	6.64892E5	6.25831E5	5.46902E5	5.82168E5	7.58497E5	2.2502E5	1.32793E5	1.54232E5	1.40522E7	4.90332E4	6610.29985	3635.91531	2813.06726	1925.40583	1781.44763	1439.09733
382	1.14152E6	1.02243E6	8.53076E5	7.13685E5	6.83797E5	6.8861E5	6.93263E5	6.54461E5	5.74862E5	5.26324E5	9.42308E5	2.46633E5	1.4686E5	1.0378E5	1.27858E7	5.64967E5	7753.18746	4164.99833	3045.5568	2270.48084	1948.95878	1594.95373
384	1.19906E6	1.05121E6	8.63905E5	7.43909E5	7.00566E5	7.17056E5	7.14609E5	6.84069E5	6.01537E5	5.24282E5	1.05588E6	2.71944E5	1.61394E5	9.92302E4	8.84247E6	2.72579E6	9502.63847	4522.90428	2779.31393	2338.49182	1785.10854	1542.10275
386	1.25641E6	1.09553E6	9.05999E5	7.60644E5	7.24509E5	7.3522E5	7.4429E5	7.08923E5	6.23322E5	5.33081E5	1.04831E6	3.05048E5	1.77773E5	1.03988E5	3.94779E6	6.96058E6	1.26644E4	5107.48536	3067.05771	2713.5876	1896.92473	1566.51322
388	1.26584E6	1.11543E6	9.42692E5	7.9074E5	7.36728E5	7.6241E5	7.6294E5	7.3822E5	6.49528E5	5.53099E5	9.3966E5	3.71896E5	1.9574E5	1.14778E5	1.06377E6	1.09427E7	1.93506E4	5461.03809	3205.27999	2656.38574	1956.97118	1718.8718
390	1.33312E6	1.19088E6	9.75504E5	8.17689E5	7.66657E5	7.77913E5	7.88357E5	7.66095E5	6.80352E5	5.80007E5	7.87095E5	4.76916E5	2.12758E5	1.27945E5	1.59643E5	1.292E7	4.30318E4	6266.98439	3224.38149	2800.41637	1966.18998	1765.01059
392	1.40914E6	1.2088E6	1.01865E6	8.37858E5	7.85531E5	7.89479E5	8.12931E5	7.93493E5	7.04604E5	6.00423E5	6.54467E5	6.39447E5	2.32497E5	1.42876E5	9.68271E4	1.19574E7	5.66093E5	7470.6631	3569.47318	2903.23535	2001.94181	1727.67717
394	1.42037E6	1.27642E6	1.0524E6	8.63683E5	8.0661E5	8.13262E5	8.32966E5	8.13993E5	7.29714E5	6.25924E5	5.79598E5	8.03368E5	2.5119E5	1.56972E5	9.41524E4	8.58348E6	2.63866E6	9168.08455	3897.6114	3039.00914	2362.9763	1833.9143
396	1.49001E6	1.32442E6	1.07277E6	9.0289E5	8.16933E5	8.36852E5	8.5386E5	8.38542E5	7.56478E5	6.47107E5	5.63367E5	9.39937E5	2.7305E5	1.72567E5	9.90662E4	3.98787E6	6.73107E6	1.25513E4	4718.96512	3106.62164	2507.4187	1865.87262
398	1.52265E6	1.35307E6	1.10802E6	9.23392E5	8.43748E5	8.58284E5	8.76538E5	8.60331E5	7.81906E5	6.69924E5	5.69947E5	9.78626E5	3.04603E5	1.87576E5	1.0522E5	1.08541E6	1.04166E7	1.88594E4	4810.55986	3209.3533	2639.26634	1873.58092
400	1.56573E6	1.3733E6	1.14261E6	9.48128E5	8.62762E5	8.71613E5	8.98981E5	8.8303E5	8.01317E5	7.00073E5	5.89389E5	9.27111E5	3.50266E5	2.05433E5	1.14503E5	1.56831E5	1.1985E7	3.94516E4	5503.1279	3461.90226	3043.70984	1910.41211
402	1.61969E6	1.44473E6	1.19434E6	9.766E5	8.8835E5	8.90218E5	9.17949E5	9.02212E5	8.2487E5	7.22575E5	6.05444E5	8.08241E5	4.29036E5	2.23796E5	1.27717E5	8.93301E4	1.09155E7	4.62042E5	6303.65975	3455.89771	2738.73237	2087.32844
404	1.61363E6	1.46627E6	1.21807E6	1.00369E6	9.12751E5	9.10699E5	9.37845E5	9.26053E5	8.49417E5	7.43879E5	6.32886E5	6.86261E5	5.44576E5	2.45605E5	1.41121E5	8.75932E4	7.51639E6	2.37964E6	8246.72849	3882.08742	2571.3531	2434.05197
406	1.66758E6	1.51538E6	1.26252E6	1.02361E6	9.30116E5	9.24246E5	9.46321E5	9.42579E5	8.69118E5	7.72761E5	6.51126E5	6.10934E5	6.80904E5	2.62636E5	1.5514E5	8.93953E4	3.4243E6	6.05076E6	1.11066E4	4433.4699	2658.48179	2215.92127
408	1.71636E6	1.5609E6	1.29036E6	1.0611E6	9.43777E5	9.47163E5	9.63194E5	9.53727E5	8.89094E5	7.86315E5	6.68405E5	5.73864E5	8.14862E5	2.82425E5	1.68655E5	9.44012E4	8.7426E5	9.80051E6	1.67982E4	4758.57594	2612.36805	2469.36278
410	1.73308E6	1.5857E6	1.30881E6	1.07163E6	9.49035E5	9.6008E5	9.76677E5	9.7432E5	9.02897E5	8.04137E5	6.9127E5	5.77519E5	8.86882E5	3.08991E5	1.82365E5	1.04492E5	1.22943E5	1.15847E7	3.25562E4	5354.54319	3128.18905	2396.59774
412	1.7361E6	1.57388E6	1.34594E6	1.1136E6	9.80254E5	9.66828E5	9.85882E5	9.82212E5	9.22704E5	8.25818E5	7.11016E5	5.90226E5	8.84832E5	3.3867E5	1.97095E5	1.12964E5	7.91211E4	1.07664E7	3.66392E5	6640.95658	3293.64646	2302.71303
414	1.76861E6	1.61856E6	1.38437E6	1.1353E6	9.86652E5	9.78152E5	9.92732E5	9.94208E5	9.36369E5	8.41982E5	7.33767E5	6.00803E5	8.15427E5	3.91068E5	2.13416E5	1.23599E5	7.78229E4	7.78639E6	1.93127E6	8474.92753	3445.2839	2390.59496
416	1.8393E6	1.65178E6	1.38745E6	1.14507E6	1.01514E6	9.80571E5	1.01182E6	1.00307E6	9.49717E5	8.57766E5	7.49575E5	6.23303E5	7.18839E5	4.77432E5	2.28138E5	1.35151E5	7.87514E4	3.71423E6	5.3004E6	1.09027E4	4007.05709	2479.16491
418	1.85891E6	1.68702E6	1.42924E6	1.16655E6	1.02659E6	1.00148E6	1.00905E6	1.01582E6	9.61472E5	8.71855E5	7.69763E5	6.37259E5	6.33428E5	5.86824E5	2.43524E5	1.47289E5	8.28625E4	9.98196E5	8.83844E6	1.59936E4	4294.79538	2550.78446
420	1.85675E6	1.6882E6	1.46074E6	1.18624E6	1.03945E6	1.00742E6	1.01912E6	1.0203E6	9.66914E5	8.85758E5	7.88956E5	6.55144E5	5.85511E5	7.05428E5	2.5899E5	1.58531E5	9.01245E4	1.27023E5	1.06087E7	3.24139E4	4945.05571	2558.42502
422	1.83394E6	1.72825E6	1.48587E6	1.21463E6	1.04703E6	1.01247E6	1.02996E6	1.03244E6	9.82762E5	9.02798E5	8.02003E5	6.76702E5	5.68628E5	8.00138E5	2.78352E5	1.69252E5	9.86416E4	7.15029E4	9.78616E6	4.22026E5	5831.88956	2831.1278
424	1.8567E6	1.73648E6	1.50139E6	1.22441E6	1.0582E6	1.01983E6	1.03206E6	1.03651E6	9.86463E5	9.13245E5	8.1379E5	6.93394E5	5.71095E5	8.29624E5	3.03134E5	1.83275E5	1.08729E5	6.724E4	6.77429E6	2.09425E6	7225.73564	3127.03523
426	1.93482E6	1.78293E6	1.51941E6	1.24892E6	1.08349E6	1.02863E6	1.02744E6	1.04059E6	9.98724E5	9.28031E5	8.2917E5	7.01842E5	5.87503E5	7.97336E5	3.39498E5	1.95998E5	1.19534E5	7.01601E4	2.95175E6	5.575E6	9989.31004	3036.30279
428	1.89317E6	1.77064E6	1.54768E6	1.26466E6	1.0906E6	1.03422E6	1.0323E6	1.0364E6	1.00362E6	9.36164E5	8.44103E5	7.2124E5	6.01019E5	7.16508E5	3.9894E5	2.09213E5	1.28178E5	7.37077E4	6.9876E5	8.93346E6	1.46372E4	3973.76418
430	1.9416E6	1.80788E6	1.56118E6	1.28878E6	1.0867E6	1.03533E6	1.02762E6	1.04686E6	1.00165E6	9.42774E5	8.54818E5	7.35219E5	6.09141E5	6.35021E5	4.76925E5	2.18809E5	1.36717E5	7.82748E4	9.72337E4	1.03243E7	3.32396E4	4348.38249
432	1.90155E6	1.81409E6	1.5552E6	1.29101E6	1.10896E6	1.04476E6	1.0373E6	1.04231E6	1.00519E6	9.51321E5	8.67876E5	7.48537E5	6.26078E5	5.79468E5	5.71301E5	2.34768E5	1.46441E5	8.62879E4	6.28606E4	9.111E6	4.212E5	5268.27648
434	1.95007E6	1.8395E6	1.6074E6	1.32559E6	1.10973E6	1.04102E6	1.02912E6	1.03781E6	1.01278E6	9.58603E5	8.77999E5	7.60668E5	6.38874E5	5.52479E5	6.51789E5	2.46654E5	1.57078E5	9.41531E4	6.20196E4	5.97233E6	2.08496E6	6468.45086
436	1.93166E6	1.84002E6	1.6019E6	1.32068E6	1.11974E6	1.04248E6	1.03358E6	1.0357E6	1.00817E6	9.63785E5	8.84096E5	7.72338E5	6.5164E5	5.50095E5	7.03613E5	2.63948E5	1.69318E5	1.01299E5	6.24671E4	2.56331E6	5.13363E6	8487.51076
438	1.93702E6	1.8297E6	1.59165E6	1.34041E6	1.13531E6	1.04167E6	1.02274E6	1.03969E6	1.01133E6	9.63788E5	8.91475E5	7.82124E5	6.61382E5	5.52656E5	7.02332E5	2.8687E5	1.77664E5	1.11541E5	6.57916E4	6.24197E5	8.16261E6	1.25511E4
440	1.95515E6	1.83149E6	1.61619E6	1.33668E6	1.13571E6	1.04395E6	1.02401E6	1.02125E6	1.00769E6	9.61458E5	8.92149E5	7.87847E5	6.71271E5	5.63762E5	6.54485E5	3.1968E5	1.91036E5	1.19407E5	7.06875E4	8.76097E4	9.62121E6	2.29665E4
442	1.91772E6	1.84448E6	1.63515E6	1.35363E6	1.13952E6	1.03866E6	1.0233E6	1.01805E6	1.00666E6	9.63516E5	8.93161E5	7.95078E5	6.83161E5	5.69522E5	5.94382E5	3.70236E5	1.97414E5	1.24703E5	7.65933E4	5.95164E4	8.6891E6	2.39559E5
444	1.91683E6	1.85207E6	1.62703E6	1.35596E6	1.14346E6	1.04049E6	1.01151E6	1.01582E6	9.99308E5	9.64947E5	8.95735E5	7.98765E5	6.86453E5	5.82996E5	5.32303E5	4.37646E5	2.08935E5	1.33041E5	8.20661E4	5.72507E4	5.79723E6	1.35182E6
446	1.92501E6	1.83851E6	1.63254E6	1.36341E6	1.14642E6	1.03343E6	1.00592E6	1.01086E6	9.92822E5	9.57787E5	8.98143E5	8.02871E5	6.95432E5	5.91832E5	4.93037E5	5.09555E5	2.20345E5	1.42795E5	8.8855E4	5.86622E4	2.5054E6	4.06415E6
448	1.94791E6	1.83252E6	1.65368E6	1.37668E6	1.14935E6	1.03875E6	1.00202E6	9.99149E5	9.92994E5	9.64603E5	9.11737E5	8.0554E5	7.05736E5	6.01295E5	4.80172E5	5.69873E5	2.30995E5	1.53295E5	9.68302E4	6.17611E4	6.17569E5	7.19599E6
450	1.9035E6	1.82769E6	1.6433E6	1.38104E6	1.14915E6	1.03694E6	1.00213E6	1.00044E6	9.84604E5	9.59765E5	9.02775E5	8.115E5	7.12098E5	6.08143E5	4.77752E5	6.02503E5	2.49339E5	1.62493E5	1.04786E5	6.47073E4	8.9125E4	8.88009E6
452	1.88875E6	1.84637E6	1.64838E6	1.39491E6	1.14731E6	1.03088E6	9.90941E5	9.85148E5	9.82912E5	9.54804E5	8.94859E5	8.13661E5	7.11703E5	6.15828E5	4.78451E5	5.9071E5	2.70575E5	1.68271E5	1.11337E5	6.98835E4	5.47331E4	8.25392E6
454	1.93491E6	1.83413E6	1.63441E6	1.37377E6	1.14888E6	1.0282E6	9.81115E5	9.79444E5	9.69719E5	9.41422E5	8.96166E5	8.12148E5	7.18308E5	6.20303E5	4.85658E5	5.54154E5	3.04244E5	1.77452E5	1.18899E5	7.57029E4	5.24244E4	5.59775E6
456	1.91143E6	1.8053E6	1.6294E6	1.38044E6	1.15318E6	1.02091E6	9.74675E5	9.6975E5	9.59618E5	9.35842E5	8.91732E5	8.10066E5	7.15813E5	6.27134E5	4.908E5	4.95568E5	3.56984E5	1.82777E5	1.23566E5	8.11282E4	5.31102E4	2.38672E6
458	1.87768E6	1.77572E6	1.62865E6	1.39554E6	1.15107E6	1.02221E6	9.6115E5	9.53947E5	9.51029E5	9.30416E5	8.87011E5	8.12936E5	7.20445E5	6.34505E5	4.96779E5	4.47695E5	4.13301E5	1.92358E5	1.31168E5	8.66341E4	5.51195E4	5.85481E5
460	1.86244E6	1.80278E6	1.61458E6	1.39395E6	1.14721E6	1.0113E6	9.63178E5	9.4303E5	9.38727E5	9.24546E5	8.79877E5	8.04211E5	7.22999E5	6.35935E5	5.05159E5	4.16599E5	4.67154E5	2.00414E5	1.38979E5	9.33524E4	5.91376E4	8.44158E4
462	1.87721E6	1.78989E6	1.62199E6	1.37916E6	1.14404E6	1.01556E6	9.49197E5	9.39168E5	9.29452E5	9.11539E5	8.79451E5	8.06267E5	7.20833E5	6.40787E5	5.07194E5	4.06836E5	5.04652E5	2.10327E5	1.45529E5	9.93031E4	6.18318E4	4.94869E4
464	1.82294E6	1.76125E6	1.60413E6	1.38601E6	1.13652E6	9.981E5	9.36724E5	9.25466E5	9.19888E5	9.01372E5	8.69989E5	8.00741E5	7.21296E5	6.40649E5	5.09911E5	4.03177E5	5.1066E5	2.27496E5	1.53151E5	1.05806E5	6.53723E4	4.72143E4
466	1.86191E6	1.76348E6	1.59907E6	1.36344E6	1.13573E6	9.9594E5	9.28047E5	9.18171E5	9.02608E5	8.9093E5	8.63818E5	7.90371E5	7.1887E5	6.41984E5	5.11446E5	4.02939E5	4.83804E5	2.45476E5	1.57775E5	1.11336E5	7.29106E4	4.8271E4
468	1.94057E6	1.72914E6	1.5905E6	1.36422E6	1.13436E6	9.88306E5	9.21491E5	8.98344E5	8.92312E5	8.85737E5	8.54472E5	7.90746E5	7.13315E5	6.39269E5	5.184E5	4.05915E5	4.46025E5	2.77868E5	1.6263E5	1.14665E5	7.41333E4	5.10468E4
470	2.44752E6	1.72511E6	1.57543E6	1.35008E6	1.13343E6	9.84745E5	9.09545E5	8.87338E5	8.816E5	8.68839E5	8.3939E5	7.84885E5	7.16382E5	6.41667E5	5.20586E5	4.12306E5	4.03244E5	3.18875E5	1.6866E5	1.20546E5	8.12527E4	5.1627E4
472	3.63473E6	1.69914E6	1.59157E6	1.35275E6	1.12468E6	9.80285E5	8.98987E5	8.79614E5	8.7521E5	8.6288E5	8.35343E5	7.74158E5	7.13654E5	6.37624E5	5.21718E5	4.10777E5	3.68519E5	3.63145E5	1.73754E5	1.25984E5	8.45065E4	5.32428E4
474	5.75217E6	1.68898E6	1.55134E6	1.34588E6	1.11263E6	9.68285E5	8.92876E5	8.63651E5	8.59526E5	8.47562E5	8.22302E5	7.67522E5	7.04829E5	6.41363E5	5.22012E5	4.15537E5	3.47325E5	4.08205E5	1.83391E5	1.32506E5	8.96134E4	5.90223E4
476	8.65577E6	1.68942E6	1.54499E6	1.33209E6	1.116E6	9.61666E5	8.79863E5	8.59322E5	8.4436E5	8.37963E5	8.12673E5	7.58515E5	6.99071E5	6.36802E5	5.22056E5	4.21444E5	3.3967E5	4.32704E5	1.90216E5	1.35011E5	9.39523E4	6.00214E4
478	1.23404E7	1.64376E6	1.51901E6	1.31421E6	1.0999E6	9.45383E5	8.61998E5	8.35414E5	8.31605E5	8.2109E5	8.0224E5	7.46423E5	6.91154E5	6.30226E5	5.21595E5	4.17141E5	3.35962E5	4.33071E5	2.00741E5	1.38882E5	9.77496E4	6.47595E4
480	1.58611E7	1.63388E6	1.49132E6	1.31136E6	1.09071E6	9.30087E5	8.52864E5	8.23632E5	8.16972E5	8.07825E5	7.85372E5	7.37295E5	6.8217E5	6.27472E5	5.17993E5	4.19276E5	3.3662E5	4.0753E5	2.22664E5	1.43302E5	1.01321E5	6.83547E4
482	1.76551E7	1.60801E6	1.48015E6	1.30108E6	1.0776E6	9.30462E5	8.4577E5	8.10791E5	8.00252E5	7.92286E5	7.70393E5	7.30325E5	6.73949E5	6.21637E5	5.20461E5	4.16771E5	3.37112E5	3.72962E5	2.49988E5	1.48472E5	1.06466E5	7.25783E4
484	1.70319E7	1.60304E6	1.47964E6	1.27406E6	1.06812E6	9.16132E5	8.32614E5	7.97042E5	7.84131E5	7.76763E5	7.66114E5	7.1897E5	6.68456E5	6.18594E5	5.1428E5	4.18283E5	3.37663E5	3.31627E5	2.88902E5	1.51719E5	1.11566E5	7.73343E4
486	1.47472E7	1.60898E6	1.44354E6	1.2669E6	1.06526E6	9.0903E5	8.1834E5	7.86858E5	7.6728E5	7.62656E5	7.43724E5	7.08475E5	6.63042E5	6.06554E5	5.14564E5	4.19056E5	3.3891E5	3.01817E5	3.219E5	1.56945E5	1.13867E5	8.04146E4
488	1.08672E7	1.85946E6	1.42191E6	1.265E6	1.05019E6	8.92071E5	8.07394E5	7.65831E5	7.58698E5	7.48057E5	7.33623E5	6.92006E5	6.45982E5	6.03274E5	5.06252E5	4.16301E5	3.40639E5	2.85784E5	3.52844E5	1.63914E5	1.18513E5	8.34918E4
490	6.94947E6	2.61641E6	1.41123E6	1.2446E6	1.03951E6	8.83542E5	7.95344E5	7.56412E5	7.38859E5	7.3422E5	7.23862E5	6.86063E5	6.43249E5	6.00639E5	5.03714E5	4.16723E5	3.37126E5	2.77798E5	3.70998E5	1.69608E5	1.21071E5	8.62524E4
492	3.88296E6	4.45835E6	1.37925E6	1.21433E6	1.0271E6	8.68582E5	7.82038E5	7.48419E5	7.32095E5	7.22778E5	7.06056E5	6.70688E5	6.32561E5	5.88777E5	5.00222E5	4.13858E5	3.35831E5	2.73725E5	3.61015E5	1.81257E5	1.23089E5	8.89001E4
494	2.2458E6	7.3283E6	1.37257E6	1.21037E6	1.00905E6	8.55844E5	7.67808E5	7.35718E5	7.18095E5	7.03572E5	6.96185E5	6.57318E5	6.19239E5	5.83994E5	4.95691E5	4.10329E5	3.37095E5	2.74486E5	3.40052E5	1.99715E5	1.25728E5	9.23048E4
496	1.6626E6	1.13207E7	1.3502E6	1.18928E6	9.99766E5	8.47802E5	7.66398E5	7.18876E5	7.0135E5	6.90594E5	6.85709E5	6.47383E5	6.12411E5	5.75986E5	4.87629E5	4.08567E5	3.35495E5	2.74967E5	3.06045E5	2.25894E5	1.28234E5	9.47117E4
498	1.565E6	1.5614E7	1.33883E6	1.17455E6	9.7793E5	8.44475E5	7.51415E5	7.02514E5	6.92933E5	6.80501E5	6.67018E5	6.32831E5	6.06578E5	5.67155E5	4.87446E5	4.03715E5	3.34795E5	2.75102E5	2.76881E5	2.54043E5	1.30966E5	9.75815E4
500	1.5145E6	1.92835E7	1.30989E6	1.16955E6	9.72499E5	8.2911E5	7.3566E5	6.94525E5	6.73122E5	6.66285E5	6.57446E5	6.21158E5	5.95986E5	5.58896E5	4.78559E5	4.03342E5	3.36045E5	2.75438E5	2.52633E5	2.8328E5	1.35184E5	1.01603E5
502	1.4649E6	2.08357E7	1.30228E6	1.13237E6	9.56133E5	8.16333E5	7.28735E5	6.82478E5	6.58162E5	6.55996E5	6.38319E5	6.15703E5	5.82299E5	5.53983E5	4.75737E5	4.00463E5	3.32458E5	2.7499E5	2.38845E5	3.02678E5	1.38619E5	1.02353E5
504	1.41314E6	1.99455E7	1.27056E6	1.13034E6	9.48442E5	8.08535E5	7.12406E5	6.681E5	6.49423E5	6.35698E5	6.29287E5	6.01111E5	5.75866E5	5.4102E5	4.68309E5	3.95724E5	3.29982E5	2.72821E5	2.30326E5	3.14712E5	1.45461E5	1.0495E5
506	1.42799E6	1.65984E7	1.29036E6	1.11056E6	9.29627E5	7.86696E5	7.03256E5	6.58689E5	6.37113E5	6.26061E5	6.14172E5	5.8738E5	5.64343E5	5.33883E5	4.59189E5	3.91108E5	3.27375E5	2.67895E5	2.27751E5	3.0157E5	1.55986E5	1.06183E5
508	1.35735E6	1.22489E7	1.55316E6	1.08702E6	9.14917E5	7.7966E5	6.93743E5	6.45101E5	6.28871E5	6.11028E5	5.99403E5	5.76489E5	5.54654E5	5.2546E5	4.55733E5	3.89185E5	3.25795E5	2.68694E5	2.27854E5	2.84498E5	1.7078E5	1.08488E5
510	1.44477E6	7.42057E6	2.61606E6	1.08263E6	9.04267E5	7.68632E5	6.79613E5	6.37101E5	6.10698E5	6.00363E5	5.87139E5	5.66312E5	5.4213E5	5.16652E5	4.42912E5	3.80474E5	3.22594E5	2.66582E5	2.23965E5	2.55149E5	1.90288E5	1.09977E5
512	1.49554E6	3.78166E6	4.96695E6	1.05337E6	8.98442E5	7.50782E5	6.65265E5	6.19547E5	5.94303E5	5.8506E5	5.75081E5	5.57452E5	5.33237E5	5.05957E5	4.39862E5	3.75957E5	3.18279E5	2.66039E5	2.20897E5	2.28068E5	2.14414E5	1.10636E5
514	1.67105E6	1.98015E6	8.44672E6	1.03319E6	8.66396E5	7.39652E5	6.56681E5	6.08617E5	5.78811E5	5.71159E5	5.60124E5	5.39429E5	5.1978E5	4.97103E5	4.35127E5	3.71489E5	3.16868E5	2.65764E5	2.20692E5	2.06844E5	2.36021E5	1.13145E5
516	1.89796E6	1.37736E6	1.29165E7	1.02423E6	8.5461E5	7.25844E5	6.42039E5	5.99202E5	5.71082E5	5.60064E5	5.46936E5	5.30897E5	5.08456E5	4.8912E5	4.2637E5	3.63573E5	3.10021E5	2.61504E5	2.19797E5	1.95114E5	2.50208E5	1.15738E5
518	2.20055E6	1.28257E6	1.76236E7	1.01554E6	8.49714E5	7.14894E5	6.27406E5	5.82884E5	5.63085E5	5.41532E5	5.37148E5	5.19679E5	5.0231E5	4.78884E5	4.17881E5	3.59671E5	3.08114E5	2.61416E5	2.19009E5	1.87663E5	2.55935E5	1.18722E5
520	2.60131E6	1.24587E6	2.12843E7	9.88696E5	8.30551E5	7.06572E5	6.22747E5	5.68617E5	5.47005E5	5.38031E5	5.19641E5	5.07357E5	4.89511E5	4.70034E5	4.12787E5	3.53756E5	3.04453E5	2.57947E5	2.16404E5	1.8346E5	2.49283E5	1.29325E5
522	2.90259E6	1.22275E6	2.24049E7	9.78478E5	8.13881E5	6.8985E5	6.11381E5	5.56845E5	5.34705E5	5.22436E5	5.08906E5	4.98418E5	4.76876E5	4.62425E5	4.04327E5	3.47832E5	3.0074E5	2.53071E5	2.15937E5	1.83467E5	2.33581E5	1.41445E5
524	3.05684E6	1.17574E6	2.06859E7	9.63991E5	8.11008E5	6.77952E5	5.9116E5	5.47683E5	5.26654E5	5.12122E5	4.98196E5	4.84517E5	4.67635E5	4.48763E5	3.96477E5	3.42532E5	2.94248E5	2.48102E5	2.11059E5	1.794E5	2.06076E5	1.55337E5
526	3.09736E6	1.13353E6	1.69442E7	9.85217E5	7.95144E5	6.68398E5	5.83334E5	5.34853E5	5.09589E5	4.98135E5	4.92501E5	4.69498E5	4.57271E5	4.37767E5	3.87658E5	3.3652E5	2.88057E5	2.4725E5	2.10217E5	1.76786E5	1.83634E5	1.73023E5
528	2.91012E6	1.10062E6	1.21331E7	1.32822E6	7.73851E5	6.5302E5	5.72779E5	5.216E5	4.97607E5	4.88435E5	4.77761E5	4.6299E5	4.458E5	4.30348E5	3.8015E5	3.28719E5	2.86286E5	2.4422E5	2.06697E5	1.77455E5	1.6618E5	1.92239E5
530	2.6882E6	1.1126E6	7.14236E6	2.5663E6	7.56581E5	6.39136E5	5.64293E5	5.11548E5	4.87755E5	4.733E5	4.66249E5	4.50697E5	4.35056E5	4.19629E5	3.69422E5	3.2325E5	2.8073E5	2.40633E5	2.05149E5	1.75548E5	1.54681E5	2.05659E5
532	2.22836E6	1.12846E6	3.43254E6	5.29026E6	7.43033E5	6.27913E5	5.51736E5	4.97434E5	4.73621E5	4.6245E5	4.54979E5	4.40816E5	4.22152E5	4.13797E5	3.60235E5	3.14612E5	2.7803E5	2.34959E5	2.0406E5	1.74753E5	1.49255E5	2.11429E5
534	1.77192E6	1.15895E6	1.63292E6	9.58255E6	7.32227E5	6.05666E5	5.26952E5	4.8762E5	4.69156E5	4.49382E5	4.43242E5	4.27847E5	4.13963E5	4.01079E5	3.53714E5	3.11701E5	2.6875E5	2.33381E5	2.00102E5	1.6909E5	1.441E5	2.0449E5
536	1.43884E6	1.30446E6	1.09432E6	1.47995E7	7.23878E5	6.01217E5	5.29903E5	4.83653E5	4.509E5	4.45479E5	4.31417E5	4.18365E5	4.00929E5	3.88043E5	3.4301E5	3.00838E5	2.66603E5	2.30199E5	1.9621E5	1.69268E5	1.43701E5	1.88724E5
538	1.15655E6	1.53577E6	9.92655E5	1.98446E7	7.02911E5	5.94053E5	5.10624E5	4.7037E5	4.38523E5	4.28473E5	4.18631E5	4.06542E5	3.92826E5	3.80453E5	3.42585E5	2.96171E5	2.57081E5	2.25744E5	1.95605E5	1.66889E5	1.40721E5	1.68205E5
540	1.08698E6	1.9064E6	9.59666E5	2.3403E7	6.85503E5	5.67713E5	4.96818E5	4.58567E5	4.29956E5	4.18388E5	4.0478E5	3.91924E5	3.80087E5	3.70631E5	3.28536E5	2.89401E5	2.48364E5	2.19636E5	1.89457E5	1.63306E5	1.36682E5	1.46688E5
542	9.86828E5	2.27565E6	9.31393E5	2.40705E7	6.77272E5	5.63497E5	4.88049E5	4.50095E5	4.17615E5	4.09067E5	3.96058E5	3.87232E5	3.72931E5	3.6242E5	3.1796E5	2.79334E5	2.44467E5	2.15579E5	1.85797E5	1.62235E5	1.33989E5	1.30409E5
544	9.22252E5	2.6278E6	9.01823E5	2.1842E7	6.76828E5	5.51614E5	4.80059E5	4.24674E5	4.0442E5	3.94709E5	3.81966E5	3.66982E5	3.5978E5	3.51406E5	3.11334E5	2.72044E5	2.42466E5	2.11837E5	1.82253E5	1.57386E5	1.33038E5	1.20388E5
546	8.59663E5	2.92215E6	8.65971E5	1.74448E7	7.12179E5	5.40953E5	4.65978E5	4.21287E5	3.97537E5	3.8154E5	3.76248E5	3.64121E5	3.53673E5	3.44106E5	3.04278E5	2.68835E5	2.37798E5	2.08017E5	1.81446E5	1.56488E5	1.29676E5	1.14066E5
548	8.2447E5	3.05759E6	8.43579E5	1.20522E7	1.17548E6	5.28084E5	4.51215E5	4.20258E5	3.89812E5	3.70208E5	3.67286E5	3.53073E5	3.44175E5	3.31309E5	2.98251E5	2.6241E5	2.32647E5	2.02584E5	1.78362E5	1.54218E5	1.30983E5	1.10606E5
550	8.24086E5	3.01271E6	8.27567E5	6.90379E6	2.67381E6	5.17587E5	4.44855E5	4.03075E5	3.76139E5	3.67011E5	3.57439E5	3.40739E5	3.31534E5	3.26734E5	2.8938E5	2.5454E5	2.25158E5	1.9796E5	1.7292E5	1.51054E5	1.24746E5	1.06335E5
552	8.04776E5	2.79237E6	7.94075E5	3.18028E6	5.8433E6	5.02444E5	4.36224E5	3.89373E5	3.66995E5	3.53337E5	3.46825E5	3.30932E5	3.23206E5	3.19021E5	2.88425E5	2.53288E5	2.21583E5	1.93721E5	1.68791E5	1.47256E5	1.26122E5	1.07011E5
554	7.54334E5	2.36157E6	8.02859E5	1.32879E6	1.04903E7	4.9704E5	4.2071E5	3.82655E5	3.62605E5	3.45168E5	3.34726E5	3.27204E5	3.14762E5	3.1086E5	2.76819E5	2.45253E5	2.1339E5	1.87522E5	1.65794E5	1.46233E5	1.21982E5	1.05208E5
556	7.28149E5	1.98764E6	8.27258E5	8.26481E5	1.58025E7	4.79004E5	4.22574E5	3.69324E5	3.52264E5	3.37782E5	3.26194E5	3.16857E5	3.05774E5	3.00467E5	2.66717E5	2.38327E5	2.10618E5	1.84697E5	1.60414E5	1.39169E5	1.20955E5	1.03634E5
558	7.15548E5	1.49316E6	9.24513E5	7.51718E5	2.10835E7	4.74725E5	4.0729E5	3.66004E5	3.38495E5	3.26661E5	3.19861E5	3.08918E5	2.99426E5	2.92807E5	2.61104E5	2.32142E5	2.03031E5	1.80664E5	1.59107E5	1.41837E5	1.16444E5	1.00982E5
560	7.36664E5	1.18117E6	1.12854E6	7.1559E5	2.45633E7	4.65391E5	3.88716E5	3.57637E5	3.33193E5	3.1836E5	3.11521E5	2.98662E5	2.89574E5	2.82757E5	2.53993E5	2.27338E5	1.99676E5	1.77511E5	1.56075E5	1.36352E5	1.15072E5	1.00723E5
562	7.21089E5	9.50964E5	1.37665E6	6.9264E5	2.52484E7	4.62503E5	3.809E5	3.4217E5	3.22432E5	3.10715E5	3.01259E5	2.91732E5	2.79849E5	2.74343E5	2.46058E5	2.20087E5	1.94841E5	1.76002E5	1.50666E5	1.34238E5	1.14425E5	9.83986E4
564	7.15367E5	7.65297E5	1.72898E6	6.52107E5	2.2529E7	4.65639E5	3.79916E5	3.36252E5	3.14919E5	3.00122E5	2.91604E5	2.80808E5	2.71498E5	2.70992E5	2.37427E5	2.12534E5	1.89868E5	1.65863E5	1.47167E5	1.31586E5	1.09809E5	9.34731E4
566	6.74743E5	7.00712E5	2.06949E6	6.50257E5	1.78252E7	5.16755E5	3.69372E5	3.26654E5	3.08197E5	2.87604E5	2.84516E5	2.75949E5	2.65059E5	2.58955E5	2.32175E5	2.07942E5	1.83391E5	1.62947E5	1.43167E5	1.26567E5	1.09487E5	9.23777E4
568	6.57638E5	6.61137E5	2.42898E6	6.31253E5	1.20693E7	1.03316E6	3.60675E5	3.21315E5	3.00248E5	2.85181E5	2.75691E5	2.63952E5	2.54908E5	2.51305E5	2.26399E5	2.01817E5	1.79471E5	1.59623E5	1.42308E5	1.24668E5	1.07552E5	9.05081E4
570	6.46381E5	6.4868E5	2.67992E6	6.23552E5	6.70294E6	2.73024E6	3.56023E5	3.14726E5	2.87757E5	2.74355E5	2.70774E5	2.56597E5	2.50314E5	2.45469E5	2.19196E5	1.96755E5	1.73164E5	1.55805E5	1.36132E5	1.2312E5	1.04423E5	8.85251E4
572	6.48232E5	6.06659E5	2.74781E6	6.04442E5	2.92277E6	6.09718E6	3.42767E5	3.03187E5	2.85223E5	2.68897E5	2.57937E5	2.51391E5	2.42642E5	2.36016E5	2.13359E5	1.89102E5	1.70556E5	1.48066E5	1.34452E5	1.19179E5	1.0119E5	8.69309E4
574	6.28841E5	5.87271E5	2.61817E6	6.00128E5	1.12299E6	1.0886E7	3.43948E5	2.95368E5	2.76267E5	2.61318E5	2.49545E5	2.41114E5	2.33521E5	2.30526E5	2.08101E5	1.86244E5	1.64737E5	1.48216E5	1.26734E5	1.1389E5	9.80225E4	8.29723E4
576	6.11972E5	5.72658E5	2.37177E6	5.96929E5	6.41951E5	1.62723E7	3.33549E5	2.89022E5	2.67259E5	2.55128E5	2.41138E5	2.32394E5	2.2761E5	2.21523E5	1.98078E5	1.78576E5	1.60574E5	1.41816E5	1.26194E5	1.12244E5	9.50663E4	8.18762E4
578	5.66963E5	5.63184E5	2.01566E6	5.93856E5	5.71192E5	2.13908E7	3.26539E5	2.83428E5	2.58507E5	2.45755E5	2.39374E5	2.26157E5	2.22247E5	2.17918E5	1.94049E5	1.73674E5	1.56118E5	1.4024E5	1.25843E5	1.0919E5	9.50305E4	8.10432E4
580	5.84799E5	5.68145E5	1.59256E6	6.44576E5	5.50954E5	2.46951E7	3.2876E5	2.74282E5	2.48195E5	2.39473E5	2.28015E5	2.21905E5	2.12398E5	2.06885E5	1.89124E5	1.66597E5	1.5169E5	1.33757E5	1.20551E5	1.05068E5	9.20751E4	8.01298E4
582	6.17485E5	5.44606E5	1.24678E6	7.43793E5	5.34249E5	2.52338E7	3.20205E5	2.69267E5	2.4283E5	2.33564E5	2.22172E5	2.12638E5	2.07103E5	2.02491E5	1.80758E5	1.66304E5	1.47029E5	1.32075E5	1.17133E5	1.03008E5	8.93842E4	7.68951E4
584	6.03738E5	5.16038E5	9.18391E5	9.27636E5	5.31339E5	2.24325E7	3.23494E5	2.63531E5	2.38335E5	2.25988E5	2.1558E5	2.04411E5	2.00769E5	1.97876E5	1.72878E5	1.59134E5	1.44022E5	1.27301E5	1.11982E5	9.91632E4	8.68417E4	7.61298E4
586	5.70472E5	5.50513E5	7.24935E5	1.2057E6	5.09602E5	1.75326E7	3.71335E5	2.55315E5	2.32554E5	2.16146E5	2.08294E5	2.02414E5	1.95509E5	1.92749E5	1.73119E5	1.53432E5	1.36559E5	1.26167E5	1.10054E5	9.89803E4	8.58513E4	7.33002E4
588	5.82385E5	5.08948E5	6.04262E5	1.52222E6	5.12961E5	1.15321E7	8.77607E5	2.48219E5	2.22443E5	2.08387E5	2.05243E5	1.94484E5	1.87776E5	1.85281E5	1.65455E5	1.50358E5	1.33462E5	1.18481E5	1.10488E5	9.40589E4	8.13444E4	7.18913E4
590	5.55763E5	4.96587E5	5.49501E5	1.87768E6	4.96089E5	6.09796E6	2.6835E6	2.48711E5	2.22414E5	2.03107E5	1.95676E5	1.87166E5	1.83547E5	1.79123E5	1.59903E5	1.44497E5	1.28421E5	1.15733E5	1.03825E5	9.37083E4	7.92304E4	6.96994E4
592	5.20267E5	5.12651E5	5.2979E5	2.16729E6	4.98358E5	2.44924E6	6.45857E6	2.40334E5	2.11734E5	1.97281E5	1.87228E5	1.79599E5	1.79438E5	1.71839E5	1.53436E5	1.39722E5	1.25921E5	1.13422E5	1.0128E5	8.94238E4	7.69941E4	6.71554E4
594	4.91478E5	4.80326E5	4.9148E5	2.37182E6	4.84261E5	8.56661E5	1.16396E7	2.34629E5	2.04989E5	1.90699E5	1.84475E5	1.7592E5	1.69602E5	1.6816E5	1.51303E5	1.36852E5	1.21592E5	1.10297E5	9.76764E4	8.57451E4	7.60429E4	6.48538E4
596	4.89435E5	4.7992E5	4.73288E5	2.42184E6	4.87523E5	4.79416E5	1.73851E7	2.2714E5	1.99689E5	1.89989E5	1.80843E5	1.70435E5	1.65445E5	1.59564E5	1.45017E5	1.30001E5	1.18489E5	1.06954E5	9.51684E4	8.3932E4	7.33759E4	6.49591E4
598	5.17348E5	4.46529E5	4.59102E5	2.29055E6	4.79944E5	4.3308E5	2.25667E7	2.19939E5	1.96934E5	1.82943E5	1.734E5	1.64858E5	1.58921E5	1.58922E5	1.37348E5	1.27989E5	1.14833E5	1.02802E5	9.20031E4	8.25043E4	7.22452E4	6.1764E4
600	4.68295E5	4.65943E5	4.83493E5	2.07681E6	4.88667E5	4.1067E5	2.55584E7	2.25817E5	1.90663E5	1.75024E5	1.69158E5	1.59638E5	1.53552E5	1.54052E5	1.37482E5	1.19248E5	1.10915E5	1.0158E5	9.04149E4	7.98536E4	6.93154E4	6.17358E4
