300	3.05106E5	1.73987E5	1.84565E5	2.62939E6	3.93529E5	3.45438E5	3.75745E7	1.48978E5	2.19912E4	1.40011E4	9912.47947	7883.83547	6486.22429	5158.14902	4383.81165	3810.1829	3276.68051	2370.80781	2505.21289	2498.87932	2136.41531	2008.63712
302	2.91295E5	1.80631E5	1.87165E5	1.76862E6	7.13714E5	2.30549E5	3.28606E7	1.73403E6	2.33549E4	1.37512E4	1.06795E4	7462.19133	5953.90443	5206.88388	4301.34849	3749.70948	3671.58033	3008.04837	3001.44416	2562.826	2645.57005	2116.73559
304	3.03056E5	2.07989E5	2.02268E5	1.02509E6	1.30528E6	2.19643E5	2.11422E7	7.63859E6	2.89651E4	1.49588E4	1.08291E4	7210.27208	6316.05116	5240.5019	4509.54389	3373.83906	3517.43445	2814.26084	2398.96968	2527.49774	1996.26627	1910.10683
306	2.92269E5	1.94475E5	2.18958E5	5.57767E5	2.07275E6	2.15849E5	9.02667E6	1.90534E7	3.80792E4	1.59495E4	1.13107E4	7724.70652	6269.26675	5623.89396	4200.22487	3484.06895	3009.66465	2653.64261	2957.1612	2787.77357	2200.56219	1736.52408
308	3.05812E5	2.09747E5	2.16568E5	3.58673E5	2.7381E6	2.24598E5	2.20592E6	3.12484E7	5.31239E4	1.7204E4	1.06646E4	7845.28259	6073.97058	5510.18892	4065.62236	3444.19671	3192.09148	2720.86716	2787.25973	2499.48419	2162.78416	2058.35807
310	3.33965E5	2.09118E5	2.33038E5	3.2245E5	2.89232E6	2.41882E5	3.18598E5	3.65616E7	1.42369E5	1.90928E4	1.13946E4	8636.52184	6321.71433	5129.74638	4608.37942	3705.32719	3302.92731	3037.89922	2741.3967	2059.14993	1873.89688	2025.31215
312	3.22607E5	2.23162E5	2.42562E5	3.29653E5	2.48766E6	3.24321E5	1.79246E5	3.21351E7	1.62536E6	2.2119E4	1.15555E4	9070.10223	6251.89928	5067.76085	4154.93597	3423.243	3020.20781	3307.84222	2520.24505	2167.82781	2545.64722	2308.46478
314	3.47756E5	2.26062E5	2.48168E5	3.21134E5	1.69505E6	5.93387E5	1.62062E5	2.00832E7	7.81781E6	2.63815E4	1.27152E4	8445.75638	6232.74805	5110.48328	4060.70674	3606.1442	2896.10205	2997.49414	2545.44111	2208.7267	2336.48647	2178.02272
316	3.75871E5	2.26843E5	2.65016E5	3.16315E5	1.02004E6	1.07982E6	1.49042E5	8.29092E6	1.85984E7	3.23617E4	1.43071E4	9754.43312	6659.20374	5294.78832	4788.15725	3369.15291	3157.28608	3005.49695	2580.26406	2394.54812	2284.1543	2055.18842
318	3.687E5	2.67065E5	2.77345E5	3.27316E5	6.00243E5	1.73101E6	1.55876E5	1.94137E6	2.83787E7	4.75139E4	1.46766E4	1.00833E4	7472.51639	5414.53936	4329.47459	3652.15158	2927.78354	2653.92555	2498.07137	2633.93583	2444.2669	1812.10544
320	3.57829E5	2.62672E5	2.77728E5	3.30384E5	4.31678E5	2.27919E6	1.56218E5	2.47832E5	3.21164E7	1.33212E5	1.77584E4	1.01319E4	7686.90353	5217.19562	4296.44997	3634.24259	3022.16864	2621.79648	2276.53757	2713.78971	2053.98988	1828.3093
322	3.4768E5	2.60045E5	2.85923E5	3.36273E5	3.78911E5	2.39193E6	1.72875E5	1.48655E5	2.74051E7	1.45271E6	1.96549E4	1.0531E4	7690.18544	5695.70418	4435.24874	3985.24822	3319.06754	2605.5049	2291.67074	2171.28072	1943.75152	2187.24143
324	3.85538E5	2.61453E5	2.85873E5	3.32517E5	3.70273E5	2.04995E6	2.42843E5	1.27909E5	1.71613E7	6.46363E6	2.26457E4	1.0533E4	8175.22399	5912.83432	4459.71678	3595.44262	3214.80089	2587.54753	2394.52607	2228.4838	1713.97932	1657.54339
326	3.86012E5	2.76524E5	2.95121E5	3.44563E5	3.73134E5	1.46061E6	4.32906E5	1.25945E5	7.03934E6	1.54585E7	2.89428E4	1.13333E4	8238.51423	6164.554	4648.64234	4085.02358	3161.42648	2767.92434	2327.22099	2228.53867	1608.27999	1852.16916
328	4.17724E5	2.8954E5	2.98305E5	3.45989E5	3.74322E5	9.22109E5	7.94554E5	1.27551E5	1.72397E6	2.37548E7	4.1869E4	1.25794E4	8371.40237	5938.63722	4419.377	3845.04841	3257.4508	2662.93069	2603.58855	2308.20491	1925.80504	1854.49837
330	3.88718E5	2.91495E5	3.06401E5	3.56844E5	3.78989E5	5.51487E5	1.30144E6	1.28649E5	2.2188E5	2.73906E7	1.09726E5	1.4365E4	8380.1128	6165.20656	4487.16363	4129.20628	3097.69147	2705.27909	2338.6743	2350.79091	1819.31565	1918.93031
332	3.91594E5	3.01425E5	3.20352E5	3.62415E5	3.72178E5	3.97951E5	1.75645E6	1.31141E5	1.3201E5	2.4174E7	1.25564E6	1.59629E4	8804.58912	6595.74258	4352.99597	3560.00459	3095.28085	2572.21255	2358.79733	2170.82977	2106.60999	1696.52602
334	4.22698E5	3.27076E5	3.12302E5	3.63454E5	3.89345E5	3.4557E5	1.95841E6	1.46249E5	1.1455E5	1.60692E7	5.53971E6	1.86084E4	9647.36545	7221.56508	5175.08553	3242.47712	3138.95645	2423.48946	2285.82572	2122.1432	2026.98201	1805.4743
336	4.40441E5	3.25041E5	3.33652E5	3.62631E5	3.85331E5	3.33352E5	1.78949E6	1.93485E5	1.14881E5	7.04668E6	1.33107E7	2.42063E4	1.04619E4	6899.66859	5002.05601	3599.46391	2890.72145	2576.32881	2256.02646	2248.27893	1722.27877	1767.53177
338	4.6645E5	3.35911E5	3.35854E5	3.69422E5	3.90509E5	3.42532E5	1.35943E6	3.19939E5	1.16066E5	1.86731E6	2.02236E7	3.45316E4	1.13656E4	7122.23306	5326.90661	3738.31562	3117.81458	2626.71613	2275.33847	1888.00708	2048.76778	1626.58915
340	4.61819E5	3.45172E5	3.51211E5	3.76805E5	3.95185E5	3.46286E5	8.82451E5	5.98132E5	1.20733E5	2.34532E5	2.32599E7	8.67677E4	1.2117E4	7457.06747	4960.73842	3210.15467	2718.17684	2362.16092	2296.60644	2153.73369	1591.10539	1444.61396
342	4.77325E5	3.43873E5	3.46536E5	3.7024E5	3.94311E5	3.50296E5	5.44536E5	9.75463E5	1.23166E5	1.2261E5	2.07523E7	9.36354E5	1.28825E4	7808.27645	5166.60698	3905.35005	2956.52032	2568.45325	2161.95864	1915.47607	1463.76029	1846.95003
344	4.92952E5	3.64673E5	3.51936E5	3.77599E5	4.01948E5	3.54869E5	3.68631E5	1.39273E6	1.32659E5	1.07042E5	1.36177E7	4.74473E6	1.68373E4	7522.16489	5607.29989	4093.22779	2956.57783	2595.60061	2317.06505	1930.20194	1620.33782	1305.60442
346	5.02941E5	3.9659E5	3.67455E5	3.77949E5	3.98438E5	3.67117E5	3.09132E5	1.60126E6	1.47035E5	1.0938E5	5.95015E6	1.12992E7	2.02046E4	8068.73587	5625.01059	4074.92617	3231.48994	2338.30184	2212.69975	1845.90427	1770.62304	1533.12958
348	5.26049E5	4.03294E5	3.58941E5	3.9096E5	4.08191E5	3.72681E5	3.07504E5	1.53349E6	1.84985E5	1.15013E5	1.39778E6	1.74113E7	3.05889E4	9142.78821	5501.62893	4129.118	2839.51572	2683.91868	2348.37813	1962.21567	1543.10336	1378.65462
350	5.34065E5	4.24701E5	3.69635E5	3.85207E5	4.11559E5	3.8197E5	3.086E5	1.22402E6	2.78504E5	1.21688E5	1.99054E5	1.94878E7	6.33363E4	1.01822E4	5744.97475	4325.59158	3002.74245	2379.99714	2033.21895	1856.82005	1855.13083	1436.51947
352	5.41575E5	4.33043E5	3.86803E5	3.9501E5	4.10206E5	3.95007E5	3.2166E5	8.46119E5	4.73772E5	1.3223E5	1.16667E5	1.70579E7	8.19246E5	1.19657E4	6141.79286	4455.94448	2915.31373	2383.01133	1974.31074	2127.07923	1591.68935	1577.60075
354	5.89937E5	4.30209E5	4.05079E5	3.952E5	4.1478E5	3.9402E5	3.33831E5	5.52335E5	7.50964E5	1.4098E5	1.06661E5	1.14093E7	3.80443E6	1.35619E4	6517.27515	4436.90212	3143.24451	2342.85501	1908.82528	1921.5696	1554.09954	1477.60955
356	5.74983E5	4.68098E5	4.14064E5	4.06027E5	4.17186E5	4.09079E5	3.46508E5	3.91006E5	1.06566E6	1.52745E5	1.09795E5	4.96424E6	9.48683E6	1.756E4	6785.54883	4836.70846	3276.88473	2364.019	2161.12142	1986.00153	1714.04152	1451.16394
358	6.2859E5	4.86958E5	4.27518E5	4.13393E5	4.22494E5	4.19565E5	3.62E5	3.39467E5	1.28415E6	1.66989E5	1.18557E5	1.25771E6	1.48057E7	2.56409E4	7378.59112	4511.72459	3504.61355	2648.75535	2084.62222	1903.28146	1573.55435	1365.90167
360	6.46135E5	5.41419E5	4.43783E5	4.24567E5	4.28369E5	4.26762E5	3.75607E5	3.29348E5	1.29691E6	1.96312E5	1.2694E5	1.82652E5	1.71869E7	5.60772E4	8333.29059	4901.32606	3502.92283	2708.32908	1949.78666	1830.0783	1580.50075	1319.13904
362	6.63634E5	5.52432E5	4.51074E5	4.29606E5	4.32822E5	4.33285E5	3.92346E5	3.39563E5	1.12626E6	2.53971E5	1.38267E5	1.08884E5	1.5818E7	6.69175E5	9948.28613	4608.75333	3489.72756	2614.75415	1956.44196	1903.17868	1600.61895	1384.14054
364	6.96773E5	5.72553E5	4.78467E5	4.42387E5	4.49571E5	4.47892E5	4.0746E5	3.54147E5	8.51703E5	3.75648E5	1.50881E5	1.01672E5	1.10338E7	3.39157E6	1.1883E4	5114.00557	3586.89474	2817.76873	2173.87412	1840.16547	1658.30318	1532.05508
366	7.17454E5	5.84473E5	4.82489E5	4.52396E5	4.49612E5	4.57814E5	4.19463E5	3.71621E5	5.91952E5	5.90043E5	1.61975E5	1.04147E5	4.97722E6	8.78529E6	1.53291E4	5444.38241	3709.18989	2815.53547	2376.87126	1735.48946	1551.10934	1307.02337
368	7.29472E5	6.14261E5	5.15565E5	4.63063E5	4.62828E5	4.68492E5	4.33898E5	3.88759E5	4.44956E5	8.34966E5	1.75659E5	1.10311E5	1.29664E6	1.36188E7	2.20106E4	6315.74641	3796.61525	2869.76031	2017.09894	1790.58941	1606.32137	1241.92212
370	7.74626E5	6.44766E5	5.41319E5	4.72962E5	4.70396E5	4.71774E5	4.50335E5	4.06949E5	3.85853E5	1.0526E6	1.92386E5	1.19487E5	1.69034E5	1.56586E7	5.2148E4	7091.49342	3779.59503	3192.08935	2324.1685	1965.33236	1772.48145	1581.21565
372	8.07958E5	6.79114E5	5.54089E5	4.87569E5	4.85895E5	4.86788E5	4.63544E5	4.26296E5	3.72482E5	1.11879E6	2.16103E5	1.31355E5	9.75153E4	1.39378E7	6.39546E5	8134.84411	4146.64598	3257.59935	1939.04948	1909.79618	1628.12855	1488.19038
374	8.06915E5	6.99426E5	5.71575E5	5.09962E5	4.90527E5	5.00582E5	4.81293E5	4.41566E5	3.87334E5	1.04108E6	2.61199E5	1.3924E5	9.0655E4	9.24515E6	3.17123E6	1.00258E4	4511.026	3142.49152	2536.63987	1913.72025	1619.84406	1321.93175
376	8.56526E5	7.20927E5	6.04853E5	5.12582E5	4.95672E5	5.05815E5	5.01383E5	4.57787E5	3.97212E5	8.45824E5	3.46923E5	1.53297E5	9.11708E4	3.97025E6	7.73423E6	1.27581E4	4816.21888	3135.47046	2433.06243	1893.98437	1555.93801	1404.27675
378	8.72969E5	7.60722E5	6.32422E5	5.24193E5	5.15843E5	5.21655E5	5.12078E5	4.77781E5	4.15468E5	6.39995E5	5.00772E5	1.65248E5	9.84355E4	9.21972E5	1.19592E7	2.02943E4	5506.87741	3156.51698	2622.35315	2085.79595	1706.13045	1103.94086
380	9.06767E5	7.80973E5	6.48227E5	5.50853E5	5.2427E5	5.25682E5	5.27897E5	4.91325E5	4.29757E5	4.94794E5	6.94928E5	1.75838E5	1.07533E5	1.32911E5	1.35607E7	4.62318E4	5962.46749	3516.66954	2743.79939	1804.31393	1430.92	1439.066
382	9.23887E5	8.31955E5	6.73518E5	5.56993E5	5.38243E5	5.43863E5	5.45633E5	5.13133E5	4.53892E5	4.31139E5	8.77375E5	1.93411E5	1.19136E5	8.85589E4	1.23229E7	5.44941E5	7204.1178	4031.63884	2779.18571	2242.43988	1581.50763	1612.39889
384	9.66324E5	8.53943E5	6.89817E5	5.90724E5	5.49254E5	5.60384E5	5.59904E5	5.28878E5	4.7032E5	4.10863E5	9.82475E5	2.11109E5	1.29662E5	8.5172E4	8.5337E6	2.71455E6	8889.02319	3905.78071	2606.82382	2128.46014	1741.00841	1407.42257
386	1.01226E6	8.73989E5	7.19544E5	5.91577E5	5.67856E5	5.74726E5	5.79928E5	5.53455E5	4.90646E5	4.23815E5	9.65577E5	2.43573E5	1.4004E5	8.70874E4	3.79301E6	6.94616E6	1.22057E4	4505.89449	2814.07889	2503.11477	2044.73593	1454.51919
388	1.03892E6	9.06479E5	7.41753E5	6.1028E5	5.7786E5	5.95491E5	5.97197E5	5.74683E5	5.05229E5	4.31677E5	8.47323E5	3.03956E5	1.53E5	9.39615E4	1.02064E6	1.08477E7	1.84055E4	5108.95835	3200.00886	2450.05422	1763.23782	1529.09032
390	1.05011E6	9.09994E5	7.65402E5	6.37579E5	5.98924E5	6.08473E5	6.09005E5	5.91755E5	5.22816E5	4.45766E5	6.82522E5	4.16273E5	1.67994E5	1.02765E5	1.46279E5	1.27604E7	4.15263E4	5788.00316	3271.11159	2740.11779	1801.9478	1570.0959
392	1.06307E6	9.64947E5	8.00694E5	6.50913E5	6.07064E5	6.16492E5	6.20114E5	6.00046E5	5.44904E5	4.6354E5	5.42653E5	5.70355E5	1.82412E5	1.131E5	8.33831E4	1.16685E7	5.54139E5	7049.37072	3553.44903	2676.28033	1976.20995	1395.91172
394	1.13176E6	9.98373E5	8.16891E5	6.65301E5	6.22217E5	6.26357E5	6.37279E5	6.18442E5	5.53169E5	4.77189E5	4.63931E5	7.2581E5	1.93789E5	1.23516E5	7.97626E4	8.25221E6	2.56018E6	8419.08733	3770.41359	2581.18015	2341.57431	1693.41744
396	1.15027E6	1.02471E6	8.42507E5	6.82212E5	6.33771E5	6.42596E5	6.50336E5	6.3114E5	5.72036E5	4.94577E5	4.36964E5	8.53963E5	2.13451E5	1.3606E5	7.89441E4	3.73836E6	6.50676E6	1.13227E4	4022.76963	2716.78404	2415.33043	1743.2378
398	1.16204E6	1.03744E6	8.64587E5	7.10803E5	6.44218E5	6.533E5	6.62901E5	6.51337E5	5.83479E5	5.12237E5	4.35128E5	8.82874E5	2.38202E5	1.47378E5	8.45508E4	1.00135E6	1.00678E7	1.66116E4	4254.46921	2980.0398	2542.88785	1728.57943
400	1.19073E6	1.08455E6	8.82794E5	7.21139E5	6.57363E5	6.65087E5	6.78019E5	6.60367E5	6.03833E5	5.23883E5	4.48089E5	8.16708E5	2.75063E5	1.57395E5	9.13734E4	1.38896E5	1.15339E7	3.44816E4	5443.06846	3261.67125	2484.86872	1874.83114
402	1.21887E6	1.0796E6	9.06071E5	7.31979E5	6.75114E5	6.70742E5	6.85473E5	6.75609E5	6.18159E5	5.41478E5	4.6161E5	6.95288E5	3.48518E5	1.73139E5	1.00709E5	7.4663E4	1.03364E7	4.36052E5	6055.14954	3186.68527	2490.02575	1855.91818
404	1.24626E6	1.12525E6	9.38448E5	7.62137E5	6.84635E5	6.88665E5	6.99706E5	6.81597E5	6.2452E5	5.47765E5	4.70793E5	5.6451E5	4.62165E5	1.87725E5	1.10207E5	7.02881E4	6.94647E6	2.26613E6	7998.20281	3329.39159	2365.94496	2058.08657
406	1.25293E6	1.13978E6	9.52522E5	7.70581E5	6.95469E5	6.96141E5	7.09752E5	6.94423E5	6.39045E5	5.6688E5	4.87224E5	4.83568E5	5.98707E5	2.01173E5	1.20532E5	7.06554E4	3.08434E6	5.74348E6	9959.67759	3698.08623	2290.89462	2260.90924
408	1.29266E6	1.18825E6	9.79939E5	7.91999E5	6.97558E5	7.05269E5	7.12314E5	7.0379E5	6.49806E5	5.82689E5	4.97414E5	4.40315E5	7.25317E5	2.12804E5	1.29076E5	7.44507E4	7.50515E5	9.23325E6	1.48868E4	4164.86627	2533.36197	2245.52403
410	1.28631E6	1.20184E6	9.91359E5	8.03438E5	7.18491E5	7.13393E5	7.24541E5	7.10193E5	6.60287E5	5.89223E5	5.12511E5	4.37527E5	7.85905E5	2.35018E5	1.39955E5	8.02807E4	1.02973E5	1.08083E7	2.96728E4	5020.22956	2627.96971	1929.20147
412	1.31531E6	1.21387E6	1.01686E6	8.20257E5	7.28466E5	7.17822E5	7.30593E5	7.18586E5	6.73278E5	6.01869E5	5.25923E5	4.39599E5	7.85518E5	2.65048E5	1.50628E5	8.68684E4	6.57456E4	9.80678E6	3.36775E5	5648.38795	2821.19025	2070.91509
414	1.36626E6	1.21154E6	1.04308E6	8.32484E5	7.43374E5	7.2521E5	7.32055E5	7.24728E5	6.72103E5	6.11771E5	5.39097E5	4.5355E5	7.0306E5	3.14474E5	1.62115E5	9.47046E4	6.23113E4	6.7359E6	1.81492E6	7125.19432	3217.66889	2154.63588
416	1.37012E6	1.23282E6	1.06325E6	8.69401E5	7.45486E5	7.306E5	7.33406E5	7.28215E5	6.83842E5	6.19749E5	5.50162E5	4.6015E5	6.00689E5	3.92945E5	1.72072E5	1.04595E5	6.19535E4	3.02682E6	5.03628E6	9681.65578	3441.75813	2020.18493
418	1.36789E6	1.26642E6	1.07271E6	8.69181E5	7.6035E5	7.41969E5	7.44934E5	7.33963E5	6.88924E5	6.28524E5	5.64851E5	4.76288E5	5.07385E5	4.96668E5	1.83015E5	1.11139E5	6.67366E4	7.65997E5	8.49866E6	1.45066E4	3505.22648	2496.22723
420	1.36252E6	1.29959E6	1.11217E6	8.92589E5	7.70852E5	7.4038E5	7.46548E5	7.49119E5	6.96724E5	6.42503E5	5.73553E5	4.85085E5	4.57284E5	6.17537E5	1.97949E5	1.19625E5	7.05567E4	1.01336E5	1.02235E7	2.97282E4	4181.34846	2299.70725
422	1.41686E6	1.29242E6	1.11469E6	8.92064E5	7.76243E5	7.47235E5	7.44853E5	7.43418E5	7.05534E5	6.50165E5	5.8076E5	4.97307E5	4.32126E5	7.00366E5	2.10741E5	1.29435E5	7.5612E4	5.82451E4	9.41726E6	3.81421E5	5142.17941	2439.58216
424	1.42265E6	1.31194E6	1.1275E6	9.14015E5	7.83848E5	7.49423E5	7.48548E5	7.41163E5	7.01368E5	6.57265E5	5.90878E5	5.08255E5	4.31251E5	7.26916E5	2.29437E5	1.40335E5	8.43798E4	5.60099E4	6.46772E6	1.90767E6	6222.85645	2536.50865
426	1.46137E6	1.33247E6	1.1476E6	9.22333E5	7.97912E5	7.48605E5	7.54252E5	7.42982E5	7.10595E5	6.62276E5	5.98416E5	5.16486E5	4.38616E5	6.83462E5	2.62713E5	1.49263E5	9.06841E4	5.50669E4	2.76915E6	5.16727E6	8607.12966	2814.16852
428	1.45216E6	1.32758E6	1.15339E6	9.48714E5	8.06745E5	7.54177E5	7.44381E5	7.45168E5	7.09856E5	6.61686E5	6.09223E5	5.29382E5	4.47344E5	6.02045E5	3.1646E5	1.58881E5	9.91042E4	5.74821E4	6.58016E5	8.35615E6	1.25265E4	3211.05851
430	1.44693E6	1.32856E6	1.16892E6	9.48941E5	8.09518E5	7.64616E5	7.44627E5	7.40779E5	7.11854E5	6.61997E5	6.1115E5	5.36359E5	4.55005E5	5.15151E5	3.95588E5	1.6652E5	1.05307E5	6.17857E4	8.66786E4	9.66061E6	2.65238E4	3673.12316
432	1.47806E6	1.34057E6	1.17806E6	9.59451E5	8.16363E5	7.53369E5	7.49559E5	7.44922E5	7.12067E5	6.70659E5	6.19555E5	5.47509E5	4.65505E5	4.55162E5	4.8392E5	1.79155E5	1.139E5	6.70905E4	5.39328E4	8.43969E6	3.44015E5	4783.14262
434	1.43776E6	1.3667E6	1.18876E6	9.84347E5	8.16876E5	7.59999E5	7.44361E5	7.39764E5	7.15272E5	6.72696E5	6.24007E5	5.54696E5	4.72465E5	4.22478E5	5.64969E5	1.88911E5	1.20992E5	7.27142E4	5.02232E4	5.34299E6	1.79218E6	5629.6066
436	1.43495E6	1.36468E6	1.20276E6	9.87267E5	8.30449E5	7.70077E5	7.38942E5	7.43387E5	7.10432E5	6.73832E5	6.30614E5	5.59852E5	4.83731E5	4.17134E5	6.09472E5	2.01029E5	1.28535E5	7.84301E4	5.00095E4	2.24982E6	4.57939E6	7612.57261
438	1.44546E6	1.39732E6	1.21238E6	9.94442E5	8.41149E5	7.62391E5	7.48229E5	7.35667E5	7.11185E5	6.76797E5	6.32977E5	5.65125E5	4.90249E5	4.20768E5	6.1135E5	2.21541E5	1.36796E5	8.5988E4	5.26771E4	5.36508E5	7.47081E6	1.13057E4
440	1.4185E6	1.37172E6	1.21723E6	1.00147E6	8.3421E5	7.59098E5	7.41133E5	7.41208E5	7.11684E5	6.74982E5	6.33538E5	5.68381E5	4.97949E5	4.24326E5	5.64719E5	2.52271E5	1.44425E5	9.32526E4	5.45524E4	7.26086E4	8.89249E6	2.04163E4
442	1.43497E6	1.37956E6	1.21108E6	1.0126E6	8.34815E5	7.59092E5	7.29531E5	7.25483E5	7.04034E5	6.7923E5	6.35069E5	5.72423E5	5.03366E5	4.31152E5	4.94693E5	2.98992E5	1.49956E5	9.76357E4	5.79727E4	4.98684E4	8.02603E6	2.08797E5
444	1.44336E6	1.3668E6	1.21661E6	1.02284E6	8.39564E5	7.59681E5	7.31201E5	7.20419E5	7.01221E5	6.80418E5	6.36605E5	5.77109E5	5.07944E5	4.33395E5	4.28476E5	3.63585E5	1.57399E5	1.02695E5	6.34761E4	4.68363E4	5.31732E6	1.22415E6
446	1.41188E6	1.3894E6	1.23759E6	1.03286E6	8.48182E5	7.59451E5	7.23573E5	7.16823E5	6.95544E5	6.70951E5	6.33156E5	5.80314E5	5.11791E5	4.45233E5	3.84084E5	4.33163E5	1.6646E5	1.10096E5	6.79314E4	4.68763E4	2.27063E6	3.67985E6
448	1.42076E6	1.36852E6	1.23523E6	1.0317E6	8.50514E5	7.65724E5	7.28316E5	7.11076E5	6.94417E5	6.66317E5	6.36019E5	5.83702E5	5.14804E5	4.51336E5	3.66844E5	4.95326E5	1.76265E5	1.14758E5	7.40683E4	4.87201E4	5.50997E5	6.62524E6
450	1.40295E6	1.39559E6	1.24103E6	1.05039E6	8.59366E5	7.5261E5	7.26451E5	7.02587E5	6.92965E5	6.70847E5	6.36337E5	5.86031E5	5.25904E5	4.57464E5	3.62044E5	5.22307E5	1.89854E5	1.23933E5	7.99268E4	5.14233E4	7.51597E4	8.27553E6
452	1.44993E6	1.36634E6	1.2485E6	1.03953E6	8.58562E5	7.53615E5	7.18714E5	7.00824E5	6.86199E5	6.64033E5	6.34053E5	5.85393E5	5.27946E5	4.6167E5	3.65462E5	5.12663E5	2.13031E5	1.30745E5	8.66452E4	5.41738E4	4.49004E4	7.59095E6
454	1.42984E6	1.35853E6	1.22779E6	1.03072E6	8.61514E5	7.56391E5	7.10214E5	6.99417E5	6.81942E5	6.62116E5	6.3097E5	5.84117E5	5.30896E5	4.65453E5	3.69241E5	4.65841E5	2.45194E5	1.35441E5	9.18601E4	5.76129E4	4.30281E4	5.07638E6
456	1.43405E6	1.37438E6	1.22006E6	1.04379E6	8.61912E5	7.51839E5	7.03013E5	6.91623E5	6.70634E5	6.56739E5	6.2922E5	5.83397E5	5.24503E5	4.71294E5	3.71588E5	4.11323E5	2.90326E5	1.42308E5	9.46197E4	6.13302E4	4.1307E4	2.11907E6
458	1.38147E6	1.34919E6	1.23415E6	1.0369E6	8.61466E5	7.45897E5	7.01459E5	6.82718E5	6.64441E5	6.45869E5	6.21126E5	5.80222E5	5.30376E5	4.72464E5	3.73142E5	3.60801E5	3.4808E5	1.46796E5	9.97103E4	6.66911E4	4.34301E4	5.11484E5
460	1.37671E6	1.3507E6	1.22371E6	1.03231E6	8.52993E5	7.45196E5	6.90662E5	6.73395E5	6.58749E5	6.43202E5	6.16669E5	5.75936E5	5.28825E5	4.75996E5	3.78392E5	3.26791E5	3.97709E5	1.55149E5	1.05199E5	7.22158E4	4.52241E4	7.12785E4
462	1.36085E6	1.33778E6	1.21179E6	1.04537E6	8.57981E5	7.46063E5	6.88376E5	6.62546E5	6.5111E5	6.30356E5	6.14955E5	5.76291E5	5.23945E5	4.73472E5	3.82972E5	3.10846E5	4.33879E5	1.62066E5	1.1045E5	7.63599E4	4.68941E4	4.14499E4
464	1.36463E6	1.33652E6	1.21774E6	1.0291E6	8.53379E5	7.27358E5	6.76744E5	6.5279E5	6.43702E5	6.23791E5	6.06917E5	5.68915E5	5.24063E5	4.73755E5	3.84782E5	3.0806E5	4.40959E5	1.74767E5	1.16834E5	7.99537E4	5.10061E4	3.81153E4
466	1.34911E6	1.31248E6	1.19729E6	1.03644E6	8.52123E5	7.35067E5	6.68126E5	6.50826E5	6.34004E5	6.21011E5	6.03186E5	5.68388E5	5.23815E5	4.76093E5	3.88774E5	3.05728E5	4.19103E5	1.94218E5	1.18907E5	8.39905E4	5.36258E4	3.84369E4
468	1.51043E6	1.3128E6	1.20903E6	1.02895E6	8.47783E5	7.30342E5	6.64703E5	6.40137E5	6.2542E5	6.15232E5	5.92831E5	5.62387E5	5.22549E5	4.75632E5	3.92908E5	3.07262E5	3.75524E5	2.22503E5	1.23764E5	8.87937E4	5.60743E4	3.85103E4
470	2.07288E6	1.28502E6	1.18241E6	1.02511E6	8.42833E5	7.24171E5	6.60752E5	6.35769E5	6.09692E5	6.04276E5	5.89619E5	5.54115E5	5.20824E5	4.74412E5	3.90208E5	3.13247E5	3.29845E5	2.61194E5	1.29065E5	9.16037E4	5.99424E4	4.06334E4
472	3.34373E6	1.2995E6	1.18681E6	1.02556E6	8.43936E5	7.15526E5	6.51605E5	6.14596E5	6.11214E5	5.97427E5	5.81492E5	5.51709E5	5.17304E5	4.75837E5	3.90896E5	3.1325E5	2.94205E5	3.07727E5	1.32851E5	9.67052E4	6.49211E4	4.22118E4
474	5.48252E6	1.26127E6	1.17716E6	1.0098E6	8.36221E5	7.19097E5	6.47421E5	6.08546E5	6.00862E5	5.90704E5	5.75054E5	5.45008E5	5.10167E5	4.70048E5	3.92427E5	3.17073E5	2.68824E5	3.49578E5	1.37623E5	9.95213E4	6.77007E4	4.37667E4
476	8.75635E6	1.25793E6	1.16078E6	1.01512E6	8.2807E5	7.08403E5	6.36722E5	6.111E5	5.91192E5	5.80531E5	5.66515E5	5.40361E5	5.10916E5	4.67241E5	3.91567E5	3.16456E5	2.57012E5	3.72933E5	1.44534E5	1.01415E5	7.08692E4	4.48923E4
478	1.2541E7	1.24055E6	1.15037E6	9.88067E5	8.2106E5	7.01835E5	6.31212E5	5.9977E5	5.79571E5	5.72411E5	5.53152E5	5.31133E5	5.0435E5	4.7007E5	3.89161E5	3.15272E5	2.525E5	3.72385E5	1.55986E5	1.05052E5	7.35605E4	4.88383E4
480	1.63705E7	1.23356E6	1.14252E6	9.85812E5	8.23092E5	6.9291E5	6.21785E5	5.87062E5	5.6892E5	5.61803E5	5.48836E5	5.20517E5	4.9551E5	4.59776E5	3.86892E5	3.15286E5	2.54871E5	3.47277E5	1.73559E5	1.08236E5	7.62066E4	5.13716E4
482	1.84461E7	1.21533E6	1.10928E6	9.79791E5	8.12332E5	6.87117E5	6.16126E5	5.84619E5	5.58668E5	5.46438E5	5.36218E5	5.13333E5	4.90946E5	4.59327E5	3.86437E5	3.12602E5	2.55057E5	3.07537E5	2.00038E5	1.11473E5	8.08929E4	5.50004E4
484	1.79026E7	1.20044E6	1.11016E6	9.71435E5	8.00038E5	6.77797E5	6.02704E5	5.68505E5	5.51741E5	5.43701E5	5.32898E5	5.05884E5	4.86058E5	4.53807E5	3.83225E5	3.17804E5	2.54853E5	2.65507E5	2.35838E5	1.15447E5	8.26816E4	5.71957E4
486	1.51939E7	1.19285E6	1.10258E6	9.58584E5	7.89795E5	6.69052E5	5.97307E5	5.60172E5	5.47176E5	5.31168E5	5.20494E5	5.01443E5	4.77384E5	4.46637E5	3.80978E5	3.16684E5	2.54654E5	2.37952E5	2.73872E5	1.17223E5	8.47754E4	6.00062E4
488	1.11222E7	1.44102E6	1.07771E6	9.46113E5	7.94011E5	6.56363E5	5.86432E5	5.48975E5	5.30027E5	5.20497E5	5.14923E5	4.91579E5	4.71181E5	4.41126E5	3.76336E5	3.11441E5	2.5431E5	2.16294E5	3.01918E5	1.2111E5	8.77636E4	6.27124E4
490	6.95386E6	2.3024E6	1.07023E6	9.42727E5	7.7323E5	6.5191E5	5.7429E5	5.38256E5	5.24474E5	5.13348E5	5.03686E5	4.81012E5	4.61182E5	4.35883E5	3.76146E5	3.11066E5	2.5498E5	2.12429E5	3.18364E5	1.27674E5	8.90147E4	6.36561E4
492	3.51311E6	4.18314E6	1.04262E6	9.25509E5	7.65312E5	6.43935E5	5.73971E5	5.34381E5	5.11361E5	4.99946E5	4.91989E5	4.73841E5	4.55671E5	4.30606E5	3.74263E5	3.08537E5	2.54635E5	2.08725E5	3.09539E5	1.40213E5	9.294E4	6.61526E4
494	1.87329E6	7.27809E6	1.03337E6	8.98474E5	7.57156E5	6.34173E5	5.59871E5	5.22659E5	5.03257E5	4.9168E5	4.8083E5	4.66098E5	4.47694E5	4.28121E5	3.6613E5	3.05959E5	2.52726E5	2.06893E5	2.87736E5	1.56225E5	9.36476E4	6.95083E4
496	1.31268E6	1.1458E7	1.01829E6	8.83319E5	7.50991E5	6.29527E5	5.51805E5	5.0792E5	4.91836E5	4.80772E5	4.70907E5	4.59683E5	4.39612E5	4.20689E5	3.61965E5	3.03897E5	2.53117E5	2.06202E5	2.55379E5	1.83715E5	9.3872E4	7.11542E4
498	1.24041E6	1.60442E7	1.00159E6	8.79825E5	7.3963E5	6.23177E5	5.45255E5	5.03794E5	4.84661E5	4.75757E5	4.65564E5	4.50366E5	4.31893E5	4.15786E5	3.56415E5	3.01724E5	2.49474E5	2.04636E5	2.2092E5	2.08898E5	9.65575E4	7.15892E4
500	1.16248E6	1.98936E7	9.85894E5	8.74132E5	7.36477E5	6.15049E5	5.39039E5	4.92237E5	4.75344E5	4.62919E5	4.53103E5	4.44956E5	4.25435E5	4.07574E5	3.50753E5	3.01026E5	2.50004E5	2.06151E5	1.9588E5	2.3749E5	9.91976E4	7.43806E4
502	1.13175E6	2.18027E7	9.78875E5	8.6248E5	7.23684E5	6.06593E5	5.24785E5	4.84002E5	4.68705E5	4.53519E5	4.47094E5	4.32398E5	4.19556E5	4.02187E5	3.52399E5	2.93579E5	2.48809E5	2.05265E5	1.8216E5	2.57765E5	1.02857E5	7.47985E4
504	1.11035E6	2.07138E7	9.63077E5	8.47246E5	7.03573E5	5.9054E5	5.21028E5	4.76524E5	4.54988E5	4.47195E5	4.3603E5	4.25928E5	4.10543E5	3.96749E5	3.43712E5	2.9425E5	2.46668E5	2.03766E5	1.73574E5	2.66685E5	1.08617E5	7.50308E4
506	1.05737E6	1.73121E7	9.77028E5	8.42562E5	6.93736E5	5.84024E5	5.1488E5	4.67239E5	4.43705E5	4.34462E5	4.265E5	4.14499E5	4.03143E5	3.9074E5	3.41241E5	2.89374E5	2.43072E5	2.03979E5	1.69107E5	2.58208E5	1.17818E5	7.71078E4
508	1.07885E6	1.26793E7	1.30053E6	8.22922E5	6.84767E5	5.78988E5	5.06177E5	4.60148E5	4.39045E5	4.28674E5	4.18493E5	4.08853E5	3.96054E5	3.81552E5	3.35974E5	2.82826E5	2.41124E5	1.97897E5	1.68827E5	2.35605E5	1.33206E5	7.73266E4
510	1.12446E6	7.60808E6	2.401E6	8.03116E5	6.72676E5	5.69755E5	4.93679E5	4.45311E5	4.32432E5	4.16548E5	4.13305E5	3.97295E5	3.85317E5	3.74533E5	3.28384E5	2.82651E5	2.36436E5	1.97258E5	1.68571E5	2.07598E5	1.51693E5	8.06265E4
512	1.2032E6	3.70213E6	4.92741E6	7.95838E5	6.66734E5	5.57197E5	4.80114E5	4.42854E5	4.23002E5	4.12728E5	3.99388E5	3.86255E5	3.74146E5	3.65815E5	3.23468E5	2.75854E5	2.34559E5	1.98336E5	1.65404E5	1.79876E5	1.75406E5	8.12849E4
514	1.40132E6	1.73506E6	8.7016E6	7.97063E5	6.58783E5	5.49115E5	4.74325E5	4.34494E5	4.08982E5	4.00871E5	3.91711E5	3.79663E5	3.66801E5	3.58082E5	3.19182E5	2.72417E5	2.31178E5	1.98571E5	1.63885E5	1.57834E5	1.97071E5	8.32827E4
516	1.65049E6	1.11358E6	1.35149E7	7.7487E5	6.43589E5	5.37913E5	4.63602E5	4.24429E5	4.01154E5	3.90778E5	3.8621E5	3.71799E5	3.61613E5	3.53775E5	3.09954E5	2.67926E5	2.28265E5	1.9299E5	1.62891E5	1.46305E5	2.14614E5	8.51893E4
518	2.02785E6	1.0284E6	1.86902E7	7.5919E5	6.27943E5	5.30498E5	4.59211E5	4.17356E5	3.93854E5	3.84137E5	3.77001E5	3.65328E5	3.57204E5	3.46411E5	3.06095E5	2.64519E5	2.25571E5	1.92808E5	1.62548E5	1.40506E5	2.18448E5	9.05873E4
520	2.40707E6	9.66904E5	2.26725E7	7.46177E5	6.14907E5	5.1787E5	4.50633E5	4.09507E5	3.89549E5	3.74599E5	3.66197E5	3.55374E5	3.46975E5	3.40258E5	2.98016E5	2.61453E5	2.23476E5	1.89684E5	1.58761E5	1.37927E5	2.1042E5	9.87067E4
522	2.68569E6	9.28144E5	2.39179E7	7.47633E5	6.14037E5	5.15542E5	4.42487E5	3.97789E5	3.7444E5	3.64984E5	3.55457E5	3.45773E5	3.40809E5	3.30708E5	2.93315E5	2.52902E5	2.19213E5	1.88008E5	1.58287E5	1.35291E5	1.95014E5	1.07386E5
524	2.93459E6	8.99182E5	2.18459E7	7.26129E5	5.96492E5	5.04456E5	4.32167E5	3.9227E5	3.65247E5	3.58484E5	3.49828E5	3.40626E5	3.30338E5	3.19477E5	2.86218E5	2.52271E5	2.16809E5	1.84507E5	1.58981E5	1.34897E5	1.68152E5	1.2456E5
526	2.91241E6	8.73567E5	1.79353E7	7.7272E5	5.87676E5	4.95607E5	4.25426E5	3.81603E5	3.63215E5	3.50289E5	3.38316E5	3.29126E5	3.2425E5	3.14855E5	2.8057E5	2.43812E5	2.12341E5	1.83052E5	1.56413E5	1.31812E5	1.46984E5	1.45659E5
528	2.84728E6	8.50037E5	1.2758E7	1.13575E6	5.79446E5	4.88533E5	4.15894E5	3.7633E5	3.57454E5	3.40971E5	3.29865E5	3.20962E5	3.14114E5	3.09208E5	2.75173E5	2.42089E5	2.08797E5	1.80153E5	1.52986E5	1.30497E5	1.27089E5	1.58886E5
530	2.48771E6	8.61324E5	7.42597E6	2.54175E6	5.71421E5	4.71552E5	4.04881E5	3.67633E5	3.42674E5	3.28933E5	3.20381E5	3.12912E5	3.09168E5	3.02404E5	2.6853E5	2.37047E5	2.04575E5	1.7654E5	1.52386E5	1.27454E5	1.14636E5	1.73119E5
532	2.05095E6	8.76687E5	3.47224E6	5.56573E6	5.60901E5	4.64717E5	3.98508E5	3.59742E5	3.38677E5	3.2344E5	3.17938E5	3.0477E5	2.99076E5	2.95147E5	2.61909E5	2.29954E5	2.01392E5	1.72891E5	1.49576E5	1.27028E5	1.0872E5	1.78352E5
534	1.6067E6	9.22334E5	1.44155E6	1.02216E7	5.51582E5	4.53991E5	3.91633E5	3.47916E5	3.33757E5	3.14417E5	3.05569E5	2.99955E5	2.92912E5	2.86774E5	2.54584E5	2.25138E5	1.98544E5	1.72852E5	1.46238E5	1.24751E5	1.07101E5	1.7228E5
536	1.20364E6	1.10684E6	8.85148E5	1.57592E7	5.39638E5	4.4965E5	3.87458E5	3.40376E5	3.24535E5	3.08742E5	2.98297E5	2.8632E5	2.86344E5	2.75763E5	2.49542E5	2.19371E5	1.93747E5	1.68659E5	1.42684E5	1.23599E5	1.02306E5	1.57578E5
538	9.71749E5	1.32761E6	7.99909E5	2.12547E7	5.28848E5	4.35476E5	3.76067E5	3.32093E5	3.14442E5	2.99627E5	2.88652E5	2.82031E5	2.77267E5	2.71644E5	2.44115E5	2.17681E5	1.87795E5	1.6552E5	1.40345E5	1.20936E5	1.0215E5	1.3598E5
540	8.17472E5	1.70172E6	7.66226E5	2.5102E7	5.17001E5	4.28088E5	3.67358E5	3.26732E5	3.04781E5	2.94495E5	2.8361E5	2.75287E5	2.65568E5	2.64286E5	2.38129E5	2.10759E5	1.8196E5	1.6059E5	1.38163E5	1.20064E5	9.94927E4	1.17103E5
542	7.4081E5	2.08719E6	7.23877E5	2.57211E7	5.22826E5	4.16662E5	3.52364E5	3.17537E5	2.9951E5	2.88702E5	2.74543E5	2.70392E5	2.6259E5	2.57147E5	2.29408E5	2.05752E5	1.81593E5	1.55565E5	1.36532E5	1.16591E5	9.82488E4	9.97934E4
544	6.83637E5	2.50448E6	6.91177E5	2.31638E7	5.14998E5	4.05556E5	3.4599E5	3.13522E5	2.86911E5	2.75608E5	2.72186E5	2.6126E5	2.55775E5	2.48343E5	2.23067E5	1.97781E5	1.77138E5	1.53877E5	1.32204E5	1.16997E5	9.78583E4	9.03414E4
546	6.92124E5	2.82836E6	6.76438E5	1.83848E7	5.61902E5	4.04932E5	3.3807E5	3.03991E5	2.84659E5	2.69694E5	2.59459E5	2.53349E5	2.46653E5	2.43536E5	2.1962E5	1.92217E5	1.73536E5	1.50052E5	1.31545E5	1.13279E5	9.44132E4	8.51363E4
548	6.64806E5	2.98374E6	6.65888E5	1.26181E7	1.05344E6	3.96314E5	3.3579E5	2.98704E5	2.7766E5	2.64296E5	2.57029E5	2.45185E5	2.43041E5	2.37809E5	2.14267E5	1.89018E5	1.70472E5	1.48422E5	1.30835E5	1.11441E5	9.41849E4	8.16009E4
550	6.40499E5	2.9395E6	6.48065E5	7.2394E6	2.63881E6	3.90214E5	3.23613E5	2.88693E5	2.67706E5	2.56729E5	2.47112E5	2.40321E5	2.36942E5	2.32856E5	2.07223E5	1.88829E5	1.64225E5	1.43431E5	1.25019E5	1.09206E5	9.08011E4	7.86907E4
552	6.37169E5	2.6908E6	6.28872E5	3.20907E6	5.96082E6	3.76725E5	3.20482E5	2.83105E5	2.62751E5	2.50479E5	2.40437E5	2.33899E5	2.30578E5	2.29605E5	2.05649E5	1.7924E5	1.57969E5	1.4332E5	1.24269E5	1.0736E5	9.01885E4	7.73964E4
554	5.9705E5	2.26698E6	6.33324E5	1.24503E6	1.08158E7	3.74324E5	3.19336E5	2.7503E5	2.52863E5	2.47213E5	2.33974E5	2.28257E5	2.23975E5	2.19316E5	1.98231E5	1.74603E5	1.55564E5	1.35765E5	1.20812E5	1.04077E5	9.04164E4	7.57795E4
556	5.74675E5	1.85076E6	6.56972E5	6.82141E5	1.64325E7	3.6644E5	3.10364E5	2.66536E5	2.47882E5	2.36798E5	2.29093E5	2.21927E5	2.14382E5	2.12864E5	1.91865E5	1.70226E5	1.5395E5	1.35621E5	1.18981E5	1.02763E5	8.58714E4	7.40164E4
558	6.14547E5	1.39498E6	7.74844E5	6.17444E5	2.20341E7	3.60648E5	3.01953E5	2.62266E5	2.39588E5	2.30834E5	2.24008E5	2.15383E5	2.09963E5	2.07996E5	1.88311E5	1.66585E5	1.48683E5	1.3259E5	1.17681E5	9.97525E4	8.55684E4	7.49901E4
560	5.83821E5	1.00402E6	9.66275E5	5.78327E5	2.57705E7	3.55962E5	2.90382E5	2.55974E5	2.37302E5	2.25661E5	2.18387E5	2.06262E5	2.042E5	2.01875E5	1.81048E5	1.64665E5	1.43558E5	1.29158E5	1.13582E5	9.86551E4	8.42662E4	7.1268E4
562	5.30031E5	7.70247E5	1.26266E6	5.48982E5	2.63754E7	3.56823E5	2.83798E5	2.51802E5	2.32407E5	2.16083E5	2.08272E5	2.07169E5	2.00068E5	1.96666E5	1.76208E5	1.57642E5	1.42376E5	1.26487E5	1.11961E5	9.77889E4	8.17286E4	7.13319E4
564	5.71366E5	6.21105E5	1.6193E6	5.29565E5	2.35876E7	3.62534E5	2.81563E5	2.43271E5	2.24676E5	2.12478E5	2.01924E5	1.97529E5	1.94653E5	1.87985E5	1.71088E5	1.53627E5	1.35255E5	1.19682E5	1.06739E5	9.56093E4	8.07768E4	6.89173E4
566	4.94216E5	5.50318E5	1.99362E6	5.1426E5	1.86903E7	4.14393E5	2.76314E5	2.40055E5	2.19766E5	2.06948E5	1.95717E5	1.91603E5	1.87006E5	1.83096E5	1.66899E5	1.48367E5	1.33715E5	1.17966E5	1.05803E5	9.17545E4	7.84103E4	6.67948E4
568	5.53588E5	5.14791E5	2.35912E6	4.92775E5	1.26152E7	9.53401E5	2.71667E5	2.351E5	2.13883E5	2.02257E5	1.95651E5	1.87435E5	1.8187E5	1.79036E5	1.59568E5	1.45441E5	1.28352E5	1.16162E5	1.04799E5	8.93626E4	7.77874E4	6.64217E4
570	5.52457E5	5.15163E5	2.66511E6	4.93102E5	6.98898E6	2.77268E6	2.65232E5	2.2485E5	2.07333E5	1.94468E5	1.83453E5	1.79739E5	1.77985E5	1.72788E5	1.5562E5	1.39527E5	1.26545E5	1.11814E5	9.93276E4	8.87513E4	7.57702E4	6.40986E4
572	5.02247E5	4.9278E5	2.72259E6	4.82757E5	2.98653E6	6.33514E6	2.57448E5	2.20765E5	2.00542E5	1.891E5	1.84446E5	1.76581E5	1.68771E5	1.68282E5	1.50523E5	1.36311E5	1.22505E5	1.12101E5	9.8703E4	8.35378E4	7.33608E4	6.19929E4
574	4.51804E5	4.65735E5	2.64842E6	4.78706E5	1.04428E6	1.14766E7	2.58421E5	2.12418E5	1.97679E5	1.83526E5	1.75729E5	1.70162E5	1.63214E5	1.63823E5	1.45129E5	1.33956E5	1.19296E5	1.06585E5	9.49843E4	8.31214E4	7.13666E4	6.06227E4
576	4.56992E5	4.48772E5	2.31625E6	4.51699E5	5.42325E5	1.71953E7	2.52356E5	2.11541E5	1.92419E5	1.74749E5	1.72633E5	1.62759E5	1.62447E5	1.58164E5	1.4348E5	1.2886E5	1.14849E5	1.03851E5	9.27645E4	7.89277E4	6.9581E4	5.92024E4
578	4.98811E5	4.25132E5	1.9448E6	4.78395E5	4.75146E5	2.24543E7	2.42082E5	2.09624E5	1.86152E5	1.7691E5	1.64078E5	1.61304E5	1.5701E5	1.53058E5	1.41926E5	1.25441E5	1.13324E5	9.95557E4	8.82686E4	7.80447E4	6.84385E4	5.84036E4
580	4.83396E5	4.01578E5	1.54837E6	5.24463E5	4.49348E5	2.59862E7	2.4592E5	1.96334E5	1.84503E5	1.69467E5	1.6188E5	1.53244E5	1.50936E5	1.47115E5	1.34602E5	1.21784E5	1.0901E5	9.86908E4	8.73447E4	7.76581E4	6.74279E4	5.68436E4
582	4.98707E5	4.15495E5	1.1504E6	6.3356E5	4.24054E5	2.61991E7	2.43426E5	1.90523E5	1.77446E5	1.65687E5	1.55168E5	1.4856E5	1.44892E5	1.43471E5	1.30321E5	1.18682E5	1.06306E5	9.52072E4	8.54653E4	7.3198E4	6.4211E4	5.59271E4
584	4.60653E5	4.04483E5	8.27017E5	8.45492E5	4.21441E5	2.31346E7	2.51566E5	1.94015E5	1.75974E5	1.63438E5	1.51374E5	1.46547E5	1.39921E5	1.37791E5	1.27987E5	1.13502E5	1.03467E5	9.27113E4	8.28227E4	7.38684E4	6.26433E4	5.56159E4
586	4.36659E5	3.87848E5	6.15962E5	1.10031E6	4.02576E5	1.79259E7	2.99322E5	1.91666E5	1.68498E5	1.57782E5	1.45758E5	1.416E5	1.36865E5	1.3337E5	1.23177E5	1.11367E5	9.87289E4	8.97265E4	7.94793E4	7.19571E4	6.09404E4	5.26337E4
588	4.74648E5	4.16961E5	4.88498E5	1.44543E6	4.13012E5	1.17964E7	8.04902E5	1.87104E5	1.63836E5	1.50609E5	1.44277E5	1.37395E5	1.33076E5	1.27941E5	1.19214E5	1.08932E5	9.70216E4	8.69852E4	7.6944E4	6.90205E4	5.97378E4	5.11296E4
590	4.34564E5	3.89065E5	4.41552E5	1.81244E6	4.09323E5	6.14824E6	2.6966E6	1.84258E5	1.58823E5	1.45721E5	1.39327E5	1.31423E5	1.29565E5	1.28361E5	1.14213E5	1.03497E5	9.26346E4	8.32557E4	7.3919E4	6.85379E4	5.84651E4	4.90012E4
592	4.75604E5	4.01649E5	4.1016E5	2.10806E6	4.14197E5	2.37325E6	6.56338E6	1.80985E5	1.54827E5	1.42139E5	1.32327E5	1.2575E5	1.24821E5	1.2275E5	1.10764E5	1.00387E5	9.03551E4	7.95883E4	7.43729E4	6.53257E4	5.48646E4	4.86699E4
594	4.20988E5	3.52152E5	3.85717E5	2.32049E6	3.88686E5	7.82227E5	1.18805E7	1.75631E5	1.50281E5	1.37874E5	1.30408E5	1.22448E5	1.21154E5	1.19428E5	1.05722E5	9.72631E4	8.82853E4	7.86385E4	7.1693E4	6.26476E4	5.46161E4	4.63156E4
596	4.19391E5	3.85326E5	3.67577E5	2.40941E6	3.92331E5	3.99522E5	1.78108E7	1.76366E5	1.43492E5	1.34975E5	1.26156E5	1.21585E5	1.16461E5	1.13636E5	1.05156E5	9.49318E4	8.50628E4	7.58107E4	6.7947E4	6.20965E4	5.22761E4	4.67666E4
598	4.0868E5	3.76633E5	3.73224E5	2.30866E6	4.01483E5	3.62571E5	2.31068E7	1.75469E5	1.4371E5	1.33592E5	1.21252E5	1.16524E5	1.13103E5	1.10528E5	1.01509E5	8.99237E4	8.33723E4	7.50104E4	6.56414E4	5.99516E4	5.32806E4	4.49579E4
600	4.23476E5	3.73365E5	3.77366E5	2.07051E6	3.99642E5	3.33187E5	2.62698E7	1.72514E5	1.40221E5	1.26213E5	1.22369E5	1.15065E5	1.09319E5	1.07809E5	9.89239E4	8.77431E4	8.12732E4	7.2808E4	6.66328E4	5.68578E4	5.12224E4	4.34794E4
