300	2.32021E5	1.54026E5	1.81791E5	2.56492E6	3.93084E5	2.84599E5	2.4079E7	8.91079E4	1.35488E4	8719.55571	6862.77453	4177.91919	4569.16725	3180.38464	3057.6497	2158.13072	1896.52458	1687.24699	1542.36531	1445.52299	1489.33518	1068.40364
302	2.28349E5	1.63769E5	1.87153E5	1.7212E6	7.07802E5	2.12889E5	2.04558E7	9.79036E5	1.55902E4	9732.828	5840.81739	4949.10131	3795.67617	2924.40748	2851.94184	2431.06474	2013.37199	1596.74253	1510.53089	1446.11709	1727.51005	1250.14444
304	2.60603E5	1.64542E5	1.89436E5	1.0058E6	1.2853E6	2.02973E5	1.27122E7	4.33332E6	1.72162E4	8943.96851	5855.98765	4834.52833	3810.21471	3345.86294	2492.19904	2288.07484	2248.68909	1837.50525	1690.1182	1473.78321	1591.75777	1332.48515
306	2.61936E5	1.86156E5	2.11581E5	5.5343E5	2.02688E6	2.11387E5	5.43223E6	1.10987E7	2.27412E4	1.0239E4	6169.42995	4738.09515	4202.66892	3375.94067	2754.00816	2364.14326	2054.26896	1518.16321	1498.82892	1374.49961	1248.00082	1294.27481
308	2.59041E5	1.92316E5	2.14434E5	3.59749E5	2.67218E6	2.20887E5	1.31883E6	1.91925E7	3.0167E4	1.04285E4	7194.71681	4589.88083	3813.88281	3355.84911	2801.04128	2051.85527	1980.84925	1562.34259	1510.12376	1721.03694	1278.61308	1416.51921
310	2.73195E5	1.90151E5	2.26147E5	3.09998E5	2.82706E6	2.36037E5	2.38775E5	2.30467E7	8.3181E4	1.15767E4	7803.69925	4545.06933	4246.5319	3317.46303	2797.46515	2388.98038	2184.00481	1341.56674	1667.57754	1411.57503	1708.87205	1541.0945
312	2.77875E5	2.0687E5	2.33397E5	3.19275E5	2.44005E6	3.25385E5	1.49858E5	2.01332E7	9.02607E5	1.25397E4	7989.07315	5121.41829	3762.30673	3341.10705	2891.4913	2520.08152	2019.55399	1737.93247	1287.18659	1647.2519	1393.39714	1234.70971
314	2.99333E5	2.144E5	2.48971E5	3.19104E5	1.6655E6	5.86395E5	1.41929E5	1.22912E7	4.33826E6	1.55708E4	7270.57365	5492.07539	4322.25916	3299.81743	3016.41313	2306.06541	2124.01089	1750.23691	1526.50639	1372.18401	1508.25715	1019.14498
316	3.10362E5	2.16003E5	2.59529E5	3.2767E5	1.00207E6	1.07949E6	1.3985E5	4.97583E6	1.08409E7	1.84229E4	8896.5954	6068.91059	4169.63263	3111.37004	2885.70848	2448.58374	1973.55026	1626.84431	1220.10295	1642.87772	1518.99291	1232.28806
318	2.95646E5	2.4791E5	2.75272E5	3.29244E5	6.03461E5	1.7168E6	1.42148E5	1.16685E6	1.72306E7	2.75673E4	9101.61754	6503.86536	4768.98962	3312.76113	3029.2216	2263.99692	2174.5314	1914.02835	1687.70068	1689.7968	1424.60263	1462.78691
320	3.37397E5	2.45281E5	2.81922E5	3.3897E5	4.4134E5	2.24861E6	1.50473E5	1.87763E5	1.97946E7	7.92753E4	9101.66674	6155.80939	4362.19027	3680.91866	2889.20714	2566.58903	1825.66765	1830.19298	1557.42226	1601.57273	1275.94123	1137.1488
322	3.2389E5	2.50322E5	2.94144E5	3.51432E5	3.96162E5	2.3656E6	1.69216E5	1.26308E5	1.65814E7	8.516E5	1.06856E4	6688.70324	4810.13475	3554.64864	3185.15292	2515.25636	2012.96053	1729.30445	1439.59389	1464.81534	1341.03777	1222.34005
324	3.56264E5	2.64935E5	2.86357E5	3.53528E5	3.87067E5	2.01983E6	2.39765E5	1.17237E5	9.96628E6	3.77404E6	1.2835E4	6908.11074	5144.51754	3446.69455	2981.82286	2107.51289	2086.90888	1477.34995	1456.41096	1329.33113	1046.07522	1101.31736
326	3.538E5	2.8684E5	2.98453E5	3.62723E5	3.9166E5	1.46157E6	4.28693E5	1.18868E5	4.05859E6	9.11007E6	1.63394E4	7372.25544	5146.28172	3805.8598	2742.42374	2208.53126	2114.37583	1504.37063	1396.58583	1520.0827	1335.50828	1394.43215
328	3.64617E5	2.82344E5	3.1785E5	3.56143E5	3.9539E5	9.34145E5	7.90867E5	1.2064E5	1.01574E6	1.45331E7	2.51626E4	7448.21119	5870.10301	4078.20092	2651.69187	2170.48155	2001.28454	1691.32887	1360.45377	1173.3832	1271.8271	1043.79449
330	4.26859E5	3.01412E5	3.40471E5	3.80355E5	4.00572E5	5.71323E5	1.32259E6	1.27252E5	1.70356E5	1.70544E7	6.44622E4	8328.84362	5463.05928	3867.21077	2838.85551	2213.5862	2090.56616	1597.18058	1445.47623	1471.2685	1437.92406	1226.28514
332	4.13966E5	3.14655E5	3.4266E5	3.90229E5	4.1034E5	4.22047E5	1.76027E6	1.31903E5	1.14327E5	1.47524E7	6.94579E5	9605.14817	5065.78941	3839.17487	2493.11681	2100.41901	1834.51803	1841.39152	1207.61424	1398.3006	1097.97065	1257.431
334	4.13762E5	3.13968E5	3.38476E5	3.86203E5	4.10386E5	3.69487E5	1.93651E6	1.47505E5	1.08475E5	9.32724E6	3.11738E6	1.102E4	5940.15681	4315.1412	3196.40695	2044.33959	1662.61812	1594.71528	1316.53835	1303.2641	1100.06095	1158.34273
336	4.23482E5	3.28886E5	3.4645E5	3.87493E5	4.22244E5	3.67749E5	1.78166E6	2.01034E5	1.0969E5	3.88445E6	7.73743E6	1.40834E4	6118.12729	4603.39663	3059.46525	2091.48675	1745.73159	1725.03603	1096.30464	1310.13303	1449.67847	1095.64254
338	4.72482E5	3.44804E5	3.49908E5	3.98568E5	4.23392E5	3.73875E5	1.36896E6	3.25396E5	1.1566E5	1.03923E6	1.23435E7	2.07559E4	6355.32677	4220.99111	3150.73106	2333.91508	1708.62779	1492.37697	1382.79758	1109.09119	1150.50424	819.97288
340	4.36788E5	3.54813E5	3.71218E5	4.07477E5	4.29046E5	3.81949E5	8.90289E5	6.03808E5	1.23823E5	1.71032E5	1.44996E7	5.27816E4	7066.73221	4291.30265	3044.23162	2160.59556	1782.95786	1747.05221	1405.03264	1279.25676	856.77225	939.72784
342	4.63081E5	3.80546E5	3.72477E5	4.1528E5	4.35018E5	3.88311E5	5.6395E5	9.79118E5	1.30397E5	1.07496E5	1.26664E7	5.5073E5	7579.14555	4415.66581	3078.95288	2412.04829	1817.91571	1676.48262	1329.18615	1260.47742	1059.8284	847.41174
344	4.92672E5	4.00843E5	3.84494E5	4.08361E5	4.38798E5	3.96148E5	3.90423E5	1.39772E6	1.42171E5	1.06819E5	7.8036E6	2.75023E6	8992.0994	4874.49015	3172.0757	2574.01127	1956.65583	1640.71418	1209.38478	1241.43327	1165.218	1213.30555
346	5.54845E5	4.13473E5	3.96288E5	4.08063E5	4.43013E5	4.05129E5	3.39187E5	1.6051E6	1.61685E5	1.10174E5	3.3117E6	6.71788E6	1.20993E4	4845.21541	3334.64571	2470.47086	1878.04428	1471.75859	1171.04024	1300.02828	1080.6608	972.55344
348	5.41275E5	4.26426E5	4.08725E5	4.23679E5	4.50435E5	4.12885E5	3.39709E5	1.54134E6	2.0063E5	1.22024E5	8.01648E5	1.08508E7	1.77478E4	5630.00275	3462.01876	2280.05123	1776.62916	1483.36663	1237.13015	1221.83465	1017.76065	1176.47955
350	5.50946E5	4.4807E5	4.22537E5	4.32585E5	4.54375E5	4.30888E5	3.47683E5	1.25165E6	2.95811E5	1.31953E5	1.54457E5	1.2468E7	3.79228E4	6104.69236	3618.18718	2579.53043	1941.95169	1434.46388	1246.21987	1291.96045	1108.48571	1052.42753
352	6.3094E5	4.49021E5	4.36256E5	4.34989E5	4.5919E5	4.31792E5	3.61595E5	8.59825E5	4.94817E5	1.45091E5	1.0809E5	1.0603E7	4.70604E5	7200.33397	3434.28481	2564.22452	1902.6103	1474.22428	1185.26966	1120.37063	1071.14573	984.73434
354	6.02907E5	4.82532E5	4.46414E5	4.46378E5	4.60007E5	4.4493E5	3.73529E5	5.84848E5	7.80899E5	1.59128E5	1.08648E5	6.70732E6	2.22021E6	8473.93458	4370.13716	2840.08409	2136.14548	1224.74334	1216.46267	1258.55228	1002.51074	928.51625
356	6.44099E5	5.12286E5	4.59951E5	4.54119E5	4.65778E5	4.60895E5	3.89363E5	4.30542E5	1.08895E6	1.72746E5	1.15456E5	2.77586E6	5.67393E6	1.09514E4	4132.35329	2792.45816	1811.84104	1459.82518	1043.09009	1088.26329	1066.91579	1061.14274
358	6.5906E5	5.28795E5	4.9017E5	4.70517E5	4.76166E5	4.67464E5	4.05342E5	3.73732E5	1.30666E6	1.93372E5	1.29615E5	7.18561E5	9.37267E6	1.60368E4	4391.04801	2807.69512	2162.20876	1616.12918	1034.83598	1042.78154	1018.48237	807.27667
360	6.90604E5	5.61961E5	4.89321E5	4.77778E5	4.79747E5	4.85466E5	4.23795E5	3.72722E5	1.33169E6	2.26295E5	1.48382E5	1.43531E5	1.10206E7	3.4514E4	5207.84366	2724.15551	2086.11053	1586.31915	1322.04445	1074.74219	1165.41509	920.44317
362	6.9614E5	5.9766E5	5.27093E5	4.85454E5	4.91735E5	4.88179E5	4.4262E5	3.8567E5	1.15367E6	2.88624E5	1.58441E5	1.05587E5	9.87892E6	3.79055E5	5592.4124	2795.24821	2172.84866	1674.70411	1047.66173	1122.67377	1099.58654	855.00698
364	7.55381E5	6.21584E5	5.43122E5	4.96232E5	5.03713E5	5.06323E5	4.55594E5	4.05596E5	8.92929E5	4.14716E5	1.70818E5	1.05475E5	6.5048E6	1.94078E6	6863.54465	3374.5605	2011.3043	1571.59897	1323.45191	1274.70328	927.02862	920.65246
366	7.60649E5	6.38938E5	5.51295E5	5.21322E5	5.17434E5	5.16567E5	4.82899E5	4.2989E5	6.40266E5	6.24258E5	1.88671E5	1.14102E5	2.77163E6	5.23989E6	9325.71098	3320.33987	2134.34348	1739.83348	1273.40991	1114.21844	1072.25448	961.253
368	8.15724E5	6.92409E5	5.81929E5	5.29262E5	5.26792E5	5.26532E5	5.00458E5	4.46555E5	4.96602E5	8.72208E5	2.06659E5	1.26072E5	7.21567E5	8.49846E6	1.35029E4	3709.58932	2317.71585	1649.2733	1104.50989	1167.62328	1031.65744	986.65142
370	8.50189E5	7.13063E5	6.03032E5	5.52366E5	5.40434E5	5.4568E5	5.25222E5	4.70329E5	4.39471E5	1.09842E6	2.27292E5	1.4066E5	1.30641E5	9.97115E6	3.36327E4	4344.37766	2421.80117	2149.34331	1333.26451	1069.66649	1166.59953	879.80808
372	8.99018E5	7.40543E5	6.43746E5	5.69073E5	5.57972E5	5.58873E5	5.40957E5	4.95889E5	4.38637E5	1.16836E6	2.5634E5	1.55125E5	9.6593E4	8.63879E6	3.83203E5	5108.55059	2613.67982	1940.93104	1302.66046	1120.44515	959.45658	954.76752
374	8.90265E5	7.85038E5	6.60056E5	5.8103E5	5.66046E5	5.70541E5	5.58631E5	5.15017E5	4.58175E5	1.09052E6	3.06624E5	1.67211E5	9.84556E4	5.42487E6	1.85419E6	5727.79637	2891.24144	1789.75201	1383.34381	1358.67384	1073.76533	986.23462
376	9.53491E5	8.3682E5	6.84007E5	5.9322E5	5.776E5	5.8713E5	5.7852E5	5.36063E5	4.72733E5	8.98697E5	3.98383E5	1.82326E5	1.03575E5	2.27783E6	4.63198E6	8040.6509	2977.33369	2066.47436	1458.56241	1241.19943	1006.47713	1017.67423
378	9.59653E5	8.70288E5	7.19613E5	6.1674E5	5.91966E5	6.02793E5	5.95637E5	5.60089E5	4.98198E5	7.05994E5	5.52718E5	2.01724E5	1.13791E5	5.65929E5	7.54397E6	1.2499E4	3151.53862	1820.26592	1641.92219	1302.64317	1017.44774	845.01648
380	1.0174E6	8.9989E5	7.4664E5	6.3526E5	6.0676E5	6.23113E5	6.22265E5	5.87377E5	5.13514E5	5.66123E5	7.50502E5	2.18115E5	1.27821E5	1.16886E5	8.77606E6	2.77831E4	3717.53313	2174.35879	1548.13274	1364.26099	1215.55369	900.6625
382	1.07589E6	9.26315E5	7.77825E5	6.56532E5	6.38554E5	6.43057E5	6.44931E5	6.09076E5	5.36838E5	5.12458E5	9.32559E5	2.39277E5	1.41262E5	9.16376E4	7.79348E6	3.02935E5	4371.05071	2191.41854	1690.69003	1345.33769	1201.01296	1047.88579
384	1.12331E6	9.91937E5	8.05849E5	6.72217E5	6.52221E5	6.57145E5	6.65191E5	6.38743E5	5.70178E5	4.96379E5	1.04618E6	2.6085E5	1.57424E5	9.32218E4	5.09822E6	1.49642E6	5729.20422	2318.7504	1515.98624	1307.46524	1125.86919	1017.98325
386	1.16678E6	1.01975E6	8.41067E5	7.05736E5	6.70525E5	6.78286E5	6.90932E5	6.60692E5	5.92108E5	5.14151E5	1.03493E6	2.99365E5	1.70877E5	9.79835E4	2.15224E6	4.0116E6	7569.22267	2715.3443	1901.00569	1347.28899	1019.59555	929.21028
388	1.19942E6	1.03598E6	8.82386E5	7.3354E5	6.93768E5	6.99179E5	7.07495E5	6.88089E5	6.17445E5	5.33067E5	9.25193E5	3.64226E5	1.86195E5	1.08698E5	5.89814E5	6.69306E6	1.14761E4	3029.06695	1737.12657	1625.30117	1288.51699	1096.39489
390	1.2387E6	1.08217E6	9.01923E5	7.52786E5	7.04441E5	7.18079E5	7.293E5	7.10624E5	6.36424E5	5.52157E5	7.71691E5	4.73401E5	2.0542E5	1.21749E5	1.16125E5	8.08866E6	2.58503E4	3443.0208	1953.41267	1816.34315	1367.43432	1328.51149
392	1.27034E6	1.12435E6	9.3546E5	7.76432E5	7.25382E5	7.36291E5	7.49246E5	7.32675E5	6.66239E5	5.73012E5	6.37889E5	6.29844E5	2.26714E5	1.36034E5	8.4663E4	7.27053E6	3.152E5	4164.62464	1986.65372	1601.88003	1189.27233	1220.55656
394	1.32469E6	1.16297E6	9.56737E5	8.02785E5	7.47263E5	7.50603E5	7.66776E5	7.50579E5	6.83135E5	5.93713E5	5.67715E5	7.9804E5	2.42702E5	1.50263E5	8.52202E4	4.96206E6	1.4586E6	5426.54876	2164.02749	1780.18815	1456.53233	1241.06249
396	1.33947E6	1.19712E6	1.00167E6	8.22143E5	7.65464E5	7.65603E5	7.89879E5	7.7294E5	7.09846E5	6.11726E5	5.39422E5	9.27692E5	2.68381E5	1.67751E5	9.03856E4	2.16342E6	3.84345E6	7036.50668	2549.61869	1850.88826	1585.25168	1158.62711
398	1.41104E6	1.24793E6	1.02602E6	8.48061E5	7.80742E5	7.91892E5	8.10821E5	7.91542E5	7.26056E5	6.38559E5	5.43009E5	9.66075E5	2.92094E5	1.84806E5	9.90614E4	5.92042E5	6.2655E6	1.06995E4	2825.85356	1879.16496	1824.48547	1217.35231
400	1.44091E6	1.28415E6	1.06972E6	8.67472E5	8.01885E5	8.06738E5	8.23215E5	8.16054E5	7.47993E5	6.56282E5	5.61769E5	9.0956E5	3.43964E5	1.97371E5	1.07909E5	1.10331E5	7.40662E6	2.26419E4	3198.20205	1905.54298	1512.17969	1123.23508
402	1.48017E6	1.34945E6	1.10786E6	9.03307E5	8.18983E5	8.26138E5	8.40455E5	8.29753E5	7.65956E5	6.80798E5	5.78073E5	7.88607E5	4.15813E5	2.16794E5	1.22627E5	7.86087E4	6.50566E6	2.39576E5	3763.89581	2205.09374	1258.64557	1186.61174
404	1.50678E6	1.35415E6	1.14461E6	9.30677E5	8.40151E5	8.4216E5	8.59791E5	8.45937E5	7.8914E5	7.02868E5	6.03319E5	6.72829E5	5.38218E5	2.33146E5	1.355E5	7.71285E4	4.16601E6	1.25749E6	4950.10244	2097.26984	1579.51517	1400.42905
406	1.51055E6	1.39451E6	1.15791E6	9.53068E5	8.59328E5	8.5775E5	8.68618E5	8.63727E5	8.08124E5	7.21149E5	6.22972E5	5.91245E5	6.73228E5	2.52629E5	1.4598E5	8.14248E4	1.74801E6	3.36316E6	6234.36584	2189.55023	1597.24912	1481.0216
408	1.53193E6	1.39574E6	1.19165E6	9.70773E5	8.83363E5	8.73864E5	8.91265E5	8.76512E5	8.25179E5	7.36841E5	6.41541E5	5.57679E5	8.02821E5	2.70531E5	1.59311E5	8.79529E4	4.33205E5	5.68639E6	9558.12747	2837.81254	1548.98877	1587.52648
410	1.58776E6	1.45805E6	1.21892E6	9.94932E5	8.8764E5	8.77674E5	9.00163E5	8.89786E5	8.39367E5	7.56724E5	6.636E5	5.51892E5	8.78089E5	2.97524E5	1.75505E5	9.59921E4	8.7198E4	6.79056E6	1.9727E4	3542.07892	1881.21482	1473.76932
412	1.60561E6	1.45342E6	1.2517E6	1.01673E6	9.08411E5	8.88876E5	9.08258E5	8.95191E5	8.53044E5	7.68191E5	6.76689E5	5.67438E5	8.74643E5	3.30007E5	1.8832E5	1.07318E5	6.93851E4	6.00139E6	1.94316E5	3903.65445	1808.5969	1533.82243
414	1.63273E6	1.49114E6	1.27493E6	1.03862E6	9.22019E5	9.05006E5	9.13528E5	9.14038E5	8.6692E5	7.84101E5	6.98635E5	5.77591E5	8.01333E5	3.83917E5	2.04983E5	1.17586E5	6.96184E4	3.92417E6	1.0141E6	4904.42165	2110.66456	1549.374
416	1.65071E6	1.52687E6	1.29389E6	1.05832E6	9.30447E5	9.1151E5	9.23639E5	9.25861E5	8.73557E5	8.04756E5	7.10409E5	5.95621E5	6.9985E5	4.64309E5	2.17207E5	1.28864E5	7.28168E4	1.66736E6	2.90184E6	6387.76986	2316.40169	1551.4085
418	1.64623E6	1.56011E6	1.3434E6	1.07876E6	9.52024E5	9.15722E5	9.29135E5	9.25701E5	8.85601E5	8.15849E5	7.27655E5	6.11104E5	6.16877E5	5.74103E5	2.32384E5	1.39981E5	7.76925E4	4.3108E5	5.07457E6	9956.20937	2365.67406	1750.08896
420	1.70791E6	1.57375E6	1.3594E6	1.09351E6	9.53509E5	9.27168E5	9.35959E5	9.34997E5	8.93306E5	8.24168E5	7.40225E5	6.25102E5	5.64962E5	6.93602E5	2.495E5	1.51846E5	8.44921E4	8.2908E4	6.27692E6	1.98496E4	2715.60786	1560.5894
422	1.73072E6	1.58481E6	1.35006E6	1.12409E6	9.75289E5	9.34314E5	9.42703E5	9.46398E5	9.05354E5	8.37197E5	7.55258E5	6.43546E5	5.53338E5	7.85826E5	2.69145E5	1.61942E5	9.33041E4	6.11889E4	5.62858E6	2.23456E5	3475.24966	1762.97571
424	1.70877E6	1.60408E6	1.38974E6	1.1343E6	9.93129E5	9.47514E5	9.4192E5	9.4598E5	9.10374E5	8.47813E5	7.70974E5	6.57932E5	5.50118E5	8.11334E5	2.92764E5	1.75353E5	1.03458E5	6.09287E4	3.67881E6	1.08802E6	4421.70288	1946.2139
426	1.76661E6	1.61989E6	1.41005E6	1.15139E6	9.97625E5	9.47922E5	9.4556E5	9.48529E5	9.14404E5	8.55552E5	7.76506E5	6.71574E5	5.62965E5	7.82635E5	3.2714E5	1.8968E5	1.13781E5	6.4434E4	1.51025E6	3.03388E6	6061.83558	2103.27887
428	1.72361E6	1.64625E6	1.43634E6	1.17193E6	1.0086E6	9.54948E5	9.44647E5	9.48167E5	9.12887E5	8.63674E5	7.89422E5	6.88388E5	5.752E5	7.00641E5	3.87729E5	2.01615E5	1.24594E5	6.89597E4	3.73959E5	5.13805E6	9094.53232	2499.28349
430	1.74078E6	1.66142E6	1.43016E6	1.18396E6	1.02057E6	9.60565E5	9.39338E5	9.44744E5	9.19144E5	8.70153E5	7.97096E5	6.99198E5	5.86633E5	6.18875E5	4.67635E5	2.13622E5	1.3141E5	7.44626E4	7.20524E4	6.12724E6	1.96041E4	2567.10696
432	1.78768E6	1.66801E6	1.44832E6	1.19712E6	1.03338E6	9.66615E5	9.43483E5	9.47399E5	9.20903E5	8.79217E5	8.07768E5	7.12279E5	5.98429E5	5.60511E5	5.60407E5	2.27656E5	1.43099E5	8.24171E4	5.60234E4	5.3597E6	2.11561E5	3198.93543
434	1.77622E6	1.67432E6	1.47136E6	1.21707E6	1.03698E6	9.60612E5	9.45774E5	9.44855E5	9.25423E5	8.83821E5	8.15614E5	7.17723E5	6.11942E5	5.33784E5	6.4474E5	2.39314E5	1.53021E5	9.10881E4	5.60842E4	3.2063E6	1.06187E6	4135.64929
436	1.77978E6	1.69001E6	1.4824E6	1.23571E6	1.052E6	9.6852E5	9.40769E5	9.45604E5	9.23332E5	8.81265E5	8.24613E5	7.26317E5	6.24348E5	5.28214E5	6.92203E5	2.56265E5	1.61982E5	9.79756E4	5.93113E4	1.33982E6	2.72645E6	5793.65099
438	1.80895E6	1.66704E6	1.51233E6	1.24723E6	1.05331E6	9.62384E5	9.38778E5	9.49475E5	9.27336E5	8.81176E5	8.28386E5	7.33549E5	6.34229E5	5.33913E5	6.91551E5	2.79012E5	1.73071E5	1.06628E5	6.23362E4	3.37128E5	4.6003E6	7945.05099
440	1.78829E6	1.6823E6	1.50191E6	1.25777E6	1.04705E6	9.66909E5	9.33209E5	9.34239E5	9.17946E5	8.83999E5	8.29773E5	7.36006E5	6.39758E5	5.42446E5	6.4446E5	3.15011E5	1.83662E5	1.16312E5	6.72579E4	6.518E4	5.57323E6	1.501E4
442	1.75197E6	1.6734E6	1.50621E6	1.24646E6	1.06355E6	9.6816E5	9.28293E5	9.30936E5	9.18054E5	8.8245E5	8.31911E5	7.41043E5	6.49401E5	5.51637E5	5.8138E5	3.64871E5	1.94232E5	1.22596E5	7.39011E4	5.25225E4	4.83735E6	1.35182E5
444	1.76625E6	1.6832E6	1.49591E6	1.26992E6	1.07351E6	9.554E5	9.28313E5	9.28128E5	9.1021E5	8.84092E5	8.28201E5	7.48687E5	6.56844E5	5.59826E5	5.1957E5	4.31742E5	2.03881E5	1.31819E5	8.02907E4	5.26666E4	3.06486E6	7.27576E5
446	1.802E6	1.69439E6	1.5095E6	1.26891E6	1.0658E6	9.61447E5	9.25617E5	9.18827E5	9.06373E5	8.78287E5	8.33813E5	7.54228E5	6.65612E5	5.67342E5	4.80765E5	5.03087E5	2.14147E5	1.39993E5	8.73441E4	5.46414E4	1.2546E6	2.20019E6
448	1.79081E6	1.69944E6	1.52907E6	1.27453E6	1.07382E6	9.63248E5	9.20829E5	9.24588E5	8.97678E5	8.78819E5	8.34704E5	7.57352E5	6.72708E5	5.78173E5	4.65102E5	5.61449E5	2.26012E5	1.48035E5	9.54553E4	5.8207E4	3.12798E5	4.02893E6
450	1.73042E6	1.70163E6	1.53497E6	1.2842E6	1.07363E6	9.60054E5	9.17968E5	9.07803E5	8.9886E5	8.75763E5	8.40186E5	7.59164E5	6.73565E5	5.86455E5	4.60883E5	5.96965E5	2.41178E5	1.599E5	1.02415E5	6.28879E4	6.36305E4	5.1325E6
452	1.75093E6	1.68304E6	1.52743E6	1.29133E6	1.08274E6	9.64788E5	9.06905E5	9.05246E5	8.85784E5	8.71107E5	8.3293E5	7.61322E5	6.82395E5	5.91493E5	4.67583E5	5.86637E5	2.62695E5	1.66822E5	1.10038E5	6.72093E4	4.76252E4	4.68438E6
454	1.76896E6	1.69629E6	1.54539E6	1.29752E6	1.07918E6	9.54836E5	9.03215E5	8.95737E5	8.86817E5	8.6629E5	8.28527E5	7.57663E5	6.82367E5	5.9756E5	4.73664E5	5.41881E5	3.00934E5	1.75453E5	1.16172E5	7.26318E4	4.82569E4	3.04579E6
456	1.73904E6	1.67609E6	1.51663E6	1.29907E6	1.08494E6	9.56077E5	8.91632E5	8.86999E5	8.73086E5	8.52817E5	8.21224E5	7.62634E5	6.83021E5	6.03626E5	4.79756E5	4.87885E5	3.52215E5	1.81323E5	1.22986E5	7.8431E4	5.03064E4	1.20368E6
458	1.7072E6	1.67342E6	1.50615E6	1.3039E6	1.07715E6	9.38959E5	8.91432E5	8.78545E5	8.64829E5	8.49741E5	8.2292E5	7.59155E5	6.86369E5	6.07451E5	4.83033E5	4.39093E5	4.10923E5	1.90487E5	1.30495E5	8.42964E4	5.21081E4	2.90367E5
460	1.70985E6	1.65414E6	1.51792E6	1.30438E6	1.08063E6	9.47235E5	8.84154E5	8.62261E5	8.55447E5	8.43425E5	8.13413E5	7.54419E5	6.83842E5	6.1047E5	4.88041E5	4.07082E5	4.61341E5	1.97713E5	1.38694E5	9.257E4	5.62029E4	5.80598E4
462	1.66737E6	1.67192E6	1.50481E6	1.28591E6	1.07316E6	9.40389E5	8.73151E5	8.52303E5	8.42179E5	8.29971E5	8.05432E5	7.47913E5	6.83443E5	6.12313E5	4.92525E5	3.94581E5	4.99855E5	2.08975E5	1.44351E5	9.68194E4	5.85442E4	4.46877E4
464	1.7032E6	1.61106E6	1.49739E6	1.29669E6	1.07142E6	9.31051E5	8.68996E5	8.41577E5	8.3723E5	8.20879E5	7.99177E5	7.44633E5	6.80327E5	6.1482E5	4.94801E5	3.93562E5	5.09172E5	2.23501E5	1.50728E5	1.02023E5	6.3851E4	4.34771E4
466	1.69568E6	1.61673E6	1.49929E6	1.28228E6	1.05987E6	9.31035E5	8.57354E5	8.37352E5	8.26121E5	8.1339E5	7.93285E5	7.40609E5	6.82415E5	6.15763E5	4.99342E5	3.94098E5	4.84925E5	2.45667E5	1.55644E5	1.07867E5	6.74697E4	4.47457E4
468	1.82021E6	1.60092E6	1.48476E6	1.27607E6	1.06321E6	9.29469E5	8.48584E5	8.2377E5	8.13082E5	8.08E5	7.82231E5	7.34126E5	6.78885E5	6.17521E5	5.00923E5	4.00303E5	4.4267E5	2.74913E5	1.6254E5	1.12127E5	7.25433E4	4.76847E4
470	2.12298E6	1.61237E6	1.47626E6	1.26662E6	1.05614E6	9.13353E5	8.36672E5	8.1591E5	7.97581E5	7.94891E5	7.78618E5	7.25828E5	6.72004E5	6.12989E5	5.03457E5	3.99888E5	3.95159E5	3.18832E5	1.67726E5	1.18328E5	7.73984E4	4.88967E4
472	3.01349E6	1.59897E6	1.46889E6	1.27781E6	1.05906E6	9.11607E5	8.34603E5	8.05431E5	7.92167E5	7.78638E5	7.6621E5	7.2139E5	6.66186E5	6.15044E5	5.02805E5	4.04031E5	3.6237E5	3.63246E5	1.74407E5	1.23438E5	8.19526E4	5.30528E4
474	4.55059E6	1.55686E6	1.44812E6	1.27305E6	1.05348E6	9.01415E5	8.22904E5	7.89677E5	7.81446E5	7.69942E5	7.53809E5	7.08538E5	6.65587E5	6.10672E5	5.06173E5	4.04334E5	3.43591E5	4.04845E5	1.80757E5	1.28702E5	8.61024E4	5.48672E4
476	6.69706E6	1.54154E6	1.43545E6	1.24169E6	1.05227E6	8.96045E5	8.13098E5	7.81084E5	7.68795E5	7.60462E5	7.44733E5	7.02669E5	6.59175E5	6.07788E5	5.06396E5	4.094E5	3.33332E5	4.314E5	1.88102E5	1.33692E5	9.11824E4	5.82352E4
478	9.34443E6	1.52533E6	1.42413E6	1.24466E6	1.03325E6	8.83623E5	7.98107E5	7.6928E5	7.49642E5	7.43329E5	7.34309E5	6.93709E5	6.53689E5	6.03905E5	5.04733E5	4.07423E5	3.29382E5	4.32298E5	1.98746E5	1.38101E5	9.30754E4	6.23885E4
480	1.17711E7	1.52329E6	1.40343E6	1.23379E6	1.02295E6	8.76071E5	7.88116E5	7.46655E5	7.39935E5	7.30743E5	7.23917E5	6.87698E5	6.45022E5	5.99819E5	5.05406E5	4.05394E5	3.30196E5	4.07854E5	2.19255E5	1.41145E5	9.96792E4	6.64073E4
482	1.3174E7	1.49488E6	1.37637E6	1.21235E6	1.02191E6	8.70727E5	7.77097E5	7.4483E5	7.28106E5	7.23512E5	7.03787E5	6.73426E5	6.3662E5	5.93867E5	4.99939E5	4.06596E5	3.30742E5	3.68841E5	2.49627E5	1.48044E5	1.02672E5	6.97695E4
484	1.26066E7	1.45272E6	1.37947E6	1.19834E6	1.00114E6	8.55079E5	7.71131E5	7.29456E5	7.17722E5	7.148E5	6.95257E5	6.58614E5	6.30304E5	5.8517E5	4.95472E5	4.08598E5	3.34692E5	3.29289E5	2.85717E5	1.49319E5	1.07704E5	7.31126E4
486	1.08336E7	1.45935E6	1.35251E6	1.19495E6	9.92905E5	8.57741E5	7.61813E5	7.23522E5	7.08555E5	6.93478E5	6.82237E5	6.53661E5	6.2094E5	5.82471E5	4.94878E5	4.05244E5	3.30061E5	2.99702E5	3.19528E5	1.54425E5	1.10597E5	7.76372E4
488	8.10767E6	1.64127E6	1.33438E6	1.17596E6	9.77594E5	8.33405E5	7.4537E5	7.07183E5	6.95538E5	6.8537E5	6.71272E5	6.38244E5	6.13947E5	5.74617E5	4.89816E5	4.06746E5	3.30311E5	2.81067E5	3.52885E5	1.59303E5	1.14105E5	8.12048E4
490	5.24404E6	2.21635E6	1.30882E6	1.15805E6	9.68949E5	8.28695E5	7.42307E5	7.00758E5	6.77797E5	6.65919E5	6.60254E5	6.31314E5	5.99643E5	5.66667E5	4.84977E5	4.02561E5	3.31643E5	2.75683E5	3.67083E5	1.67986E5	1.15987E5	8.39098E4
492	3.02682E6	3.52521E6	1.27562E6	1.1454E6	9.71594E5	8.16143E5	7.24338E5	6.82599E5	6.71472E5	6.58902E5	6.4775E5	6.22126E5	5.91857E5	5.59101E5	4.82364E5	4.02608E5	3.31854E5	2.72406E5	3.58894E5	1.78876E5	1.19638E5	8.60445E4
494	1.83409E6	5.55017E6	1.27373E6	1.12786E6	9.48693E5	8.04513E5	7.11692E5	6.71389E5	6.52992E5	6.41243E5	6.29437E5	6.1361E5	5.79014E5	5.52792E5	4.77595E5	3.98378E5	3.28848E5	2.71307E5	3.35016E5	1.96198E5	1.21153E5	8.90698E4
496	1.49359E6	8.36908E6	1.25861E6	1.11045E6	9.39166E5	7.9302E5	7.09629E5	6.60858E5	6.37931E5	6.29984E5	6.21431E5	5.96098E5	5.69321E5	5.43474E5	4.69763E5	3.92773E5	3.26697E5	2.70689E5	3.0396E5	2.21673E5	1.25325E5	9.05257E4
498	1.43636E6	1.12979E7	1.23505E6	1.10033E6	9.19382E5	7.81842E5	6.95892E5	6.46688E5	6.24918E5	6.22488E5	6.09767E5	5.86234E5	5.6408E5	5.42449E5	4.65694E5	3.92915E5	3.29188E5	2.67932E5	2.70916E5	2.48607E5	1.27892E5	9.47489E4
500	1.37276E6	1.3834E7	1.21073E6	1.08209E6	9.16468E5	7.74255E5	6.83079E5	6.38931E5	6.21502E5	6.08802E5	6.01335E5	5.78009E5	5.53529E5	5.27841E5	4.57127E5	3.8714E5	3.24593E5	2.70493E5	2.47519E5	2.78352E5	1.29615E5	9.60397E4
502	1.33104E6	1.49165E7	1.21356E6	1.07497E6	8.95144E5	7.63699E5	6.71748E5	6.24575E5	6.06417E5	5.96158E5	5.85731E5	5.65664E5	5.4462E5	5.23247E5	4.53444E5	3.88097E5	3.26378E5	2.6824E5	2.30309E5	2.99471E5	1.35611E5	9.78398E4
504	1.33149E6	1.41916E7	1.21363E6	1.05005E6	8.85924E5	7.47904E5	6.70869E5	6.10895E5	5.8743E5	5.841E5	5.72523E5	5.51706E5	5.3678E5	5.1098E5	4.4986E5	3.8235E5	3.21818E5	2.68696E5	2.25117E5	3.07713E5	1.39914E5	1.00204E5
506	1.3008E6	1.17049E7	1.18846E6	1.01582E6	8.67455E5	7.44476E5	6.46371E5	6.09238E5	5.80896E5	5.69838E5	5.61468E5	5.42081E5	5.22245E5	5.01186E5	4.43872E5	3.76561E5	3.1866E5	2.63193E5	2.23247E5	2.99612E5	1.50443E5	1.00085E5
508	1.31196E6	8.7042E6	1.38892E6	1.02699E6	8.59481E5	7.29134E5	6.36666E5	5.96868E5	5.69151E5	5.5759E5	5.48162E5	5.35579E5	5.14573E5	4.95377E5	4.37979E5	3.73608E5	3.17967E5	2.6306E5	2.21326E5	2.78774E5	1.6701E5	1.0445E5
510	1.33462E6	5.39957E6	2.11697E6	1.00062E6	8.41772E5	7.11787E5	6.31887E5	5.87551E5	5.59635E5	5.47043E5	5.3877E5	5.19619E5	5.04008E5	4.85171E5	4.26049E5	3.69324E5	3.12211E5	2.6161E5	2.18997E5	2.4871E5	1.86054E5	1.05031E5
512	1.40246E6	2.91031E6	3.70748E6	9.89881E5	8.30083E5	7.02473E5	6.18956E5	5.72322E5	5.44019E5	5.31667E5	5.2367E5	5.05399E5	4.912E5	4.75112E5	4.17215E5	3.60177E5	3.10014E5	2.6173E5	2.2016E5	2.20966E5	2.09646E5	1.07075E5
514	1.59895E6	1.67839E6	6.04466E6	9.63022E5	8.16008E5	6.96405E5	6.05987E5	5.55568E5	5.34643E5	5.23575E5	5.12981E5	4.95633E5	4.83779E5	4.66543E5	4.1241E5	3.54713E5	3.03151E5	2.56363E5	2.1515E5	2.01029E5	2.27458E5	1.09831E5
516	1.80556E6	1.27051E6	9.06793E6	9.4893E5	8.00281E5	6.85116E5	5.94891E5	5.44279E5	5.2374E5	5.09746E5	4.96309E5	4.83092E5	4.72238E5	4.61167E5	4.05063E5	3.53145E5	2.97722E5	2.54057E5	2.12019E5	1.87431E5	2.44379E5	1.10978E5
518	2.18037E6	1.1892E6	1.23359E7	9.4658E5	7.89509E5	6.67139E5	5.79141E5	5.36104E5	5.13741E5	4.98732E5	4.88251E5	4.75342E5	4.63121E5	4.52078E5	3.97209E5	3.42747E5	2.93381E5	2.52725E5	2.14295E5	1.8055E5	2.48191E5	1.16206E5
520	2.53784E6	1.12157E6	1.48518E7	9.13711E5	7.67573E5	6.55861E5	5.71284E5	5.25585E5	4.96032E5	4.86012E5	4.76345E5	4.65716E5	4.48836E5	4.37995E5	3.86429E5	3.38498E5	2.91531E5	2.49179E5	2.08417E5	1.79434E5	2.43676E5	1.24046E5
522	2.8761E6	1.11798E6	1.57022E7	9.04992E5	7.58185E5	6.43986E5	5.58912E5	5.15992E5	4.88145E5	4.76681E5	4.6557E5	4.52883E5	4.39655E5	4.29231E5	3.82056E5	3.37957E5	2.87702E5	2.47197E5	2.07097E5	1.77537E5	2.26821E5	1.35881E5
524	3.02735E6	1.09586E6	1.44346E7	8.8853E5	7.40135E5	6.36521E5	5.44608E5	5.05315E5	4.77744E5	4.6393E5	4.54854E5	4.44093E5	4.31658E5	4.22381E5	3.73426E5	3.27161E5	2.81967E5	2.43053E5	2.0466E5	1.7433E5	1.99659E5	1.51836E5
526	3.09478E6	1.07052E6	1.18513E7	9.1543E5	7.33098E5	6.22613E5	5.36545E5	4.87344E5	4.63189E5	4.56301E5	4.5011E5	4.35319E5	4.23696E5	4.10599E5	3.64292E5	3.22721E5	2.80355E5	2.37975E5	2.03672E5	1.72926E5	1.77681E5	1.69749E5
528	2.88032E6	1.03479E6	8.56098E6	1.11369E6	7.12964E5	6.06857E5	5.29802E5	4.81093E5	4.56962E5	4.42627E5	4.33486E5	4.21933E5	4.12396E5	4.01958E5	3.57698E5	3.13628E5	2.74417E5	2.37092E5	2.0196E5	1.70704E5	1.59547E5	1.88092E5
530	2.53388E6	1.01953E6	5.1581E6	1.94516E6	7.04064E5	5.984E5	5.1337E5	4.65314E5	4.47188E5	4.34041E5	4.24439E5	4.08107E5	4.01372E5	3.88736E5	3.51501E5	3.08192E5	2.6838E5	2.31458E5	1.97659E5	1.69006E5	1.46394E5	1.99461E5
532	2.11725E6	1.02851E6	2.6196E6	3.77278E6	6.84935E5	5.79254E5	5.12226E5	4.59543E5	4.30258E5	4.22792E5	4.12576E5	4.02065E5	3.90788E5	3.86749E5	3.41469E5	3.02617E5	2.61093E5	2.27693E5	1.955E5	1.65504E5	1.42491E5	2.04977E5
534	1.72073E6	1.0723E6	1.35162E6	6.58604E6	6.67056E5	5.74291E5	4.94857E5	4.50123E5	4.25487E5	4.10552E5	4.00074E5	3.93175E5	3.81548E5	3.76602E5	3.35593E5	2.92197E5	2.58983E5	2.24465E5	1.9521E5	1.633E5	1.36981E5	1.98955E5
536	1.36404E6	1.28138E6	9.82736E5	1.00252E7	6.62935E5	5.55569E5	4.81968E5	4.45443E5	4.10945E5	4.0143E5	3.9137E5	3.79153E5	3.72866E5	3.62695E5	3.27321E5	2.87994E5	2.54049E5	2.18376E5	1.89066E5	1.61111E5	1.35501E5	1.81432E5
538	1.07434E6	1.48553E6	9.27145E5	1.33518E7	6.47622E5	5.48592E5	4.66149E5	4.31263E5	4.01258E5	3.84916E5	3.83609E5	3.69306E5	3.5988E5	3.54865E5	3.21542E5	2.81399E5	2.45786E5	2.15332E5	1.85631E5	1.59108E5	1.34301E5	1.61988E5
540	9.55729E5	1.84818E6	8.79698E5	1.56432E7	6.31993E5	5.31518E5	4.6179E5	4.1008E5	3.95825E5	3.77519E5	3.68638E5	3.59168E5	3.53644E5	3.42512E5	3.11838E5	2.75486E5	2.39255E5	2.11021E5	1.80512E5	1.53029E5	1.32629E5	1.41161E5
542	8.49522E5	2.23681E6	8.48379E5	1.60721E7	6.26203E5	5.25618E5	4.52225E5	4.09155E5	3.82352E5	3.71759E5	3.61393E5	3.51165E5	3.40538E5	3.3339E5	3.02329E5	2.70493E5	2.34532E5	2.06713E5	1.80096E5	1.5351E5	1.2981E5	1.21807E5
544	8.22151E5	2.59985E6	8.29839E5	1.44101E7	6.21031E5	5.04567E5	4.39569E5	3.94614E5	3.72607E5	3.58722E5	3.53058E5	3.42017E5	3.34307E5	3.28233E5	2.933E5	2.64283E5	2.30085E5	2.0199E5	1.73962E5	1.50249E5	1.26606E5	1.13755E5
546	7.83356E5	2.9053E6	7.87939E5	1.14631E7	6.48874E5	4.98146E5	4.30965E5	3.89683E5	3.64859E5	3.50465E5	3.39804E5	3.27875E5	3.24256E5	3.16913E5	2.88268E5	2.53571E5	2.24897E5	1.96813E5	1.71033E5	1.47E5	1.2441E5	1.07473E5
548	7.68904E5	3.03117E6	7.88665E5	7.87028E6	9.37468E5	4.86005E5	4.20066E5	3.73721E5	3.54949E5	3.42848E5	3.31344E5	3.22887E5	3.16282E5	3.10431E5	2.78673E5	2.48754E5	2.19471E5	1.91758E5	1.6839E5	1.4596E5	1.2266E5	1.05645E5
550	7.50076E5	2.95427E6	7.63835E5	4.55013E6	1.91575E6	4.74801E5	4.07496E5	3.69041E5	3.45665E5	3.3196E5	3.1825E5	3.12518E5	3.07761E5	2.98568E5	2.73605E5	2.44328E5	2.12741E5	1.90622E5	1.6403E5	1.42845E5	1.18216E5	1.01089E5
552	7.39666E5	2.7658E6	7.46025E5	2.20489E6	3.99592E6	4.71502E5	3.9756E5	3.58125E5	3.35383E5	3.20331E5	3.14397E5	3.05889E5	2.95406E5	2.89834E5	2.64842E5	2.35513E5	2.10455E5	1.84855E5	1.63111E5	1.39289E5	1.16924E5	1.00313E5
554	7.11537E5	2.37562E6	7.19152E5	1.06512E6	6.9651E6	4.58317E5	3.89259E5	3.48563E5	3.25811E5	3.14997E5	3.09042E5	2.93863E5	2.88327E5	2.85738E5	2.57785E5	2.30894E5	2.02649E5	1.80227E5	1.58123E5	1.35274E5	1.15156E5	9.79118E4
556	6.70268E5	1.95451E6	7.96752E5	7.44326E5	1.04128E7	4.43935E5	3.86037E5	3.37501E5	3.18474E5	3.04718E5	2.99276E5	2.85531E5	2.78705E5	2.7534E5	2.50532E5	2.24461E5	1.99111E5	1.74823E5	1.53906E5	1.33581E5	1.13796E5	9.63106E4
558	6.66573E5	1.45118E6	8.54374E5	6.83489E5	1.37881E7	4.33542E5	3.72379E5	3.28898E5	3.1424E5	2.93512E5	2.91728E5	2.78407E5	2.75108E5	2.73268E5	2.43508E5	2.17832E5	1.94617E5	1.70875E5	1.52244E5	1.3305E5	1.09858E5	9.45942E4
560	6.45726E5	1.10311E6	1.06817E6	6.56031E5	1.62024E7	4.34283E5	3.62944E5	3.24713E5	2.99925E5	2.87363E5	2.81531E5	2.71374E5	2.62737E5	2.61291E5	2.35002E5	2.10904E5	1.91302E5	1.67806E5	1.47021E5	1.2972E5	1.08286E5	9.24704E4
562	6.63237E5	8.42331E5	1.33404E6	6.36621E5	1.66205E7	4.21785E5	3.57325E5	3.14527E5	2.94918E5	2.78621E5	2.752E5	2.62223E5	2.59403E5	2.55478E5	2.28399E5	2.04818E5	1.84124E5	1.63497E5	1.43281E5	1.24402E5	1.07151E5	8.87851E4
564	6.22162E5	7.25291E5	1.69507E6	6.01963E5	1.47541E7	4.17471E5	3.41408E5	3.08372E5	2.85701E5	2.70866E5	2.62214E5	2.536E5	2.51286E5	2.47537E5	2.24564E5	1.96987E5	1.78957E5	1.58966E5	1.39139E5	1.24414E5	1.04992E5	8.70615E4
566	5.78292E5	6.44699E5	2.03283E6	5.99143E5	1.16288E7	4.56582E5	3.31814E5	3.03026E5	2.7569E5	2.6304E5	2.54048E5	2.46277E5	2.43931E5	2.40375E5	2.15955E5	1.94595E5	1.73118E5	1.56341E5	1.39116E5	1.20611E5	1.02242E5	8.68106E4
568	6.01969E5	6.32518E5	2.45205E6	5.97118E5	7.8286E6	7.8285E5	3.30229E5	2.92859E5	2.70144E5	2.58679E5	2.48053E5	2.35824E5	2.3486E5	2.3286E5	2.11913E5	1.89009E5	1.70061E5	1.50533E5	1.33204E5	1.18761E5	9.95578E4	8.50679E4
570	6.12616E5	5.78215E5	2.65569E6	5.72913E5	4.36236E6	1.90911E6	3.22164E5	2.79095E5	2.63754E5	2.49518E5	2.44068E5	2.3391E5	2.24654E5	2.23259E5	2.03106E5	1.83784E5	1.67304E5	1.47424E5	1.30527E5	1.11109E5	9.67718E4	8.25097E4
572	5.74259E5	5.66906E5	2.76156E6	5.57205E5	2.0105E6	4.04092E6	3.14871E5	2.81278E5	2.59002E5	2.46039E5	2.33001E5	2.28854E5	2.18625E5	2.14468E5	1.96764E5	1.78044E5	1.60528E5	1.43117E5	1.25712E5	1.1109E5	9.47414E4	8.13253E4
574	5.87911E5	5.35758E5	2.62192E6	5.42498E5	8.66412E5	7.15873E6	3.00576E5	2.68603E5	2.46047E5	2.325E5	2.24681E5	2.21027E5	2.11962E5	2.10279E5	1.93553E5	1.7205E5	1.5622E5	1.41291E5	1.22003E5	1.06847E5	9.46717E4	7.84074E4
576	5.33993E5	5.24951E5	2.39261E6	5.39361E5	5.70072E5	1.05897E7	2.98284E5	2.62968E5	2.37032E5	2.28623E5	2.17683E5	2.0912E5	2.0458E5	2.03291E5	1.86977E5	1.69186E5	1.50089E5	1.33275E5	1.20736E5	1.04989E5	9.19395E4	7.91705E4
578	5.4602E5	5.13416E5	1.99303E6	5.42618E5	5.31003E5	1.38862E7	2.98179E5	2.52068E5	2.33551E5	2.19959E5	2.12182E5	2.05279E5	1.98502E5	1.98595E5	1.79258E5	1.621E5	1.43802E5	1.31191E5	1.14525E5	1.02131E5	8.81236E4	7.64519E4
580	5.34545E5	5.11352E5	1.5911E6	6.09229E5	4.95779E5	1.61517E7	2.83891E5	2.45853E5	2.20667E5	2.12584E5	2.05411E5	2.01679E5	1.93241E5	1.93273E5	1.74402E5	1.56015E5	1.42523E5	1.27599E5	1.14652E5	1.00025E5	8.658E4	7.48373E4
582	5.21484E5	4.82905E5	1.21656E6	7.14031E5	4.84311E5	1.6304E7	2.81856E5	2.32703E5	2.1874E5	2.04913E5	2.01831E5	1.93326E5	1.87499E5	1.86969E5	1.70793E5	1.52013E5	1.3794E5	1.23437E5	1.08708E5	9.65948E4	8.49724E4	7.03125E4
584	5.60302E5	4.9466E5	9.03517E5	9.06646E5	4.77298E5	1.42583E7	2.83643E5	2.34345E5	2.16572E5	2.01793E5	1.96245E5	1.87456E5	1.8637E5	1.77421E5	1.6855E5	1.47967E5	1.32766E5	1.19999E5	1.08207E5	9.35906E4	8.13549E4	6.94359E4
586	4.83593E5	4.59424E5	6.64582E5	1.16329E6	4.7098E5	1.10056E7	3.13786E5	2.27787E5	2.08831E5	1.97026E5	1.88002E5	1.80402E5	1.78157E5	1.74201E5	1.56904E5	1.43317E5	1.26643E5	1.16354E5	1.03186E5	9.17767E4	8.01218E4	6.79442E4
588	4.76619E5	4.44312E5	5.68287E5	1.52386E6	4.71443E5	7.2638E6	6.28821E5	2.25992E5	2.03063E5	1.89749E5	1.84844E5	1.74943E5	1.7164E5	1.68056E5	1.54897E5	1.36406E5	1.26278E5	1.09228E5	1.00469E5	9.14805E4	7.79802E4	6.69365E4
590	4.66816E5	4.56656E5	5.09849E5	1.84739E6	4.59377E5	3.85203E6	1.73414E6	2.20879E5	1.92992E5	1.87616E5	1.77599E5	1.69766E5	1.61658E5	1.6434E5	1.49317E5	1.30986E5	1.19561E5	1.11572E5	9.46256E4	8.50683E4	7.52493E4	6.46533E4
592	4.41405E5	4.34401E5	4.72921E5	2.15512E6	4.52476E5	1.59005E6	4.01647E6	2.10752E5	1.89256E5	1.78276E5	1.72521E5	1.63041E5	1.58342E5	1.58108E5	1.43739E5	1.26738E5	1.1863E5	1.0484E5	9.54615E4	8.32948E4	7.10732E4	6.1777E4
594	4.4699E5	4.4301E5	4.45106E5	2.36119E6	4.43E5	6.46167E5	7.2122E6	2.09539E5	1.81728E5	1.72127E5	1.66947E5	1.61386E5	1.56469E5	1.53639E5	1.38273E5	1.26044E5	1.13243E5	1.03486E5	9.06465E4	8.01204E4	7.05518E4	5.9709E4
596	4.7914E5	4.34903E5	4.4842E5	2.42847E6	4.46831E5	4.13032E5	1.08344E7	2.00453E5	1.77271E5	1.68326E5	1.61159E5	1.52471E5	1.48671E5	1.47011E5	1.38176E5	1.1986E5	1.11216E5	9.75755E4	8.8275E4	7.83109E4	6.83652E4	5.94048E4
598	4.57769E5	4.49588E5	4.35031E5	2.29547E6	4.40875E5	3.83704E5	1.40215E7	1.97255E5	1.77422E5	1.64593E5	1.55388E5	1.48429E5	1.4578E5	1.41813E5	1.28364E5	1.18503E5	1.05683E5	9.64862E4	8.38661E4	7.57869E4	6.72676E4	5.74202E4
600	4.74605E5	3.97424E5	4.32524E5	2.04085E6	4.50034E5	3.6207E5	1.59292E7	1.95115E5	1.69557E5	1.56858E5	1.51034E5	1.47798E5	1.41966E5	1.40898E5	1.26931E5	1.18016E5	1.03264E5	9.36371E4	8.36849E4	7.2291E4	6.48832E4	5.6566E4
