300	1.1035E5	7.83238E4	8.34853E4	2.62938E6	2.20377E5	1.57261E5	1.21576E7	4.58105E4	6740.66114	4134.12689	2798.88774	1705.01124	1557.19672	1213.79661	1016.79686	1059.98423	1152.50683	802.84736	796.80426	659.3576	866.7735	603.564
302	8.55653E4	8.74819E4	8.43247E4	1.67639E6	5.55118E5	1.12887E5	1.02991E7	5.21207E5	7451.26703	4340.15556	2539.32312	1948.78351	1633.30952	1569.79014	1398.80775	1129.95919	1007.44834	1025.16866	757.6842	886.2434	825.2187	651.31599
304	9.57534E4	7.75617E4	8.48693E4	8.61999E5	1.13403E6	1.02123E5	6.33446E6	2.22132E6	8824.09446	3824.85562	3058.67511	2003.66242	1832.91659	1355.91144	1273.53407	1116.52953	1280.99695	757.40045	792.34313	798.63719	513.80737	766.28266
306	8.55748E4	7.75635E4	7.78705E4	3.65633E5	1.92338E6	9.5823E4	2.64421E6	5.6492E6	1.05316E4	4071.38355	3044.13334	1936.14847	1743.33546	1479.19979	1046.58768	971.85252	861.69131	836.10646	829.10886	628.97208	641.80105	507.77981
308	9.09153E4	7.12931E4	7.25917E4	1.52722E5	2.60244E6	8.73966E4	6.67587E5	9.6854E6	1.63489E4	4591.22405	2488.53573	1944.59403	1688.17098	1550.97332	1410.50257	910.52685	1089.90297	932.29775	639.87039	918.74074	756.65696	679.18529
310	9.92598E4	7.48941E4	7.6436E4	9.33203E4	2.73617E6	9.7304E4	1.49784E5	1.16846E7	5.45901E4	5128.32306	3115.42563	2375.35122	1669.57357	1314.70495	1067.88912	903.67482	920.95703	885.484	871.19443	689.56207	802.81576	619.76389
312	9.51687E4	6.94512E4	7.45627E4	7.92972E4	2.27638E6	1.80518E5	9.76325E4	1.00502E7	6.20097E5	5947.20777	2832.36036	2283.75955	1657.68076	1314.82229	1302.79816	1043.14952	895.34624	860.45635	765.38443	885.5216	556.46001	571.94873
314	9.04777E4	8.28706E4	7.75374E4	7.00291E4	1.46068E6	4.49394E5	8.53448E4	5.94825E6	2.58951E6	6454.93035	2986.14637	2261.34908	1566.96385	1300.99477	1277.21809	942.28077	1110.36015	718.50675	876.90215	859.31131	774.51426	625.18336
316	1.04699E5	7.00266E4	7.10182E4	7.11581E4	7.33965E5	9.57885E5	7.9339E4	2.2841E6	6.11233E6	9990.39716	3934.3125	2260.05855	2067.32294	1770.59158	1425.3709	965.73352	795.44523	904.05673	755.95113	682.43916	604.2049	568.85316
318	8.44407E4	7.71193E4	7.53992E4	6.73702E4	3.21251E5	1.61597E6	7.62953E4	5.58244E5	9.4342E6	1.38493E4	3894.11813	2324.38934	1731.38972	1952.32222	1199.30909	732.13638	901.72366	776.5075	770.45622	688.84206	727.20109	314.97559
320	9.00681E4	6.35719E4	6.95795E4	6.14207E4	1.35101E5	2.16632E6	6.6736E4	1.12458E5	1.04294E7	3.89116E4	4362.44718	2059.26909	1822.5212	1529.00834	1261.05823	1036.90717	1057.53382	623.64567	1015.4578	581.10025	665.538	555.96752
322	7.76784E4	7.50947E4	6.2971E4	6.46384E4	8.03807E4	2.25125E6	7.5644E4	7.57722E4	8.30479E6	4.10173E5	4597.40039	2496.3306	2094.73799	1573.79297	1105.7156	879.0904	896.82743	572.13738	807.75754	855.42529	511.84917	508.122
324	9.21709E4	6.29228E4	6.00039E4	6.1106E4	6.63629E4	1.86927E6	1.37697E5	6.70832E4	4.69705E6	1.79607E6	5871.7725	2586.47355	1842.2219	1383.43395	1309.56016	890.63183	914.66652	764.40425	716.64495	550.25615	807.3702	428.78474
326	7.68238E4	6.69322E4	5.89317E4	6.14319E4	5.59532E4	1.24971E6	3.28035E5	6.20733E4	1.79023E6	4.51347E6	7261.31692	2869.01115	1727.22265	1619.91018	1127.53902	789.92486	718.6421	578.2999	725.18354	671.88786	409.49136	484.18641
328	9.49809E4	6.30262E4	5.40756E4	6.02588E4	5.68314E4	6.91226E5	6.96935E5	5.49475E4	4.52419E5	7.39662E6	1.04074E4	3282.19052	1692.20332	1806.35447	968.92898	662.93104	731.48255	477.51502	798.0386	608.02438	462.39264	359.07815
330	9.30579E4	5.61548E4	5.7706E4	5.61806E4	5.35903E4	2.98118E5	1.22571E6	5.11422E4	9.6125E4	8.85546E6	2.84355E4	3154.70796	2122.69041	1510.26528	1278.3907	869.94656	1168.78247	658.87319	579.6838	589.89528	631.7744	453.86213
332	1.15217E5	5.59111E4	5.26236E4	6.19658E4	5.227E4	1.32916E5	1.68638E6	4.58567E4	6.38205E4	7.48512E6	2.89581E5	3749.69242	1968.45051	1743.24077	1454.71336	863.22735	922.99834	593.74033	695.53128	600.89837	345.63419	441.69617
334	1.14283E5	6.01756E4	5.38396E4	5.51039E4	5.32393E4	7.02929E4	1.8513E6	5.233E4	5.43099E4	4.56812E6	1.34097E6	5002.68236	2535.02678	1698.60616	1150.52269	963.73852	790.83817	561.97672	409.07867	552.47854	416.49955	641.1292
336	1.11945E5	7.06757E4	4.91792E4	5.51669E4	5.10391E4	5.37844E4	1.64335E6	8.8654E4	5.14375E4	1.84655E6	3.51927E6	5801.21841	2264.00429	1831.82946	1209.56324	853.63044	833.73519	571.82808	713.21524	683.36457	484.31426	399.07522
338	1.23148E5	6.29795E4	5.32885E4	5.22897E4	4.79555E4	4.75929E4	1.19569E6	2.16693E5	4.77248E4	4.83343E5	5.89811E6	8928.46817	2558.02165	1443.24749	1503.24573	732.75575	822.77796	552.61182	651.7746	622.40494	635.50835	314.08775
340	1.06062E5	6.63561E4	4.69866E4	5.15404E4	4.90411E4	4.31023E4	6.81244E5	4.87288E5	4.28971E4	9.04099E4	7.25494E6	2.15131E4	2789.07123	1967.23558	1317.81664	901.83377	1031.16687	766.62843	595.12442	470.73036	449.05237	490.61078
342	1.07751E5	5.8252E4	4.55063E4	4.87525E4	4.80338E4	4.21399E4	3.3034E5	8.63678E5	3.83676E4	5.46949E4	6.32611E6	2.26546E5	3022.099	1817.66721	1129.86757	676.16725	726.80974	596.67285	615.73569	413.28739	487.79844	391.30185
344	1.30027E5	5.9107E4	4.70629E4	4.2349E4	4.6608E4	4.03989E4	1.31525E5	1.27404E6	3.44703E4	4.49402E4	3.9016E6	1.16523E6	3510.098	1886.20052	1177.22195	948.35717	639.3745	759.25211	549.04906	524.80829	502.24319	406.08828
346	1.19054E5	6.40027E4	4.63647E4	4.39199E4	4.5842E4	3.90046E4	6.26044E4	1.46412E6	3.72964E4	4.10728E4	1.70361E6	2.95926E6	4829.47049	2053.97785	1371.8349	953.06843	689.42184	578.9853	575.44054	426.69466	441.27404	364.16885
348	1.32596E5	7.25945E4	4.37768E4	4.10501E4	4.59184E4	3.68754E4	3.9844E4	1.36834E6	6.23323E4	3.75289E4	4.03315E5	4.95372E6	6746.86017	2157.09559	1249.84056	946.50125	827.83772	733.9845	421.51241	518.78366	322.66666	342.83862
350	1.15138E5	5.91985E4	4.43901E4	4.15229E4	4.05783E4	3.61466E4	3.20491E4	1.03652E6	1.45862E5	3.47864E4	7.51448E4	5.78267E6	1.73379E4	2326.16351	1287.55176	977.42392	908.42224	587.52639	397.72829	384.55403	490.68688	405.276
352	1.12196E5	5.91093E4	4.5806E4	3.85359E4	4.1062E4	3.39348E4	2.95737E4	6.1805E5	3.35705E5	3.21957E4	4.4857E4	4.87543E6	1.88713E5	2489.06973	1238.92347	917.86995	822.04423	577.64777	518.10847	387.30029	368.57988	336.34023
354	1.13138E5	6.2542E4	4.08786E4	3.69428E4	3.68907E4	3.19636E4	2.62663E4	3.09259E5	6.13304E5	2.76752E4	3.49715E4	2.96839E6	8.93478E5	3207.84511	1612.64598	974.92499	931.11715	507.66865	685.40841	465.84303	457.78909	316.12648
356	1.15394E5	5.82232E4	4.00764E4	3.29723E4	3.35045E4	3.17438E4	2.4837E4	1.32412E5	9.07307E5	2.57125E4	3.09989E4	1.20295E6	2.38728E6	4064.19355	1479.27681	878.32151	797.26898	648.02637	432.64738	528.55805	463.77939	215.49286
358	1.18107E5	5.39618E4	3.81215E4	3.35615E4	3.38409E4	3.21697E4	2.37656E4	5.91591E4	1.10348E6	2.62019E4	2.9327E4	3.1405E5	4.10225E6	6325.21104	1613.74831	994.98414	1045.20075	589.90338	540.50319	299.60262	325.66324	404.88887
360	1.10784E5	5.0119E4	3.44972E4	3.06558E4	3.06775E4	3.16979E4	2.17299E4	3.23269E4	1.09592E6	3.71155E4	2.70447E4	6.21547E4	5.10558E6	1.46212E4	1791.10609	885.58411	878.88059	516.15751	444.93864	449.11509	313.22223	482.19059
362	1.03123E5	5.68196E4	3.75907E4	3.03966E4	3.13682E4	2.99788E4	2.11893E4	2.3539E4	8.86391E5	8.10157E4	2.37213E4	3.66008E4	4.47123E6	1.50466E5	2279.94649	1093.01562	924.69373	717.34641	536.61083	365.60944	251.3828	457.06176
364	1.09034E5	5.56268E4	3.51952E4	2.90376E4	2.89113E4	2.9464E4	2.04392E4	1.88588E4	5.85304E5	1.90969E5	2.2567E4	2.88411E4	2.79552E6	7.72796E5	2520.7158	1241.90013	907.1626	546.35981	577.19953	387.19878	408.7248	276.07831
366	8.46876E4	5.02099E4	3.37494E4	2.90126E4	2.78468E4	2.67418E4	2.01683E4	1.66731E4	3.04323E5	3.84606E5	2.0118E4	2.44349E4	1.11554E6	2.22289E6	3534.84963	1283.4834	827.38711	756.51364	539.7103	329.59015	352.27751	437.14489
368	1.00211E5	4.75062E4	3.2951E4	2.53893E4	2.53733E4	2.55994E4	1.94518E4	1.56606E4	1.38605E5	6.24897E5	1.87664E4	2.26188E4	2.90239E5	3.80649E6	5265.29185	1403.12258	915.31058	765.55337	500.50412	474.66777	400.88254	311.6794
370	8.75576E4	4.76409E4	2.98066E4	2.41279E4	2.49092E4	2.57721E4	1.8962E4	1.45385E4	5.53882E4	8.28836E5	1.72716E4	2.26956E4	5.30364E4	4.62083E6	1.37326E4	1280.48931	972.33765	646.32543	591.94504	456.19393	431.6467	228.66699
372	8.45678E4	4.63318E4	3.09259E4	2.6363E4	2.58446E4	2.355E4	2.08789E4	1.42585E4	2.90731E4	8.7165E5	2.52926E4	2.08114E4	3.20444E4	3.90158E6	1.54193E5	1685.55473	1067.78807	664.52636	484.13713	481.71901	466.43527	325.63185
374	8.73073E4	4.53227E4	2.64493E4	2.31215E4	2.40815E4	2.23324E4	2.0024E4	1.40543E4	1.92398E4	7.54554E5	5.40132E4	1.89022E4	2.45152E4	2.30753E6	7.43473E5	2058.27916	1121.14357	730.71059	471.77048	452.65286	381.42203	287.04784
376	9.08705E4	4.41942E4	2.47332E4	2.33137E4	2.14372E4	2.08497E4	2.01974E4	1.28023E4	1.49787E4	5.38573E5	1.26881E5	1.62324E4	2.09767E4	9.13636E5	1.93387E6	2700.3273	1000.45038	861.36714	583.66229	414.68628	228.91055	356.56917
378	7.94906E4	4.24602E4	2.47595E4	2.14194E4	2.20644E4	2.03787E4	2.01562E4	1.29313E4	1.22322E4	3.07505E5	2.66826E5	1.47366E4	1.82186E4	2.23416E5	3.23417E6	4454.15589	1193.62651	716.31127	655.98711	454.93292	400.99268	320.26151
380	7.78189E4	3.80077E4	2.10968E4	2.00712E4	2.09253E4	1.98975E4	1.87598E4	1.26882E4	1.06816E4	1.4823E5	4.48879E5	1.36977E4	1.84231E4	4.55629E4	3.9031E6	1.13088E4	1565.13847	705.81409	538.43684	540.56034	503.41254	293.87456
382	7.52218E4	4.22752E4	2.34367E4	2.08221E4	2.02115E4	2.07895E4	1.81071E4	1.28493E4	1.0633E4	6.60413E4	6.15054E5	1.23488E4	1.87255E4	2.86365E4	3.37575E6	1.10449E5	1762.26842	680.48022	567.00152	391.89756	271.28951	368.68883
384	7.1077E4	3.94564E4	2.40386E4	1.96444E4	1.98962E4	2.14872E4	1.76145E4	1.24804E4	9725.2966	3.07539E4	7.01511E5	1.6961E4	1.79071E4	2.27873E4	2.05737E6	5.43199E5	2118.87516	827.89155	643.67851	502.74363	407.73713	350.89508
386	7.02596E4	3.66045E4	2.0686E4	1.87794E4	1.91286E4	2.03658E4	1.85875E4	1.27558E4	9493.99725	1.95844E4	6.62429E5	3.35042E4	1.52604E4	1.88089E4	8.20266E5	1.54678E6	2945.09948	1029.52499	551.31462	498.71015	290.80333	287.52342
388	7.98673E4	4.24152E4	1.83668E4	1.94476E4	1.92542E4	2.04173E4	1.75962E4	1.30689E4	8652.19292	1.47117E4	5.26672E5	7.83132E4	1.34952E4	1.61435E4	2.10967E5	2.70538E6	4622.1281	908.10927	563.2928	555.04965	360.69027	230.5017
390	6.16929E4	3.19151E4	2.01959E4	1.73435E4	1.85467E4	1.98814E4	1.73239E4	1.38157E4	9626.55145	1.07817E4	3.43977E5	1.68224E5	1.25884E4	1.60284E4	4.18656E4	3.34681E6	1.06108E4	1226.08697	606.99733	537.04864	357.36658	244.25458
392	7.29931E4	3.55606E4	2.03088E4	1.68861E4	1.8451E4	1.95531E4	1.70047E4	1.36392E4	9140.14851	8770.10692	1.79597E5	3.11289E5	1.15532E4	1.56529E4	2.58616E4	2.95616E6	1.20514E5	1491.60274	625.57777	555.36668	489.77586	356.41425
394	5.81252E4	3.06601E4	2.19562E4	1.69531E4	1.94865E4	2.05669E4	1.77407E4	1.41536E4	9321.57719	8120.75771	8.39283E4	4.58401E5	1.0674E4	1.5484E4	2.00693E4	1.92584E6	5.81901E5	1760.92092	599.56196	473.59453	503.79994	373.29488
396	6.29517E4	3.41791E4	1.89596E4	1.72524E4	1.82025E4	1.90213E4	1.86824E4	1.4222E4	8131.18494	7807.69645	3.49686E4	5.68856E5	1.13994E4	1.38021E4	1.6172E4	7.90628E5	1.65614E6	2514.06714	849.14385	573.01929	478.02169	225.19525
398	6.57329E4	3.36612E4	1.90802E4	1.909E4	1.80286E4	1.8877E4	1.75231E4	1.3303E4	8026.57232	7286.78267	1.91671E4	5.78255E5	1.9309E4	1.24341E4	1.41553E4	2.02654E5	2.85358E6	3888.30157	927.45271	571.13316	607.84896	366.23826
400	5.79257E4	3.10645E4	1.86932E4	1.75056E4	1.73656E4	1.89681E4	1.81786E4	1.31117E4	8409.12838	6883.71386	1.25074E4	4.9482E5	4.69303E4	1.16829E4	1.28069E4	3.93201E4	3.51488E6	8710.96039	924.00293	653.84812	424.90836	267.73345
402	6.53342E4	3.36705E4	1.85449E4	1.6042E4	1.83924E4	1.8338E4	1.76567E4	1.27981E4	8463.41524	6918.11961	9408.53303	3.4729E5	1.0693E5	1.06715E4	1.32215E4	2.32782E4	3.0941E6	8.62744E4	1208.34693	641.24981	432.93489	452.4638
404	4.96491E4	2.86825E4	1.68722E4	1.6557E4	1.85674E4	1.91125E4	1.73631E4	1.24659E4	8288.08341	6604.61153	7427.04738	2.03389E5	2.05279E5	9412.10487	1.30443E4	1.75417E4	1.88671E6	4.62384E5	1515.78579	684.01404	547.38927	367.63329
406	4.66913E4	3.2749E4	1.65121E4	1.60172E4	1.7381E4	1.9609E4	1.82027E4	1.21555E4	8572.57421	6486.11913	6115.26167	9.92151E4	3.2194E5	8775.72342	1.20492E4	1.39477E4	7.55093E5	1.28587E6	2273.97128	746.46889	372.13867	361.31894
408	5.69121E4	3.17889E4	1.56331E4	1.57616E4	1.6664E4	1.74331E4	1.68185E4	1.19736E4	9115.46091	5886.39473	5661.39801	4.39797E4	4.33507E5	8870.00986	1.07237E4	1.15849E4	1.79806E5	2.30182E6	3346.68161	727.14085	446.27867	386.09365
410	5.34474E4	3.15626E4	1.58307E4	1.47924E4	1.62914E4	1.82425E4	1.60786E4	1.19126E4	8174.35625	6203.8331	5474.0448	2.12039E4	4.8305E5	1.35777E4	9842.12665	1.0682E4	3.14323E4	2.82542E6	7369.61071	989.84437	520.77252	301.22543
412	4.95645E4	2.96423E4	1.76431E4	1.32194E4	1.53654E4	1.83103E4	1.58738E4	1.23616E4	8257.42237	5651.56919	4887.2724	1.33884E4	4.59849E5	2.89826E4	8864.08004	1.04541E4	2.07054E4	2.42515E6	7.02872E4	989.78084	381.4191	400.54574
414	5.54726E4	2.63514E4	1.63042E4	1.43398E4	1.49766E4	1.79118E4	1.52747E4	1.24174E4	8459.40584	5780.44862	4761.54604	1.01668E4	3.68308E5	6.49266E4	8443.17371	1.04538E4	1.54007E4	1.5293E6	3.76236E5	1478.45132	512.53016	372.41124
416	5.08917E4	2.65679E4	1.64073E4	1.53213E4	1.55185E4	1.7039E4	1.55232E4	1.16099E4	8150.23615	5743.88626	4790.76656	7206.9712	2.45786E5	1.31343E5	7450.95927	1.04474E4	1.25184E4	6.04305E5	1.08437E6	2104.15467	572.36066	467.12853
418	4.78249E4	2.92265E4	1.60551E4	1.25836E4	1.57846E4	1.58772E4	1.4727E4	1.09972E4	7463.1508	5586.01845	4439.16131	5794.55238	1.36796E5	2.23808E5	6634.51162	9660.72021	1.07346E4	1.53738E5	2.03041E6	3468.88245	756.25636	409.90178
420	5.41454E4	2.88331E4	1.61376E4	1.39596E4	1.52075E4	1.58022E4	1.50177E4	1.09122E4	7005.26348	6077.29154	4173.58107	4983.63119	6.60016E4	3.26666E5	6384.72074	8895.43916	8817.1303	2.92681E4	2.60487E6	7030.83445	717.18027	504.63551
422	5.08485E4	2.54953E4	1.59323E4	1.32384E4	1.46816E4	1.59273E4	1.46828E4	1.0984E4	7221.73446	6234.47343	4141.19715	4298.4273	2.95782E4	3.98876E5	8707.31728	7654.6529	8755.63823	1.68652E4	2.35638E6	7.47801E4	910.18682	447.82478
424	4.50612E4	2.43105E4	1.53178E4	1.27225E4	1.47813E4	1.53809E4	1.38321E4	1.07202E4	7060.02412	6217.11731	4392.08502	4046.04301	1.642E4	4.09846E5	1.57292E4	6843.51346	8818.76862	1.37482E4	1.55283E6	3.80225E5	1317.44253	547.26821
426	3.5066E4	2.75499E4	1.41258E4	1.34257E4	1.44872E4	1.55743E4	1.43176E4	1.0139E4	6524.93697	6112.98919	4247.16745	4010.56057	1.1269E4	3.53349E5	3.83617E4	6757.01783	9043.59408	1.09382E4	5.98487E5	1.127E6	1754.18949	512.75498
428	3.72463E4	2.91635E4	1.46303E4	1.27371E4	1.28595E4	1.51354E4	1.43794E4	9788.91104	6701.65309	5901.14805	4201.87364	3870.13025	8403.78243	2.56108E5	8.04711E4	6060.83544	8728.27632	8688.07514	1.3598E5	2.00413E6	2907.83773	586.73795
430	4.86184E4	1.89427E4	1.61573E4	1.25384E4	1.27261E4	1.42546E4	1.35184E4	8885.4283	6641.02132	5687.70629	3924.42015	4236.70804	6040.05516	1.55743E5	1.45659E5	5147.3144	7452.48625	7360.0105	2.59149E4	2.41357E6	7069.08421	634.0198
432	3.97987E4	2.52662E4	1.6012E4	1.18205E4	1.23132E4	1.39381E4	1.3104E4	9571.85347	6478.81058	5347.94346	4768.34758	3731.40025	4685.90074	8.04456E4	2.26781E5	4990.97194	6860.06467	7136.48906	1.57881E4	2.05485E6	6.92641E4	850.83
434	3.91033E4	2.42177E4	1.4224E4	1.25947E4	1.3124E4	1.37929E4	1.24203E4	9671.85111	6759.82513	5033.02981	3848.68554	3695.2209	4207.2586	3.77635E4	2.95405E5	5999.69334	5884.10968	7107.03963	1.23255E4	1.2046E6	3.53217E5	1118.59955
436	2.93803E4	2.21316E4	1.66522E4	1.18136E4	1.29476E4	1.29986E4	1.21053E4	9453.28098	6382.799	5196.27592	4562.01865	3753.15277	3653.96724	1.9113E4	3.32088E5	9078.08515	6035.32283	7250.20255	1.01436E4	4.58717E5	9.33229E5	1416.60131
438	4.01017E4	2.51887E4	1.59374E4	1.17715E4	1.28518E4	1.39234E4	1.21756E4	8734.86471	6332.05482	5378.26271	4319.24593	3764.65787	3487.14046	1.21383E4	3.15916E5	1.98395E4	5880.00297	7344.83453	8081.55218	1.09791E5	1.64126E6	2469.16515
440	4.16693E4	2.57908E4	1.54876E4	1.07328E4	1.23237E4	1.23842E4	1.11085E4	8652.12409	5993.439	5424.74472	4706.80741	3545.78322	3424.95921	8670.52953	2.58884E5	4.20841E4	5031.97981	7292.90165	6650.00062	2.15345E4	2.01506E6	4876.35496
442	3.4309E4	2.68064E4	1.52959E4	1.15872E4	1.31382E4	1.19766E4	1.14192E4	9157.38	6011.50973	5070.32823	4574.25527	3487.25397	3452.76335	6480.94825	1.81536E5	8.25166E4	4413.43517	6622.88745	6259.18696	1.38066E4	1.77034E6	4.15555E4
444	3.99064E4	2.58907E4	1.54902E4	1.18539E4	1.17868E4	1.12711E4	1.08812E4	8401.2807	5716.11065	4568.0144	4504.47642	3442.18658	3360.42479	5492.1302	1.05362E5	1.38785E5	4509.51073	5763.07364	6139.67377	1.10729E4	1.06334E6	2.33264E5
446	3.64665E4	2.45416E4	1.36139E4	1.10701E4	1.19618E4	1.15987E4	1.04695E4	8163.17253	5963.37917	4738.49056	4339.40752	3797.92692	3008.8347	4155.97698	5.52718E4	2.03444E5	4160.17418	5103.93132	6268.73752	9027.20335	4.32823E5	7.23838E5
448	3.19193E4	2.35072E4	1.47797E4	1.13599E4	1.04227E4	1.16112E4	1.0327E4	7983.11187	6407.93246	4915.69149	4197.60838	3493.17148	3039.62455	3238.44229	2.55561E4	2.54242E5	5878.36358	5153.93983	6466.51393	7466.04347	1.07417E5	1.38718E6
450	3.76674E4	2.2488E4	1.56987E4	1.21627E4	1.12287E4	1.1497E4	1.02137E4	7976.93057	5786.84753	5185.60317	4192.98183	3523.35201	3014.20908	3129.68038	1.49302E4	2.7039E5	1.21507E4	5012.1422	6417.81663	6416.54428	1.98589E4	1.78501E6
452	3.51937E4	2.60918E4	1.41427E4	1.06351E4	1.03076E4	1.05183E4	1.01851E4	7971.56596	5767.40188	4786.90491	4101.88528	3664.21654	2696.40688	2754.94702	9504.07097	2.50398E5	2.63553E4	4528.21181	6218.89909	5544.51415	1.30165E4	1.57083E6
454	3.56869E4	2.38011E4	1.46576E4	1.10588E4	1.11229E4	1.12359E4	9634.0282	7745.56548	5721.35018	4520.41784	3924.07772	3774.13587	2958.91736	2750.67323	6935.57558	1.96444E5	5.33342E4	4074.77696	5549.74566	5360.27465	1.05414E4	9.60891E5
456	3.76536E4	2.39507E4	1.44287E4	1.13362E4	1.14139E4	1.02147E4	9275.24794	7377.9553	5124.80877	4605.58803	3882.54924	4048.51945	2709.44058	2578.35931	5746.04707	1.30522E5	9.42665E4	3573.19722	4732.50686	4971.91336	8406.72144	3.76158E5
458	3.87584E4	2.1794E4	1.47624E4	1.15028E4	1.07622E4	1.07112E4	9524.15376	6947.66554	5154.33674	4406.15224	3686.32345	4077.10468	2906.20317	2621.24475	4123.61066	7.40572E4	1.44601E5	3500.49143	4560.26361	5150.01245	6699.93564	9.43135E4
460	2.9028E4	2.55432E4	1.41821E4	1.15028E4	1.11775E4	9419.39386	8509.16024	7293.27054	5177.11703	4269.0477	3736.81133	3755.89313	2752.43044	2503.66229	3586.76121	3.77275E4	1.91829E5	3981.47988	4246.33221	5650.24549	5803.74231	1.87702E4
462	3.39687E4	2.13796E4	1.694E4	1.14236E4	9620.84093	9612.6158	8587.66243	6921.6188	5593.14382	4379.82621	3478.8268	3944.89622	2796.62466	2557.33727	2949.34688	1.91638E4	2.20857E5	6488.17706	4295.7498	5615.95874	4754.11009	1.12896E4
464	3.30254E4	2.24815E4	1.6115E4	1.08984E4	9841.48493	8756.92427	8569.38795	6986.91788	5074.63718	4306.90822	3940.56938	4042.75096	2808.10175	2443.56112	2777.15598	1.12978E4	2.21489E5	1.36868E4	4039.76055	5539.35776	4350.09225	9398.46912
466	3.90203E4	2.2538E4	1.43476E4	1.12149E4	9895.97591	8874.34049	8390.67082	7127.10943	5337.30196	4490.98297	3725.02055	3901.87317	2772.99591	2580.18787	2194.56376	7828.37549	1.90734E5	2.84781E4	3634.2521	4572.19418	4499.69658	7792.45136
468	1.20944E5	2.86041E4	1.54733E4	1.08018E4	8852.75001	8516.50932	8474.63552	6464.44477	4980.73249	4191.32696	3494.8847	3234.79189	3032.91747	2292.5268	2305.11454	6274.2109	1.4314E5	5.29585E4	2978.40991	3858.8972	4389.31879	6550.13815
470	4.0754E5	2.51504E4	1.47318E4	1.16235E4	9069.72667	8714.23675	8829.78351	6831.21947	4715.79181	4168.22431	3298.02875	3756.72501	2982.001	2286.10204	2250.44291	4842.68521	9.26291E4	8.96514E4	2568.79557	3900.81819	4799.14301	5228.66285
472	1.06205E6	2.59124E4	1.57359E4	1.0068E4	9500.3696	8931.81245	8007.63736	6617.67504	4889.5692	4458.65375	3920.10695	3665.84929	3014.66746	2155.67136	2435.78136	3528.35476	5.11448E4	1.30226E5	2605.02691	3618.43312	4641.47832	4528.48869
474	2.27466E6	2.70729E4	1.56794E4	1.03717E4	7826.3253	9022.79065	8277.85579	6581.61207	5013.15074	4614.61787	3657.46259	3354.04966	3277.84452	2372.1104	2293.25156	3160.41608	2.59015E4	1.66077E5	3850.29355	3714.19179	4883.46894	4051.13371
476	3.87106E6	2.6306E4	1.33494E4	1.0527E4	8904.3894	8937.2607	7351.36288	5606.66559	4798.72189	4263.36489	3491.03369	3547.85337	3160.33893	2321.47281	2159.38818	2473.56539	1.4002E4	1.8813E5	7158.41754	3618.99691	4515.63981	3814.74357
478	5.78933E6	2.46224E4	1.50941E4	1.10757E4	8574.13829	8045.89001	7210.41658	5820.48609	4404.74554	4220.3803	3552.71665	3369.81645	2920.72528	2378.42644	2150.12995	1930.9168	8474.00867	1.8445E5	1.47932E4	2680.61056	4005.77512	3655.23418
480	7.55664E6	2.58472E4	1.65807E4	1.01808E4	8206.94269	7977.99793	6880.07333	5747.20982	4636.79497	3751.07194	3462.20914	3138.68207	3270.63322	2499.637	2053.69003	1785.38317	6650.71119	1.56056E5	3.08074E4	2522.6453	3427.40194	3644.67114
482	8.46378E6	3.12435E4	1.46555E4	1.11511E4	8489.91566	8537.77401	6831.41276	5984.90304	5144.67237	3737.99949	3386.88803	3249.65167	3043.22345	2061.50387	1847.13363	1825.34878	5228.63715	1.15307E5	5.47118E4	2265.76503	3155.17423	3840.58554
484	8.08003E6	3.10081E4	1.78669E4	1.00831E4	8353.739	7479.73373	6829.52333	5547.83597	4517.10622	3924.74546	3407.9418	3179.23266	2601.0537	2261.06854	1991.77562	1772.46973	3738.83731	7.06489E4	8.80572E4	2274.74485	3287.8902	4291.06984
486	6.79963E6	4.86349E4	1.63375E4	1.07195E4	8778.2072	7945.2341	6719.0153	5766.04707	4312.47268	4080.27543	3124.87401	2644.868	2455.43711	2307.80709	1567.19594	1689.97056	3266.2705	3.81769E4	1.2062E5	2968.1091	3114.28486	4434.5897
488	4.82718E6	1.7793E5	1.64289E4	9258.73774	7915.76586	7192.03311	7299.57695	5144.97369	4444.50091	3695.87463	3416.84435	2998.54733	2797.85236	2467.76729	1824.93868	1760.39993	2329.93975	1.87182E4	1.49984E5	5065.62627	3021.30123	4172.06942
490	2.6928E6	6.11597E5	1.64009E4	9995.46647	8486.99139	7777.39379	5888.89617	5357.65692	4202.47003	3714.94195	3356.13437	3076.9911	2628.17115	2506.05751	1969.83802	1735.16081	2101.43763	9741.86261	1.61082E5	9412.24274	2558.15874	3471.2984
492	1.19445E6	1.51035E6	1.67032E4	9241.26241	8819.7128	7250.72147	6876.11727	5129.40026	4577.42805	3648.59387	2839.10046	2934.48317	2387.47404	2494.48035	1927.13074	1673.59277	1800.34748	7056.13144	1.51633E5	1.86286E4	2131.30582	2962.13387
494	3.97963E5	2.9462E6	1.78909E4	1.13507E4	7790.90574	6826.75645	6506.8064	5120.80254	3987.41923	3338.79096	2927.99646	3013.18813	2353.06942	2605.52358	1602.08865	1591.92844	1741.48933	5351.65915	1.27976E5	3.40884E4	1664.81454	2341.19903
496	1.76984E5	4.96608E6	1.83365E4	1.07642E4	8607.73903	6971.63639	6589.22804	5249.64723	4400.82569	3654.29847	3034.35427	3001.7356	2585.72286	2273.74434	1799.00423	1535.67262	1858.61987	4554.36353	9.14009E4	5.6643E4	1868.27391	2654.28696
498	1.28892E5	7.0078E6	2.09299E4	1.13225E4	7633.6386	7039.62796	5930.2958	5335.12424	4198.46773	3516.30144	3252.63415	2864.87799	2119.96556	2518.02048	1737.73767	1373.35037	1495.96393	3466.2759	5.77915E4	8.3477E4	2160.73046	2467.12568
500	1.24748E5	8.76466E6	2.22093E4	1.04686E4	9323.24365	6224.94763	6149.49644	5408.34689	3807.25555	3266.09647	3191.84169	2952.064	2306.45765	2339.83637	1783.08458	1677.04478	1528.74302	2911.58885	3.32919E4	1.08723E5	2631.54013	2370.05215
502	1.16688E5	9.53285E6	2.20028E4	9964.35836	8422.94959	6496.00189	5530.99386	5420.07573	4162.34266	3618.98249	3001.96772	3213.1767	2116.58409	2335.45358	1807.84219	1443.25506	1565.4956	1978.05612	1.70594E4	1.28735E5	4376.86708	2254.4795
504	1.03507E5	8.98581E6	2.88175E4	1.07955E4	8831.79452	6884.0126	5964.76973	4513.12567	3932.72133	3636.27877	3288.07294	2870.0383	2253.38587	2231.65478	1716.4106	1427.66395	1584.30148	1751.87575	9137.43276	1.32765E5	8701.29507	2020.34065
506	1.10019E5	7.2921E6	4.65135E4	1.18732E4	9748.72909	7252.87556	5627.77548	5066.35477	4029.39671	3644.99018	2771.25751	2697.41945	2170.70599	2365.37415	1794.5633	1265.3037	1684.30747	1597.55087	5728.15089	1.26537E5	1.75124E4	1505.30229
508	1.34423E5	5.19378E6	1.86366E5	1.17216E4	8759.73757	7418.196	5306.92417	4882.36291	4039.13704	3360.32311	2827.80948	3122.90341	2375.82076	1780.35563	1930.45574	1233.83967	1317.49644	1659.23419	5208.8291	1.03126E5	3.05516E4	1405.06002
510	1.81212E5	2.90837E6	6.8181E5	1.43869E4	9285.74091	6507.32951	5511.71758	5365.72326	3973.70252	3296.71589	2809.54296	2811.91745	2255.10208	1919.59043	2043.42475	1389.88641	1229.76445	1499.81335	4249.47477	7.43329E4	5.05597E4	1499.93237
512	3.58366E5	1.23559E6	1.77174E6	1.34963E4	8647.22203	8125.049	6059.27466	4794.09668	3778.53716	3520.10081	2977.98693	2465.04763	2378.97578	2044.91103	2068.90796	1201.73791	1207.10151	1484.44327	3025.80355	4.59844E4	7.24193E4	1854.22246
514	5.64001E5	4.24106E5	3.38325E6	1.33467E4	9794.7108	6684.58821	4832.49823	4441.04375	4143.76934	3152.45383	2993.12326	2608.33092	2229.41257	1966.94587	2097.30487	1396.57645	1353.20862	1369.43136	2790.20365	2.47077E4	9.25157E4	2283.78371
516	8.70375E5	1.73585E5	5.39287E6	1.61932E4	9124.00964	6970.94592	5730.7199	5149.17053	3816.20777	3555.50562	2577.21052	3031.76246	2277.1157	2064.62293	1909.63737	1286.26344	1544.62697	1570.27946	1921.9251	1.32631E4	1.07029E5	4227.24375
518	1.27286E6	1.29072E5	7.53356E6	1.59552E4	9261.65923	6937.47774	6398.87107	4501.72983	3891.40844	3196.08307	2581.3643	2638.9819	2333.85133	2071.39262	1980.86436	1584.26863	1243.62533	1348.31558	1663.68163	7655.39211	1.13453E5	8198.74762
520	1.69293E6	1.09952E5	9.15298E6	1.89013E4	9129.82886	8079.39055	5743.80318	4900.17755	3719.76051	3148.39557	2828.39016	2464.99652	1917.48095	1924.25098	1716.71262	1527.80483	1232.61157	1312.22889	1445.17265	4929.15916	1.03916E5	1.55835E4
522	2.06738E6	1.00885E5	9.62611E6	1.9501E4	1.00957E4	6120.00056	5323.17307	4773.6936	4188.62233	3513.90513	2489.82775	2532.0098	2004.66267	1782.97859	1741.74953	1407.07591	1042.97296	1309.83724	1254.85755	4572.55613	8.69716E4	2.67255E4
524	2.36077E6	9.78531E4	8.71829E6	2.24906E4	9227.89671	6426.79939	5455.14983	4704.17011	3853.63314	3349.03098	2768.51307	2270.83126	2257.70301	1765.88346	1775.98068	1384.86415	1128.06056	1294.49481	1278.6346	3681.6116	6.26408E4	4.16028E4
526	2.3161E6	8.85953E4	7.01796E6	4.03673E4	1.07664E4	7061.16912	5407.46192	4848.3907	3816.41246	3403.95088	2460.83082	2211.2419	1991.3891	1618.90705	1998.62382	1632.74242	1065.60832	1130.81612	1188.99647	3052.91199	3.95526E4	6.03077E4
528	2.1634E6	8.42568E4	4.83949E6	1.88444E5	1.14178E4	8241.77847	5277.10836	4156.8598	3832.59813	2858.65074	2620.02205	2282.50694	2360.80553	1889.30341	1725.74172	1594.87216	1248.49259	1286.49375	1075.70718	2411.22967	2.30247E4	7.69673E4
530	1.91006E6	1.03755E5	2.67868E6	7.0846E5	1.14301E4	6577.28349	6133.60749	4833.40202	3638.90771	3173.26879	2646.77261	2806.61709	1956.86506	1865.14965	1709.92725	1821.05096	1169.90373	1096.55183	1142.48606	2088.65645	1.16323E4	8.95769E4
532	1.45042E6	1.45175E5	1.12512E6	1.85646E6	1.14032E4	7636.34692	6164.95629	4503.61714	3866.51559	3339.54598	2918.66076	2463.28468	2074.36767	1993.40469	1298.93822	1468.72741	1145.38117	1198.29942	1122.72208	1760.84623	6598.02461	9.57538E4
534	9.55637E5	2.48451E5	3.64284E5	3.5941E6	1.36287E4	7581.68116	5424.70449	4627.14156	4165.11527	3181.72866	2482.54711	2640.02627	2042.33946	1704.72299	1423.11339	1445.97847	1375.11072	1041.80846	1356.51265	1362.20593	4226.50015	8.9589E4
536	5.51504E5	4.42669E5	1.46057E5	5.73071E6	1.27839E4	7425.28933	5973.46676	4518.26521	3493.17816	2925.96761	2603.22374	2330.30576	2044.50326	1645.4988	1750.94157	1318.43101	1143.77911	1111.71219	1013.74595	1269.31897	4100.53838	7.36625E4
538	3.01012E5	7.44313E5	1.16638E5	7.83853E6	1.33613E4	8111.73336	5660.04309	4617.95409	3632.92939	3634.19302	2971.93268	2128.85113	2017.10266	2042.12982	1520.71463	1523.72574	1186.21452	1168.5044	1105.17427	1030.27963	3263.72793	5.48461E4
540	1.53989E5	1.14971E6	1.00118E5	9.27623E6	1.45692E4	8322.40306	5703.12801	4118.49928	3390.55591	3429.72351	2825.82981	2174.12672	2153.95131	2005.10116	1461.52556	1477.76296	851.82582	872.24385	1107.57027	985.46539	2894.13459	3.51667E4
542	9.35896E4	1.60186E6	9.6146E4	9.54171E6	1.71887E4	8232.50266	6261.29257	4830.20295	3836.12209	3587.65617	2421.37544	2428.04567	1958.3158	1487.76792	1575.64969	1305.23946	1205.84762	1187.48088	881.20733	1079.76017	2486.19579	2.05539E4
544	8.34524E4	2.05114E6	8.94641E4	8.53827E6	2.46679E4	8114.09515	6576.13705	5624.03121	3637.31261	3168.92191	2471.58294	2547.73048	2162.47753	1630.16305	1709.40494	1429.12258	1077.6419	1444.09871	912.68068	992.26757	1884.10612	1.07588E4
546	7.39284E4	2.41409E6	9.40563E4	6.67319E6	5.04238E4	8485.68143	5938.09777	4937.83234	3527.95634	3493.04189	2418.26789	2050.84549	2091.12101	1536.7979	1335.09167	1523.8126	1457.32776	1033.26816	1078.92914	1043.7754	1709.64027	6080.17143
548	8.11028E4	2.5939E6	8.45828E4	4.44592E6	2.37446E5	9610.13968	6390.09046	4923.25574	3652.25737	3264.44381	2132.79652	2033.97839	1865.37262	1714.24994	1307.09967	1430.58623	1214.27938	1040.09227	925.59627	925.83729	1413.51657	4300.13007
550	5.88716E4	2.53865E6	8.47574E4	2.43382E6	8.23291E5	9438.37086	6790.67583	5206.11747	4260.49837	3208.52953	2682.26648	2252.04678	1679.99458	1793.39246	1406.81719	1556.50964	1312.9974	875.17708	949.01765	1241.66647	995.69356	3373.11899
552	6.05295E4	2.29094E6	9.07501E4	1.03782E6	1.95915E6	1.18338E4	7561.71307	4656.1708	3769.7786	2913.17553	2665.13263	2592.66519	1841.18067	2006.95069	1568.62038	1368.24815	1159.09632	933.65066	1071.21825	1041.99663	947.80511	2798.82025
554	5.74123E4	1.87759E6	1.12123E5	3.46491E5	3.70141E6	1.13346E4	6804.06953	5231.14558	4067.52719	3306.27049	2597.42621	2075.91673	1839.76351	1552.98683	1717.73664	1459.96756	1262.04778	744.98296	829.00295	1020.95595	1064.92924	2670.00977
556	5.49436E4	1.37961E6	1.70121E5	1.53808E5	5.67526E6	1.2835E4	6771.20565	5344.97126	3785.01208	2918.59659	2890.19813	2267.5518	2288.61482	1381.57877	1469.70619	1406.88762	973.11892	1005.83188	1072.84608	943.64132	1139.507	2515.06508
558	5.10696E4	9.11647E5	3.00856E5	1.20807E5	7.64584E6	1.34324E4	7195.15146	4542.21764	4215.83374	3187.18939	2122.91616	2289.56282	2031.32672	1984.28347	1256.70475	1196.61624	1111.4658	1087.5718	997.8285	647.43051	1056.05728	1785.61361
560	6.22758E4	5.69356E5	5.1596E5	1.04065E5	9.01829E6	1.50341E4	7680.43469	5283.72178	4184.5039	3081.76473	3102.81026	2479.95695	2402.54028	1694.39989	1471.264	1590.31087	1241.79388	984.28859	580.21397	1017.17004	716.33926	1996.04581
562	5.62951E4	2.91091E5	8.42335E5	9.67997E4	9.14326E6	1.64138E4	7209.97031	5635.12294	4011.71183	2993.829	2471.43195	2061.09449	2091.64163	1982.74231	1406.723	1373.91732	1113.54875	1388.28052	1092.06993	1015.72993	829.57799	1303.88235
564	5.71887E4	1.52237E5	1.24522E6	9.06373E4	8.05645E6	2.23635E4	7205.79229	5963.53196	4352.72818	2942.4593	2571.79224	2216.9425	1863.19527	1635.26179	1191.98086	1253.123	1251.36176	1117.72129	1004.14345	826.86192	741.77943	1026.54039
566	6.23007E4	1.00133E5	1.69623E6	8.95367E4	6.22438E6	4.40073E4	8695.80458	5463.83763	3701.22381	3145.42424	2579.3423	2357.43373	2361.85158	2209.82311	1494.12557	1780.4311	1260.0754	998.01163	822.6425	852.21425	746.26078	1062.99569
568	7.72361E4	7.4215E4	2.09394E6	8.80915E4	4.11314E6	2.34859E5	8531.15049	5190.3348	3905.84347	3599.11155	2940.71872	2233.10543	1718.46096	1748.35753	1636.82925	1374.14922	1136.01337	1138.73361	919.66635	975.22762	1018.17768	989.52637
570	5.51104E4	6.22721E4	2.34579E6	7.75019E4	2.2017E6	8.2419E5	9274.92544	6081.69514	3938.38864	3346.78243	2899.01366	2744.36981	1826.42084	1631.46802	1678.94762	1478.62793	1320.69817	1150.73567	926.72965	951.35175	678.56218	1038.40656
572	6.43359E4	5.45491E4	2.47235E6	8.17142E4	9.11949E5	1.98058E6	9201.30158	5395.88812	4452.27911	3109.15163	2006.16003	2302.48161	2183.0824	1746.54371	1634.53247	1547.16258	1167.74075	1053.72648	1069.67165	645.06754	830.22191	1133.80513
574	7.36339E4	5.01817E4	2.36224E6	7.65949E4	2.92703E5	3.67388E6	9982.41581	6140.08764	4761.75619	3564.98788	3053.50637	2405.85725	2101.08041	1675.62073	1228.29508	1299.97982	726.91727	1040.0249	818.45154	1029.21217	997.85925	943.02735
576	6.0437E4	4.53704E4	2.04714E6	7.63493E4	1.34201E5	5.63209E6	1.16365E4	6441.92219	4657.78811	3358.14928	2662.98109	2578.86287	1926.47225	1677.41814	1470.71831	1333.49033	1389.55777	1210.73288	1180.56136	828.38549	1048.41557	773.79344
578	6.72949E4	4.02139E4	1.68169E6	1.04045E5	1.02403E5	7.33479E6	1.26398E4	6011.36568	5004.39993	3870.83868	2875.97944	2289.68318	1519.14047	1934.10706	1222.68109	1100.40942	906.78965	854.92729	713.0783	923.33477	974.99676	674.56499
580	6.06299E4	4.77173E4	1.24838E6	1.68794E5	9.03547E4	8.5388E6	1.20778E4	6073.51927	4804.35469	4068.84943	2802.1884	2211.42159	1922.9012	1776.43178	1346.01489	1166.42934	1169.87631	1479.17097	770.486	965.02546	830.25925	1180.08998
582	6.39014E4	3.85557E4	8.03977E5	2.81465E5	8.23711E4	8.63183E6	1.55037E4	7144.71306	4277.19457	3298.42191	2936.12981	2550.02005	1560.16129	1901.95581	1435.20512	1576.61609	1178.15768	1001.77477	715.07525	812.49065	775.96292	946.17618
584	5.82654E4	4.47922E4	4.74725E5	5.00888E5	7.89305E4	7.44971E6	2.10123E4	6689.54408	5003.33752	3419.61436	3226.75854	2609.58204	2007.96019	1628.57662	1291.47273	1532.10873	885.58297	1064.46233	1033.86322	924.85387	813.65315	884.85481
586	8.05541E4	4.19346E4	2.76819E5	7.78361E5	7.58842E4	5.65235E6	4.22099E4	7771.69428	5992.0741	3556.01355	2787.50836	2320.80357	1764.93227	1672.58255	1354.68349	1422.96852	1126.61038	834.39629	1077.24189	866.00859	743.50917	713.3067
588	5.34556E4	4.28498E4	1.57511E5	1.15601E6	7.54066E4	3.61862E6	2.01914E5	8985.17344	4538.49774	3547.74831	3076.04607	2455.57105	1962.22128	2008.77951	1718.20958	1690.18043	1146.11765	813.68204	1119.85272	1125.04012	942.71829	668.11203
590	5.79542E4	4.88267E4	9.11578E4	1.56092E6	7.12505E4	1.87364E6	7.82335E5	8890.83901	6112.18816	3211.2981	3059.14831	2593.63796	2480.9899	1836.62774	1554.27326	1341.13333	945.35111	1208.27955	929.87505	1064.64437	745.16466	852.84185
592	7.02393E4	5.74307E4	7.80627E4	1.88087E6	6.79188E4	7.16562E5	1.9727E6	1.07295E4	5178.15985	3884.75475	2601.02598	2407.62857	2323.44759	1744.85983	1385.85894	1442.46025	1210.52553	855.1546	1134.7714	1085.79304	617.65717	739.77997
594	4.60342E4	5.02695E4	6.16741E4	2.12393E6	6.34763E4	2.37992E5	3.58505E6	9798.75415	5318.44932	3672.41079	3189.54138	2403.66881	1846.90845	1870.70855	1424.00173	1752.17831	1131.18151	981.96284	833.45824	647.80223	810.98064	1028.76398
596	6.6893E4	4.83787E4	6.18437E4	2.17353E6	6.27769E4	1.15478E5	5.47813E6	1.0712E4	6228.10993	4353.06545	2929.37005	2564.47116	1910.29394	1746.08635	1347.63864	1633.92533	1150.90031	1027.58663	1005.57194	687.20265	892.22691	852.21181
598	5.62544E4	5.87338E4	5.68265E4	2.04615E6	6.29662E4	9.49807E4	7.15911E6	1.16649E4	5187.86101	3814.32432	3158.19718	2634.37363	2016.56148	1830.76688	1431.33157	1121.16177	1028.02582	995.11337	1000.09486	812.20975	923.36415	632.93072
600	6.64595E4	5.93893E4	6.39187E4	1.81519E6	7.75144E4	8.24593E4	8.16524E6	1.2536E4	6219.77695	4091.24071	3105.34587	2545.52155	2088.3878	2011.09148	1262.56257	1467.42012	1195.82551	933.14071	936.67538	926.86511	678.82807	783.7745
