300	3.53355E5	2.33796E5	2.31043E5	2.65704E6	4.03352E5	4.64651E5	5.60989E7	2.53235E5	3.66496E4	2.04469E4	1.59567E4	1.15297E4	8222.52968	8908.41439	6886.74668	6178.00483	4994.81983	5151.49398	4535.82458	3861.73856	3687.57629	2709.1316
302	3.36173E5	2.41172E5	2.27306E5	1.80507E6	7.2268E5	2.81987E5	4.94421E7	2.95554E6	4.18438E4	2.29059E4	1.64173E4	1.16383E4	1.01549E4	8675.89252	6862.9061	6503.0061	5147.03488	5035.4354	4324.15427	4094.09513	3427.88257	3205.5561
304	3.66091E5	2.35581E5	2.44983E5	1.03724E6	1.30269E6	2.57836E5	3.27225E7	1.27066E7	4.85327E4	2.44222E4	1.73303E4	1.20293E4	9288.79221	9083.02072	6582.59081	6566.26052	5158.6412	5105.83091	4405.50537	3816.63456	3820.80525	3312.04057
306	3.93001E5	2.64095E5	2.59122E5	5.77373E5	2.03105E6	2.48187E5	1.43201E7	3.01951E7	6.08293E4	2.59628E4	1.81179E4	1.18751E4	9705.31288	8604.18214	6968.0963	5886.04297	5730.46019	4734.76095	4271.75905	3694.18543	3343.18921	3654.86605
308	4.02925E5	2.7437E5	2.69561E5	3.93271E5	2.74065E6	2.5332E5	3.40432E6	4.69497E7	8.87317E4	2.70882E4	1.85418E4	1.29808E4	1.02191E4	9450.72231	7245.70171	5852.50569	5330.00775	4504.05905	3917.75806	3704.12395	3539.66541	3230.35989
310	4.0875E5	2.92645E5	2.92467E5	3.42288E5	2.88286E6	2.65574E5	4.23092E5	5.34117E7	2.39476E5	3.21002E4	2.12938E4	1.37968E4	1.02567E4	9160.76083	7322.90789	6023.88355	5033.42671	4266.55824	4414.78944	4027.68183	3553.91995	3466.66912
312	4.18597E5	3.26747E5	3.01699E5	3.42499E5	2.46109E6	3.50505E5	2.31404E5	4.75999E7	2.76256E6	3.66879E4	1.96171E4	1.34094E4	1.02522E4	9137.64283	6966.58459	6060.56637	4566.06877	4466.63618	3927.08415	4237.73356	3482.50251	3303.39569
314	4.59867E5	3.65457E5	3.3722E5	3.6305E5	1.70753E6	6.22185E5	1.97041E5	3.13566E7	1.27379E7	4.21679E4	2.3198E4	1.40177E4	1.0791E4	8604.58176	7003.24206	6155.60955	5126.72226	4652.6438	4072.56826	3769.97959	3376.75888	3082.01369
316	5.27734E5	4.18687E5	3.60538E5	3.68625E5	1.03579E6	1.11538E6	1.91541E5	1.33372E7	2.86844E7	5.41269E4	2.4171E4	1.56974E4	1.02176E4	8599.87522	7698.19626	6549.85409	5189.81918	4832.80805	4281.02924	4099.8025	3615.57329	3376.07333
318	5.41436E5	4.63127E5	4.08661E5	3.97736E5	6.35067E5	1.77027E6	1.87263E5	3.11732E6	4.16217E7	7.78528E4	2.43989E4	1.59416E4	1.06121E4	9114.31355	6711.3038	5876.44267	5443.733	4525.6066	4373.52213	3444.61893	3675.44548	3275.5467
320	5.69712E5	5.06563E5	4.27768E5	4.25028E5	4.87379E5	2.31632E6	1.97928E5	3.51554E5	4.61381E7	2.17526E5	2.73663E4	1.60802E4	1.23908E4	8888.94888	7285.18277	6135.74079	5124.24572	4598.91312	4343.01295	3574.11702	3739.63892	3063.84922
322	6.18649E5	5.51667E5	4.68044E5	4.34305E5	4.47717E5	2.43266E6	2.10971E5	1.92839E5	4.03852E7	2.44803E6	3.22432E4	1.71856E4	1.23467E4	1.00873E4	7634.1624	5966.82039	4894.44445	4405.55292	3879.99042	4168.32454	3424.74484	3043.17267
324	6.16784E5	6.08266E5	4.86831E5	4.50207E5	4.37616E5	2.09692E6	2.86083E5	1.68513E5	2.67081E7	1.05685E7	3.74305E4	1.77294E4	1.24629E4	9219.87645	7527.46538	6042.11589	4595.60113	4260.59711	4022.13142	3437.39431	2936.75632	3079.66243
326	6.97108E5	6.37986E5	5.22958E5	4.66777E5	4.61902E5	1.53057E6	4.7434E5	1.63389E5	1.16362E7	2.38425E7	4.65492E4	1.96036E4	1.30728E4	9217.43727	7727.76691	6360.23932	5428.36831	4456.54241	3405.51617	3663.13985	3362.93767	2877.00785
328	6.98589E5	7.07994E5	5.66184E5	4.96463E5	4.63972E5	9.95455E5	8.56677E5	1.61485E5	2.90709E6	3.44056E7	6.90991E4	2.15065E4	1.40557E4	1.05317E4	7383.07019	6382.68995	5031.38572	4051.24275	4139.22009	3942.85065	3280.6958	2910.58281
330	7.5927E5	7.51088E5	5.87766E5	5.075E5	4.83627E5	6.42969E5	1.38511E6	1.67712E5	3.33654E5	3.8464E7	1.76859E5	2.30309E4	1.36596E4	1.08569E4	8220.40577	5984.11903	4685.68856	4097.99739	3469.97545	3654.48435	3543.46339	2944.02878
332	8.06311E5	7.92311E5	6.11666E5	5.2428E5	4.96817E5	4.88541E5	1.85471E6	1.71896E5	1.78649E5	3.45764E7	2.04046E6	2.6895E4	1.42603E4	1.12751E4	7768.07614	6172.04961	5226.16428	4320.8437	4224.47889	3763.94689	3100.39066	2542.843
334	8.2651E5	8.16237E5	6.2229E5	5.28404E5	5.17361E5	4.54219E5	2.02469E6	1.89448E5	1.55229E5	2.43589E7	8.97133E6	3.21496E4	1.52973E4	1.1402E4	7780.37268	6200.52196	4801.60232	4115.91482	3903.77155	3321.3543	3082.61541	2878.04229
336	8.19728E5	8.49212E5	6.74121E5	5.48632E5	5.17323E5	4.47201E5	1.85014E6	2.42017E5	1.51233E5	1.13007E7	2.02614E7	4.08797E4	1.69259E4	1.22883E4	8124.27124	5873.16072	4899.55405	3996.98507	3439.93824	3126.61893	3139.9338	2998.31148
338	8.38622E5	8.85222E5	6.60574E5	5.62076E5	5.30442E5	4.61683E5	1.43207E6	3.76814E5	1.54049E5	3.05313E6	2.89563E7	5.76519E4	1.76638E4	1.16827E4	8472.27573	6256.68724	4714.05822	4475.6902	3553.37201	3166.35027	2896.67783	2853.63625
340	8.78128E5	8.964E5	6.61384E5	5.61445E5	5.43717E5	4.72683E5	9.62695E5	6.48124E5	1.59224E5	3.49924E5	3.22698E7	1.44398E5	2.05215E4	1.21151E4	9098.12625	5912.53076	4816.95605	4279.32367	3835.02478	3036.8141	3108.77083	2361.36811
342	8.75483E5	9.41563E5	6.85793E5	5.62396E5	5.41321E5	4.74451E5	6.36453E5	1.02566E6	1.64181E5	1.65416E5	2.9579E7	1.60554E6	2.27194E4	1.24557E4	9348.21391	6345.46281	4916.86328	4320.07026	3500.78952	3112.11495	3249.50325	2748.83206
344	8.97941E5	9.18479E5	6.98938E5	5.62189E5	5.49632E5	4.85914E5	4.54284E5	1.44088E6	1.73079E5	1.43773E5	2.09066E7	7.80181E6	2.65405E4	1.29043E4	9671.41932	6330.10809	4814.30523	3946.1963	3511.14926	3493.43979	2658.422	2647.48496
346	9.23832E5	9.37013E5	6.97551E5	5.67517E5	5.56982E5	4.93171E5	4.04533E5	1.64995E6	1.85169E5	1.43109E5	1.0104E7	1.72264E7	3.2657E4	1.45679E4	9608.98289	6093.04011	4873.24976	4007.86447	3614.23653	3291.71186	2792.66826	2355.56654
348	8.97728E5	9.27452E5	6.91878E5	5.74145E5	5.55579E5	5.03879E5	4.04205E5	1.58244E6	2.26777E5	1.48133E5	2.59411E6	2.45472E7	4.88508E4	1.55738E4	9706.27675	6607.31432	4712.99288	3921.48004	3400.28581	3185.67969	2793.7556	2527.67896
350	9.14963E5	9.44046E5	7.02468E5	5.72792E5	5.50151E5	5.10117E5	4.11145E5	1.29663E6	3.17256E5	1.53175E5	3.26451E5	2.67247E7	1.08139E5	1.71504E4	9937.92104	6989.68097	5051.78337	3953.07404	3500.20328	3303.73353	2791.17983	2319.16955
352	9.73701E5	9.23451E5	6.93699E5	5.75509E5	5.58546E5	5.15609E5	4.26718E5	9.13002E5	5.19053E5	1.65975E5	1.50026E5	2.39177E7	1.41404E6	1.97684E4	9917.64667	7680.45476	4739.13555	4031.08521	3458.31517	3035.42282	2678.18904	2614.14304
354	9.63309E5	9.21627E5	6.81378E5	5.78716E5	5.56955E5	5.18777E5	4.34948E5	6.16325E5	7.97957E5	1.75448E5	1.34508E5	1.70294E7	6.25808E6	2.30313E4	1.0363E4	7426.37469	5185.39082	3756.32386	3626.26854	3233.59078	2536.80656	2484.00041
356	9.87442E5	9.31015E5	7.01798E5	5.77835E5	5.60141E5	5.33106E5	4.45942E5	4.64095E5	1.1077E6	1.86122E5	1.34493E5	7.93004E6	1.4468E7	3.06957E4	1.12598E4	7759.11353	5134.31044	3840.90527	3300.27774	3163.25314	2867.08544	2503.75415
358	1.00915E6	9.73943E5	7.11778E5	5.79075E5	5.6451E5	5.43958E5	4.63984E5	4.06159E5	1.33198E6	2.07113E5	1.43138E5	2.06802E6	2.09422E7	4.53022E4	1.27108E4	7680.59174	5654.25522	4557.99097	3625.57738	3188.03517	2780.35541	2430.4112
360	9.63121E5	9.62526E5	7.0803E5	5.89885E5	5.64145E5	5.48757E5	4.7641E5	4.03537E5	1.34971E6	2.37815E5	1.54821E5	2.6223E5	2.32842E7	9.59545E4	1.41399E4	7950.34205	6046.42164	4150.95487	3289.01805	2760.8758	2398.7554	2157.1883
362	9.8693E5	9.68764E5	7.12684E5	5.88784E5	5.72798E5	5.54903E5	4.93102E5	4.11673E5	1.17905E6	2.98575E5	1.65161E5	1.38398E5	2.16504E7	1.15757E6	1.59317E4	8608.29247	6206.73362	4260.84387	3380.7535	2809.60035	2607.0085	2390.19796
364	1.02665E6	9.70329E5	7.23857E5	6.04536E5	5.75202E5	5.62928E5	5.05118E5	4.30244E5	9.0617E5	4.24615E5	1.7926E5	1.2608E5	1.60803E7	5.61226E6	1.97251E4	9083.4977	6172.63813	4026.35557	3370.18339	2950.42249	2433.80711	2474.72321
366	1.02467E6	9.48287E5	7.42038E5	6.09188E5	5.7777E5	5.73563E5	5.23863E5	4.51858E5	6.56234E5	6.31387E5	1.9189E5	1.26863E5	7.68435E6	1.33577E7	2.5408E4	9872.7418	5975.32204	4832.96628	3412.47652	3170.21787	2713.15096	2364.21008
368	1.02547E6	9.8618E5	7.40988E5	6.1165E5	5.91183E5	5.79855E5	5.40459E5	4.65664E5	5.08328E5	8.8485E5	2.10327E5	1.35397E5	2.05432E6	1.92408E7	3.83583E4	1.04056E4	6073.89478	4716.8352	3668.90664	2884.10363	2762.6033	2209.30577
370	1.02821E6	9.83295E5	7.67012E5	6.28311E5	6.00344E5	5.87002E5	5.57752E5	4.90675E5	4.52353E5	1.10852E6	2.28547E5	1.47165E5	2.32847E5	2.13234E7	8.81891E4	1.20765E4	6471.99158	5171.64424	3515.3559	3194.65634	2394.98611	2471.23372
372	1.07094E6	1.01223E6	7.74952E5	6.39337E5	6.12249E5	5.94786E5	5.71167E5	5.06873E5	4.45563E5	1.18199E6	2.51827E5	1.58847E5	1.22675E5	1.95604E7	1.09985E6	1.38958E4	7073.45764	5242.7248	3397.68299	2855.81398	2661.86777	2084.10373
374	1.13359E6	1.04367E6	7.90042E5	6.3934E5	6.10133E5	6.17156E5	5.89339E5	5.29872E5	4.54178E5	1.09168E6	3.02878E5	1.70391E5	1.12495E5	1.39709E7	5.25573E6	1.71018E4	7449.35362	5170.0405	3557.44864	2799.39884	2505.31755	2242.55831
376	1.10236E6	1.02094E6	8.03661E5	6.59271E5	6.23335E5	6.21765E5	5.97233E5	5.47065E5	4.71159E5	9.05644E5	3.86762E5	1.82481E5	1.11503E5	6.54407E6	1.18285E7	2.18085E4	7923.79561	5077.37803	4137.80083	3014.59045	2611.22222	2302.50407
378	1.15991E6	1.05923E6	8.27875E5	6.66106E5	6.32588E5	6.31633E5	6.2215E5	5.67826E5	4.91371E5	6.98595E5	5.39471E5	1.98056E5	1.19886E5	1.57619E6	1.69146E7	3.22231E4	8999.40215	5556.8589	4591.31427	3099.48685	2625.75557	2390.92533
380	1.17875E6	1.066E6	8.37754E5	6.89498E5	6.46769E5	6.46324E5	6.40545E5	5.87297E5	5.10349E5	5.60859E5	7.42396E5	2.12287E5	1.29459E5	1.94569E5	1.85424E7	7.3291E4	1.00405E4	5993.48319	4591.26352	3158.11666	2685.52318	2361.19355
382	1.19667E6	1.09713E6	8.64533E5	7.03352E5	6.58255E5	6.70344E5	6.54962E5	6.12959E5	5.38207E5	5.02476E5	9.27768E5	2.29581E5	1.42565E5	1.1548E5	1.72005E7	8.92742E5	1.18894E4	5906.36261	4888.38819	3336.13902	2735.21885	2151.04833
384	1.22619E6	1.14544E6	8.93412E5	7.18236E5	6.75992E5	6.84691E5	6.79627E5	6.34453E5	5.59549E5	4.89358E5	1.03645E6	2.56976E5	1.54637E5	1.05552E5	1.27747E7	4.32539E6	1.42157E4	6587.7153	4536.47295	3534.45726	2792.10294	2348.2121
386	1.25918E6	1.1436E6	9.17455E5	7.35722E5	6.91408E5	6.87384E5	6.92933E5	6.55274E5	5.80677E5	4.97998E5	1.02467E6	2.886E5	1.65428E5	1.05853E5	6.16771E6	1.03362E7	1.97345E4	7894.76357	4581.47846	3991.4847	2960.47544	2396.62491
388	1.32092E6	1.17092E6	9.24981E5	7.58757E5	6.99049E5	7.09386E5	7.14254E5	6.81099E5	6.01401E5	5.1543E5	9.21362E5	3.53383E5	1.80162E5	1.12444E5	1.70099E6	1.51502E7	2.95635E4	8012.02832	4983.49875	4232.67029	2766.83948	2429.52048
390	1.33256E6	1.20063E6	9.63312E5	7.74858E5	7.21648E5	7.23843E5	7.35609E5	6.99205E5	6.23836E5	5.31389E5	7.53609E5	4.60962E5	1.97376E5	1.22943E5	2.13031E5	1.72626E7	6.58622E4	9669.2356	5266.43494	4316.21795	2960.93598	2515.64528
392	1.347E6	1.23277E6	9.92224E5	7.88343E5	7.40332E5	7.40429E5	7.5238E5	7.20146E5	6.41969E5	5.49389E5	6.17952E5	6.20659E5	2.13912E5	1.3489E5	1.05245E5	1.62776E7	8.98816E5	1.17461E4	5371.10535	4510.69661	3028.85616	2690.43107
394	1.37399E6	1.26201E6	1.00447E6	8.13452E5	7.44013E5	7.47792E5	7.59661E5	7.36229E5	6.59974E5	5.72664E5	5.39336E5	7.78479E5	2.29748E5	1.46965E5	9.81177E4	1.24421E7	4.1075E6	1.41886E4	6202.95342	4583.23185	3470.52225	2558.09811
396	1.41225E6	1.28559E6	1.02402E6	8.2704E5	7.56903E5	7.71928E5	7.72103E5	7.49006E5	6.81003E5	5.83388E5	5.12612E5	9.11617E5	2.5124E5	1.60268E5	9.61725E4	6.20638E6	9.8524E6	1.88782E4	6623.53765	4681.12654	3815.20182	2567.84435
398	1.44212E6	1.30579E6	1.04954E6	8.47213E5	7.70946E5	7.76212E5	7.95455E5	7.67014E5	6.96571E5	6.10051E5	5.15648E5	9.44697E5	2.77687E5	1.73831E5	1.0195E5	1.72141E6	1.42657E7	2.80165E4	7719.75279	4782.11488	4034.46375	2851.664
400	1.47357E6	1.34944E6	1.07627E6	8.64532E5	7.88537E5	7.91285E5	8.09646E5	7.85362E5	7.14198E5	6.26429E5	5.29112E5	8.81311E5	3.20776E5	1.88909E5	1.10045E5	2.07478E5	1.58673E7	5.9047E4	8372.49718	5155.25965	3999.59609	2762.29245
402	1.47469E6	1.35822E6	1.10007E6	8.86926E5	8.02865E5	8.09257E5	8.23477E5	8.01782E5	7.33306E5	6.45891E5	5.42958E5	7.57788E5	3.94937E5	2.0395E5	1.1979E5	9.79345E4	1.45839E7	7.56976E5	9977.10087	5465.03743	3463.21394	2778.72808
404	1.53098E6	1.39749E6	1.13194E6	9.20414E5	8.2197E5	8.15657E5	8.37045E5	8.17666E5	7.47279E5	6.61338E5	5.63902E5	6.36456E5	5.08343E5	2.18934E5	1.31979E5	8.73437E4	1.05397E7	3.8144E6	1.2085E4	5681.75234	3711.52457	3408.48602
406	1.54428E6	1.42858E6	1.13941E6	9.25923E5	8.30788E5	8.32268E5	8.43511E5	8.28854E5	7.61792E5	6.78381E5	5.80147E5	5.52133E5	6.49512E5	2.34022E5	1.42947E5	8.7011E4	5.01368E6	9.02876E6	1.58323E4	6197.59845	4367.35546	3346.68146
408	1.56923E6	1.44549E6	1.17359E6	9.47613E5	8.42623E5	8.39601E5	8.51528E5	8.36868E5	7.79584E5	6.9575E5	5.94263E5	5.16284E5	7.7304E5	2.5372E5	1.5301E5	9.01566E4	1.2408E6	1.33875E7	2.4809E4	7028.34395	4021.57729	3701.46024
410	1.57726E6	1.45777E6	1.20216E6	9.65574E5	8.57375E5	8.44459E5	8.56633E5	8.46935E5	7.90077E5	7.04709E5	6.09299E5	5.08716E5	8.44516E5	2.74918E5	1.65078E5	9.60899E4	1.45681E5	1.50722E7	5.00333E4	7887.77857	4489.23089	3555.2091
412	1.61761E6	1.47982E6	1.2117E6	9.84897E5	8.72962E5	8.55474E5	8.68409E5	8.51509E5	8.02024E5	7.20683E5	6.25951E5	5.17361E5	8.37829E5	3.06761E5	1.78056E5	1.04371E5	8.39071E4	1.39778E7	5.884E5	9373.05813	4710.72472	3277.56332
414	1.62809E6	1.52448E6	1.24291E6	1.00503E6	8.84494E5	8.51841E5	8.8157E5	8.61923E5	8.16935E5	7.27079E5	6.38617E5	5.30396E5	7.66542E5	3.53324E5	1.8827E5	1.12034E5	7.67324E4	1.02075E7	3.08738E6	1.19467E4	4726.43649	3360.06252
416	1.65368E6	1.51906E6	1.27165E6	1.01886E6	8.93283E5	8.7149E5	8.78526E5	8.73174E5	8.15107E5	7.42293E5	6.5515E5	5.43815E5	6.62685E5	4.39398E5	2.01792E5	1.21641E5	7.56108E4	4.87258E6	7.90465E6	1.53093E4	5694.32123	3341.1256
418	1.65079E6	1.53367E6	1.28398E6	1.0332E6	9.06769E5	8.80096E5	8.80785E5	8.73688E5	8.24991E5	7.55048E5	6.64263E5	5.6027E5	5.73145E5	5.45991E5	2.15952E5	1.33002E5	7.76785E4	1.26075E6	1.22585E7	2.28913E4	6064.78178	3547.47059
420	1.66988E6	1.55838E6	1.30581E6	1.05484E6	9.12799E5	8.77346E5	8.86784E5	8.81239E5	8.35237E5	7.6621E5	6.80182E5	5.73007E5	5.18296E5	6.61387E5	2.30248E5	1.39456E5	8.46128E4	1.45735E5	1.42425E7	4.77467E4	7073.9498	3928.72068
422	1.66997E6	1.56288E6	1.34191E6	1.06687E6	9.29348E5	8.89182E5	8.91521E5	8.84212E5	8.3589E5	7.79746E5	6.94962E5	5.87358E5	4.99204E5	7.50052E5	2.45338E5	1.51417E5	8.99448E4	7.53793E4	1.32378E7	6.31805E5	8253.5466	3929.56396
424	1.71026E6	1.57317E6	1.34929E6	1.07595E6	9.29255E5	8.90681E5	8.85231E5	8.88556E5	8.44564E5	7.83649E5	7.01349E5	5.97941E5	5.00671E5	7.78799E5	2.6701E5	1.60748E5	9.77761E4	6.68598E4	9.63449E6	3.13885E6	1.01029E4	4314.09336
426	1.70414E6	1.61055E6	1.34383E6	1.10093E6	9.34635E5	8.87223E5	8.8288E5	8.883E5	8.45015E5	7.90417E5	7.11424E5	6.09858E5	5.08696E5	7.38724E5	2.99881E5	1.73156E5	1.06003E5	6.58001E4	4.38999E6	8.07029E6	1.34517E4	4886.09247
428	1.68595E6	1.59991E6	1.36967E6	1.122E6	9.48285E5	9.00314E5	8.91684E5	8.86123E5	8.50808E5	7.98198E5	7.18732E5	6.21103E5	5.16908E5	6.56364E5	3.55434E5	1.8188E5	1.14038E5	6.7224E4	1.0486E6	1.22644E7	2.05538E4	5113.46299
430	1.71571E6	1.63284E6	1.37712E6	1.12353E6	9.58853E5	8.96998E5	8.85887E5	8.86725E5	8.50981E5	8.00881E5	7.28398E5	6.31809E5	5.30044E5	5.71203E5	4.32131E5	1.93238E5	1.22548E5	7.40316E4	1.17373E5	1.37738E7	4.57227E4	6109.26005
432	1.70531E6	1.62607E6	1.40476E6	1.14284E6	9.62182E5	8.99378E5	8.82693E5	8.78883E5	8.54903E5	8.05983E5	7.33505E5	6.39594E5	5.40915E5	5.09323E5	5.26778E5	2.05373E5	1.30129E5	7.84577E4	6.74817E4	1.23439E7	6.20971E5	7180.62134
434	1.71083E6	1.65824E6	1.4191E6	1.15071E6	9.77361E5	9.05959E5	8.88645E5	8.89422E5	8.58398E5	8.08343E5	7.39892E5	6.45567E5	5.49496E5	4.8162E5	6.10255E5	2.2005E5	1.38708E5	8.48297E4	6.06839E4	8.34174E6	3.09195E6	9094.51866
436	1.75015E6	1.62673E6	1.40445E6	1.1718E6	9.82113E5	9.09331E5	8.87123E5	8.79463E5	8.55549E5	8.09838E5	7.41854E5	6.62455E5	5.60595E5	4.78225E5	6.58012E5	2.33712E5	1.48339E5	9.16876E4	6.04041E4	3.70066E6	7.35294E6	1.23576E4
438	1.72106E6	1.64981E6	1.42088E6	1.17329E6	9.84084E5	9.04889E5	8.80924E5	8.77766E5	8.51618E5	8.10674E5	7.55517E5	6.63557E5	5.63898E5	4.76089E5	6.55718E5	2.4954E5	1.58704E5	9.81003E4	6.1131E4	8.94289E5	1.12492E7	1.81187E4
440	1.73975E6	1.64628E6	1.43703E6	1.18405E6	9.87623E5	9.02765E5	8.78227E5	8.76092E5	8.49701E5	8.10258E5	7.52388E5	6.69954E5	5.764E5	4.88874E5	6.03939E5	2.83389E5	1.65092E5	1.04963E5	6.42369E4	1.02664E5	1.29271E7	3.40339E4
442	1.76444E6	1.6441E6	1.43185E6	1.19294E6	1.00164E6	8.96136E5	8.72506E5	8.68305E5	8.44016E5	8.09258E5	7.55753E5	6.73026E5	5.81808E5	4.92291E5	5.41083E5	3.32946E5	1.74216E5	1.13521E5	6.96014E4	6.27276E4	1.18736E7	3.76164E5
444	1.71024E6	1.61909E6	1.45219E6	1.20766E6	1.00485E6	8.9475E5	8.68222E5	8.64169E5	8.42273E5	8.05803E5	7.54034E5	6.73173E5	5.89532E5	5.02941E5	4.75404E5	3.95752E5	1.8151E5	1.16994E5	7.40718E4	5.64034E4	8.24276E6	2.15754E6
446	1.71825E6	1.64708E6	1.43944E6	1.20745E6	1.00636E6	9.02402E5	8.62506E5	8.59616E5	8.39678E5	8.03341E5	7.54398E5	6.77547E5	5.99344E5	5.06683E5	4.3515E5	4.69799E5	1.90291E5	1.26334E5	7.91113E4	5.59092E4	3.68501E6	6.22544E6
448	1.72541E6	1.62928E6	1.45009E6	1.21682E6	1.00285E6	8.96217E5	8.68014E5	8.5037E5	8.33275E5	8.06638E5	7.55256E5	6.82997E5	6.02631E5	5.14639E5	4.14062E5	5.29801E5	2.02878E5	1.32353E5	8.66137E4	5.73651E4	8.8941E5	1.03292E7
450	1.72376E6	1.64745E6	1.45435E6	1.2173E6	1.01639E6	9.01957E5	8.59323E5	8.44653E5	8.2882E5	8.04927E5	7.56487E5	6.85311E5	6.05004E5	5.20209E5	4.13224E5	5.58601E5	2.15499E5	1.41826E5	9.1432E4	5.91684E4	1.07332E5	1.22889E7
452	1.70968E6	1.64622E6	1.45502E6	1.20956E6	1.01118E6	8.96246E5	8.52826E5	8.4012E5	8.23793E5	7.95415E5	7.61335E5	6.88118E5	6.07784E5	5.29785E5	4.16049E5	5.46224E5	2.37899E5	1.47548E5	9.71086E4	6.38645E4	5.82946E4	1.13782E7
454	1.7026E6	1.63671E6	1.43761E6	1.21396E6	1.01486E6	8.96502E5	8.47721E5	8.35495E5	8.12573E5	7.90883E5	7.53865E5	6.88367E5	6.07537E5	5.33513E5	4.18954E5	5.03629E5	2.71901E5	1.53735E5	1.02813E5	6.60767E4	5.17353E4	7.95503E6
456	1.71547E6	1.61503E6	1.46536E6	1.2191E6	1.01536E6	8.87675E5	8.36672E5	8.20113E5	8.08425E5	7.82944E5	7.45043E5	6.84421E5	6.14058E5	5.35119E5	4.22717E5	4.44316E5	3.16835E5	1.59611E5	1.083E5	7.2175E4	4.99663E4	3.47215E6
458	1.68371E6	1.642E6	1.43302E6	1.21337E6	1.01159E6	8.84351E5	8.35165E5	8.18103E5	7.99413E5	7.8056E5	7.41182E5	6.79333E5	6.11578E5	5.39501E5	4.29961E5	3.97014E5	3.76978E5	1.67786E5	1.1329E5	7.69042E4	5.07381E4	8.16234E5
460	1.66977E6	1.58658E6	1.42606E6	1.22293E6	1.0124E6	8.74212E5	8.25359E5	7.99367E5	7.88507E5	7.69717E5	7.37201E5	6.81005E5	6.08688E5	5.40014E5	4.30496E5	3.62674E5	4.31133E5	1.73451E5	1.20764E5	8.14738E4	5.25833E4	9.74368E4
462	1.64564E6	1.60409E6	1.45503E6	1.21783E6	1.00992E6	8.72328E5	8.19162E5	7.94404E5	7.86313E5	7.66548E5	7.34969E5	6.70325E5	6.11213E5	5.43928E5	4.37498E5	3.50417E5	4.63353E5	1.8197E5	1.27316E5	8.6356E4	5.60868E4	5.32073E4
464	1.65469E6	1.57824E6	1.42931E6	1.21539E6	1.00459E6	8.74753E5	8.137E5	7.8441E5	7.71125E5	7.55762E5	7.23993E5	6.72469E5	6.09445E5	5.43346E5	4.37176E5	3.46008E5	4.7097E5	1.93659E5	1.31382E5	9.21748E4	5.97486E4	4.70924E4
466	1.66334E6	1.56931E6	1.42146E6	1.21057E6	1.00099E6	8.65173E5	8.01115E5	7.77132E5	7.64314E5	7.48639E5	7.16775E5	6.6823E5	6.10092E5	5.47562E5	4.40684E5	3.47539E5	4.45802E5	2.15814E5	1.35746E5	9.75629E4	6.28428E4	4.65042E4
468	1.90118E6	1.55956E6	1.40062E6	1.20897E6	9.97477E5	8.67439E5	7.89377E5	7.66613E5	7.52675E5	7.352E5	7.09834E5	6.61324E5	6.07628E5	5.49281E5	4.42183E5	3.51159E5	4.08004E5	2.45373E5	1.40401E5	1.0082E5	6.78392E4	4.68642E4
470	2.63817E6	1.54276E6	1.39461E6	1.1978E6	9.92381E5	8.59754E5	7.85231E5	7.55587E5	7.44782E5	7.27053E5	6.99504E5	6.51686E5	6.03201E5	5.4045E5	4.43594E5	3.53137E5	3.57634E5	2.86042E5	1.45303E5	1.05476E5	7.13296E4	4.79411E4
472	4.44458E6	1.50656E6	1.38827E6	1.20391E6	9.90387E5	8.47673E5	7.78501E5	7.46106E5	7.29616E5	7.24036E5	6.94622E5	6.47773E5	6.0145E5	5.45481E5	4.4618E5	3.5393E5	3.21539E5	3.31981E5	1.50925E5	1.11082E5	7.44244E4	4.94086E4
474	7.58304E6	1.51414E6	1.37802E6	1.19003E6	9.80069E5	8.44258E5	7.7197E5	7.40998E5	7.21037E5	7.10721E5	6.8812E5	6.50129E5	5.95798E5	5.43552E5	4.46217E5	3.57355E5	3.00565E5	3.71517E5	1.56156E5	1.1483E5	7.97115E4	5.12948E4
476	1.22636E7	1.5004E6	1.35447E6	1.1888E6	9.6662E5	8.4196E5	7.56856E5	7.33191E5	7.13361E5	6.968E5	6.75313E5	6.36015E5	5.90656E5	5.39013E5	4.48183E5	3.58682E5	2.89807E5	3.98449E5	1.64301E5	1.18093E5	8.18788E4	5.46576E4
478	1.8135E7	1.47629E6	1.35128E6	1.16834E6	9.71621E5	8.22986E5	7.48131E5	7.19984E5	6.95107E5	6.85968E5	6.65571E5	6.25106E5	5.84564E5	5.39594E5	4.4406E5	3.55921E5	2.88399E5	3.97265E5	1.74026E5	1.21722E5	8.53016E4	5.66916E4
480	2.33361E7	1.44022E6	1.33164E6	1.15597E6	9.51347E5	8.17541E5	7.45029E5	7.02232E5	6.87302E5	6.78293E5	6.52149E5	6.14793E5	5.75792E5	5.30196E5	4.45746E5	3.55241E5	2.90123E5	3.74253E5	1.9154E5	1.22856E5	8.91589E4	6.06261E4
482	2.63475E7	1.46017E6	1.3142E6	1.12376E6	9.50396E5	8.11694E5	7.29844E5	6.95275E5	6.72592E5	6.61761E5	6.45254E5	6.09664E5	5.70465E5	5.29971E5	4.40708E5	3.56439E5	2.87927E5	3.35281E5	2.21153E5	1.28173E5	9.26343E4	6.409E4
484	2.55914E7	1.44622E6	1.29799E6	1.13099E6	9.38508E5	7.98395E5	7.17054E5	6.83853E5	6.6467E5	6.54619E5	6.35328E5	6.02943E5	5.63297E5	5.22344E5	4.34639E5	3.57021E5	2.87945E5	2.92654E5	2.56544E5	1.30695E5	9.61779E4	6.77729E4
486	2.18738E7	1.4129E6	1.27786E6	1.11548E6	9.3381E5	7.95119E5	7.11008E5	6.71132E5	6.56393E5	6.37693E5	6.21179E5	5.91582E5	5.55866E5	5.17308E5	4.31086E5	3.57738E5	2.89287E5	2.63158E5	2.94119E5	1.37098E5	9.7701E4	7.09643E4
488	1.59907E7	1.79444E6	1.26192E6	1.10293E6	9.2339E5	7.83136E5	7.02955E5	6.57064E5	6.3952E5	6.2926E5	6.11181E5	5.81765E5	5.43108E5	5.10454E5	4.30462E5	3.55306E5	2.89508E5	2.45368E5	3.24943E5	1.39733E5	1.00493E5	7.35705E4
490	9.77568E6	3.02675E6	1.24137E6	1.10446E6	9.06828E5	7.70942E5	6.9546E5	6.47572E5	6.28204E5	6.12088E5	6.02156E5	5.73271E5	5.39587E5	5.03552E5	4.29361E5	3.54996E5	2.88941E5	2.39469E5	3.39386E5	1.4728E5	1.03938E5	7.6574E4
492	4.84962E6	5.84494E6	1.22502E6	1.07809E6	9.05619E5	7.65332E5	6.76529E5	6.33635E5	6.17375E5	6.04646E5	5.91348E5	5.62119E5	5.31027E5	5.02947E5	4.2408E5	3.51932E5	2.87256E5	2.37641E5	3.32762E5	1.59758E5	1.05028E5	7.63334E4
494	2.36262E6	1.04423E7	1.20802E6	1.06544E6	8.85029E5	7.45836E5	6.73585E5	6.28942E5	6.04633E5	5.93422E5	5.79768E5	5.49032E5	5.19734E5	4.93124E5	4.19175E5	3.50367E5	2.86542E5	2.34674E5	3.13621E5	1.76203E5	1.08961E5	7.96075E4
496	1.55584E6	1.67326E7	1.19088E6	1.05407E6	8.67603E5	7.58757E5	6.53896E5	6.20112E5	5.95748E5	5.81494E5	5.65274E5	5.38322E5	5.12732E5	4.80585E5	4.14199E5	3.51973E5	2.87733E5	2.34765E5	2.74735E5	2.00589E5	1.08801E5	8.23493E4
498	1.43206E6	2.36464E7	1.16785E6	1.0446E6	8.68948E5	7.3853E5	6.47907E5	6.06879E5	5.83137E5	5.684E5	5.56455E5	5.35157E5	5.0558E5	4.77894E5	4.14377E5	3.46259E5	2.86628E5	2.32846E5	2.44663E5	2.28021E5	1.12102E5	8.39181E4
500	1.40838E6	2.9425E7	1.1614E6	1.02247E6	8.6339E5	7.24179E5	6.38886E5	5.97135E5	5.72694E5	5.57484E5	5.4595E5	5.19137E5	4.97366E5	4.72553E5	4.04131E5	3.39846E5	2.84046E5	2.33351E5	2.18989E5	2.55769E5	1.13564E5	8.80278E4
502	1.35524E6	3.21338E7	1.15452E6	1.00947E6	8.44866E5	7.146E5	6.30666E5	5.88361E5	5.60875E5	5.47133E5	5.35186E5	5.12373E5	4.91906E5	4.65476E5	4.0167E5	3.37459E5	2.83973E5	2.33894E5	2.04067E5	2.77692E5	1.19674E5	8.81672E4
504	1.31198E6	3.06771E7	1.15768E6	1.00588E6	8.33093E5	7.06743E5	6.19079E5	5.79664E5	5.48485E5	5.37864E5	5.23921E5	5.03333E5	4.79611E5	4.5741E5	3.93503E5	3.34873E5	2.82463E5	2.32275E5	1.95706E5	2.86237E5	1.24353E5	8.76783E4
506	1.27938E6	2.56714E7	1.18045E6	9.89125E5	8.2205E5	6.92105E5	6.08152E5	5.65329E5	5.39413E5	5.29212E5	5.15153E5	4.90399E5	4.71219E5	4.47817E5	3.87768E5	3.29119E5	2.803E5	2.31859E5	1.94892E5	2.79459E5	1.33559E5	8.94906E4
508	1.27734E6	1.87084E7	1.62794E6	9.69068E5	8.11731E5	6.92E5	6.02581E5	5.51239E5	5.283E5	5.18202E5	5.02594E5	4.85656E5	4.6479E5	4.40585E5	3.80772E5	3.2676E5	2.74583E5	2.31259E5	1.90728E5	2.58632E5	1.49375E5	9.16919E4
510	1.32493E6	1.10909E7	3.31636E6	9.57713E5	7.96424E5	6.78639E5	5.9088E5	5.48059E5	5.19649E5	5.02742E5	4.92506E5	4.72819E5	4.54834E5	4.35558E5	3.80223E5	3.20752E5	2.72985E5	2.27406E5	1.92533E5	2.2887E5	1.69732E5	9.22899E4
512	1.41315E6	5.12563E6	7.24959E6	9.41168E5	7.95007E5	6.62739E5	5.75236E5	5.35379E5	5.07169E5	4.92353E5	4.78566E5	4.60821E5	4.45809E5	4.25078E5	3.73138E5	3.16321E5	2.70084E5	2.27257E5	1.92416E5	1.98917E5	1.92115E5	9.48152E4
514	1.60042E6	2.22563E6	1.2941E7	9.28785E5	7.6482E5	6.45571E5	5.72595E5	5.22593E5	5.00023E5	4.81371E5	4.67909E5	4.53431E5	4.3375E5	4.16461E5	3.63504E5	3.15961E5	2.63161E5	2.22784E5	1.87953E5	1.78438E5	2.1437E5	9.72694E4
516	1.84874E6	1.35827E6	2.02866E7	9.12307E5	7.61955E5	6.41247E5	5.57357E5	5.11294E5	4.88659E5	4.71675E5	4.60651E5	4.43844E5	4.252E5	4.10517E5	3.58446E5	3.07575E5	2.62224E5	2.23343E5	1.87767E5	1.6639E5	2.2942E5	9.91491E4
518	2.19287E6	1.21026E6	2.79205E7	9.00457E5	7.4907E5	6.26718E5	5.46352E5	4.98848E5	4.74058E5	4.57293E5	4.5006E5	4.31086E5	4.15071E5	3.98744E5	3.5315E5	3.04087E5	2.59702E5	2.21709E5	1.8583E5	1.57514E5	2.35962E5	1.05809E5
520	2.58978E6	1.16261E6	3.39627E7	8.93227E5	7.30359E5	6.18281E5	5.41887E5	4.87276E5	4.61039E5	4.46834E5	4.36915E5	4.21395E5	4.07477E5	3.93005E5	3.46651E5	2.9601E5	2.55006E5	2.19582E5	1.82399E5	1.58299E5	2.27892E5	1.12295E5
522	2.81674E6	1.12748E6	3.59186E7	8.78364E5	7.14618E5	6.10799E5	5.28011E5	4.86934E5	4.57494E5	4.43931E5	4.34453E5	4.10017E5	3.98911E5	3.83602E5	3.37426E5	2.95022E5	2.52706E5	2.16095E5	1.83689E5	1.5556E5	2.10292E5	1.22706E5
524	3.08569E6	1.08523E6	3.32345E7	8.68099E5	7.0802E5	5.93577E5	5.1215E5	4.73348E5	4.48644E5	4.30234E5	4.16799E5	4.04526E5	3.94352E5	3.79057E5	3.32937E5	2.87647E5	2.47088E5	2.12285E5	1.79347E5	1.5465E5	1.85106E5	1.39673E5
526	3.13661E6	1.04427E6	2.73223E7	9.16193E5	7.03113E5	5.85621E5	5.0529E5	4.64931E5	4.38385E5	4.23347E5	4.07827E5	3.90197E5	3.83797E5	3.6431E5	3.26724E5	2.83881E5	2.4643E5	2.07635E5	1.79459E5	1.53396E5	1.62653E5	1.56159E5
528	2.96176E6	1.01098E6	1.95303E7	1.4424E6	6.86821E5	5.7893E5	5.00232E5	4.52989E5	4.26334E5	4.11052E5	3.98567E5	3.84351E5	3.72227E5	3.58972E5	3.19915E5	2.78115E5	2.41061E5	2.07865E5	1.7446E5	1.49323E5	1.44602E5	1.7699E5
530	2.56543E6	9.85994E5	1.13791E7	3.49235E6	6.78705E5	5.6774E5	4.93832E5	4.42969E5	4.17996E5	4.002E5	3.8857E5	3.74185E5	3.64907E5	3.48552E5	3.10453E5	2.71881E5	2.34997E5	2.03027E5	1.74604E5	1.48678E5	1.32573E5	1.8733E5
532	2.12941E6	9.94424E5	5.13723E6	8.03022E6	6.64989E5	5.58388E5	4.81326E5	4.37791E5	4.05946E5	3.89689E5	3.80298E5	3.6542E5	3.54471E5	3.43051E5	3.06846E5	2.67721E5	2.31833E5	2.01993E5	1.7191E5	1.45443E5	1.24988E5	1.92619E5
534	1.75483E6	1.07806E6	1.90722E6	1.51283E7	6.46026E5	5.43757E5	4.65973E5	4.23598E5	3.99893E5	3.83944E5	3.67329E5	3.60503E5	3.42239E5	3.32698E5	2.9742E5	2.62113E5	2.25762E5	1.9703E5	1.68039E5	1.44114E5	1.21934E5	1.84853E5
536	1.35864E6	1.22533E6	1.0726E6	2.3608E7	6.32959E5	5.37144E5	4.53602E5	4.13479E5	3.88042E5	3.706E5	3.6059E5	3.45081E5	3.32307E5	3.28204E5	2.88985E5	2.5582E5	2.25092E5	1.92053E5	1.66473E5	1.4218E5	1.2125E5	1.70567E5
538	1.14366E6	1.51761E6	9.62047E5	3.17225E7	6.2609E5	5.22415E5	4.51955E5	4.06668E5	3.75661E5	3.64199E5	3.51073E5	3.39089E5	3.28796E5	3.17261E5	2.83586E5	2.49055E5	2.19678E5	1.88318E5	1.6378E5	1.3933E5	1.17773E5	1.50713E5
540	9.45703E5	1.84335E6	8.89609E5	3.75907E7	6.2113E5	5.06247E5	4.38302E5	3.92084E5	3.64124E5	3.4985E5	3.4257E5	3.28168E5	3.16879E5	3.09644E5	2.76137E5	2.4097E5	2.11221E5	1.85272E5	1.59676E5	1.38276E5	1.15771E5	1.28355E5
542	8.67977E5	2.21165E6	8.57941E5	3.89262E7	6.16031E5	4.96285E5	4.24636E5	3.86897E5	3.57169E5	3.40798E5	3.32003E5	3.20601E5	3.08024E5	3.03497E5	2.6778E5	2.35089E5	2.09575E5	1.82168E5	1.57633E5	1.34991E5	1.16051E5	1.13373E5
544	8.57731E5	2.63403E6	8.2494E5	3.54106E7	6.33975E5	4.87216E5	4.15459E5	3.76199E5	3.48981E5	3.34317E5	3.21989E5	3.08142E5	3.02328E5	2.92297E5	2.61297E5	2.32387E5	2.04726E5	1.79537E5	1.53812E5	1.34184E5	1.1163E5	1.02896E5
546	8.36279E5	2.97099E6	7.97353E5	2.86873E7	6.92385E5	4.81631E5	4.09868E5	3.68114E5	3.37548E5	3.23222E5	3.16048E5	2.99999E5	2.94767E5	2.85773E5	2.5881E5	2.25652E5	1.98108E5	1.75123E5	1.51833E5	1.29764E5	1.11138E5	9.51389E4
548	7.92497E5	3.04346E6	7.79878E5	1.99315E7	1.41497E6	4.70973E5	3.99758E5	3.64617E5	3.33522E5	3.18136E5	3.02977E5	2.91661E5	2.87022E5	2.78198E5	2.51059E5	2.22271E5	1.95188E5	1.70352E5	1.4763E5	1.30462E5	1.08053E5	9.42155E4
550	7.86334E5	3.03222E6	7.55776E5	1.13978E7	3.91683E6	4.62075E5	3.91841E5	3.48455E5	3.23727E5	3.05599E5	2.96204E5	2.86741E5	2.80458E5	2.70465E5	2.45422E5	2.15282E5	1.88899E5	1.67471E5	1.44337E5	1.27059E5	1.07214E5	9.21553E4
552	7.77886E5	2.83444E6	7.52718E5	4.90652E6	9.19437E6	4.54031E5	3.83013E5	3.45987E5	3.14791E5	3.03144E5	2.89758E5	2.79072E5	2.68297E5	2.64382E5	2.33693E5	2.09929E5	1.8674E5	1.62594E5	1.42631E5	1.23986E5	1.05025E5	8.8673E4
554	7.57092E5	2.37777E6	7.45527E5	1.72726E6	1.68925E7	4.48289E5	3.71759E5	3.33284E5	3.09304E5	2.92718E5	2.84809E5	2.6909E5	2.61749E5	2.58905E5	2.31324E5	2.04921E5	1.82799E5	1.59103E5	1.39839E5	1.23535E5	1.0375E5	8.78924E4
556	7.23516E5	1.96782E6	7.76474E5	8.445E5	2.54921E7	4.44038E5	3.68993E5	3.28608E5	3.0382E5	2.84975E5	2.73991E5	2.59654E5	2.57213E5	2.50826E5	2.2597E5	1.9813E5	1.7805E5	1.56555E5	1.37261E5	1.19637E5	1.02465E5	8.56771E4
558	7.00885E5	1.50453E6	8.82711E5	7.48589E5	3.36837E7	4.38917E5	3.65628E5	3.22994E5	2.9163E5	2.80015E5	2.67747E5	2.57276E5	2.47655E5	2.4535E5	2.17963E5	1.93012E5	1.74679E5	1.53754E5	1.33458E5	1.17274E5	9.90054E4	8.57031E4
560	7.11856E5	1.15579E6	1.03938E6	6.91651E5	3.94342E7	4.37388E5	3.52031E5	3.11768E5	2.86168E5	2.72297E5	2.60436E5	2.47571E5	2.41368E5	2.35754E5	2.1292E5	1.89026E5	1.68869E5	1.48996E5	1.29751E5	1.11456E5	9.93437E4	8.27902E4
562	7.02233E5	8.93265E5	1.32024E6	6.61135E5	4.05609E7	4.37824E5	3.47416E5	3.07874E5	2.80073E5	2.62106E5	2.55691E5	2.39745E5	2.36517E5	2.32476E5	2.06239E5	1.86121E5	1.62011E5	1.43264E5	1.28445E5	1.11771E5	9.64275E4	8.17929E4
564	6.77124E5	7.08772E5	1.68996E6	6.18709E5	3.65956E7	4.42355E5	3.40111E5	2.96175E5	2.72743E5	2.54324E5	2.47833E5	2.34148E5	2.25833E5	2.24791E5	1.9994E5	1.78006E5	1.58768E5	1.43351E5	1.24987E5	1.08987E5	9.36593E4	7.78163E4
566	6.30057E5	6.55749E5	2.08347E6	6.08494E5	2.93203E7	5.35669E5	3.3553E5	2.89959E5	2.65222E5	2.48934E5	2.37838E5	2.28101E5	2.21029E5	2.19155E5	1.9234E5	1.73489E5	1.5761E5	1.38278E5	1.22063E5	1.07665E5	9.15836E4	7.82461E4
568	6.34741E5	6.25952E5	2.42631E6	5.96885E5	1.99174E7	1.38046E6	3.3551E5	2.8434E5	2.57737E5	2.43114E5	2.35117E5	2.22989E5	2.11773E5	2.10576E5	1.88231E5	1.67923E5	1.52197E5	1.3382E5	1.1983E5	1.04455E5	8.86441E4	7.64707E4
570	6.59471E5	6.03326E5	2.70781E6	5.67578E5	1.11132E7	4.30734E6	3.21101E5	2.8131E5	2.55919E5	2.36051E5	2.24787E5	2.16948E5	2.11506E5	2.03289E5	1.84799E5	1.62916E5	1.47701E5	1.31704E5	1.15835E5	1.00208E5	8.8739E4	7.34888E4
572	6.60688E5	5.58238E5	2.78354E6	5.6011E5	4.6397E6	1.00498E7	3.2051E5	2.71306E5	2.46403E5	2.31205E5	2.15732E5	2.11881E5	2.01429E5	1.97931E5	1.80768E5	1.58479E5	1.43115E5	1.28743E5	1.13024E5	9.86135E4	8.7895E4	7.22279E4
574	6.4723E5	5.7489E5	2.67158E6	5.35545E5	1.47149E6	1.8172E7	3.15001E5	2.66121E5	2.37398E5	2.25535E5	2.13758E5	2.0474E5	1.98129E5	1.92122E5	1.75432E5	1.56519E5	1.38752E5	1.23623E5	1.09189E5	9.61537E4	8.33392E4	7.29088E4
576	6.31567E5	5.6313E5	2.37736E6	5.37157E5	6.79934E5	2.6941E7	3.08065E5	2.58158E5	2.33329E5	2.19215E5	2.03062E5	1.98045E5	1.91508E5	1.82964E5	1.67455E5	1.51646E5	1.34979E5	1.20915E5	1.07158E5	9.67154E4	8.26146E4	7.05547E4
578	6.17441E5	5.45592E5	1.98189E6	5.55324E5	5.65828E5	3.48078E7	3.09343E5	2.54597E5	2.30358E5	2.12636E5	2.00381E5	1.94474E5	1.8543E5	1.82753E5	1.66188E5	1.4628E5	1.31141E5	1.17354E5	1.05091E5	9.13859E4	7.88016E4	6.67788E4
580	6.01677E5	5.33216E5	1.59565E6	5.94499E5	5.29429E5	4.02636E7	3.00285E5	2.51706E5	2.20875E5	2.05083E5	1.96437E5	1.86395E5	1.80557E5	1.74238E5	1.59706E5	1.4051E5	1.25017E5	1.14947E5	9.95351E4	8.95545E4	7.81656E4	6.71645E4
582	5.79009E5	5.23578E5	1.23143E6	6.94502E5	5.0095E5	4.07902E7	3.09942E5	2.40861E5	2.18355E5	1.98423E5	1.88152E5	1.79743E5	1.7641E5	1.74379E5	1.54153E5	1.39122E5	1.23504E5	1.11162E5	9.82568E4	8.71082E4	7.69663E4	6.57531E4
584	5.80425E5	5.14543E5	9.02855E5	8.89115E5	4.95874E5	3.64522E7	3.19989E5	2.36235E5	2.10751E5	1.94522E5	1.83144E5	1.78544E5	1.69755E5	1.63857E5	1.48793E5	1.32905E5	1.21033E5	1.09838E5	9.54339E4	8.73117E4	7.28222E4	6.3794E4
586	5.66422E5	4.9465E5	6.89906E5	1.15482E6	4.7102E5	2.86891E7	4.08704E5	2.39047E5	2.08458E5	1.8807E5	1.77385E5	1.68921E5	1.6531E5	1.59041E5	1.45043E5	1.28617E5	1.16767E5	1.07273E5	9.37354E4	8.07759E4	7.09448E4	6.1777E4
588	5.53501E5	4.8787E5	5.65354E5	1.48517E6	4.67147E5	1.90725E7	1.27463E6	2.31097E5	2.00051E5	1.86925E5	1.7175E5	1.63578E5	1.64591E5	1.55858E5	1.43114E5	1.24815E5	1.12525E5	1.01283E5	9.05707E4	8.1985E4	6.78865E4	6.07141E4
590	5.60743E5	4.75877E5	5.09535E5	1.85335E6	4.59841E5	1.00555E7	4.37692E6	2.27327E5	1.92315E5	1.77896E5	1.69013E5	1.58708E5	1.55932E5	1.51509E5	1.36405E5	1.21165E5	1.08611E5	9.91417E4	8.78408E4	7.70616E4	6.83672E4	5.90139E4
592	4.92215E5	4.80803E5	4.67402E5	2.17161E6	4.57228E5	3.81473E6	1.0689E7	2.20073E5	1.86703E5	1.74552E5	1.63728E5	1.55059E5	1.51419E5	1.44552E5	1.31492E5	1.17445E5	1.09565E5	9.53734E4	8.26738E4	7.45395E4	6.5754E4	5.61299E4
594	5.19687E5	4.51605E5	4.503E5	2.3242E6	4.47026E5	1.11275E6	1.91846E7	2.22507E5	1.86445E5	1.71817E5	1.59903E5	1.4997E5	1.44103E5	1.41964E5	1.27467E5	1.14075E5	1.04259E5	9.13239E4	8.01215E4	7.41171E4	6.22148E4	5.43611E4
596	5.44066E5	4.56669E5	4.43659E5	2.44243E6	4.45609E5	4.96489E5	2.83827E7	2.23721E5	1.81893E5	1.64899E5	1.56286E5	1.44855E5	1.42891E5	1.39211E5	1.24009E5	1.10754E5	9.99702E4	9.03334E4	8.07714E4	7.06475E4	6.15974E4	5.33781E4
598	5.34733E5	4.27155E5	4.52619E5	2.36613E6	4.37186E5	4.30819E5	3.63342E7	2.23632E5	1.78386E5	1.57461E5	1.51997E5	1.41903E5	1.38474E5	1.32516E5	1.19509E5	1.06927E5	9.67981E4	8.62831E4	7.70855E4	7.00589E4	6.02787E4	5.3614E4
600	5.45134E5	4.56996E5	4.24133E5	2.10324E6	4.37355E5	4.01999E5	4.0994E7	2.21839E5	1.74217E5	1.58049E5	1.47828E5	1.38231E5	1.31866E5	1.31381E5	1.19334E5	1.07043E5	9.40101E4	8.64942E4	7.62281E4	6.666E4	5.84598E4	5.25854E4
