300	1.94331E5	1.3883E5	1.62646E5	2.64674E6	3.69026E5	2.7871E5	2.43704E7	8.83759E4	1.42727E4	9238.97662	6163.46594	4571.80399	3837.15434	3089.99382	2777.24427	2422.25912	2034.01749	2059.45585	1532.64713	1552.55734	1253.78157	1164.38479
302	2.37009E5	1.48248E5	1.71984E5	1.75824E6	6.89485E5	1.99244E5	2.12246E7	1.00717E6	1.53534E4	9180.88411	6477.12043	4860.40656	3533.58919	3396.66755	2581.13835	2517.71395	1378.46873	1962.63138	1532.3	1472.47909	1281.64004	1272.7741
304	2.25951E5	1.76199E5	1.75637E5	1.00817E6	1.25411E6	1.99413E5	1.34733E7	4.54788E6	1.74544E4	9089.21735	6190.02708	4808.71978	4136.17135	3187.98966	3041.44182	2236.86313	1754.30908	1495.52899	1616.39649	1553.2182	1552.4035	1244.44788
306	2.64139E5	1.64373E5	1.85713E5	5.2772E5	2.0169E6	1.999E5	5.80387E6	1.17107E7	2.24253E4	9340.37675	7243.24302	4587.34017	3337.42316	3572.81338	2803.15162	2205.21809	2151.44688	1518.54326	1458.01939	1565.10576	1185.57048	1287.3488
308	2.62303E5	1.76414E5	1.92481E5	3.23089E5	2.68797E6	2.04994E5	1.45923E6	2.0002E7	3.24986E4	1.06805E4	6496.35262	5260.1683	3274.89638	3064.18711	2729.12145	2312.85452	2027.89404	1781.78747	1516.03967	1483.94622	1525.76743	1301.6502
310	2.57906E5	1.81957E5	2.04758E5	2.75029E5	2.82881E6	2.23195E5	2.46881E5	2.38444E7	8.39534E4	1.22803E4	7402.36692	5350.35631	3591.74806	3638.58535	2633.44832	2382.04525	2052.33014	1694.82854	1590.72156	1469.04144	1350.02081	1308.10818
312	2.80591E5	1.9902E5	2.19674E5	2.7272E5	2.43899E6	3.03006E5	1.53366E5	2.08598E7	9.70578E5	1.28937E4	7669.86304	5606.65238	4341.16075	3318.69524	3420.50183	2042.06912	2044.90942	1803.33361	1381.09528	1523.14765	1252.77356	1339.1948
314	2.7635E5	2.00759E5	2.24342E5	2.79309E5	1.66184E6	5.68604E5	1.39481E5	1.27729E7	4.67927E6	1.66179E4	7961.91602	5587.62433	4442.95139	3400.40661	2902.18788	2219.75902	1771.47304	1773.74136	1765.9842	1579.15754	1379.23617	1404.21253
316	2.55965E5	2.18556E5	2.395E5	2.73742E5	9.75602E5	1.05329E6	1.38705E5	5.18453E6	1.15325E7	1.97685E4	8298.01279	5544.86699	3767.20697	3081.694	2867.25361	2251.69499	1797.492	1841.82573	1743.89092	1631.46235	1481.35	1415.38242
318	3.004E5	2.18109E5	2.40507E5	2.86866E5	5.68466E5	1.69746E6	1.37108E5	1.242E6	1.83922E7	2.81483E4	8546.60813	5728.33671	4122.09871	3597.81187	2666.05908	2396.58168	1718.45588	1640.43071	1476.36553	1361.36619	1378.58308	1168.06292
320	2.95311E5	2.38387E5	2.54622E5	2.87807E5	3.79513E5	2.23286E6	1.45892E5	1.92372E5	2.12274E7	7.53267E4	1.06625E4	6095.74306	4918.29219	3226.41268	2744.08833	2347.87991	1971.64015	1923.95475	1669.57887	1375.15385	1435.94816	1025.70355
322	2.89186E5	2.42568E5	2.53959E5	3.03123E5	3.48168E5	2.37292E6	1.57713E5	1.23518E5	1.80255E7	8.33381E5	1.12862E4	6565.72885	4215.82937	3385.83311	2691.95114	2501.82972	1970.25408	1638.71452	1808.43588	1586.17325	1363.014	1047.91684
324	3.32141E5	2.49333E5	2.69017E5	2.96557E5	3.27486E5	2.06251E6	2.24267E5	1.14707E5	1.10604E7	3.78117E6	1.37605E4	6765.45763	4845.81685	3542.41026	2570.80248	2274.50378	2140.13471	1303.65427	1625.70698	1348.4143	1100.76397	1135.89246
326	3.0419E5	2.59244E5	2.74882E5	3.07432E5	3.31793E5	1.4757E6	4.034E5	1.10388E5	4.50088E6	9.48077E6	1.70668E4	6524.74976	5166.54704	3445.4237	2787.06907	2386.25892	2155.9417	1620.15196	1358.25471	1370.8611	1234.22335	1206.10174
328	3.35065E5	2.61172E5	2.73654E5	3.22486E5	3.40773E5	9.44074E5	7.55683E5	1.11511E5	1.13046E6	1.53554E7	2.41599E4	7773.04042	5134.17618	3778.14868	2923.88565	2325.57801	1779.13934	1688.22849	1515.52349	1246.17135	1344.87037	1202.11624
330	3.4049E5	2.85276E5	2.95453E5	3.25526E5	3.45211E5	5.4822E5	1.27666E6	1.16763E5	1.72229E5	1.81931E7	5.96065E4	9346.56723	5190.61823	4037.54355	2947.58726	2434.6143	1925.68079	1634.01911	1298.68339	1138.6713	1008.38308	1168.56157
332	3.4611E5	2.8286E5	2.92374E5	3.2505E5	3.46E5	3.80309E5	1.74951E6	1.18355E5	1.09862E5	1.59714E7	6.55548E5	9475.96683	5577.25918	4174.07713	2819.07843	2141.72214	1995.82381	1813.1519	1292.63705	1467.03074	1124.21932	1207.07066
334	3.75645E5	2.87453E5	3.01908E5	3.27028E5	3.49301E5	3.23063E5	1.94559E6	1.34806E5	9.91079E4	1.02638E7	3.12394E6	1.15741E4	5403.04012	4409.5003	2983.42768	2208.10939	1630.99687	1252.00868	1107.53679	1502.70233	1393.72501	1278.93164
336	3.65805E5	2.90711E5	3.00604E5	3.32641E5	3.49472E5	3.21847E5	1.79129E6	1.82042E5	1.01769E5	4.36299E6	8.05193E6	1.46217E4	5879.83939	4487.71357	3039.01307	1979.34126	1974.78347	1423.34164	1530.54291	1362.58989	1202.06516	1205.58193
338	3.76947E5	3.18472E5	3.00524E5	3.40017E5	3.56298E5	3.2085E5	1.37233E6	3.03043E5	1.03731E5	1.17167E6	1.30201E7	2.13046E4	6302.63521	4155.80518	3113.98545	1976.88446	1674.31111	1712.38292	1314.40594	1404.6196	1085.3692	968.41823
340	4.03411E5	3.05954E5	3.11233E5	3.43086E5	3.66585E5	3.25354E5	8.7736E5	5.78219E5	1.06984E5	1.79122E5	1.54694E7	4.89253E4	6546.36939	4232.29083	2806.09063	2222.94046	1875.14193	1763.61688	1330.88562	1195.0294	1069.60455	1161.39752
342	4.40755E5	3.45486E5	3.29397E5	3.49833E5	3.66007E5	3.30052E5	5.44897E5	9.55526E5	1.12682E5	1.00797E5	1.37286E7	5.15122E5	8304.91025	4752.55863	3647.563	2304.18468	1759.73515	1297.29751	1462.5236	1300.79959	937.49498	855.28152
344	4.64222E5	3.54373E5	3.35145E5	3.45337E5	3.7163E5	3.46707E5	3.50556E5	1.37453E6	1.22355E5	9.425E4	8.66595E6	2.73288E6	9734.93061	4736.97341	3556.88592	2564.60808	1909.09649	1393.52997	1406.13211	1374.3456	1090.63736	956.47445
346	4.64261E5	3.66773E5	3.49035E5	3.57249E5	3.80569E5	3.48792E5	2.99974E5	1.58838E6	1.37539E5	9.87193E4	3.72706E6	6.92662E6	1.188E4	5103.66581	3370.41213	2321.09504	1612.82073	1477.96774	1411.97952	1086.50798	1116.88666	941.78723
348	5.11923E5	3.82575E5	3.55071E5	3.54642E5	3.82534E5	3.55771E5	2.96034E5	1.53204E6	1.75521E5	1.05092E5	9.17664E5	1.15032E7	1.81674E4	5422.99209	3111.31744	2563.22542	1939.69057	1522.96075	1373.93802	1157.42113	1108.17862	985.60663
350	5.21968E5	4.03531E5	3.84863E5	3.77694E5	3.83489E5	3.65968E5	3.01244E5	1.23541E6	2.62828E5	1.11875E5	1.5861E5	1.33419E7	3.69736E4	6296.59326	3652.7699	2518.53212	1779.69046	1699.65123	1195.53665	1186.54146	992.16559	971.47075
352	5.36859E5	4.2755E5	3.83336E5	3.75071E5	3.87865E5	3.74457E5	3.16096E5	8.44883E5	4.57511E5	1.20006E5	9.86722E4	1.15893E7	4.47663E5	6814.26582	3790.48744	2501.36059	1943.44667	1687.64302	1232.71144	1214.20376	1139.83043	1009.61023
354	5.39992E5	4.4671E5	3.90448E5	3.86994E5	3.99146E5	3.81744E5	3.25599E5	5.46645E5	7.44249E5	1.32681E5	9.25677E4	7.43851E6	2.18836E6	8383.98919	4275.55193	2660.28279	1894.79088	1549.26171	1332.64119	1150.23836	928.48078	840.39511
356	5.58887E5	4.64473E5	4.01817E5	3.85048E5	3.96757E5	3.9031E5	3.35895E5	3.86794E5	1.05384E6	1.45943E5	9.83955E4	3.11154E6	5.82717E6	1.09794E4	4012.77834	2777.27595	1857.22576	1524.8561	1158.41021	1154.40432	1150.39545	1021.36315
358	5.78293E5	4.86732E5	4.19577E5	3.99482E5	4.04243E5	4.03523E5	3.53764E5	3.28755E5	1.27604E6	1.60557E5	1.06467E5	7.96847E5	9.68019E6	1.5379E4	4911.84961	2814.32393	2135.43994	1443.23382	1312.17469	1064.5337	1075.71679	952.11005
360	6.11085E5	5.14101E5	4.37388E5	4.0403E5	4.12372E5	4.182E5	3.67935E5	3.26327E5	1.29304E6	1.85239E5	1.16736E5	1.39222E5	1.16146E7	3.32649E4	5144.68083	2796.36862	2138.69487	1539.49709	1148.90245	1218.40038	1164.77629	1067.61898
362	6.20555E5	5.41023E5	4.59473E5	4.17985E5	4.22406E5	4.25157E5	3.80619E5	3.28994E5	1.13068E6	2.44703E5	1.27703E5	9.1792E4	1.056E7	3.84694E5	5935.83836	3058.29034	2314.51212	1631.85138	1213.47931	1102.54582	994.81587	769.97609
364	6.80632E5	5.54179E5	4.84368E5	4.26183E5	4.28642E5	4.3515E5	4.00666E5	3.47272E5	8.45762E5	3.67531E5	1.35941E5	8.74592E4	7.12239E6	1.98697E6	6989.00747	3287.77719	2287.60904	1627.8603	1299.85186	1058.43905	1134.09645	822.45573
366	7.08295E5	5.79738E5	4.99497E5	4.50916E5	4.42744E5	4.51838E5	4.17637E5	3.63726E5	5.91356E5	5.80421E5	1.48332E5	9.10587E4	3.10218E6	5.48202E6	9396.18029	3583.28679	2124.403	1687.47962	1209.30116	891.71771	1019.39033	980.03209
368	7.38153E5	6.08505E5	5.15973E5	4.67432E5	4.52298E5	4.54987E5	4.36537E5	3.81099E5	4.35493E5	8.28434E5	1.60768E5	9.93768E4	8.36258E5	9.00494E6	1.46438E4	3910.51928	2297.46845	1825.96972	1389.94652	1052.79043	938.90393	864.30985
370	7.67133E5	6.49637E5	5.37739E5	4.75252E5	4.64504E5	4.71065E5	4.54066E5	4.04367E5	3.7935E5	1.03997E6	1.76545E5	1.09635E5	1.31526E5	1.07298E7	3.22247E4	4063.76753	2557.9823	1953.83683	1294.9516	1075.57386	1032.34103	900.99407
372	7.44883E5	6.85943E5	5.63345E5	4.89827E5	4.73222E5	4.85208E5	4.69859E5	4.20895E5	3.68977E5	1.12127E6	1.97464E5	1.18921E5	8.22331E4	9.45769E6	3.80036E5	4979.7881	2424.66377	1883.54144	1313.07171	1258.83221	1135.54517	1006.87674
374	8.27428E5	7.0558E5	5.86281E5	5.05074E5	4.82682E5	4.97616E5	4.86243E5	4.36395E5	3.76307E5	1.02321E6	2.41976E5	1.27787E5	7.96583E4	6.05503E6	1.92644E6	6296.21102	2585.86935	2013.54976	1453.61428	1248.67603	1101.20885	985.17217
376	8.19858E5	7.28928E5	6.08546E5	5.14555E5	4.99243E5	5.07172E5	5.00907E5	4.60284E5	3.93508E5	8.31403E5	3.27193E5	1.3798E5	8.10221E4	2.56513E6	4.89242E6	7875.00533	3115.31392	1994.42261	1501.82069	1241.29917	1167.73134	994.69356
378	8.64468E5	7.54313E5	6.25079E5	5.35903E5	5.15588E5	5.25967E5	5.17242E5	4.79095E5	4.07245E5	6.25185E5	4.76396E5	1.5129E5	8.81326E4	6.28012E5	8.00037E6	1.21028E4	3380.43859	1947.71159	1532.73717	1148.57279	1000.30407	1045.29524
380	9.29056E5	8.10657E5	6.48548E5	5.48512E5	5.26274E5	5.35545E5	5.40127E5	4.98666E5	4.23847E5	4.76063E5	6.69103E5	1.61715E5	9.73409E4	1.07438E5	9.35239E6	2.57965E4	3729.11309	1911.23757	1722.46186	1157.09172	1083.34146	886.65411
382	9.33106E5	8.38875E5	6.73355E5	5.68955E5	5.38762E5	5.54827E5	5.57659E5	5.18371E5	4.45257E5	4.13429E5	8.51694E5	1.7821E5	1.07126E5	7.70694E4	8.39425E6	2.86263E5	4623.01147	2307.93818	1729.21605	1319.43602	950.52633	958.90666
384	9.91607E5	8.75008E5	7.1246E5	5.85371E5	5.59351E5	5.68411E5	5.75064E5	5.43237E5	4.68155E5	3.99768E5	9.64459E5	1.93824E5	1.16092E5	7.4492E4	5.60181E6	1.49829E6	5229.48636	2427.2398	1809.61187	1475.99086	1087.80395	919.24987
386	1.01536E6	8.95669E5	7.35902E5	6.07933E5	5.6834E5	5.85441E5	5.92117E5	5.64658E5	4.86952E5	4.04808E5	9.56534E5	2.27558E5	1.29299E5	7.68978E4	2.41468E6	4.13008E6	7599.53121	2690.09071	1774.1433	1429.18246	1253.69296	1043.33316
388	1.03727E6	9.35578E5	7.6799E5	6.2457E5	5.88698E5	6.05272E5	6.11449E5	5.79463E5	5.03499E5	4.17938E5	8.40953E5	2.84938E5	1.38492E5	8.21057E4	6.70949E5	6.96815E6	1.1834E4	3002.46734	1860.45139	1605.65527	1300.13906	1096.29892
390	1.10374E6	9.7954E5	7.93979E5	6.43929E5	6.09026E5	6.17899E5	6.35551E5	6.005E5	5.22952E5	4.30334E5	6.7684E5	3.90035E5	1.53018E5	9.16148E4	1.14942E5	8.54392E6	2.43101E4	3480.20759	2187.72482	1631.8247	1030.02656	1198.3964
392	1.14387E6	9.98719E5	8.06457E5	6.61464E5	6.19474E5	6.36798E5	6.44889E5	6.17311E5	5.43353E5	4.46561E5	5.31647E5	5.45854E5	1.66189E5	1.03106E5	7.10584E4	7.85932E6	3.0908E5	3912.35147	2004.39223	1528.70146	1316.99981	1045.78482
394	1.18813E6	1.01984E6	8.45255E5	6.89541E5	6.34063E5	6.4962E5	6.58796E5	6.4033E5	5.58166E5	4.6393E5	4.46059E5	7.08887E5	1.79174E5	1.14525E5	6.82734E4	5.48024E6	1.50143E6	5143.05586	2368.36218	1733.52301	1433.20175	1143.42642
396	1.20278E6	1.07601E6	8.68496E5	6.99675E5	6.47042E5	6.5747E5	6.80213E5	6.54776E5	5.74538E5	4.82598E5	4.14591E5	8.32688E5	1.91935E5	1.24124E5	7.13606E4	2.44736E6	4.06714E6	6709.53442	2693.32632	1581.5927	1389.18931	1168.49606
398	1.20206E6	1.10418E6	8.9958E5	7.20521E5	6.57673E5	6.70201E5	6.93275E5	6.68072E5	5.93728E5	4.96939E5	4.14354E5	8.68602E5	2.15812E5	1.33216E5	7.62738E4	6.66891E5	6.70105E6	1.05003E4	2729.13379	2006.3411	1636.38524	1359.94943
400	1.2273E6	1.14426E6	9.2669E5	7.4516E5	6.72149E5	6.82433E5	7.05929E5	6.80308E5	6.07172E5	5.16417E5	4.19923E5	8.04254E5	2.57068E5	1.45954E5	8.34904E4	1.06455E5	7.94207E6	2.09919E4	3267.29883	2149.09559	1541.51404	1392.91837
402	1.27096E6	1.14884E6	9.34093E5	7.68297E5	6.8411E5	6.91541E5	7.19108E5	7.0198E5	6.24326E5	5.32168E5	4.35853E5	6.74616E5	3.29352E5	1.58269E5	9.29363E4	6.53288E4	7.04014E6	2.37666E5	3860.53046	1935.0786	1465.81939	1268.08481
404	1.29767E6	1.19205E6	9.91374E5	7.76693E5	7.03414E5	7.08428E5	7.23384E5	7.10237E5	6.44199E5	5.43512E5	4.53517E5	5.46353E5	4.42238E5	1.71197E5	1.01368E5	6.27309E4	4.53163E6	1.29977E6	4911.07764	2197.71377	1619.91594	1262.72959
406	1.33108E6	1.19113E6	9.94708E5	7.98926E5	7.11511E5	7.20591E5	7.39568E5	7.16495E5	6.53529E5	5.61341E5	4.66714E5	4.60943E5	5.7423E5	1.84602E5	1.11206E5	6.36588E4	1.93969E6	3.525E6	6303.38346	2518.10971	1574.36332	1545.13548
408	1.31896E6	1.22578E6	1.00831E6	8.18738E5	7.26952E5	7.25409E5	7.47932E5	7.34174E5	6.66302E5	5.73338E5	4.80786E5	4.22677E5	7.02862E5	1.97934E5	1.19586E5	6.63797E4	4.83777E5	6.03664E6	9993.78907	2765.01398	1602.41696	1443.29325
410	1.4131E6	1.23308E6	1.05305E6	8.33001E5	7.36366E5	7.37014E5	7.55196E5	7.48326E5	6.7466E5	5.84171E5	4.93777E5	4.08704E5	7.72646E5	2.16123E5	1.28096E5	7.19411E4	8.19933E4	7.31294E6	1.88807E4	3203.02892	1601.85635	1503.53646
412	1.41737E6	1.27028E6	1.0673E6	8.51199E5	7.40434E5	7.38969E5	7.63859E5	7.46729E5	6.86824E5	5.96593E5	5.03721E5	4.15753E5	7.59589E5	2.44612E5	1.39172E5	7.94862E4	5.58581E4	6.582E6	2.07535E5	3826.32331	2010.86291	1525.17968
414	1.39819E6	1.28594E6	1.08319E6	8.67131E5	7.53825E5	7.52037E5	7.6941E5	7.56526E5	6.99552E5	6.08142E5	5.19024E5	4.26907E5	6.88739E5	2.94965E5	1.49462E5	8.64047E4	5.43701E4	4.41405E6	1.10267E6	4521.57901	2047.10439	1488.19757
416	1.43657E6	1.31696E6	1.09974E6	8.80713E5	7.63242E5	7.54628E5	7.7945E5	7.74408E5	7.06661E5	6.19903E5	5.33546E5	4.40285E5	5.8271E5	3.74915E5	1.60281E5	9.58132E4	5.55386E4	1.92038E6	3.1738E6	6337.44324	2179.92264	1486.17409
418	1.46765E6	1.33004E6	1.12672E6	8.89047E5	7.7967E5	7.58466E5	7.78175E5	7.72576E5	7.08558E5	6.29381E5	5.43565E5	4.49006E5	4.88026E5	4.81216E5	1.71045E5	1.02511E5	5.85969E4	5.01902E5	5.55631E6	9714.9517	2401.40951	1607.11166
420	1.47574E6	1.33317E6	1.13267E6	9.12347E5	7.87215E5	7.65323E5	7.85124E5	7.79285E5	7.16744E5	6.43673E5	5.57323E5	4.66193E5	4.31896E5	5.93397E5	1.80439E5	1.08485E5	6.2652E4	8.11879E4	6.85699E6	1.89553E4	2926.26007	1802.12532
422	1.49445E6	1.37346E6	1.16292E6	9.29255E5	8.0465E5	7.69658E5	7.81372E5	7.80207E5	7.28768E5	6.50177E5	5.72516E5	4.74141E5	4.0776E5	6.78388E5	1.94013E5	1.18714E5	6.76599E4	5.01667E4	6.21258E6	2.32739E5	3127.77186	1889.70939
424	1.50488E6	1.37032E6	1.17376E6	9.53022E5	8.00846E5	7.768E5	7.84655E5	7.85495E5	7.3267E5	6.62166E5	5.81118E5	4.86093E5	4.056E5	7.05123E5	2.12212E5	1.25903E5	7.56082E4	4.90762E4	4.14887E6	1.1824E6	4464.38105	1915.65104
426	1.52632E6	1.40011E6	1.18993E6	9.52619E5	8.1861E5	7.78909E5	7.89912E5	7.81732E5	7.36633E5	6.67329E5	5.89866E5	5.01068E5	4.13872E5	6.67878E5	2.43317E5	1.35056E5	8.13015E4	4.90287E4	1.72112E6	3.27756E6	5675.39561	2027.58479
428	1.51131E6	1.41691E6	1.20614E6	9.57683E5	8.1615E5	7.82928E5	7.80219E5	7.8486E5	7.41081E5	6.76435E5	5.96893E5	5.10867E5	4.24003E5	5.8637E5	2.94935E5	1.43889E5	8.97061E4	5.21807E4	4.19445E5	5.52114E6	8982.88578	2242.66837
430	1.4759E6	1.40776E6	1.21864E6	9.76765E5	8.29229E5	7.79334E5	7.878E5	7.87196E5	7.42598E5	6.79823E5	6.05904E5	5.18265E5	4.31629E5	4.93972E5	3.71927E5	1.51139E5	9.54869E4	5.41316E4	6.74898E4	6.50813E6	1.8406E4	2737.09468
432	1.52507E6	1.4144E6	1.23222E6	9.95686E5	8.36556E5	7.81692E5	7.79059E5	7.82398E5	7.39353E5	6.82903E5	6.14781E5	5.30705E5	4.4073E5	4.29147E5	4.64527E5	1.61564E5	1.02103E5	5.94483E4	4.5825E4	5.61597E6	2.22183E5	3318.40819
434	1.51261E6	1.42628E6	1.23747E6	9.97463E5	8.39178E5	7.82118E5	7.83441E5	7.75032E5	7.42127E5	6.87788E5	6.19164E5	5.36019E5	4.49746E5	3.99547E5	5.44779E5	1.70302E5	1.10859E5	6.49595E4	4.46689E4	3.45291E6	1.16238E6	3983.52411
436	1.49077E6	1.43139E6	1.2431E6	1.01273E6	8.48821E5	7.85289E5	7.84743E5	7.76372E5	7.45054E5	6.92369E5	6.25395E5	5.44526E5	4.59069E5	3.88085E5	5.92671E5	1.8356E5	1.15485E5	7.04631E4	4.54068E4	1.42814E6	3.00355E6	4885.09808
438	1.5355E6	1.41301E6	1.25242E6	1.01445E6	8.43981E5	7.84172E5	7.74432E5	7.71162E5	7.47395E5	6.88733E5	6.35413E5	5.50857E5	4.67123E5	3.90968E5	5.92998E5	2.01966E5	1.23686E5	7.66228E4	4.62902E4	3.63178E5	5.01208E6	7506.81313
440	1.51873E6	1.44424E6	1.2558E6	1.03353E6	8.50252E5	7.89018E5	7.73233E5	7.70735E5	7.42061E5	6.91557E5	6.32998E5	5.54783E5	4.74934E5	3.95038E5	5.41807E5	2.33435E5	1.30365E5	8.29126E4	4.91382E4	5.99446E4	6.03204E6	1.42741E4
442	1.50645E6	1.42805E6	1.26467E6	1.04136E6	8.5553E5	7.84647E5	7.63137E5	7.69954E5	7.37698E5	6.91829E5	6.37085E5	5.61649E5	4.82759E5	4.02107E5	4.74454E5	2.8113E5	1.37041E5	8.74363E4	5.23891E4	4.28444E4	5.38666E6	1.2783E5
444	1.54304E6	1.44219E6	1.26944E6	1.03572E6	8.51941E5	7.88842E5	7.64917E5	7.58804E5	7.31731E5	6.93403E5	6.34019E5	5.6393E5	4.83839E5	4.1038E5	4.078E5	3.43578E5	1.44488E5	9.15583E4	5.69757E4	4.11413E4	3.46997E6	7.5112E5
446	1.49619E6	1.41922E6	1.26992E6	1.04105E6	8.64768E5	7.76564E5	7.59743E5	7.53067E5	7.26222E5	6.93096E5	6.42351E5	5.689E5	4.93318E5	4.15237E5	3.65152E5	4.12148E5	1.50687E5	9.80717E4	6.10255E4	4.07088E4	1.46601E6	2.41918E6
448	1.50418E6	1.44932E6	1.2828E6	1.04079E6	8.64692E5	7.76118E5	7.58526E5	7.47507E5	7.22992E5	6.9194E5	6.453E5	5.74807E5	4.99811E5	4.2365E5	3.4396E5	4.70096E5	1.60731E5	1.05765E5	6.64607E4	4.17633E4	3.73964E5	4.50861E6
450	1.51077E6	1.4483E6	1.26807E6	1.05013E6	8.69167E5	7.80422E5	7.53425E5	7.48221E5	7.24447E5	6.89108E5	6.46879E5	5.74978E5	5.02318E5	4.30046E5	3.38003E5	4.98235E5	1.73656E5	1.09764E5	7.228E4	4.36471E4	6.09077E4	5.82672E6
452	1.51134E6	1.41505E6	1.27585E6	1.05839E6	8.70428E5	7.79313E5	7.43607E5	7.36824E5	7.18629E5	6.87542E5	6.41424E5	5.76079E5	5.05811E5	4.35548E5	3.42026E5	4.87432E5	1.92794E5	1.14457E5	7.73239E4	4.77447E4	3.83623E4	5.3363E6
454	1.46743E6	1.40666E6	1.26526E6	1.05704E6	8.74717E5	7.75229E5	7.33572E5	7.36755E5	7.11924E5	6.81548E5	6.40323E5	5.76347E5	5.11738E5	4.39081E5	3.42715E5	4.42936E5	2.23579E5	1.20916E5	8.10377E4	5.07452E4	3.71279E4	3.4347E6
456	1.47047E6	1.4271E6	1.28364E6	1.06695E6	8.67665E5	7.66274E5	7.35663E5	7.22959E5	7.06718E5	6.76827E5	6.40538E5	5.75995E5	5.12716E5	4.45211E5	3.4771E5	3.84943E5	2.71089E5	1.27536E5	8.42263E4	5.3398E4	3.67173E4	1.37359E6
458	1.47279E6	1.39203E6	1.27857E6	1.05331E6	8.61862E5	7.6268E5	7.29593E5	7.20313E5	6.98898E5	6.71338E5	6.3816E5	5.77294E5	5.11969E5	4.49564E5	3.50044E5	3.36576E5	3.30334E5	1.31896E5	9.0562E4	5.95314E4	3.8595E4	3.28925E5
460	1.46916E6	1.389E6	1.25292E6	1.06481E6	8.66565E5	7.59842E5	7.15396E5	7.01233E5	6.92504E5	6.66118E5	6.27532E5	5.7686E5	5.15846E5	4.50223E5	3.51105E5	3.02148E5	3.82506E5	1.38463E5	9.4721E4	6.2819E4	3.89951E4	5.49358E4
462	1.42416E6	1.39254E6	1.26059E6	1.06182E6	8.54174E5	7.5537E5	7.0882E5	6.94716E5	6.75297E5	6.61229E5	6.26125E5	5.73485E5	5.17815E5	4.57247E5	3.56274E5	2.8617E5	4.16625E5	1.47305E5	9.87853E4	6.71202E4	4.20601E4	3.51438E4
464	1.42948E6	1.36958E6	1.26128E6	1.05809E6	8.61872E5	7.49322E5	7.0024E5	6.80371E5	6.70766E5	6.48489E5	6.18523E5	5.72168E5	5.13675E5	4.52818E5	3.61281E5	2.83793E5	4.2209E5	1.59283E5	1.05435E5	7.14743E4	4.48998E4	3.4119E4
466	1.42074E6	1.33869E6	1.23311E6	1.06151E6	8.59458E5	7.40546E5	6.93077E5	6.8093E5	6.65589E5	6.39839E5	6.13077E5	5.65089E5	5.12137E5	4.5702E5	3.6268E5	2.82816E5	4.01321E5	1.77276E5	1.07953E5	7.54263E4	4.67697E4	3.40861E4
468	1.56484E6	1.35474E6	1.24173E6	1.04502E6	8.5561E5	7.46311E5	6.89367E5	6.72519E5	6.55576E5	6.38375E5	6.09672E5	5.60779E5	5.12627E5	4.57994E5	3.66093E5	2.8403E5	3.563E5	2.07128E5	1.12947E5	7.83513E4	5.12277E4	3.42576E4
470	1.91102E6	1.33169E6	1.23145E6	1.03607E6	8.58375E5	7.31529E5	6.83912E5	6.6091E5	6.48764E5	6.30751E5	6.03168E5	5.57462E5	5.08939E5	4.56665E5	3.68525E5	2.87639E5	3.11049E5	2.47986E5	1.1534E5	8.17112E4	5.34608E4	3.6307E4
472	2.81097E6	1.31364E6	1.20814E6	1.04588E6	8.63751E5	7.29298E5	6.78179E5	6.49232E5	6.37451E5	6.18495E5	5.95805E5	5.546E5	5.06401E5	4.56205E5	3.67957E5	2.8738E5	2.74333E5	2.92219E5	1.19756E5	8.60481E4	5.76003E4	3.72502E4
474	4.34822E6	1.29067E6	1.20598E6	1.03623E6	8.47286E5	7.21289E5	6.69943E5	6.43201E5	6.25914E5	6.1342E5	5.87111E5	5.51713E5	5.049E5	4.56099E5	3.67822E5	2.92148E5	2.49166E5	3.32177E5	1.25275E5	8.92297E4	6.06608E4	3.8985E4
476	6.65818E6	1.2973E6	1.18455E6	1.01537E6	8.39464E5	7.15151E5	6.57067E5	6.32765E5	6.22428E5	6.01556E5	5.78626E5	5.4319E5	5.00394E5	4.50985E5	3.69492E5	2.90914E5	2.40176E5	3.57623E5	1.30481E5	9.30517E4	6.37374E4	4.15184E4
478	9.45204E6	1.24382E6	1.17843E6	1.01352E6	8.28126E5	7.10629E5	6.48013E5	6.22563E5	6.08101E5	5.95386E5	5.74451E5	5.37579E5	4.97766E5	4.51451E5	3.69638E5	2.91283E5	2.35358E5	3.55927E5	1.42342E5	9.41472E4	6.55665E4	4.42397E4
480	1.1882E7	1.26147E6	1.15215E6	1.00567E6	8.33146E5	7.04896E5	6.37571E5	6.10399E5	5.95935E5	5.839E5	5.63605E5	5.27921E5	4.94851E5	4.49254E5	3.68935E5	2.93263E5	2.38012E5	3.33858E5	1.60207E5	9.73612E4	6.9567E4	4.73265E4
482	1.33204E7	1.24152E6	1.15349E6	1.00835E6	8.20465E5	6.92267E5	6.28143E5	6.00601E5	5.8648E5	5.71937E5	5.52199E5	5.19875E5	4.85511E5	4.43718E5	3.6786E5	2.93108E5	2.3526E5	2.92876E5	1.89553E5	1.0106E5	7.29054E4	5.01729E4
484	1.28482E7	1.23115E6	1.12838E6	9.99623E5	8.18758E5	6.90783E5	6.2575E5	5.89007E5	5.72238E5	5.61893E5	5.44169E5	5.1447E5	4.776E5	4.39366E5	3.66534E5	2.9642E5	2.38303E5	2.52672E5	2.2327E5	1.04035E5	7.29021E4	5.32219E4
486	1.10054E7	1.24991E6	1.13075E6	9.85884E5	8.0382E5	6.79739E5	6.10537E5	5.80858E5	5.6595E5	5.55603E5	5.35397E5	5.0503E5	4.73544E5	4.36849E5	3.65864E5	2.94212E5	2.3708E5	2.20567E5	2.5962E5	1.08964E5	7.68836E4	5.55589E4
488	8.17471E6	1.38515E6	1.10478E6	9.60731E5	7.90668E5	6.69025E5	6.03626E5	5.72773E5	5.50213E5	5.4545E5	5.27253E5	4.98096E5	4.66688E5	4.34742E5	3.6405E5	2.92538E5	2.38059E5	2.03511E5	2.89736E5	1.11182E5	8.09127E4	5.80087E4
490	5.31013E6	2.00102E6	1.10396E6	9.52493E5	7.84258E5	6.59986E5	5.91113E5	5.66011E5	5.47917E5	5.33382E5	5.20243E5	4.87641E5	4.64476E5	4.27459E5	3.59073E5	2.91377E5	2.35775E5	1.96091E5	3.05889E5	1.19604E5	8.13062E4	5.92703E4
492	2.89857E6	3.26951E6	1.09123E6	9.43483E5	7.75557E5	6.53322E5	5.92073E5	5.52134E5	5.33022E5	5.25661E5	5.102E5	4.84949E5	4.53825E5	4.24755E5	3.5483E5	2.91701E5	2.36914E5	1.93277E5	3.00776E5	1.2875E5	8.41443E4	6.01715E4
494	1.78614E6	5.30825E6	1.07491E6	9.46307E5	7.72327E5	6.4729E5	5.76244E5	5.42852E5	5.25224E5	5.10488E5	4.94369E5	4.75278E5	4.49638E5	4.16798E5	3.52947E5	2.89375E5	2.36458E5	1.90242E5	2.79856E5	1.46048E5	8.49578E4	6.24913E4
496	1.26832E6	8.21618E6	1.03608E6	9.18837E5	7.61251E5	6.35719E5	5.66357E5	5.31005E5	5.1267E5	5.0086E5	4.87922E5	4.62762E5	4.39857E5	4.11739E5	3.50452E5	2.8812E5	2.37311E5	1.92224E5	2.43105E5	1.70111E5	8.60572E4	6.48044E4
498	1.19277E6	1.12031E7	1.03421E6	9.0999E5	7.46955E5	6.23979E5	5.63037E5	5.20064E5	4.99222E5	4.90182E5	4.79663E5	4.54899E5	4.34877E5	4.06212E5	3.47957E5	2.87018E5	2.34666E5	1.91487E5	2.11825E5	1.9956E5	8.90757E4	6.6372E4
500	1.18786E6	1.38102E7	1.01572E6	8.98764E5	7.37207E5	6.20066E5	5.47749E5	5.1099E5	4.97989E5	4.842E5	4.7388E5	4.51413E5	4.29969E5	3.9932E5	3.43404E5	2.81562E5	2.37157E5	1.92198E5	1.85148E5	2.26605E5	9.04201E4	6.91465E4
502	1.11775E6	1.507E7	1.00749E6	8.85503E5	7.25284E5	6.11054E5	5.41324E5	5.04819E5	4.81623E5	4.71251E5	4.60511E5	4.37932E5	4.19268E5	3.96344E5	3.38029E5	2.80557E5	2.34056E5	1.88703E5	1.69296E5	2.49008E5	9.73568E4	6.98578E4
504	1.10884E6	1.43123E7	1.00654E6	8.6131E5	7.22532E5	5.9928E5	5.31947E5	4.99758E5	4.73272E5	4.61764E5	4.54306E5	4.32428E5	4.13123E5	3.93227E5	3.3519E5	2.78281E5	2.33878E5	1.91047E5	1.61545E5	2.56832E5	9.99434E4	7.06719E4
506	1.0942E6	1.20004E7	9.92775E5	8.42189E5	7.12574E5	5.91208E5	5.2094E5	4.86702E5	4.64116E5	4.54149E5	4.47536E5	4.23093E5	4.04834E5	3.82102E5	3.29661E5	2.72905E5	2.27404E5	1.88771E5	1.57548E5	2.51259E5	1.10494E5	7.26316E4
508	1.13069E6	8.80019E6	1.19385E6	8.43642E5	7.02871E5	5.82095E5	5.13824E5	4.80797E5	4.55288E5	4.4665E5	4.34928E5	4.17457E5	3.98518E5	3.77238E5	3.25229E5	2.71621E5	2.29467E5	1.89093E5	1.57443E5	2.2736E5	1.25761E5	7.43846E4
510	1.12882E6	5.36839E6	1.91343E6	8.24812E5	6.95258E5	5.73409E5	5.05127E5	4.63739E5	4.4907E5	4.3717E5	4.23195E5	4.03575E5	3.90466E5	3.70135E5	3.21358E5	2.66525E5	2.27613E5	1.87048E5	1.56767E5	1.99998E5	1.44423E5	7.36161E4
512	1.22197E6	2.82672E6	3.58126E6	8.19636E5	6.76457E5	5.6404E5	4.95078E5	4.61731E5	4.3962E5	4.24295E5	4.15869E5	3.9979E5	3.83281E5	3.60672E5	3.14784E5	2.65033E5	2.24429E5	1.86245E5	1.53796E5	1.71064E5	1.69111E5	7.56545E4
514	1.39437E6	1.50108E6	6.06248E6	7.92737E5	6.64064E5	5.52243E5	4.80301E5	4.46525E5	4.27159E5	4.14881E5	4.07301E5	3.89002E5	3.72349E5	3.57812E5	3.09622E5	2.59032E5	2.18733E5	1.83872E5	1.53948E5	1.49083E5	1.92213E5	7.71947E4
516	1.68403E6	1.08096E6	9.17909E6	7.92047E5	6.52814E5	5.47824E5	4.78252E5	4.41698E5	4.1364E5	4.07212E5	3.9811E5	3.82306E5	3.64399E5	3.50925E5	3.03231E5	2.55868E5	2.20176E5	1.82298E5	1.52233E5	1.36785E5	2.05292E5	8.03917E4
518	2.05111E6	1.00736E6	1.26119E7	7.76569E5	6.46843E5	5.3484E5	4.67105E5	4.31887E5	4.07693E5	3.95568E5	3.87435E5	3.73029E5	3.59506E5	3.39533E5	3.01054E5	2.53812E5	2.14794E5	1.81387E5	1.4993E5	1.30435E5	2.1173E5	8.59193E4
520	2.37478E6	9.69589E5	1.51635E7	7.62189E5	6.34542E5	5.23329E5	4.53343E5	4.20142E5	4.02167E5	3.86113E5	3.80619E5	3.64665E5	3.47682E5	3.33446E5	2.9424E5	2.47892E5	2.1371E5	1.78973E5	1.49573E5	1.25118E5	2.03632E5	9.20996E4
522	2.68725E6	9.35134E5	1.59164E7	7.56146E5	6.14114E5	5.16383E5	4.53686E5	4.08998E5	3.90255E5	3.78556E5	3.68923E5	3.55832E5	3.4515E5	3.32626E5	2.85667E5	2.45732E5	2.09836E5	1.7635E5	1.48169E5	1.25898E5	1.84203E5	1.04635E5
524	2.94375E6	8.86158E5	1.45554E7	7.34147E5	6.08677E5	5.03686E5	4.39338E5	4.03344E5	3.84598E5	3.6683E5	3.62569E5	3.46476E5	3.36236E5	3.22319E5	2.81795E5	2.39192E5	2.06709E5	1.74401E5	1.46651E5	1.2447E5	1.60721E5	1.21037E5
526	2.94937E6	8.9707E5	1.18899E7	7.5287E5	6.04446E5	5.00531E5	4.32758E5	3.93712E5	3.75231E5	3.61347E5	3.54638E5	3.39025E5	3.27592E5	3.17723E5	2.78067E5	2.37237E5	2.04316E5	1.7245E5	1.44961E5	1.25183E5	1.40462E5	1.37376E5
528	2.82493E6	8.56699E5	8.5383E6	9.76068E5	5.87261E5	4.86049E5	4.21699E5	3.8773E5	3.67227E5	3.54074E5	3.44113E5	3.31942E5	3.18328E5	3.05627E5	2.69304E5	2.33162E5	2.00282E5	1.72865E5	1.45166E5	1.2292E5	1.21846E5	1.55975E5
530	2.49192E6	8.49618E5	5.13245E6	1.85724E6	5.67522E5	4.79315E5	4.15912E5	3.79686E5	3.55911E5	3.48158E5	3.34332E5	3.2175E5	3.10103E5	3.01626E5	2.63847E5	2.26982E5	1.96732E5	1.69223E5	1.43365E5	1.20659E5	1.08658E5	1.68755E5
532	2.04159E6	8.74707E5	2.5436E6	3.76181E6	5.65222E5	4.73128E5	4.08929E5	3.69061E5	3.45711E5	3.33822E5	3.28269E5	3.18629E5	3.07272E5	2.96025E5	2.60094E5	2.22842E5	1.94684E5	1.65731E5	1.40865E5	1.1865E5	1.03674E5	1.73121E5
534	1.5964E6	9.31989E5	1.20534E6	6.79055E6	5.59968E5	4.61545E5	4.00261E5	3.57512E5	3.39915E5	3.26011E5	3.20809E5	3.07337E5	2.97934E5	2.84814E5	2.52796E5	2.18393E5	1.90403E5	1.63787E5	1.38003E5	1.19092E5	9.86845E4	1.66263E5
536	1.19635E6	1.10088E6	8.56724E5	1.03324E7	5.44427E5	4.51921E5	3.93523E5	3.45714E5	3.30605E5	3.19562E5	3.07793E5	2.98764E5	2.91989E5	2.78259E5	2.45371E5	2.13023E5	1.85338E5	1.61152E5	1.37341E5	1.16533E5	9.85697E4	1.54723E5
538	9.76102E5	1.38913E6	7.82269E5	1.39258E7	5.26413E5	4.42162E5	3.7579E5	3.42425E5	3.22316E5	3.06831E5	3.02593E5	2.89083E5	2.83633E5	2.73213E5	2.41001E5	2.07372E5	1.80406E5	1.56774E5	1.34355E5	1.14759E5	9.64103E4	1.33973E5
540	8.54589E5	1.69506E6	7.38547E5	1.64969E7	5.15739E5	4.35746E5	3.6545E5	3.34425E5	3.1384E5	3.03564E5	2.94185E5	2.82895E5	2.75324E5	2.66317E5	2.33834E5	2.03907E5	1.7787E5	1.55869E5	1.33255E5	1.127E5	9.38206E4	1.11923E5
542	7.60908E5	2.11901E6	7.19677E5	1.68895E7	5.13185E5	4.20847E5	3.59395E5	3.28087E5	3.0388E5	2.93021E5	2.84783E5	2.76663E5	2.68718E5	2.58933E5	2.27914E5	1.96132E5	1.74326E5	1.50813E5	1.29989E5	1.12883E5	9.34554E4	9.47799E4
544	6.74337E5	2.48815E6	7.07025E5	1.5216E7	5.08684E5	4.07808E5	3.5961E5	3.18462E5	2.99997E5	2.86426E5	2.80071E5	2.68873E5	2.61655E5	2.53513E5	2.19984E5	1.94509E5	1.70251E5	1.47226E5	1.29021E5	1.07645E5	9.34932E4	8.71877E4
546	6.88665E5	2.83961E6	6.83303E5	1.20634E7	5.43565E5	3.99753E5	3.45242E5	3.09247E5	2.90211E5	2.80008E5	2.73698E5	2.54419E5	2.53952E5	2.43846E5	2.19931E5	1.89754E5	1.66446E5	1.44199E5	1.2413E5	1.08437E5	8.9548E4	7.94751E4
548	6.64607E5	2.99742E6	6.62416E5	8.36588E6	8.38653E5	4.00137E5	3.40972E5	3.05001E5	2.86055E5	2.71613E5	2.63695E5	2.53794E5	2.46174E5	2.40222E5	2.11677E5	1.85664E5	1.63485E5	1.40841E5	1.22437E5	1.05685E5	8.79154E4	7.68609E4
550	6.52297E5	2.91797E6	6.41289E5	4.86316E6	1.82175E6	3.90855E5	3.33518E5	2.96414E5	2.77472E5	2.6669E5	2.5699E5	2.45769E5	2.42033E5	2.34209E5	2.08863E5	1.79482E5	1.58839E5	1.3906E5	1.19519E5	1.04722E5	8.69549E4	7.53675E4
552	6.51718E5	2.66428E6	6.20627E5	2.28598E6	3.91706E6	3.79312E5	3.17981E5	2.90046E5	2.71993E5	2.56941E5	2.52771E5	2.41123E5	2.33981E5	2.26216E5	2.03601E5	1.78399E5	1.55638E5	1.36172E5	1.20044E5	1.01939E5	8.57199E4	7.33614E4
554	6.17509E5	2.27978E6	6.1543E5	1.03242E6	7.0135E6	3.82606E5	3.13397E5	2.88389E5	2.65805E5	2.4964E5	2.43769E5	2.35373E5	2.25265E5	2.18883E5	1.92219E5	1.71966E5	1.51557E5	1.32771E5	1.15633E5	1.00417E5	8.58896E4	7.19255E4
556	5.82506E5	1.83711E6	6.72908E5	6.61719E5	1.05917E7	3.62353E5	3.07188E5	2.78401E5	2.5471E5	2.46129E5	2.38585E5	2.29766E5	2.20561E5	2.15381E5	1.92553E5	1.6684E5	1.48765E5	1.28608E5	1.13545E5	9.79021E4	8.37638E4	7.00132E4
558	6.03944E5	1.41612E6	7.87433E5	5.98648E5	1.41446E7	3.56964E5	3.03015E5	2.65917E5	2.51446E5	2.33736E5	2.34658E5	2.24533E5	2.15721E5	2.07424E5	1.86842E5	1.62483E5	1.43627E5	1.27113E5	1.08376E5	9.72355E4	8.10642E4	6.98979E4
560	5.63399E5	1.0447E6	9.6529E5	5.60521E5	1.65995E7	3.46937E5	2.87474E5	2.58272E5	2.45283E5	2.29491E5	2.2217E5	2.16142E5	2.09035E5	2.05858E5	1.81902E5	1.59434E5	1.4152E5	1.25643E5	1.07297E5	9.50455E4	8.02488E4	6.89364E4
562	5.46906E5	7.5748E5	1.23769E6	5.418E5	1.69891E7	3.43105E5	2.86661E5	2.51013E5	2.36613E5	2.23871E5	2.17059E5	2.0693E5	2.05833E5	1.97418E5	1.75265E5	1.53463E5	1.3618E5	1.17613E5	1.0386E5	9.04428E4	7.73189E4	6.61926E4
564	5.36904E5	5.95932E5	1.59822E6	5.24971E5	1.51374E7	3.50256E5	2.759E5	2.45479E5	2.27316E5	2.17357E5	2.09167E5	2.01169E5	1.96409E5	1.90211E5	1.72215E5	1.46148E5	1.33292E5	1.16974E5	1.02404E5	9.07321E4	7.66464E4	6.43178E4
566	5.1419E5	5.48123E5	2.00936E6	5.10772E5	1.19735E7	3.82089E5	2.715E5	2.44765E5	2.22243E5	2.12301E5	2.0302E5	1.95947E5	1.92469E5	1.88586E5	1.68538E5	1.46371E5	1.29809E5	1.15475E5	1.01236E5	8.81162E4	7.49084E4	6.33358E4
568	5.16493E5	5.37386E5	2.36687E6	4.91047E5	8.04859E6	7.10406E5	2.6674E5	2.32923E5	2.188E5	2.0869E5	2.04944E5	1.93499E5	1.84999E5	1.81311E5	1.6345E5	1.42469E5	1.26763E5	1.12947E5	9.76761E4	8.7095E4	7.36215E4	6.30458E4
570	5.03915E5	4.95617E5	2.61114E6	4.94711E5	4.42222E6	1.82656E6	2.58355E5	2.32305E5	2.09984E5	2.00654E5	1.90479E5	1.85335E5	1.82064E5	1.79824E5	1.56831E5	1.38311E5	1.23893E5	1.09022E5	9.49049E4	8.34029E4	7.17532E4	6.07563E4
572	5.18781E5	4.55011E5	2.68433E6	4.63395E5	1.98856E6	4.01382E6	2.55811E5	2.19168E5	2.06852E5	1.94386E5	1.87628E5	1.79428E5	1.77835E5	1.72392E5	1.52946E5	1.33821E5	1.20834E5	1.07211E5	9.39117E4	8.35091E4	6.93654E4	5.86781E4
574	4.84349E5	4.66308E5	2.60997E6	4.67571E5	8.0847E5	7.25046E6	2.51202E5	2.17981E5	2.01243E5	1.88864E5	1.8084E5	1.76624E5	1.70036E5	1.67158E5	1.47995E5	1.33921E5	1.14924E5	1.01483E5	9.04483E4	7.80085E4	6.99322E4	5.70261E4
576	4.3547E5	4.33613E5	2.33441E6	4.52874E5	4.91242E5	1.08941E7	2.51267E5	2.1303E5	1.94125E5	1.8482E5	1.75682E5	1.728E5	1.66218E5	1.59772E5	1.43605E5	1.26258E5	1.11403E5	9.98415E4	8.73638E4	7.77245E4	6.63227E4	5.80292E4
578	4.4878E5	4.20742E5	1.93781E6	4.73756E5	4.45241E5	1.42604E7	2.3803E5	2.06896E5	1.91694E5	1.7946E5	1.7236E5	1.67063E5	1.63817E5	1.56819E5	1.40271E5	1.25021E5	1.10099E5	9.64243E4	8.41586E4	7.62268E4	6.74536E4	5.38586E4
580	4.44115E5	4.1511E5	1.50571E6	5.21432E5	4.28511E5	1.65236E7	2.36886E5	1.95689E5	1.82951E5	1.72888E5	1.67486E5	1.60063E5	1.54731E5	1.50365E5	1.32608E5	1.18794E5	1.06775E5	9.37323E4	8.42396E4	7.40973E4	6.41233E4	5.34497E4
582	4.65438E5	4.08026E5	1.1309E6	6.26248E5	4.16309E5	1.67499E7	2.32494E5	1.93567E5	1.7943E5	1.6921E5	1.61768E5	1.53174E5	1.4804E5	1.46058E5	1.31586E5	1.18092E5	1.04049E5	9.08049E4	8.14514E4	7.27111E4	6.32518E4	5.40166E4
584	4.19588E5	4.10059E5	8.30267E5	8.43036E5	4.06613E5	1.47406E7	2.41353E5	1.9241E5	1.74864E5	1.635E5	1.52807E5	1.48236E5	1.45623E5	1.42125E5	1.26457E5	1.12767E5	1.00771E5	8.91356E4	7.83799E4	7.02413E4	6.06157E4	5.01314E4
586	4.15099E5	3.98755E5	6.17954E5	1.09638E6	4.03841E5	1.14347E7	2.66828E5	1.90682E5	1.65679E5	1.57529E5	1.50327E5	1.45037E5	1.40311E5	1.34662E5	1.23423E5	1.07156E5	9.60573E4	8.64037E4	7.6602E4	6.94534E4	5.84918E4	5.18792E4
588	4.09315E5	3.66596E5	4.88725E5	1.43626E6	3.96631E5	7.54964E6	5.8812E5	1.83455E5	1.61187E5	1.55059E5	1.43212E5	1.41758E5	1.34847E5	1.32476E5	1.17341E5	1.08472E5	9.56317E4	8.57929E4	7.35187E4	6.59189E4	5.77666E4	4.92097E4
590	4.13646E5	3.75806E5	4.26992E5	1.82643E6	3.94696E5	4.0107E6	1.73348E6	1.80242E5	1.5928E5	1.48854E5	1.42271E5	1.37333E5	1.30391E5	1.26761E5	1.16801E5	1.01164E5	9.14015E4	8.25999E4	7.32014E4	6.29136E4	5.44184E4	4.76148E4
592	4.23889E5	3.66117E5	4.01945E5	2.11382E6	3.83687E5	1.64013E6	4.11478E6	1.7509E5	1.55852E5	1.42776E5	1.38877E5	1.30031E5	1.25528E5	1.25216E5	1.10725E5	9.9684E4	9.0063E4	8.03429E4	7.22306E4	6.09582E4	5.3518E4	4.59696E4
594	3.71235E5	3.7181E5	3.81095E5	2.33763E6	3.87931E5	6.14822E5	7.55733E6	1.69899E5	1.49288E5	1.38211E5	1.31884E5	1.31097E5	1.22617E5	1.20784E5	1.08306E5	9.34677E4	8.74007E4	7.75942E4	6.85306E4	5.90033E4	5.37796E4	4.51347E4
596	4.23289E5	3.66102E5	3.72665E5	2.39519E6	3.82876E5	3.73407E5	1.13949E7	1.67569E5	1.50686E5	1.3356E5	1.33368E5	1.23945E5	1.19718E5	1.15987E5	1.02762E5	9.28162E4	8.22217E4	7.38694E4	6.81912E4	5.85696E4	5.08386E4	4.38048E4
598	4.1012E5	3.56106E5	3.59793E5	2.26151E6	3.85066E5	3.38522E5	1.47444E7	1.64386E5	1.44629E5	1.3084E5	1.25144E5	1.20756E5	1.16674E5	1.11185E5	1.02823E5	9.04414E4	7.85673E4	7.25341E4	6.44096E4	5.80504E4	5.04638E4	4.28892E4
600	4.14344E5	3.66422E5	3.77161E5	2.03024E6	3.84494E5	3.27078E5	1.6873E7	1.60707E5	1.41331E5	1.30147E5	1.2317E5	1.18473E5	1.15649E5	1.08215E5	9.67541E4	8.79542E4	7.79293E4	7.04716E4	6.33044E4	5.79171E4	4.6754E4	4.11449E4
