300	2.19088E5	1.61075E5	1.62659E5	2.65375E6	3.63673E5	2.84691E5	2.38604E7	8.93597E4	1.32448E4	8503.26811	5786.49291	4277.90148	3653.74875	2700.12961	2812.33638	2283.26084	1705.72637	1896.95243	1269.50903	1367.14285	1317.82849	1293.54637
302	2.50281E5	1.6863E5	1.68698E5	1.77259E6	6.90769E5	2.05978E5	2.07809E7	9.83233E5	1.4484E4	8263.71478	6504.36497	4107.85183	3677.86054	3099.1144	2774.41011	1958.91464	1624.17937	1841.46519	1497.5002	1650.27855	1120.59037	1072.50224
304	2.17742E5	1.69436E5	1.86109E5	9.92312E5	1.25481E6	2.00753E5	1.3237E7	4.36888E6	1.70834E4	9411.94188	5505.2651	4806.00625	3509.70709	3026.41623	2556.74624	2052.36583	1867.42824	1951.65743	1461.89537	1615.34339	1315.9224	1007.77471
306	2.37466E5	1.82455E5	2.04283E5	5.382E5	2.00635E6	1.98991E5	5.70571E6	1.13028E7	2.12269E4	9284.81173	6860.99859	4812.04472	3163.78164	3503.69105	2701.28743	2075.25901	1776.30983	2007.81876	1675.29066	1284.11806	1149.51536	920.27656
308	2.66705E5	1.87929E5	2.0265E5	3.29732E5	2.68581E6	2.11563E5	1.42649E6	1.94166E7	3.03298E4	1.06443E4	6890.09335	4691.12873	3663.13155	3272.57796	2407.16706	2354.84505	2036.24523	1514.16538	1425.97794	1073.76694	1615.39885	1193.28771
310	2.57691E5	1.93713E5	2.06833E5	2.8033E5	2.86442E6	2.28479E5	2.51835E5	2.34052E7	7.68537E4	1.16554E4	6841.38083	4919.3983	3491.61172	3006.99556	2661.48958	2398.56439	1975.50803	1315.46639	1237.64881	1642.47469	1138.09975	1206.92908
312	2.73683E5	2.09238E5	2.23011E5	2.7388E5	2.42887E6	3.13129E5	1.51586E5	2.05483E7	9.09755E5	1.36993E4	7161.22506	5281.54421	4101.56833	3709.72385	2804.42351	2444.01671	1655.25807	1810.06598	1586.18097	1382.78861	1157.84417	1205.61466
314	2.61948E5	2.12253E5	2.45524E5	2.81896E5	1.67452E6	5.70853E5	1.43151E5	1.27192E7	4.44021E6	1.49312E4	8067.22873	5403.39415	4036.20619	3551.57739	2754.73518	1988.37491	2108.02101	1627.3037	1399.62597	1293.53449	1154.76237	962.54004
316	2.88448E5	2.25957E5	2.52269E5	2.85847E5	9.95457E5	1.05696E6	1.398E5	5.26079E6	1.10789E7	1.8021E4	8639.83622	5443.55231	4047.46994	3474.90706	2908.91716	2466.75118	1842.30536	1562.40038	1673.09944	1150.25647	1281.87859	1214.95439
318	3.15002E5	2.38324E5	2.60732E5	2.97136E5	5.82018E5	1.71706E6	1.41446E5	1.30262E6	1.78926E7	2.68237E4	8371.39275	5880.58939	4093.74306	3365.54379	2716.57389	2117.86883	1879.41417	1729.67837	1451.66785	1366.91288	1181.684	997.84567
320	2.89949E5	2.53931E5	2.67573E5	3.07382E5	4.12305E5	2.25576E6	1.44054E5	2.02555E5	2.07916E7	7.53714E4	9192.68914	6066.54495	4385.86582	3076.09759	2919.68657	2075.08975	1896.51298	1773.69037	1351.38403	1323.07804	1197.72346	1237.40047
322	2.88227E5	2.75532E5	2.77416E5	3.14385E5	3.61455E5	2.38851E6	1.58008E5	1.24914E5	1.7826E7	7.98812E5	1.01537E4	5935.01148	4943.01422	3256.05373	2772.2899	2610.4998	1902.42633	1730.78541	1306.18136	1200.27938	832.71543	1338.44179
324	3.0952E5	2.74653E5	2.76149E5	3.26126E5	3.55044E5	2.06268E6	2.30389E5	1.13372E5	1.09609E7	3.66257E6	1.31754E4	6501.35377	4589.88048	3506.65526	2936.40433	2155.42304	1722.23894	1413.81582	1717.96326	1306.97974	1024.62052	1105.86146
326	3.29911E5	2.85043E5	2.81582E5	3.22746E5	3.60072E5	1.49376E6	4.10523E5	1.12269E5	4.46029E6	9.25646E6	1.6695E4	6607.61964	5050.41948	3682.99743	2671.80553	2118.54956	1871.86379	1956.86792	1553.64369	1451.96065	1256.9088	1209.66611
328	3.46791E5	2.80335E5	2.99843E5	3.33439E5	3.65151E5	9.58806E5	7.71497E5	1.17056E5	1.14154E6	1.5032E7	2.35123E4	7683.39326	5079.50045	3545.88443	2955.79182	2228.68316	1716.45926	1369.84355	1442.55002	1393.1909	1341.10927	1128.57157
330	3.64762E5	3.08118E5	2.99145E5	3.4245E5	3.67749E5	5.71429E5	1.29422E6	1.21626E5	1.78711E5	1.78377E7	5.85784E4	8764.41875	5329.72324	3655.87097	2502.12615	2105.54187	1821.56022	1358.09268	1403.71681	1257.2507	1167.75365	1228.02304
332	3.55327E5	3.22839E5	3.20384E5	3.50245E5	3.74755E5	4.01899E5	1.77175E6	1.27123E5	1.13465E5	1.56721E7	6.53457E5	9242.46548	5546.431	4080.14394	2811.20216	2153.21131	1711.43183	1539.54161	1353.28334	1104.3639	1195.9673	1082.53534
334	3.94101E5	3.20982E5	3.3005E5	3.57012E5	3.75346E5	3.43E5	1.95601E6	1.40087E5	1.0059E5	1.01031E7	3.05901E6	1.12932E4	5177.91396	3815.64033	2765.60101	1949.20918	1760.84195	1586.98499	1571.00363	1217.62108	1082.52426	1142.77816
336	3.99634E5	3.62089E5	3.41797E5	3.5456E5	3.85484E5	3.44203E5	1.80388E6	1.89279E5	1.0425E5	4.33784E6	7.8896E6	1.38639E4	6853.99883	4445.2427	2962.56502	2233.76356	1744.14424	1426.50141	1503.63975	1050.63896	1129.11039	978.64408
338	4.1063E5	3.76114E5	3.34186E5	3.70902E5	3.82973E5	3.50276E5	1.38761E6	3.17229E5	1.05269E5	1.18929E6	1.28326E7	2.09095E4	6036.91819	4332.85747	2668.40894	1972.74284	1795.27218	1637.33848	1326.53957	1315.58966	1034.66353	1141.47484
340	4.07954E5	3.82982E5	3.50609E5	3.76357E5	3.95335E5	3.58192E5	9.03919E5	5.96335E5	1.12794E5	1.85168E5	1.52895E7	4.7013E4	7094.11814	4761.70392	3053.36143	2217.086	1946.97271	1608.28829	1155.53112	1224.06711	1169.77015	1041.97368
342	4.51783E5	3.88493E5	3.5884E5	3.75036E5	3.9902E5	3.71494E5	5.6452E5	9.66958E5	1.19492E5	1.06478E5	1.35842E7	5.12185E5	7942.63275	4799.44048	3670.24787	2156.35132	1764.97261	1313.95247	1104.52748	1189.43652	971.83849	1020.75403
344	4.69017E5	4.17711E5	3.71735E5	3.7058E5	4.06484E5	3.75885E5	3.77628E5	1.39228E6	1.27479E5	9.6781E4	8.59543E6	2.70991E6	9025.11815	4498.35407	3061.37498	2317.17397	1820.25173	1668.42895	1268.90627	1077.79513	1215.29747	1071.70848
346	5.04063E5	4.39798E5	3.66646E5	3.78221E5	4.09646E5	3.75458E5	3.17423E5	1.59789E6	1.43561E5	1.0099E5	3.68991E6	6.8176E6	1.23014E4	5007.22358	3120.14758	2285.45604	1536.07301	1536.58143	1257.14648	1156.04476	1163.4236	1149.13874
348	5.03017E5	4.40324E5	3.76758E5	3.87033E5	4.11507E5	3.88714E5	3.13852E5	1.54635E6	1.79931E5	1.06126E5	8.98337E5	1.11727E7	1.80778E4	5363.97674	3376.84757	2634.67372	1556.60246	1780.9794	1184.78757	1139.96538	1056.99258	915.98802
350	5.5277E5	4.68597E5	3.87061E5	3.90228E5	4.18735E5	3.9476E5	3.24101E5	1.24722E6	2.74833E5	1.16995E5	1.56062E5	1.29093E7	3.71258E4	5928.54009	3320.709	2680.87342	1776.77543	1309.15362	1191.69944	1076.8116	1207.033	1096.12507
352	5.52076E5	4.77115E5	4.06159E5	4.04891E5	4.22615E5	4.07262E5	3.36962E5	8.58303E5	4.71484E5	1.27281E5	9.88585E4	1.11987E7	4.57248E5	6649.72799	3728.27016	2716.69524	1682.14061	1454.57756	1104.30496	1152.33206	1110.324	1049.02042
354	5.79579E5	4.91352E5	4.13323E5	4.10524E5	4.25822E5	4.16782E5	3.47323E5	5.60591E5	7.54309E5	1.37494E5	9.51986E4	7.18099E6	2.1882E6	8754.5109	3576.40484	2518.40566	1782.61156	1459.28356	1220.83631	1232.1133	794.65905	964.34944
356	5.9139E5	5.16099E5	4.34574E5	4.18349E5	4.32118E5	4.28358E5	3.59179E5	3.92797E5	1.06357E6	1.48057E5	9.86431E4	3.05114E6	5.7626E6	1.03944E4	4236.94005	2710.2798	1950.237	1503.52326	1233.25794	1126.75868	939.4536	829.78324
358	6.19582E5	5.32947E5	4.52688E5	4.1841E5	4.40811E5	4.28655E5	3.71696E5	3.39528E5	1.28414E6	1.62164E5	1.06746E5	7.98188E5	9.5624E6	1.57011E4	4765.80896	2896.66959	2029.0016	1647.07073	1167.57795	1222.62755	1099.68262	1077.06663
360	6.52076E5	5.56623E5	4.56531E5	4.29554E5	4.43627E5	4.43116E5	3.88258E5	3.31551E5	1.2968E6	1.89649E5	1.18437E5	1.41849E5	1.14111E7	3.42273E4	5025.11237	2809.29825	2152.57664	1430.87087	1252.33437	998.95036	903.84877	953.32259
362	6.6182E5	5.81386E5	4.72334E5	4.43224E5	4.54721E5	4.54599E5	4.00217E5	3.45413E5	1.12976E6	2.49373E5	1.28498E5	9.36805E4	1.03459E7	3.89867E5	5730.79908	3050.18219	2066.92096	1658.06924	1018.04036	1224.16636	835.30318	787.66089
364	7.01262E5	6.06072E5	4.91915E5	4.52844E5	4.64094E5	4.62729E5	4.14883E5	3.62435E5	8.55394E5	3.71387E5	1.41058E5	9.01896E4	6.95219E6	1.99704E6	6494.03628	3079.95625	2099.93985	1650.24578	1248.70716	1265.50773	976.31584	876.45816
366	7.32814E5	6.29259E5	5.08962E5	4.64875E5	4.61192E5	4.78288E5	4.33195E5	3.72672E5	5.97332E5	5.79689E5	1.50388E5	9.24105E4	3.00465E6	5.43199E6	9504.90482	3361.56146	2080.98362	1754.33551	1145.91952	1084.24061	983.68085	1003.8418
368	7.53409E5	6.6185E5	5.35754E5	4.7438E5	4.76661E5	4.82784E5	4.47575E5	3.93527E5	4.45637E5	8.29869E5	1.63693E5	9.96933E4	8.06951E5	8.82716E6	1.35287E4	3854.40268	2190.72735	1790.585	1315.10546	1224.65689	1105.36068	933.02727
370	8.12205E5	6.86192E5	5.58373E5	4.94167E5	4.85014E5	4.94821E5	4.7188E5	4.1163E5	3.86193E5	1.04732E6	1.7763E5	1.10119E5	1.28034E5	1.04743E7	3.16497E4	4083.3658	2327.91465	1963.58242	1163.24539	1055.86275	1044.90204	1060.5332
372	8.20853E5	7.11781E5	5.82142E5	5.0899E5	4.95611E5	5.03229E5	4.85101E5	4.31675E5	3.74531E5	1.12458E6	2.02443E5	1.21498E5	8.31588E4	9.21517E6	3.65232E5	4733.89232	2520.64913	2103.01934	1408.15386	983.46427	1070.02924	1020.06814
374	8.37716E5	7.37126E5	5.90298E5	5.26333E5	5.17325E5	5.13935E5	5.02592E5	4.50702E5	3.86304E5	1.02931E6	2.45239E5	1.30789E5	7.89227E4	5.89032E6	1.85111E6	5913.54075	2759.39605	2091.88102	1332.5734	1162.17971	969.44412	830.85232
376	9.0021E5	7.69987E5	6.15852E5	5.38519E5	5.20308E5	5.24591E5	5.18401E5	4.64877E5	3.94445E5	8.45766E5	3.30259E5	1.40666E5	8.17438E4	2.49992E6	4.77773E6	7892.1078	2969.50352	2052.43021	1596.0275	1117.64586	800.98591	964.11039
378	9.27262E5	7.99881E5	6.50961E5	5.50638E5	5.28217E5	5.41329E5	5.35393E5	4.91023E5	4.15744E5	6.36174E5	4.85333E5	1.51361E5	8.95943E4	6.11051E5	7.83493E6	1.15278E4	3127.69122	2142.19385	1579.66362	1046.38389	1144.49708	909.91093
380	9.44871E5	8.26504E5	6.70139E5	5.62816E5	5.45681E5	5.56313E5	5.45605E5	5.03797E5	4.31343E5	4.89212E5	6.6828E5	1.6445E5	9.83965E4	1.09781E5	9.13452E6	2.52323E4	3559.0475	2362.99374	1567.71794	1389.23691	996.527	976.56717
382	9.96462E5	8.60938E5	6.98837E5	5.78853E5	5.59479E5	5.74422E5	5.73077E5	5.32486E5	4.52611E5	4.27619E5	8.62663E5	1.78765E5	1.08851E5	7.71799E4	8.19256E6	2.7914E5	4255.16169	2301.29137	1735.08211	1233.82264	904.11248	988.26103
384	1.02969E6	9.02488E5	7.34943E5	6.03493E5	5.70193E5	5.87136E5	5.8843E5	5.53364E5	4.73822E5	4.06136E5	9.70791E5	1.99396E5	1.20191E5	7.49706E4	5.4136E6	1.45705E6	5087.47085	2713.6273	1614.22227	1385.63144	1069.82297	1007.27574
386	1.06388E6	9.45238E5	7.55499E5	6.25467E5	5.91141E5	6.09897E5	6.09103E5	5.70597E5	4.92159E5	4.13905E5	9.57494E5	2.28508E5	1.29488E5	7.82819E4	2.32754E6	4.05629E6	6944.64015	2785.70049	1616.62591	1491.25995	1139.93434	1134.97481
388	1.09841E6	9.65317E5	7.88566E5	6.43921E5	6.15188E5	6.17891E5	6.28153E5	5.91944E5	5.10071E5	4.24278E5	8.42009E5	2.89111E5	1.4168E5	8.40052E4	6.37625E5	6.85265E6	1.0878E4	3041.03568	1787.72182	1637.45013	1082.83723	956.9422
390	1.15074E6	9.95701E5	7.98836E5	6.65006E5	6.26356E5	6.3464E5	6.42601E5	6.11752E5	5.32504E5	4.38075E5	6.81787E5	3.93569E5	1.53827E5	9.35062E4	1.12741E5	8.4683E6	2.35803E4	3865.44566	1729.70616	1502.0008	1061.31484	1070.15439
392	1.2097E6	1.01194E6	8.34894E5	6.83515E5	6.31125E5	6.47793E5	6.5815E5	6.38162E5	5.49597E5	4.58949E5	5.32597E5	5.49262E5	1.65378E5	1.01956E5	7.19288E4	7.78281E6	2.99007E5	4742.99286	1867.73592	1500.34061	1189.10616	1072.08497
394	1.19685E6	1.05208E6	8.53381E5	6.92093E5	6.46786E5	6.618E5	6.74613E5	6.48497E5	5.63504E5	4.72946E5	4.51391E5	7.10745E5	1.79018E5	1.14339E5	6.87242E4	5.46824E6	1.43655E6	5812.01584	2237.24032	1516.87689	1381.21088	1050.97895
396	1.27046E6	1.09984E6	8.85088E5	7.24086E5	6.65037E5	6.78381E5	6.90387E5	6.6619E5	5.85023E5	4.86671E5	4.19649E5	8.3309E5	1.98249E5	1.24025E5	7.19509E4	2.4568E6	3.91747E6	8042.27985	2461.19736	1788.61229	1660.08461	1080.74474
398	1.27812E6	1.12178E6	9.18744E5	7.42387E5	6.818E5	6.84224E5	7.05949E5	6.85927E5	5.98952E5	5.06605E5	4.18854E5	8.71051E5	2.19098E5	1.346E5	7.55565E4	6.6716E5	6.49643E6	1.28478E4	3019.75162	1785.00501	1572.79322	1243.8396
400	1.31348E6	1.14249E6	9.46598E5	7.48089E5	6.8767E5	6.97171E5	7.20143E5	6.93483E5	6.19521E5	5.2375E5	4.28629E5	8.08853E5	2.57157E5	1.46509E5	8.32214E4	1.06694E5	7.75159E6	2.64216E4	3095.6501	1615.45557	1601.0109	1052.54184
402	1.35607E6	1.17801E6	9.68168E5	7.72412E5	6.99942E5	7.17419E5	7.34088E5	7.1147E5	6.40146E5	5.40708E5	4.46423E5	6.80875E5	3.31914E5	1.58369E5	9.12315E4	6.5443E4	6.88522E6	4.40306E5	3843.50876	1831.06824	1478.17614	1211.55529
404	1.40257E6	1.19902E6	9.81402E5	7.96039E5	7.22776E5	7.2307E5	7.40491E5	7.28509E5	6.51264E5	5.5332E5	4.57571E5	5.50691E5	4.43058E5	1.7164E5	1.02398E5	6.17585E4	4.48264E6	2.01868E6	4881.68925	2102.93056	1443.79994	1329.59593
406	1.41362E6	1.24447E6	1.0088E6	8.1884E5	7.35849E5	7.37311E5	7.59881E5	7.36101E5	6.65444E5	5.68576E5	4.71686E5	4.64106E5	5.79531E5	1.8522E5	1.09942E5	6.31133E4	1.91301E6	4.64419E6	6354.35978	2510.47511	1453.64068	1527.02381
408	1.43617E6	1.26114E6	1.04675E6	8.33595E5	7.38611E5	7.42959E5	7.64187E5	7.47767E5	6.75575E5	5.85522E5	4.86515E5	4.21988E5	7.04473E5	1.98688E5	1.19565E5	6.71728E4	4.79844E5	7.00554E6	9542.77236	2639.23408	1692.83237	1408.76003
410	1.43711E6	1.28161E6	1.06009E6	8.45132E5	7.59726E5	7.53137E5	7.75635E5	7.59263E5	6.92108E5	5.95375E5	5.04385E5	4.13555E5	7.78456E5	2.19581E5	1.28564E5	7.22575E4	8.1631E4	7.68723E6	1.8591E4	3027.09418	1802.59415	1418.81697
412	1.4818E6	1.32572E6	1.06842E6	8.67418E5	7.67568E5	7.66536E5	7.75683E5	7.67864E5	7.08008E5	6.08052E5	5.11418E5	4.19672E5	7.65652E5	2.47887E5	1.3857E5	7.83744E4	5.7512E4	6.57642E6	1.92922E5	3414.63924	1827.97342	1395.51947
414	1.48958E6	1.3089E6	1.09721E6	8.74465E5	7.6941E5	7.67532E5	7.84112E5	7.72719E5	7.07212E5	6.20613E5	5.29761E5	4.31281E5	6.91855E5	2.95413E5	1.47396E5	8.8276E4	5.46043E4	4.31571E6	1.05054E6	4248.5767	1961.14768	1330.68976
416	1.50366E6	1.34986E6	1.11275E6	8.91505E5	7.84098E5	7.74743E5	7.92403E5	7.77234E5	7.21618E5	6.29594E5	5.42265E5	4.42329E5	5.89335E5	3.73872E5	1.58105E5	9.51496E4	5.54176E4	1.88233E6	3.03698E6	6246.79784	2052.34547	1492.20706
418	1.53817E6	1.36949E6	1.15022E6	9.14185E5	7.93231E5	7.72522E5	7.9057E5	7.91133E5	7.28703E5	6.41143E5	5.54677E5	4.56092E5	4.9072E5	4.78317E5	1.69386E5	1.02198E5	5.80018E4	4.89222E5	5.39539E6	9071.3684	2616.42657	1585.50546
420	1.51274E6	1.39736E6	1.14945E6	9.29479E5	8.07574E5	7.84425E5	7.9753E5	7.95365E5	7.35153E5	6.58697E5	5.65362E5	4.63471E5	4.3638E5	5.96341E5	1.82329E5	1.10645E5	6.32745E4	7.98627E4	6.74002E6	1.8054E4	3125.12598	1787.21857
422	1.53167E6	1.40986E6	1.18134E6	9.4193E5	8.1223E5	7.90406E5	8.01548E5	7.95263E5	7.40791E5	6.65259E5	5.81444E5	4.83237E5	4.12412E5	6.83267E5	1.94436E5	1.17953E5	6.84011E4	5.11387E4	6.13399E6	2.10849E5	3220.2948	1687.20571
424	1.51718E6	1.40475E6	1.18717E6	9.58001E5	8.21334E5	7.94617E5	7.94885E5	7.94774E5	7.46004E5	6.73537E5	5.86306E5	4.9248E5	4.08821E5	7.10786E5	2.13104E5	1.26639E5	7.47832E4	4.88079E4	4.08389E6	1.0989E6	4614.43073	1620.31314
426	1.60384E6	1.40655E6	1.20004E6	9.74988E5	8.27993E5	7.94488E5	8.00866E5	7.94482E5	7.48175E5	6.80861E5	5.94909E5	5.02609E5	4.12963E5	6.67097E5	2.46258E5	1.34657E5	8.22605E4	4.96097E4	1.69523E6	3.11433E6	5571.85259	1927.80576
428	1.57061E6	1.40979E6	1.22837E6	9.84135E5	8.38992E5	7.88064E5	8.04794E5	7.94228E5	7.51238E5	6.84643E5	6.07213E5	5.17522E5	4.28775E5	5.8289E5	2.97521E5	1.43852E5	8.97636E4	5.25423E4	4.19935E5	5.32311E6	8623.30541	2114.29587
430	1.59453E6	1.43477E6	1.24728E6	9.90228E5	8.38574E5	7.9995E5	7.9742E5	7.98795E5	7.58708E5	6.8989E5	6.17264E5	5.25086E5	4.31343E5	4.96267E5	3.72798E5	1.52398E5	9.44463E4	5.57545E4	6.8318E4	6.32242E6	1.76066E4	2605.07201
432	1.60815E6	1.439E6	1.24026E6	1.00977E6	8.52362E5	7.94096E5	8.01963E5	7.97838E5	7.56889E5	7.0141E5	6.24894E5	5.31493E5	4.42949E5	4.2952E5	4.6201E5	1.60468E5	1.0167E5	5.97253E4	4.56457E4	5.48828E6	2.12098E5	3184.99018
434	1.57938E6	1.48104E6	1.26007E6	1.02159E6	8.57344E5	8.08391E5	7.9795E5	7.98696E5	7.57382E5	7.05037E5	6.33302E5	5.4046E5	4.54506E5	3.98511E5	5.49481E5	1.69604E5	1.09597E5	6.41304E4	4.39373E4	3.40463E6	1.07961E6	3866.96278
436	1.59423E6	1.45639E6	1.25972E6	1.02901E6	8.63882E5	7.97247E5	7.96603E5	7.90639E5	7.61816E5	7.03674E5	6.39487E5	5.46699E5	4.62879E5	3.8967E5	5.92978E5	1.81952E5	1.16398E5	7.05949E4	4.37092E4	1.44629E6	2.83127E6	5219.22355
438	1.59593E6	1.4692E6	1.2678E6	1.02523E6	8.58733E5	7.92907E5	7.92153E5	7.88297E5	7.56253E5	7.05566E5	6.42745E5	5.54252E5	4.71884E5	3.93011E5	5.89782E5	2.01556E5	1.22401E5	7.73891E4	4.66339E4	3.64174E5	4.81183E6	7721.41657
440	1.61458E6	1.42956E6	1.27482E6	1.03409E6	8.63181E5	7.93993E5	7.88282E5	7.86365E5	7.5402E5	7.09517E5	6.47845E5	5.59341E5	4.72519E5	3.97836E5	5.43978E5	2.31295E5	1.28491E5	8.12065E4	4.79906E4	5.92249E4	5.89125E6	1.29392E4
442	1.55585E6	1.46389E6	1.27057E6	1.04962E6	8.70391E5	7.98212E5	7.78043E5	7.80271E5	7.52767E5	7.06866E5	6.4453E5	5.68482E5	4.84001E5	4.05602E5	4.71255E5	2.77958E5	1.36282E5	8.76453E4	5.26046E4	4.21968E4	5.28096E6	1.1912E5
444	1.56559E6	1.44666E6	1.2658E6	1.06089E6	8.71803E5	7.87703E5	7.81224E5	7.72906E5	7.41862E5	7.05852E5	6.49558E5	5.7079E5	4.91366E5	4.08831E5	4.07646E5	3.38477E5	1.43357E5	9.17229E4	5.61395E4	4.01339E4	3.40611E6	7.07752E5
446	1.55245E6	1.45424E6	1.27756E6	1.05944E6	8.72288E5	8.01911E5	7.73398E5	7.66134E5	7.41958E5	7.05263E5	6.48863E5	5.7576E5	4.98463E5	4.18471E5	3.61274E5	4.10189E5	1.48267E5	9.78091E4	6.05282E4	4.05628E4	1.43956E6	2.2404E6
448	1.54983E6	1.46368E6	1.27681E6	1.07063E6	8.77062E5	7.9187E5	7.72921E5	7.66863E5	7.39467E5	7.05865E5	6.5196E5	5.76908E5	4.99498E5	4.26854E5	3.4177E5	4.70675E5	1.58836E5	1.04175E5	6.5946E4	4.22747E4	3.55733E5	4.20781E6
450	1.55532E6	1.4522E6	1.29464E6	1.07265E6	8.73246E5	7.90739E5	7.64118E5	7.59944E5	7.4173E5	7.03739E5	6.52028E5	5.82454E5	5.06272E5	4.26375E5	3.358E5	4.95752E5	1.71335E5	1.10221E5	7.07178E4	4.46292E4	5.9111E4	5.43108E6
452	1.58741E6	1.44118E6	1.28834E6	1.07395E6	8.88019E5	7.88705E5	7.53333E5	7.46393E5	7.31467E5	6.96829E5	6.55611E5	5.81712E5	5.09014E5	4.33391E5	3.35232E5	4.909E5	1.89013E5	1.15896E5	7.64418E4	4.77481E4	3.87575E4	5.00114E6
454	1.55845E6	1.44235E6	1.28768E6	1.07041E6	8.79351E5	7.90596E5	7.49597E5	7.45023E5	7.25824E5	6.97049E5	6.51245E5	5.85064E5	5.08915E5	4.41321E5	3.40784E5	4.43573E5	2.21985E5	1.19595E5	7.9458E4	5.02031E4	3.68995E4	3.25026E6
456	1.52894E6	1.42401E6	1.27479E6	1.07349E6	8.79134E5	7.74036E5	7.45104E5	7.34727E5	7.17663E5	6.8849E5	6.43617E5	5.87896E5	5.13664E5	4.43247E5	3.44837E5	3.84726E5	2.72593E5	1.25653E5	8.38149E4	5.45684E4	3.58134E4	1.33743E6
458	1.4445E6	1.3893E6	1.28272E6	1.07422E6	8.77047E5	7.68402E5	7.3081E5	7.29583E5	7.09264E5	6.81109E5	6.43198E5	5.81543E5	5.13143E5	4.44225E5	3.48469E5	3.293E5	3.28666E5	1.31101E5	8.96013E4	5.85468E4	3.85303E4	3.2993E5
460	1.47644E6	1.40362E6	1.27817E6	1.06726E6	8.77512E5	7.67899E5	7.25193E5	7.16778E5	7.0417E5	6.76675E5	6.4048E5	5.81896E5	5.13207E5	4.48992E5	3.51347E5	2.97364E5	3.79452E5	1.36344E5	9.43692E4	6.24316E4	3.96096E4	5.49135E4
462	1.48419E6	1.3924E6	1.25856E6	1.06299E6	8.73446E5	7.63137E5	7.20309E5	7.05147E5	6.91508E5	6.70923E5	6.3323E5	5.77834E5	5.18118E5	4.50636E5	3.54853E5	2.82809E5	4.15714E5	1.43965E5	9.86793E4	6.786E4	4.12953E4	3.48756E4
464	1.43747E6	1.3916E6	1.27193E6	1.06109E6	8.70654E5	7.61132E5	7.16129E5	6.97662E5	6.82067E5	6.63305E5	6.2734E5	5.77085E5	5.14809E5	4.53343E5	3.59111E5	2.76373E5	4.1838E5	1.551E5	1.03647E5	6.98614E4	4.42972E4	3.35269E4
466	1.46281E6	1.37828E6	1.23423E6	1.06056E6	8.71375E5	7.55835E5	7.04639E5	6.86296E5	6.76011E5	6.55426E5	6.23084E5	5.70098E5	5.13622E5	4.56113E5	3.59555E5	2.82783E5	3.97139E5	1.72566E5	1.07013E5	7.4044E4	4.7113E4	3.29622E4
468	1.51506E6	1.3509E6	1.22918E6	1.05239E6	8.56288E5	7.46847E5	6.96913E5	6.80983E5	6.68013E5	6.51018E5	6.18123E5	5.67323E5	5.12912E5	4.55256E5	3.64499E5	2.79842E5	3.52236E5	2.0378E5	1.08896E5	7.80431E4	5.13976E4	3.4327E4
470	1.9757E6	1.36381E6	1.2349E6	1.05418E6	8.62568E5	7.42088E5	6.90525E5	6.72585E5	6.5122E5	6.36747E5	6.12264E5	5.61341E5	5.11775E5	4.51344E5	3.64169E5	2.85205E5	3.04714E5	2.44647E5	1.12996E5	8.1046E4	5.39548E4	3.55406E4
472	2.8598E6	1.33823E6	1.21001E6	1.0401E6	8.56021E5	7.41212E5	6.80349E5	6.59155E5	6.50108E5	6.31862E5	6.08345E5	5.58403E5	5.10103E5	4.55328E5	3.63773E5	2.83868E5	2.68263E5	2.91114E5	1.18406E5	8.44875E4	5.85082E4	3.60026E4
474	4.35747E6	1.30881E6	1.21596E6	1.03796E6	8.56305E5	7.27133E5	6.77249E5	6.60459E5	6.40648E5	6.26068E5	5.96447E5	5.54649E5	5.06207E5	4.52092E5	3.6923E5	2.85862E5	2.46069E5	3.29769E5	1.22494E5	8.68929E4	6.04311E4	3.91559E4
476	6.66523E6	1.30636E6	1.19397E6	1.02829E6	8.55592E5	7.22201E5	6.59988E5	6.42633E5	6.29398E5	6.13975E5	5.91732E5	5.4694E5	5.01669E5	4.50823E5	3.62886E5	2.88531E5	2.35986E5	3.54357E5	1.29304E5	9.2532E4	6.30028E4	4.05007E4
478	9.40008E6	1.29213E6	1.18018E6	1.03035E6	8.41507E5	7.10597E5	6.55912E5	6.27668E5	6.19891E5	6.01323E5	5.80308E5	5.41603E5	4.93195E5	4.44372E5	3.62774E5	2.90929E5	2.32678E5	3.55637E5	1.40503E5	9.35331E4	6.60686E4	4.37223E4
480	1.18843E7	1.26727E6	1.15771E6	1.015E6	8.2788E5	7.08256E5	6.45871E5	6.22308E5	6.11435E5	5.91959E5	5.74087E5	5.35818E5	4.89867E5	4.43269E5	3.6254E5	2.9085E5	2.33698E5	3.29737E5	1.57478E5	9.59302E4	6.82377E4	4.5518E4
482	1.32516E7	1.24676E6	1.15493E6	1.01063E6	8.12941E5	7.0141E5	6.37441E5	6.08803E5	5.98178E5	5.81323E5	5.62308E5	5.24984E5	4.83717E5	4.40641E5	3.60854E5	2.8894E5	2.34895E5	2.91367E5	1.86668E5	9.90792E4	7.11371E4	4.99813E4
484	1.2814E7	1.24875E6	1.14747E6	9.90926E5	8.17042E5	6.84467E5	6.22295E5	6.04358E5	5.8258E5	5.65848E5	5.50312E5	5.19113E5	4.81496E5	4.40784E5	3.59338E5	2.84904E5	2.33481E5	2.50032E5	2.2259E5	1.03024E5	7.47069E4	5.1914E4
486	1.10256E7	1.22105E6	1.1262E6	9.72448E5	8.02616E5	6.86437E5	6.15437E5	5.92122E5	5.78201E5	5.63106E5	5.46761E5	5.14563E5	4.73835E5	4.3394E5	3.60379E5	2.91577E5	2.32812E5	2.18221E5	2.55946E5	1.05156E5	7.70206E4	5.50378E4
488	8.08005E6	1.38701E6	1.11134E6	9.63869E5	7.94794E5	6.77567E5	6.12036E5	5.80054E5	5.60375E5	5.47699E5	5.38898E5	5.04381E5	4.66986E5	4.29412E5	3.58801E5	2.8804E5	2.32134E5	2.00772E5	2.88185E5	1.11603E5	7.90952E4	5.74463E4
490	5.21469E6	1.98199E6	1.08903E6	9.59606E5	7.87E5	6.73164E5	5.99845E5	5.69925E5	5.53138E5	5.39435E5	5.22201E5	4.94523E5	4.59564E5	4.25282E5	3.54989E5	2.87587E5	2.30298E5	1.92539E5	3.02333E5	1.18841E5	8.01881E4	5.83285E4
492	2.90777E6	3.23872E6	1.08838E6	9.37824E5	7.73693E5	6.6147E5	5.90637E5	5.56383E5	5.45359E5	5.30972E5	5.15947E5	4.8464E5	4.5198E5	4.20252E5	3.50689E5	2.84919E5	2.34039E5	1.90484E5	2.94928E5	1.28298E5	8.26445E4	6.04501E4
494	1.74306E6	5.24437E6	1.06565E6	9.31108E5	7.60588E5	6.44835E5	5.83025E5	5.47722E5	5.33866E5	5.16832E5	5.06689E5	4.76447E5	4.44436E5	4.14639E5	3.4728E5	2.85414E5	2.32879E5	1.87445E5	2.74558E5	1.45198E5	8.4003E4	6.21965E4
496	1.31527E6	8.01775E6	1.03621E6	9.21256E5	7.63075E5	6.34789E5	5.67696E5	5.31916E5	5.21062E5	5.08788E5	4.96333E5	4.68481E5	4.38798E5	4.11829E5	3.42529E5	2.83227E5	2.31234E5	1.88863E5	2.41004E5	1.69498E5	8.61186E4	6.41162E4
498	1.22311E6	1.10967E7	1.02863E6	8.99407E5	7.43425E5	6.33187E5	5.59298E5	5.31997E5	5.10081E5	5.02706E5	4.89271E5	4.59659E5	4.33745E5	4.05406E5	3.40574E5	2.78829E5	2.31104E5	1.88989E5	2.05963E5	1.96671E5	8.85835E4	6.5735E4
500	1.18285E6	1.36856E7	1.0175E6	9.03219E5	7.41651E5	6.28912E5	5.5518E5	5.14952E5	5.0079E5	4.90849E5	4.74476E5	4.52355E5	4.25219E5	3.96974E5	3.38853E5	2.76612E5	2.30807E5	1.88662E5	1.8328E5	2.24873E5	9.10064E4	6.64706E4
502	1.16643E6	1.48543E7	9.98549E5	8.84067E5	7.31652E5	6.1424E5	5.38626E5	5.11419E5	4.96652E5	4.76885E5	4.6813E5	4.46433E5	4.18548E5	3.93785E5	3.33655E5	2.74791E5	2.29127E5	1.85523E5	1.67015E5	2.45173E5	9.39362E4	6.99102E4
504	1.08034E6	1.42172E7	9.79544E5	8.70687E5	7.2838E5	6.09458E5	5.33023E5	5.04878E5	4.85954E5	4.7412E5	4.63081E5	4.39945E5	4.13591E5	3.86843E5	3.30767E5	2.71271E5	2.29319E5	1.85968E5	1.57791E5	2.56216E5	9.97943E4	7.08511E4
506	1.11155E6	1.17892E7	9.9992E5	8.52119E5	7.0646E5	5.95122E5	5.25716E5	4.90336E5	4.72027E5	4.62002E5	4.48672E5	4.32615E5	4.07876E5	3.81387E5	3.22855E5	2.68602E5	2.26558E5	1.87039E5	1.55709E5	2.47313E5	1.10752E5	7.22589E4
508	1.14673E6	8.7422E6	1.1808E6	8.38554E5	7.00005E5	5.86937E5	5.14759E5	4.8358E5	4.65638E5	4.51398E5	4.39675E5	4.24357E5	3.98703E5	3.74117E5	3.22648E5	2.66946E5	2.22584E5	1.84797E5	1.5436E5	2.28064E5	1.24372E5	7.22716E4
510	1.14347E6	5.37212E6	1.93428E6	8.29369E5	6.91177E5	5.8246E5	5.02568E5	4.74355E5	4.52158E5	4.38806E5	4.2991E5	4.07411E5	3.90917E5	3.67682E5	3.16654E5	2.63933E5	2.18766E5	1.85789E5	1.53537E5	1.97908E5	1.44455E5	7.51292E4
512	1.24529E6	2.77509E6	3.54205E6	8.10885E5	6.70369E5	5.60529E5	4.99289E5	4.59684E5	4.40068E5	4.34126E5	4.21487E5	4.04038E5	3.7978E5	3.61198E5	3.07775E5	2.60378E5	2.21027E5	1.82143E5	1.52323E5	1.70093E5	1.65918E5	7.51521E4
514	1.40626E6	1.46362E6	6.01481E6	7.86325E5	6.64207E5	5.55275E5	4.89779E5	4.50056E5	4.28267E5	4.22198E5	4.14629E5	3.90408E5	3.72022E5	3.50548E5	3.05113E5	2.56495E5	2.1439E5	1.7996E5	1.53104E5	1.48138E5	1.89124E5	7.66784E4
516	1.69179E6	1.09676E6	9.10171E6	7.86579E5	6.51595E5	5.4794E5	4.80882E5	4.4218E5	4.2245E5	4.11397E5	4.02364E5	3.84035E5	3.66893E5	3.4803E5	2.99491E5	2.53726E5	2.14468E5	1.79061E5	1.50198E5	1.36979E5	2.07055E5	7.83164E4
518	2.02129E6	9.86108E5	1.24518E7	7.67062E5	6.38716E5	5.41583E5	4.74004E5	4.3403E5	4.15797E5	4.00578E5	3.93775E5	3.75627E5	3.62777E5	3.40469E5	2.9782E5	2.50277E5	2.12262E5	1.78818E5	1.49588E5	1.29417E5	2.12134E5	8.38894E4
520	2.43923E6	9.92087E5	1.49964E7	7.55838E5	6.25984E5	5.29313E5	4.59446E5	4.29756E5	4.03119E5	3.96796E5	3.86984E5	3.6676E5	3.5143E5	3.3586E5	2.89401E5	2.45968E5	2.09689E5	1.76853E5	1.48619E5	1.25987E5	2.01254E5	9.1202E4
522	2.72313E6	9.45031E5	1.5757E7	7.46888E5	6.18702E5	5.20883E5	4.55504E5	4.07981E5	3.96897E5	3.85978E5	3.72749E5	3.56247E5	3.4505E5	3.24787E5	2.85151E5	2.41169E5	2.0553E5	1.73484E5	1.46055E5	1.27685E5	1.8529E5	1.03223E5
524	2.94355E6	9.07725E5	1.43829E7	7.34544E5	6.02049E5	5.1302E5	4.46766E5	4.05522E5	3.85748E5	3.76179E5	3.68823E5	3.51076E5	3.36501E5	3.23788E5	2.79932E5	2.3716E5	2.04536E5	1.71139E5	1.453E5	1.24643E5	1.59388E5	1.18874E5
526	3.0244E6	8.78994E5	1.1774E7	7.46429E5	6.04371E5	4.9249E5	4.33295E5	3.8901E5	3.759E5	3.65693E5	3.56162E5	3.43315E5	3.2908E5	3.12189E5	2.74272E5	2.31838E5	2.00282E5	1.70464E5	1.42397E5	1.22352E5	1.38528E5	1.37537E5
528	2.7853E6	8.63984E5	8.40166E6	9.70396E5	5.84108E5	4.96536E5	4.24816E5	3.89185E5	3.69403E5	3.60096E5	3.47977E5	3.36262E5	3.21945E5	3.07825E5	2.66717E5	2.27866E5	1.9342E5	1.68141E5	1.41438E5	1.19552E5	1.19934E5	1.56459E5
530	2.54753E6	8.81837E5	5.03453E6	1.79511E6	5.80179E5	4.894E5	4.15274E5	3.78418E5	3.58671E5	3.50164E5	3.39849E5	3.27309E5	3.08982E5	2.98196E5	2.64122E5	2.23595E5	1.93605E5	1.65243E5	1.41665E5	1.21175E5	1.08707E5	1.67419E5
532	2.0677E6	8.61063E5	2.48529E6	3.64935E6	5.60565E5	4.71182E5	4.07775E5	3.73428E5	3.53091E5	3.43426E5	3.2911E5	3.17203E5	3.05748E5	2.9406E5	2.54338E5	2.17572E5	1.90323E5	1.60152E5	1.3877E5	1.18204E5	1.01477E5	1.76597E5
534	1.62892E6	9.32171E5	1.21804E6	6.54733E6	5.54253E5	4.62707E5	4.03959E5	3.60185E5	3.39601E5	3.35092E5	3.23973E5	3.08891E5	3.01005E5	2.88897E5	2.50613E5	2.1501E5	1.84405E5	1.61441E5	1.35681E5	1.17301E5	9.66893E4	1.67428E5
536	1.28931E6	1.12889E6	8.48212E5	1.00964E7	5.44837E5	4.52066E5	3.91437E5	3.53409E5	3.30715E5	3.21051E5	3.13557E5	3.02842E5	2.88304E5	2.77794E5	2.44762E5	2.10488E5	1.84429E5	1.57535E5	1.34277E5	1.15037E5	9.68388E4	1.51229E5
538	9.68827E5	1.3701E6	7.83958E5	1.35444E7	5.27676E5	4.45135E5	3.8007E5	3.44944E5	3.27471E5	3.12628E5	3.07003E5	2.93363E5	2.82612E5	2.72506E5	2.38808E5	2.04165E5	1.80408E5	1.55375E5	1.32675E5	1.1256E5	9.50134E4	1.32103E5
540	8.28778E5	1.73012E6	7.52557E5	1.5995E7	5.2365E5	4.33303E5	3.73763E5	3.37462E5	3.20276E5	3.03081E5	2.93634E5	2.8674E5	2.73057E5	2.64097E5	2.31345E5	2.00594E5	1.75914E5	1.48929E5	1.31905E5	1.11367E5	9.49944E4	1.11318E5
542	7.46469E5	2.14083E6	7.21264E5	1.64043E7	5.07107E5	4.27252E5	3.63031E5	3.31417E5	3.09964E5	2.99731E5	2.8602E5	2.77697E5	2.69053E5	2.58549E5	2.25002E5	1.95366E5	1.73625E5	1.49503E5	1.26887E5	1.09356E5	9.2701E4	9.36458E4
544	7.01304E5	2.56987E6	7.06994E5	1.47773E7	5.08561E5	4.17332E5	3.52015E5	3.23027E5	3.00494E5	2.88324E5	2.82664E5	2.6947E5	2.59709E5	2.55513E5	2.21172E5	1.89131E5	1.66653E5	1.45802E5	1.25733E5	1.06765E5	9.1833E4	8.57397E4
546	6.88852E5	2.81714E6	6.74472E5	1.17789E7	5.3845E5	4.06832E5	3.48901E5	3.13166E5	2.88805E5	2.80929E5	2.75139E5	2.63773E5	2.53149E5	2.46698E5	2.15048E5	1.85987E5	1.65301E5	1.42147E5	1.233E5	1.07495E5	9.04532E4	7.79614E4
548	6.59563E5	2.99154E6	6.63163E5	8.19881E6	8.3788E5	3.91011E5	3.37264E5	3.07673E5	2.8732E5	2.76275E5	2.65106E5	2.57312E5	2.46638E5	2.3727E5	2.09909E5	1.81645E5	1.61726E5	1.41301E5	1.206E5	1.04087E5	8.9275E4	7.51658E4
550	6.60775E5	2.90383E6	6.45351E5	4.75277E6	1.82102E6	3.90194E5	3.28005E5	2.97219E5	2.79632E5	2.66231E5	2.55819E5	2.46302E5	2.41625E5	2.30795E5	2.06611E5	1.75295E5	1.57341E5	1.35995E5	1.19275E5	1.0397E5	8.80806E4	7.40536E4
552	6.36148E5	2.68192E6	6.37893E5	2.25761E6	3.91978E6	3.79842E5	3.24404E5	2.89583E5	2.70559E5	2.58253E5	2.54261E5	2.43935E5	2.36262E5	2.256E5	2.01296E5	1.72211E5	1.52769E5	1.35354E5	1.18505E5	1.00139E5	8.46812E4	7.03885E4
554	5.86939E5	2.31106E6	6.29227E5	1.01824E6	7.04688E6	3.72733E5	3.16528E5	2.88984E5	2.61326E5	2.54215E5	2.44491E5	2.35768E5	2.26282E5	2.2108E5	1.96987E5	1.67238E5	1.50689E5	1.31035E5	1.13831E5	9.84148E4	8.27179E4	7.13799E4
556	6.11495E5	1.86302E6	6.7585E5	6.70287E5	1.06804E7	3.63138E5	2.99802E5	2.79589E5	2.60056E5	2.48439E5	2.40132E5	2.28477E5	2.23958E5	2.1623E5	1.90116E5	1.65541E5	1.47295E5	1.28548E5	1.10943E5	9.64612E4	8.17926E4	6.98339E4
558	5.77765E5	1.42349E6	7.77066E5	5.93744E5	1.43296E7	3.56952E5	3.01181E5	2.67512E5	2.4975E5	2.38695E5	2.30107E5	2.20273E5	2.12656E5	2.0797E5	1.83896E5	1.62884E5	1.43039E5	1.24859E5	1.08184E5	9.60796E4	8.19743E4	6.89737E4
560	5.75226E5	1.04213E6	9.67937E5	5.67967E5	1.65839E7	3.5054E5	2.90279E5	2.63291E5	2.49186E5	2.32826E5	2.28728E5	2.19994E5	2.12046E5	2.03094E5	1.8064E5	1.56292E5	1.39587E5	1.24013E5	1.05586E5	9.24894E4	7.89082E4	6.66955E4
562	5.68794E5	7.92493E5	1.22987E6	5.4448E5	1.69722E7	3.39934E5	2.86425E5	2.58271E5	2.37616E5	2.27465E5	2.20135E5	2.12935E5	2.01814E5	1.97373E5	1.7579E5	1.525E5	1.35026E5	1.18466E5	1.04234E5	9.16558E4	7.73122E4	6.48213E4
564	5.45935E5	6.30992E5	1.61483E6	5.24001E5	1.50369E7	3.46745E5	2.80161E5	2.50124E5	2.31661E5	2.21767E5	2.15192E5	2.01492E5	1.98833E5	1.9162E5	1.68342E5	1.48879E5	1.31752E5	1.16114E5	1.02081E5	8.98846E4	7.54335E4	6.50213E4
566	5.2251E5	5.32143E5	2.00545E6	5.08372E5	1.17998E7	3.76049E5	2.7543E5	2.44621E5	2.26397E5	2.14754E5	2.09007E5	1.99852E5	1.93421E5	1.86565E5	1.6511E5	1.44703E5	1.27676E5	1.12009E5	9.95027E4	8.78372E4	7.31279E4	6.18843E4
568	5.06166E5	5.2464E5	2.37531E6	4.89966E5	7.89994E6	6.8037E5	2.66467E5	2.34876E5	2.18167E5	2.10651E5	2.01006E5	1.93019E5	1.86437E5	1.7987E5	1.6049E5	1.41595E5	1.2559E5	1.10496E5	9.70871E4	8.50574E4	7.13984E4	6.10652E4
570	4.92533E5	4.93596E5	2.66733E6	4.8601E5	4.38227E6	1.77461E6	2.60537E5	2.27462E5	2.09716E5	2.0433E5	1.98234E5	1.84749E5	1.80078E5	1.75266E5	1.54343E5	1.35375E5	1.2206E5	1.10104E5	9.52633E4	8.21278E4	7.05124E4	5.95289E4
572	5.00251E5	4.69582E5	2.7184E6	4.80161E5	1.95312E6	3.96268E6	2.53581E5	2.27718E5	2.09064E5	1.96948E5	1.91488E5	1.81971E5	1.76272E5	1.72735E5	1.53677E5	1.32336E5	1.17003E5	1.03344E5	9.24383E4	7.9777E4	7.01739E4	5.81547E4
574	4.87369E5	4.51358E5	2.59166E6	4.69537E5	8.04511E5	7.12498E6	2.48991E5	2.16897E5	1.99505E5	1.89866E5	1.82927E5	1.78481E5	1.69334E5	1.64734E5	1.47411E5	1.29742E5	1.15061E5	1.01678E5	8.88334E4	8.0236E4	6.78132E4	5.79863E4
576	4.9561E5	4.42544E5	2.33405E6	4.59637E5	4.98671E5	1.07018E7	2.41771E5	2.12513E5	1.93199E5	1.84711E5	1.78687E5	1.66692E5	1.61097E5	1.60957E5	1.433E5	1.25199E5	1.1138E5	9.72525E4	8.84804E4	7.65033E4	6.47452E4	5.56528E4
578	4.65036E5	4.40249E5	1.93356E6	4.78568E5	4.52385E5	1.41118E7	2.43402E5	2.0592E5	1.88335E5	1.7967E5	1.7355E5	1.69045E5	1.59586E5	1.54632E5	1.36968E5	1.18209E5	1.09876E5	9.62615E4	8.56783E4	7.40361E4	6.45742E4	5.60372E4
580	4.86736E5	4.31269E5	1.50717E6	5.19096E5	4.24072E5	1.63009E7	2.32692E5	2.01658E5	1.84114E5	1.74387E5	1.6755E5	1.60281E5	1.53235E5	1.51628E5	1.37051E5	1.18214E5	1.06008E5	9.2714E4	8.36298E4	7.2203E4	6.2829E4	5.40935E4
582	4.39027E5	4.03072E5	1.13847E6	6.35596E5	4.16074E5	1.66093E7	2.35591E5	1.94123E5	1.80887E5	1.68562E5	1.59366E5	1.54328E5	1.50244E5	1.47781E5	1.29047E5	1.15827E5	1.03221E5	9.13605E4	7.97283E4	7.12149E4	6.11105E4	5.23086E4
584	4.69732E5	4.16455E5	8.35935E5	8.38574E5	4.01966E5	1.45468E7	2.34229E5	1.95172E5	1.75116E5	1.65212E5	1.56992E5	1.53961E5	1.46303E5	1.41972E5	1.26102E5	1.1163E5	9.85781E4	8.90372E4	7.81288E4	6.90768E4	5.86411E4	5.22803E4
586	4.13611E5	4.17333E5	6.04127E5	1.10598E6	4.05017E5	1.12334E7	2.61894E5	1.86965E5	1.69739E5	1.59008E5	1.49868E5	1.43917E5	1.39892E5	1.35746E5	1.2185E5	1.05137E5	9.7439E4	8.64408E4	7.76351E4	6.64396E4	6.00437E4	5.03925E4
588	4.64886E5	3.84365E5	4.96651E5	1.45723E6	3.88971E5	7.38862E6	5.61453E5	1.86687E5	1.63785E5	1.54858E5	1.49848E5	1.41185E5	1.34819E5	1.3545E5	1.16243E5	1.02009E5	9.32178E4	8.28907E4	7.53681E4	6.54382E4	5.54689E4	4.76235E4
590	4.20997E5	3.80417E5	4.22866E5	1.82986E6	3.91472E5	3.92519E6	1.67312E6	1.79904E5	1.57439E5	1.47266E5	1.4451E5	1.39126E5	1.30616E5	1.27904E5	1.14913E5	1.01138E5	8.99314E4	7.91416E4	7.27559E4	6.37907E4	5.26456E4	4.69935E4
592	3.96502E5	3.63495E5	4.10426E5	2.1357E6	3.8602E5	1.61941E6	3.96183E6	1.75881E5	1.54364E5	1.42514E5	1.36893E5	1.28915E5	1.28756E5	1.22681E5	1.11833E5	9.96411E4	8.6923E4	7.7518E4	6.9363E4	6.20714E4	5.19658E4	4.57091E4
594	4.37969E5	3.87862E5	3.97166E5	2.34827E6	3.81088E5	6.1755E5	7.18876E6	1.71516E5	1.5169E5	1.36007E5	1.35139E5	1.28051E5	1.24343E5	1.20863E5	1.08061E5	9.33189E4	8.45377E4	7.64282E4	6.68838E4	5.98447E4	5.14649E4	4.47113E4
596	4.43545E5	3.79653E5	3.70618E5	2.39504E6	3.84858E5	3.72823E5	1.08846E7	1.66934E5	1.45783E5	1.39397E5	1.28594E5	1.23263E5	1.20421E5	1.14225E5	1.03754E5	9.34696E4	8.44448E4	7.25174E4	6.50641E4	5.85603E4	4.93895E4	4.4044E4
598	4.70526E5	3.80633E5	3.71764E5	2.2724E6	3.83258E5	3.37045E5	1.4174E7	1.6414E5	1.39922E5	1.28449E5	1.28558E5	1.20292E5	1.18563E5	1.13823E5	1.02349E5	8.99417E4	8.07274E4	7.22994E4	6.23417E4	5.50922E4	4.86597E4	4.05561E4
600	3.86965E5	3.5847E5	3.725E5	2.02969E6	3.89488E5	3.24739E5	1.61058E7	1.63971E5	1.39838E5	1.31235E5	1.24318E5	1.15427E5	1.12327E5	1.10949E5	9.70787E4	8.64406E4	7.82895E4	6.94904E4	6.09213E4	5.47546E4	4.77602E4	4.07731E4
