300	6.345E4	6.14821E4	6.12873E4	2.71294E6	2.03361E5	1.58886E5	1.15772E7	4.06514E4	5652.71974	3477.55166	2155.13178	1683.46096	1823.19887	1252.65594	954.56818	811.71488	840.68636	834.01939	613.42161	939.80392	603.60401	654.22597
302	6.14614E4	6.99387E4	5.43782E4	1.7385E6	5.27767E5	1.06428E5	1.00027E7	4.45985E5	6429.50066	3807.2789	2200.78695	1868.79985	1279.61583	1316.65982	847.7237	735.0025	582.15778	586.75825	970.75655	676.1383	578.61058	495.81713
304	7.99171E4	6.31034E4	4.76759E4	8.79422E5	1.12666E6	9.25642E4	6.2361E6	1.97176E6	7691.86194	3838.89157	2801.95233	1551.8034	1278.24224	1095.57696	1069.44548	911.6401	836.29974	723.91785	832.74556	674.044	719.11672	496.20588
306	7.86494E4	5.76083E4	5.21329E4	3.7084E5	1.90602E6	8.81441E4	2.65598E6	5.1555E6	9766.79185	3725.56763	2682.24775	1764.62991	1652.87673	1338.75691	1142.17038	1178.88596	880.70815	696.59984	783.47826	957.06044	575.51099	1023.07004
308	5.79156E4	5.63893E4	4.98159E4	1.41766E5	2.62536E6	8.04835E4	6.95844E5	8.99021E6	1.43042E4	4148.32605	2652.66202	1494.6728	1704.43381	1514.04788	1087.78872	681.40438	753.35917	623.87868	729.14789	430.88949	639.51169	957.40881
310	6.93631E4	5.79908E4	4.47711E4	7.17897E4	2.79884E6	8.87552E4	1.48244E5	1.09182E7	3.57685E4	4747.28349	2600.38486	2012.55882	1218.54739	1179.66694	1032.96349	1051.43671	758.20155	622.23435	907.42513	646.21208	636.77758	515.02959
312	7.07154E4	4.71627E4	4.76565E4	5.44854E4	2.33359E6	1.655E5	9.33964E4	9.51095E6	4.0701E5	5481.15298	2626.73227	1412.20547	1381.20963	1289.99293	858.65091	928.20703	784.61467	721.01472	791.52261	559.85051	432.57204	617.3789
314	6.94314E4	5.42993E4	4.86965E4	5.01613E4	1.5082E6	4.2956E5	8.12089E4	5.63513E6	1.95812E6	6065.54221	3064.06047	1966.21013	1870.22833	1090.02808	1061.45563	1044.01841	807.30414	610.36736	581.53842	774.9859	583.39738	686.44783
316	6.81048E4	4.96624E4	4.37057E4	4.15594E4	7.80061E5	9.33927E5	7.26972E4	2.24357E6	4.92902E6	8291.34561	3689.03367	2464.4202	1422.3233	1264.94669	1183.01623	682.0859	935.6576	530.97551	867.1198	328.69629	505.44762	690.88327
318	6.03806E4	4.87384E4	4.64804E4	4.00044E4	3.23389E5	1.58866E6	6.42625E4	5.73908E5	8.11288E6	1.17458E4	3589.1823	2040.09046	1766.57315	1446.47699	1022.47099	897.59686	655.91355	736.95536	617.85786	678.86233	342.08095	564.94924
320	5.98967E4	4.64306E4	4.74972E4	4.07518E4	1.24291E5	2.15714E6	5.74623E4	1.19912E5	9.50104E6	3.3086E4	4077.95295	2148.21954	1565.74702	1185.71367	1170.24003	824.34755	617.35756	741.89055	523.72215	645.07728	505.05157	554.53416
322	5.19946E4	4.44496E4	4.06299E4	3.99029E4	6.71117E4	2.28629E6	6.79731E4	7.39048E4	7.92963E6	3.5445E5	4336.47917	2092.94186	1793.2627	1013.0597	945.00733	1017.95195	626.82707	597.86867	744.7797	450.34639	545.36117	523.16061
324	5.09948E4	4.51456E4	3.69305E4	3.94935E4	5.04691E4	1.92821E6	1.22426E5	6.34758E4	4.65175E6	1.59861E6	5432.06503	2282.1062	1954.92654	1438.20257	1017.43525	917.16929	888.11776	659.27753	678.94074	711.2102	477.62645	612.97706
326	6.2287E4	5.16749E4	3.66051E4	4.36011E4	4.4473E4	1.31329E6	3.02585E5	5.7411E4	1.86355E6	3.96525E6	6558.10214	2511.3623	2030.88866	1540.54456	1033.51799	770.19507	589.88653	593.90872	784.31405	571.0566	597.56773	631.83748
328	7.39958E4	4.22039E4	3.56341E4	4.40603E4	4.3234E4	7.21722E5	6.78727E5	5.2852E4	4.99065E5	6.63077E6	1.00106E4	2958.49353	2048.99067	1396.94673	810.96918	1095.25519	754.40225	725.26985	601.96355	517.71982	546.16917	637.02858
330	7.38487E4	3.85662E4	3.15197E4	4.31402E4	3.83142E4	3.14491E5	1.19492E6	4.88932E4	9.90953E4	7.95815E6	2.64475E4	3108.77333	1989.91004	1245.26114	1169.14133	947.73087	742.98258	664.85473	668.64402	422.8851	437.22689	650.19835
332	7.05424E4	4.10485E4	3.59433E4	4.20063E4	4.01674E4	1.29985E5	1.66509E6	4.46376E4	6.46323E4	6.78263E6	2.66972E5	3338.77546	1934.12868	1485.17704	1257.33884	906.90425	786.41274	510.90452	465.4233	420.99894	449.85548	506.84155
334	9.38244E4	4.41353E4	3.21815E4	4.01699E4	3.73697E4	6.30621E4	1.87464E6	4.82644E4	5.30125E4	4.21577E6	1.21665E6	4382.17156	1924.78449	1580.68954	1038.43704	932.65609	721.07034	592.69026	681.96254	533.74361	646.57625	472.24972
336	9.34466E4	3.88389E4	3.60746E4	3.82001E4	3.98148E4	4.69018E4	1.69076E6	8.55174E4	4.81119E4	1.71852E6	3.19623E6	5399.3735	2462.25381	1458.07366	1022.20896	717.02172	725.13451	791.8904	549.77449	521.68957	490.68499	467.77948
338	8.10553E4	4.1664E4	3.04778E4	3.90887E4	3.88908E4	3.95574E4	1.24554E6	2.06865E5	4.72136E4	4.75242E5	5.32845E6	7762.43624	2383.67177	1607.70485	1117.85766	954.26256	421.29045	618.3894	628.29339	683.0665	396.14703	450.63907
340	8.74471E4	4.03923E4	3.5211E4	3.73059E4	3.99027E4	3.64355E4	7.24913E5	4.7429E5	4.27598E4	9.31361E4	6.38238E6	1.94843E4	2474.09743	1646.04003	1193.64077	1027.37182	788.74918	714.21258	527.34798	383.85304	589.57075	468.85283
342	8.60396E4	4.40316E4	3.06799E4	3.60278E4	3.9105E4	3.37715E4	3.45175E5	8.50272E5	3.72994E4	5.49148E4	5.5662E6	2.03294E5	3066.68788	1747.85695	1290.26638	901.59658	685.4731	531.52433	520.21774	470.67137	545.26576	422.74844
344	9.51115E4	4.37662E4	3.32014E4	3.23149E4	3.98744E4	3.1438E4	1.3436E5	1.26773E6	3.39243E4	4.32967E4	3.30865E6	1.03416E6	3206.96646	1672.82125	1295.12584	804.87683	851.04061	600.61469	387.84573	488.19843	394.35843	333.84442
346	9.87548E4	5.21663E4	3.48057E4	3.31667E4	3.915E4	2.9949E4	6.02108E4	1.48672E6	3.42713E4	3.97777E4	1.34392E6	2.66535E6	4605.34332	1825.58543	1245.09182	781.1481	614.83383	679.1892	519.20004	417.19307	301.673	280.60563
348	1.04333E5	4.48831E4	3.04135E4	3.40261E4	3.79775E4	2.94305E4	3.567E4	1.39591E6	5.92734E4	3.72372E4	3.42076E5	4.5055E6	7037.14946	2128.58078	1189.12742	776.48339	603.44524	516.76256	460.41519	476.23145	467.93608	445.19642
350	9.69835E4	4.41046E4	3.40563E4	3.2782E4	3.67583E4	2.96191E4	2.94472E4	1.08164E6	1.36895E5	3.35907E4	7.37747E4	5.24094E6	1.51249E4	2239.16241	1151.88664	1106.05857	677.50104	643.21282	466.04177	436.17881	541.35156	319.73531
352	1.04447E5	4.54637E4	3.25567E4	2.93855E4	3.44662E4	2.94692E4	2.49522E4	6.56161E5	3.24534E5	3.15438E4	4.35067E4	4.43005E6	1.64943E5	2563.2175	1134.2214	958.58014	769.72838	451.80198	448.83587	431.55855	291.03048	288.15234
354	9.75502E4	4.61659E4	3.22351E4	2.96869E4	3.26486E4	2.92943E4	2.17212E4	3.32343E5	5.97525E5	2.82703E4	3.36099E4	2.70972E6	7.85159E5	2846.38524	1454.32833	925.78865	731.58438	523.64675	483.65804	380.62285	475.13732	291.15286
356	9.51183E4	4.19857E4	3.18315E4	2.83286E4	3.09275E4	2.77993E4	2.08426E4	1.3764E5	9.0741E5	2.42463E4	3.08893E4	1.09287E6	2.15423E6	3737.9979	1297.17187	796.53956	849.44932	488.15372	479.38813	435.24172	470.60468	455.26811
358	8.59516E4	4.34117E4	2.7829E4	2.83676E4	2.86387E4	2.71363E4	1.98771E4	5.97142E4	1.10805E6	2.38411E4	2.9036E4	2.88155E5	3.75755E6	5973.55574	1463.34606	983.63021	699.71584	623.57663	544.60218	334.35869	271.06899	381.73877
360	8.55051E4	4.56261E4	2.81042E4	2.63213E4	2.90183E4	2.71874E4	1.81149E4	3.21267E4	1.10542E6	3.53253E4	2.77036E4	6.13095E4	4.64119E6	1.24035E4	1535.07442	996.38642	833.50838	544.29733	454.80269	502.81341	365.09398	284.50159
362	9.87825E4	4.30015E4	2.95034E4	2.67302E4	2.7122E4	2.58793E4	1.81352E4	2.30158E4	9.0973E5	8.06021E4	2.50954E4	3.70276E4	4.15026E6	1.31282E5	1696.56912	1065.47443	707.18475	617.34914	373.41555	486.26698	340.82388	341.49986
364	9.19159E4	4.93798E4	2.53814E4	2.51391E4	2.53746E4	2.54011E4	1.73651E4	1.71183E4	6.08734E5	1.85774E5	2.19206E4	2.8752E4	2.70746E6	6.77526E5	2277.93863	939.03771	726.37393	535.10991	492.82095	519.68182	418.62348	325.34795
366	7.83773E4	4.55717E4	2.71092E4	2.45074E4	2.53489E4	2.4164E4	1.69971E4	1.4128E4	3.19061E5	3.82175E5	2.00936E4	2.49046E4	1.16072E6	1.8967E6	3158.01141	1331.64473	751.50334	718.9088	311.82784	447.12389	284.50255	334.25048
368	7.63196E4	4.02294E4	2.768E4	2.48197E4	2.40583E4	2.30614E4	1.52659E4	1.36415E4	1.43082E5	6.21935E5	1.76525E4	2.35211E4	3.17444E5	3.30131E6	4802.65055	1209.37567	756.23632	597.8078	493.20023	474.56205	318.22539	245.62346
370	7.87037E4	3.57067E4	2.34426E4	2.38421E4	2.28764E4	2.18689E4	1.55048E4	1.23193E4	5.74866E4	8.21699E5	1.78744E4	2.20775E4	5.7808E4	4.03045E6	1.1849E4	1483.06188	775.20975	639.85873	349.66858	383.40657	446.45813	309.60621
372	7.95153E4	3.47519E4	2.37441E4	2.2668E4	2.27995E4	1.99357E4	1.59838E4	1.1212E4	3.02217E4	8.86678E5	2.4942E4	2.0813E4	3.30316E4	3.45133E6	1.21917E5	1523.87262	723.37601	716.81821	404.7485	545.89016	496.66263	333.36246
374	7.79292E4	3.34656E4	2.25641E4	2.09883E4	2.09933E4	1.85767E4	1.48577E4	1.10277E4	1.87752E4	7.72543E5	5.42916E4	1.96717E4	2.52584E4	2.1156E6	6.09158E5	1668.43582	930.46057	547.92379	510.21742	407.83702	359.13857	238.10621
376	6.92879E4	3.63104E4	2.30915E4	1.99496E4	1.83805E4	1.70381E4	1.52969E4	1.04243E4	1.36551E4	5.55564E5	1.28613E5	1.71016E4	2.14461E4	8.64487E5	1.61089E6	2730.34521	818.60683	714.90041	506.88185	292.01047	343.54633	341.28255
378	7.15074E4	3.59996E4	2.0081E4	1.72808E4	1.8764E4	1.70794E4	1.4258E4	1.04178E4	1.14654E4	3.27584E5	2.66183E5	1.53565E4	1.89891E4	2.16143E5	2.78891E6	4177.92686	986.0561	596.38146	535.3047	464.09967	329.33234	199.41482
380	7.0794E4	3.31145E4	2.06445E4	1.8104E4	1.75196E4	1.63242E4	1.47442E4	9926.42021	1.0086E4	1.56878E5	4.46239E5	1.44349E4	1.86737E4	4.72521E4	3.32418E6	9601.51815	882.75087	502.2117	576.30489	356.03761	319.65398	301.55178
382	6.58346E4	3.40444E4	1.89593E4	1.70737E4	1.81451E4	1.60689E4	1.40546E4	9192.06627	9508.85873	7.03826E4	6.17411E5	1.34442E4	1.81851E4	2.94655E4	2.88507E6	9.21307E4	1370.18303	684.16605	502.48051	386.2288	339.20725	291.12711
384	6.75387E4	3.63617E4	1.86961E4	1.68514E4	1.73898E4	1.49979E4	1.24282E4	9358.11066	8752.09502	3.32993E4	7.1337E5	1.69341E4	1.71938E4	2.25029E4	1.79874E6	4.66298E5	1627.42914	735.47873	611.82731	476.82787	338.84304	385.41465
386	6.45495E4	3.02912E4	1.73075E4	1.7081E4	1.56839E4	1.52917E4	1.22667E4	9898.50767	8304.6483	2.00786E4	6.7785E5	3.38474E4	1.59358E4	1.89396E4	7.41204E5	1.33373E6	2120.93895	740.21949	501.43556	431.92668	413.63233	205.31776
388	6.4769E4	3.29179E4	1.71788E4	1.56284E4	1.57339E4	1.41422E4	1.20964E4	9365.38517	7984.65438	1.4859E4	5.45804E5	7.90135E4	1.42821E4	1.59224E4	2.05895E5	2.36137E6	4063.8774	995.08521	560.4909	478.78812	405.20526	219.68534
390	6.64343E4	3.49588E4	1.59879E4	1.64007E4	1.53128E4	1.34657E4	1.04934E4	9829.03823	7947.92329	1.16322E4	3.57421E5	1.68314E5	1.32383E4	1.65048E4	4.46029E4	2.97542E6	9064.72583	1008.1446	655.46545	624.16676	321.75121	198.12834
392	5.89236E4	3.72561E4	1.85553E4	1.6869E4	1.56556E4	1.31865E4	1.09747E4	9812.24327	7543.30803	9687.35807	1.88554E5	3.06711E5	1.1546E4	1.6347E4	2.56588E4	2.67827E6	9.75875E4	1099.41088	546.37252	422.88065	419.13853	247.31055
394	5.52926E4	3.47927E4	1.56012E4	1.45566E4	1.36943E4	1.25598E4	1.03243E4	9596.71084	7668.42117	8928.2368	8.86622E4	4.57517E5	1.12048E4	1.6207E4	2.08189E4	1.74779E6	4.41377E5	1507.55192	593.65217	529.39716	438.90864	328.21457
396	6.53769E4	3.55249E4	1.70726E4	1.36632E4	1.36603E4	1.27241E4	9798.6472	9919.7537	7449.99318	7553.45076	4.05968E4	5.68473E5	1.20107E4	1.44141E4	1.60644E4	7.35943E5	1.24421E6	2326.65342	698.05991	430.2171	457.18159	353.3099
398	6.3086E4	3.82584E4	1.37451E4	1.2584E4	1.36909E4	1.17991E4	9301.87581	9018.68023	7205.64933	7810.97633	2.21615E4	5.91917E5	1.96917E4	1.27094E4	1.40156E4	2.053E5	2.16181E6	3434.5902	928.38689	555.83473	420.89932	379.6138
400	6.34623E4	4.4842E4	1.67569E4	1.26599E4	1.36593E4	1.12949E4	9042.32831	8583.0448	7394.08378	7094.48247	1.50591E4	5.09631E5	4.45522E4	1.15984E4	1.3531E4	4.11047E4	2.65797E6	7548.48517	962.29172	497.25848	345.96916	342.13966
402	6.49259E4	4.03694E4	1.62251E4	1.40431E4	1.33301E4	1.18085E4	9814.10631	9033.55048	6940.77706	7420.2126	1.18051E4	3.65834E5	1.02046E5	1.07582E4	1.29701E4	2.3235E4	2.30506E6	7.48349E4	1026.04303	711.72741	450.96681	265.36408
404	5.72814E4	4.08987E4	1.51537E4	1.39182E4	1.3116E4	1.07832E4	8621.66078	7101.73454	7689.6363	6838.23514	8785.94194	2.17435E5	1.9786E5	9923.35121	1.35425E4	1.85222E4	1.41923E6	3.82931E5	1406.06903	558.52288	299.70342	348.61927
406	5.6268E4	3.84904E4	1.53855E4	1.31375E4	1.31315E4	1.12873E4	8661.02521	7232.21439	7377.23602	6771.12581	8030.27532	1.1024E5	3.17535E5	9451.73293	1.23983E4	1.42582E4	5.92915E5	1.04288E6	1896.68813	666.5502	482.06708	414.33048
408	5.84488E4	4.10999E4	1.72499E4	1.24354E4	1.32993E4	1.06011E4	9002.90764	7033.19636	7853.74375	6610.98173	6698.42883	4.99032E4	4.31567E5	9591.80894	1.16035E4	1.18181E4	1.51009E5	1.86701E6	3141.68554	653.7123	350.82373	354.35333
410	5.45348E4	4.30026E4	1.48126E4	1.26993E4	1.09189E4	1.04619E4	8921.10818	7335.75681	7298.65369	6237.32274	6752.18357	2.43718E4	4.94693E5	1.33121E4	1.02239E4	1.07912E4	3.05945E4	2.31718E6	6228.36238	912.88671	415.28222	331.06146
412	5.82895E4	4.17707E4	1.49213E4	1.16847E4	1.108E4	1.03255E4	8868.67804	7657.23755	7748.45626	6244.99886	6624.04144	1.62083E4	4.69464E5	2.89526E4	8926.60588	1.06528E4	1.92209E4	2.09061E6	5.48141E4	999.30607	500.69271	351.43497
414	5.38414E4	4.61522E4	1.54967E4	1.15481E4	1.1487E4	1.08813E4	8253.76007	7392.82033	6751.17919	6137.33452	6264.70651	1.1749E4	3.79164E5	6.36624E4	8817.4384	1.0667E4	1.52193E4	1.31918E6	3.16474E5	1329.51338	559.82088	359.156
416	5.44488E4	4.3283E4	1.51156E4	1.14155E4	1.06656E4	9950.82748	8479.16986	6878.19475	7292.68677	6135.2146	5965.61827	9291.8995	2.55065E5	1.28963E5	8087.50991	1.06777E4	1.20314E4	5.72877E5	9.63331E5	1587.69356	469.06749	262.57199
418	4.93929E4	4.45906E4	1.33776E4	1.0242E4	1.18092E4	9693.82328	7996.92943	6856.62933	6478.62283	6223.39992	5940.33943	7372.62635	1.44471E5	2.20719E5	7291.28214	9958.40685	9948.76038	1.43794E5	1.6919E6	2783.90406	729.38537	366.22959
420	4.99673E4	4.79759E4	1.43008E4	1.14786E4	1.07622E4	8809.48671	7925.3756	7229.93795	6361.28595	6457.64513	5988.83608	6751.57848	7.13482E4	3.23524E5	6778.36614	8802.16209	8619.65672	2.98344E4	2.08571E6	6207.2744	709.81847	409.64824
422	5.0056E4	4.43264E4	1.47449E4	9869.12472	1.01382E4	9411.0839	7584.80809	6877.22642	6444.0253	6594.20107	6390.34019	6286.37115	3.17603E4	4.00589E5	8847.96028	7734.11833	8132.32633	1.79849E4	1.84879E6	6.12929E4	1069.03186	418.54929
424	4.43642E4	4.77977E4	1.41646E4	9323.45125	9753.81788	9137.29135	7007.80903	6575.62452	5696.11095	6537.17296	5765.86064	5951.51617	1.82044E4	4.16112E5	1.59802E4	7175.8864	8657.33819	1.37159E4	1.15264E6	2.98242E5	1138.28374	413.29063
426	4.60459E4	4.80262E4	1.61264E4	9760.30307	9720.21251	8877.18943	7476.62163	6274.66077	5936.79558	6783.58426	5587.46164	6178.97531	1.22135E4	3.62176E5	3.61394E4	6903.37658	8571.43397	1.10937E4	4.59453E5	8.55862E5	1456.15841	517.33927
428	5.93088E4	4.55313E4	1.35041E4	9869.27706	9478.73852	8935.50476	7192.15103	6291.71764	6007.03732	6404.64783	5689.0357	6095.63726	9777.52358	2.67227E5	7.87846E4	6062.87544	8420.59009	9040.65175	1.16661E5	1.54043E6	2595.17763	560.1365
430	4.84386E4	4.50998E4	1.39526E4	1.07347E4	9518.04553	7670.60786	7374.37671	6221.0713	5679.42604	6633.52384	5680.93647	5689.33221	7607.10637	1.62797E5	1.43537E5	5902.92627	8013.0777	7739.43551	2.53477E4	1.8584E6	6041.16968	530.14819
432	5.44253E4	4.3299E4	1.63184E4	9330.57088	9715.10386	8606.3425	7218.84752	6105.96092	5745.20151	6169.24776	5453.36136	5601.10995	6540.8437	8.52284E4	2.23884E5	4963.77314	6484.17756	6829.98362	1.53468E4	1.55542E6	5.71176E4	705.37688
434	5.37259E4	4.519E4	1.39548E4	9762.74731	8970.66534	7755.66004	7222.70662	6602.40388	5454.35281	6048.78677	5914.83739	5969.34415	5390.6259	4.00336E4	2.96979E5	5663.55357	5874.12043	7142.74864	1.18713E4	9.21674E5	2.79325E5	943.67263
436	5.65582E4	5.03483E4	1.38966E4	9942.36524	9109.96522	7549.32678	6977.18247	6117.55177	5718.92151	5870.0101	6031.65329	5967.90205	5349.05934	2.15263E4	3.35709E5	8959.02812	5704.05377	7149.85859	1.02436E4	3.70865E5	7.54094E5	1355.8768
438	5.23591E4	5.18798E4	1.71714E4	8669.7128	9406.08331	7569.81319	6494.87886	6490.14379	5488.76515	5758.77381	6114.98748	6568.35284	5160.15204	1.28628E4	3.22826E5	1.9342E4	5495.66059	7654.75375	8159.61101	9.81928E4	1.34267E6	2173.98716
440	4.9748E4	4.76751E4	1.48994E4	1.00922E4	8514.58251	7974.44968	6537.64612	5265.8356	5929.54132	5464.85387	6988.8407	6174.60114	4926.43999	9832.55056	2.67891E5	4.17825E4	5414.60701	7259.00052	6814.76222	2.12544E4	1.6692E6	4336.78472
442	5.27069E4	4.83047E4	1.61436E4	8689.68103	8958.50203	7995.90719	6596.6132	6120.27696	5315.4841	6142.62818	6778.27887	7146.18488	4784.83268	7417.56449	1.89003E5	8.05449E4	4619.30806	6747.90189	6547.77914	1.40658E4	1.48349E6	3.20832E4
444	5.04994E4	5.39895E4	1.58725E4	8916.26976	8405.33577	7409.29031	6342.70083	6111.20716	5314.3737	5359.16469	6568.83479	6956.87587	5043.85469	5642.65276	1.11395E5	1.38082E5	3920.18501	5836.79649	5841.76875	1.12418E4	8.94437E5	1.80119E5
446	4.85561E4	4.65152E4	1.71809E4	7407.72755	8437.91997	6470.05899	7288.21855	5311.70455	5076.58542	5497.78695	6825.8106	7076.02462	5426.40118	4857.72344	5.87619E4	2.00295E5	4226.90934	5132.93674	6134.41932	9143.84204	3.64387E5	5.75159E5
448	4.84922E4	5.13783E4	1.69373E4	9856.65267	7190.92359	7035.83184	6614.0356	5908.06892	5508.38695	5590.9069	6765.02973	6760.58797	4955.42035	4097.66533	2.83107E4	2.53425E5	6298.34672	5107.40005	6592.29821	7574.75015	9.60987E4	1.12794E6
450	4.53809E4	5.57797E4	1.60771E4	8299.37959	7560.01017	6916.09135	6779.89868	5922.64923	5457.25686	5534.62424	6154.56325	7054.25804	4835.50393	3932.75736	1.52123E4	2.73333E5	1.18611E4	4809.30185	6885.5342	6571.83227	2.11942E4	1.48432E6
452	5.0314E4	4.85844E4	1.53968E4	8616.31849	7254.95677	6778.61425	6539.53939	5741.49034	5490.01393	5599.01491	6191.53031	7316.5535	4564.48535	3626.80076	1.03643E4	2.56822E5	2.49683E4	4803.64955	6225.97118	5659.2717	1.24226E4	1.37281E6
454	5.10478E4	5.0779E4	1.52493E4	7994.66644	7323.16523	6965.4722	6679.7349	5300.17292	5276.68014	5553.07242	6228.04051	6856.68893	4810.49639	3305.04809	7808.09043	2.06154E5	5.2859E4	3894.83025	5552.48015	5000.76953	9915.47521	8.92885E5
456	4.44263E4	5.18966E4	1.50516E4	8405.31103	7671.79521	7663.72781	5659.93777	5548.58531	4834.18874	5204.41197	6157.6107	7661.5379	4532.96326	3386.65842	6158.49486	1.39642E5	9.35305E4	3744.78428	4648.00383	4885.53944	8362.04883	3.59319E5
458	4.95695E4	5.31739E4	1.48526E4	8845.59542	7282.67513	6642.92527	6155.89953	5228.44524	5263.66543	5027.71171	5745.61539	7333.18842	4653.14993	3523.15355	4566.42542	8.02034E4	1.42023E5	3393.58452	4666.64448	5422.16591	6901.34713	9.04448E4
460	5.03581E4	5.34891E4	1.41257E4	8767.60238	7820.44429	6426.12366	6251.29012	5617.68773	5260.998	4604.84863	5735.2551	7885.75517	4355.08361	3389.36873	3874.28817	4.06017E4	1.90406E5	4048.09252	4315.43561	5768.62693	5800.99601	1.86726E4
462	5.00596E4	5.46059E4	1.71782E4	8705.98234	6447.75603	6799.90436	6335.78653	5224.06657	4506.95748	4792.95448	5868.33646	7142.05329	4273.73193	3495.43582	3369.46799	1.97898E4	2.24598E5	6453.41433	4495.4895	5543.16567	4562.29183	1.09139E4
464	5.42747E4	5.04919E4	1.49558E4	9546.41996	6917.6657	5785.84857	5605.08256	5175.33865	4894.34555	4695.67515	5513.04941	7199.41655	4262.00927	3369.12737	2824.78648	1.11734E4	2.22553E5	1.27458E4	4035.81199	5687.92661	4409.05846	9478.28522
466	5.8437E4	5.07035E4	1.63648E4	7686.51072	7484.15956	5680.66393	5754.02902	5421.61631	4967.52786	4770.64492	5996.39254	6936.14207	4407.02374	2846.04704	2941.49411	8775.25625	1.95875E5	2.77164E4	3249.93922	5001.45755	4234.10984	7704.13432
468	1.3257E5	5.27142E4	1.46479E4	8380.79314	7359.283	6165.32376	5510.79009	5146.15983	4511.21442	4857.09249	5900.13979	7200.31639	4319.99585	2785.23794	2833.66864	6685.34234	1.45648E5	5.2581E4	3130.93361	4137.49804	4196.64153	6211.8061
470	4.22539E5	5.17502E4	1.69439E4	7858.7922	6996.40906	5756.37774	5312.1245	5435.68499	4493.87968	5426.82036	5779.34533	6741.02502	4757.97435	2944.24092	2469.8939	5317.34707	9.56313E4	8.95323E4	2803.64434	3937.56285	4784.73125	5340.78327
472	1.08288E6	5.19198E4	1.59175E4	8134.48545	6111.05379	5903.66335	5109.64467	4913.86182	4795.39295	5007.50908	5514.43695	7313.56027	4885.02593	3076.48736	2748.44327	3942.81627	5.36327E4	1.30384E5	2692.86372	3652.33907	4909.43637	4546.51559
474	2.22819E6	4.76736E4	1.82852E4	6801.05998	7059.3382	6113.67259	5839.89354	4694.29723	4519.45385	4880.45674	6192.12656	7212.33925	4727.02397	2879.50707	2577.15144	3193.62354	2.78161E4	1.67554E5	3682.26385	3789.42467	5299.39144	3503.95899
476	3.82766E6	5.41085E4	1.62737E4	8394.75501	6292.65323	6515.43526	4658.74617	5337.8694	4700.19696	4805.08879	5468.85425	7226.81034	4550.5888	2827.54445	2395.12797	2479.87429	1.47524E4	1.89413E5	6843.43956	3268.52989	4385.8913	3437.4792
478	5.74769E6	5.22559E4	1.94642E4	7327.69394	6540.1603	6367.0137	4861.68008	4769.03629	4118.34018	4606.60547	5846.58234	6862.99394	4749.99458	2852.62957	2492.41605	2263.63324	8854.73561	1.88711E5	1.40813E4	3030.46213	3882.64018	3697.62611
480	7.70114E6	5.30127E4	2.00824E4	8543.66523	6274.18108	6118.49399	4797.08058	4953.07725	4258.02282	4683.03743	5380.72839	6622.06817	4454.20156	2768.63737	2383.74319	2226.99197	6612.03501	1.59615E5	2.84082E4	2741.00487	3435.96577	3606.59887
482	8.51484E6	5.70258E4	1.86448E4	7758.70607	6152.79068	6028.42362	4762.75819	4425.48698	4443.80516	4731.67325	5453.38912	6924.4921	4603.48703	2546.99022	2179.90022	2351.07455	5508.80608	1.19359E5	5.2747E4	2351.11194	3075.56428	3686.00717
484	8.33216E6	5.38031E4	1.80985E4	8424.39902	6595.82444	5690.97689	5000.11717	4582.48611	4244.32801	4437.87304	5121.42875	6426.4017	4184.02014	2753.63307	2229.59115	2117.59563	3828.70319	7.26071E4	8.61651E4	2301.00782	3031.72518	4120.94494
486	6.88261E6	6.97311E4	2.01427E4	7839.40289	6596.03442	5842.79851	5438.00219	4624.89917	4119.36758	4572.61423	5247.65913	6207.79435	3941.0371	2687.44003	2067.89216	2090.72758	3400.87254	4.04839E4	1.20427E5	2731.75715	2838.77473	4433.69588
488	4.96945E6	1.89291E5	1.78233E4	7443.68957	6494.34726	5830.27948	5331.95265	4858.21123	4050.30128	4741.46168	5066.59814	6328.49606	3783.33062	2738.34509	2035.53218	2244.23275	2525.67131	2.11879E4	1.49721E5	4468.48786	2566.74931	4194.89675
490	2.95472E6	5.82256E5	1.74039E4	8960.32381	6739.63514	5471.42548	5458.52668	4336.38288	3926.97907	4390.05145	4410.45695	6331.3627	3961.03088	2716.26122	2034.16158	1832.75294	1971.33933	1.1131E4	1.61181E5	8878.40808	2473.45809	3197.33148
492	1.3228E6	1.44177E6	1.90845E4	7450.15869	6653.65844	5999.80549	4857.52011	3999.22918	3874.24035	4015.50735	4797.25785	6197.43085	3710.14139	2975.01497	2128.37853	1632.86848	2145.01912	7595.58994	1.54908E5	1.75982E4	1817.86589	2860.00271
494	4.81194E5	2.83654E6	2.01677E4	8764.68932	6871.07392	5320.84383	4408.15808	4324.40217	3990.57797	3802.98238	5008.16941	6078.34062	3524.88697	2922.67037	1965.90531	1764.17293	1679.74991	5704.82736	1.31812E5	3.25228E4	1734.76289	2527.83427
496	1.86728E5	4.72683E6	1.8662E4	8179.54189	6946.2693	5331.84841	5268.13192	4105.52471	3848.56761	4164.61639	4460.91425	5767.22195	3068.95999	2780.73384	1732.80822	1672.12752	1597.63257	4676.02348	9.57223E4	5.41033E4	1761.28746	2574.80072
498	1.49437E5	6.7459E6	2.15504E4	8023.67521	6366.77128	5674.43849	5285.91563	4020.04192	4111.6153	4139.97452	4522.95876	5332.7466	3310.03209	2696.51418	1977.32796	1612.79305	1493.86938	3784.52529	6.01966E4	8.06709E4	1697.76662	2521.16819
500	1.17929E5	8.50149E6	1.96135E4	8268.85009	6936.41514	5323.98904	4651.00338	4163.82006	3791.35579	4016.77091	4709.90343	5339.75153	3229.69935	2586.74501	1712.57747	1508.32757	1363.37326	3020.12113	3.44618E4	1.07913E5	2555.4933	2395.31945
502	1.15967E5	9.36172E6	2.24391E4	9844.98519	6371.15925	5295.90735	5028.51352	4057.83034	3446.63433	4019.96194	4319.54879	5525.1356	3432.97208	2334.80315	1870.85754	1397.12682	1416.38771	2598.85317	1.77667E4	1.27983E5	4655.68983	2021.22808
504	1.06595E5	8.86809E6	2.52655E4	1.01788E4	6671.7726	4817.70182	4332.793	4215.37956	3952.51275	3603.4931	4215.01807	5278.2009	3242.30801	2522.60692	2076.92253	1614.97165	1426.40215	1826.60421	9943.88154	1.35368E5	8483.23985	1781.89167
506	1.04398E5	7.27596E6	4.28477E4	9041.28563	6475.15173	5682.12622	4392.18269	4004.31186	3999.51702	3775.74704	3765.47976	5372.05651	3118.24675	2255.20201	2175.95418	1499.0186	1422.58639	1834.36549	5986.56234	1.2958E5	1.74712E4	1381.85306
508	1.39854E5	5.20158E6	1.69075E5	1.0489E4	6390.15138	5235.57915	4783.09608	4266.82401	4029.36409	3514.19855	4419.04584	5115.31553	3225.46547	2381.91717	1969.30253	1439.36951	1562.55657	1511.66987	5460.12554	1.06378E5	2.94981E4	1363.79328
510	1.84244E5	3.00024E6	6.47443E5	1.08812E4	6109.84939	5761.96242	4512.61507	3939.42106	3547.94004	3487.43329	4163.28594	5130.67174	3023.39289	2137.41837	1997.54066	1171.01827	1143.76573	1513.29237	3885.09529	7.62353E4	5.02046E4	1275.17503
512	3.17213E5	1.27014E6	1.68298E6	1.35288E4	6436.34342	5108.34008	3722.85251	4028.5477	3971.71434	3551.46099	3546.09255	4989.0677	3135.85069	2061.04815	2131.83648	1436.00563	1289.36013	1284.65467	3324.03722	4.83462E4	6.97873E4	1681.97322
514	5.65195E5	4.58365E5	3.2347E6	1.12432E4	6751.76777	5633.43061	4705.45544	4378.07697	3286.24206	3186.18341	4182.7121	4845.79631	3049.78929	2085.88906	1930.70439	1474.32307	1212.46313	1332.59227	2652.13043	2.64447E4	9.30787E4	2148.91427
516	8.746E5	1.96449E5	5.20433E6	1.29068E4	7459.91559	5778.30866	5449.09178	4007.36561	3833.97398	3076.31723	4090.14665	4450.0047	2608.67063	1788.03805	1907.59772	1419.95292	1123.47022	1175.94438	2155.94591	1.34825E4	1.09659E5	4140.68389
518	1.24765E6	1.50881E5	7.29085E6	1.40526E4	6476.23081	5229.70994	4395.06085	4362.35428	3519.33736	3348.47168	3653.27264	4398.79503	2761.88835	1852.47606	1756.76513	1459.27993	969.1919	1009.09346	1552.82217	7463.06598	1.14047E5	7771.57053
520	1.6668E6	1.19799E5	8.96448E6	1.37381E4	7015.23312	5743.93394	4249.94104	3467.07847	3360.26411	3300.96682	3291.5266	4181.65899	2749.54924	1870.26305	1861.82394	1318.92861	1066.32265	1092.43194	1431.46549	5156.6242	1.05453E5	1.5079E4
522	2.10159E6	1.15866E5	9.48863E6	1.68122E4	7543.53661	5615.57442	3581.46527	3168.90556	3847.13413	2916.28297	3918.12111	4083.09989	2728.96448	1644.72668	1782.78921	1278.78257	1165.05227	1105.59059	1422.56019	4418.22771	8.92705E4	2.58666E4
524	2.3368E6	1.07656E5	8.62371E6	2.18152E4	8042.72713	6072.85221	4612.42048	3768.1075	3885.04115	2870.12092	3518.71048	4058.25962	2844.25407	2021.11514	1703.67782	1160.97646	1074.13835	1234.77961	1172.11612	3497.20512	6.45439E4	4.23364E4
526	2.44699E6	1.00957E5	6.99832E6	3.92128E4	9242.81337	5803.09467	4628.37819	3469.62461	3608.73193	3229.44621	3286.53359	3765.39009	2492.93076	1768.82662	1550.03523	1421.48897	1098.33811	972.68127	1157.45235	3122.2207	4.17747E4	5.80251E4
528	2.27691E6	1.05023E5	4.84738E6	1.72911E5	9689.76658	5948.69255	4618.22209	3908.29866	3516.21955	2842.30437	3622.44117	4182.78082	2467.33956	1997.91536	1256.00857	1673.77411	946.89581	1038.00064	1111.25309	2132.88607	2.46E4	7.79178E4
530	1.98658E6	1.08175E5	2.72899E6	6.6723E5	9462.85213	5850.78166	4822.17744	4138.24821	3997.48343	3200.81208	3348.92853	3453.65513	2292.03483	1793.6088	1537.47451	1457.41725	1017.33623	718.56857	826.30138	1648.54666	1.25867E4	8.95441E4
532	1.54983E6	1.50814E5	1.17265E6	1.73322E6	1.04755E4	6562.95703	4253.50653	4298.51287	2729.17199	3079.98674	3642.48677	3763.17456	2100.11608	1867.54393	1375.52196	1368.57428	1141.52279	811.65594	1000.62502	1788.24742	6769.79373	9.66902E4
534	1.01468E6	2.53143E5	3.83144E5	3.48495E6	1.1383E4	6754.01131	5330.30711	3904.03647	3482.9894	3282.99263	3028.06397	3296.2726	2360.59338	1575.67433	1227.20323	1334.98822	998.71119	649.71234	977.54592	1165.43879	4588.12813	9.02482E4
536	6.01706E5	4.58466E5	1.61683E5	5.53978E6	1.19895E4	5886.65483	4669.37798	4035.84198	3657.92398	2990.23083	3290.05117	3717.06808	2243.51163	1831.89362	1243.02143	1339.12482	983.27771	837.90395	811.05594	1180.21817	3390.03989	7.56348E4
538	2.93102E5	7.54921E5	1.19846E5	7.60758E6	1.21255E4	6318.1925	5322.25806	4202.80122	3134.75023	3106.7776	2680.92359	3311.87145	2236.17423	1709.32123	1413.68295	1483.84659	1176.50799	852.20143	808.45552	865.22579	3178.17988	5.70787E4
540	1.39998E5	1.15572E6	1.02445E5	9.06153E6	1.50031E4	7212.34033	4866.08677	3733.68252	3298.76179	2876.61308	3031.69917	3852.93469	2112.23065	1734.1449	1245.43546	1157.19359	882.72545	1053.68817	869.57442	986.63632	2773.53719	3.65688E4
542	9.61442E4	1.64354E6	8.99136E4	9.37456E6	1.68416E4	6794.02335	5401.49706	3880.2456	3221.30226	3138.42547	3001.39228	3351.5896	2185.92477	1259.1426	1374.21928	1270.65425	1019.06423	780.60555	645.17936	728.69754	2030.46933	2.11294E4
544	7.77733E4	2.09785E6	8.81353E4	8.40957E6	2.14398E4	7333.8317	5318.59947	4007.0131	3803.67372	3051.23792	2453.09182	2816.97737	1799.74455	1421.01897	1108.36692	1124.19291	1201.6144	782.9899	656.57433	984.41857	1670.75194	1.11759E4
546	5.37365E4	2.44623E6	8.70647E4	6.58875E6	4.32537E4	7320.78085	5233.32983	3391.01878	2842.48805	3165.2182	2641.56591	2943.55159	2348.72393	1893.0611	1421.63736	1019.7331	1210.70351	797.17743	692.43768	930.19846	1416.83114	5911.3202
548	5.55055E4	2.6419E6	8.29825E4	4.56708E6	2.07846E5	8387.67108	5490.42467	4087.67853	2931.1992	2881.77402	2663.18411	2530.5162	1998.30021	1469.49597	1307.88844	1015.06563	1138.6526	1006.26798	841.02434	539.37978	1246.35683	4126.80462
550	5.03299E4	2.57764E6	8.21287E4	2.51125E6	7.4284E5	8916.12931	6241.85669	4441.84035	2870.85724	3378.62948	2600.77665	2698.329	1909.6798	1715.62148	1311.62397	1097.36821	1050.94628	859.36891	897.52505	917.5899	921.26927	3151.86987
552	4.70818E4	2.35112E6	8.47486E4	1.06343E6	1.86932E6	8910.54941	5321.61005	4177.51511	2922.32928	3254.5015	3015.32692	2723.49266	2022.65168	1209.31552	1171.67808	1134.3965	1230.29394	545.25067	584.27739	828.46647	1028.03066	2698.8712
554	4.37867E4	1.94483E6	1.03955E5	3.62984E5	3.5316E6	1.0262E4	5707.02097	4257.30754	3006.1194	3106.36422	2554.95125	2922.36402	2133.8565	1295.28684	878.53999	975.73473	1044.12672	1015.02982	1000.73321	709.88233	549.17485	2592.85512
556	4.92257E4	1.45856E6	1.60784E5	1.58209E5	5.42713E6	1.0783E4	5300.52242	4628.78506	3226.42982	2679.20477	2852.046	2718.39404	1897.21219	1425.74574	1256.7795	944.32528	798.97705	940.20007	522.8108	922.93126	614.77186	2148.20673
558	4.85346E4	1.00733E6	2.78509E5	1.18163E5	7.31609E6	1.14823E4	5249.90658	5121.3607	3405.71895	2428.84385	2659.68755	2807.24388	1757.52476	1497.40563	994.72829	1130.00867	1053.83983	855.6073	661.64513	566.67889	663.83721	1569.94903
560	5.81318E4	5.73369E5	4.9804E5	1.01799E5	8.65017E6	1.34173E4	5989.4453	4141.97313	3874.26392	2792.76077	2650.7962	2598.60987	1976.65173	1385.9854	1460.41165	988.77715	1035.35384	944.48608	551.41518	536.91553	829.85073	1209.04355
562	5.64969E4	2.95067E5	8.25526E5	9.16569E4	8.85087E6	1.48137E4	6336.77522	4479.36816	3424.63552	2699.7065	2641.90101	2619.4256	1974.13039	1527.2882	1564.06011	1170.04781	861.02852	886.10597	852.07121	699.64533	676.12546	987.06769
564	4.26079E4	1.54201E5	1.22514E6	8.45978E4	7.81524E6	1.94151E4	8022.75313	4773.91396	3428.74784	2589.54229	2677.10013	2688.38658	2389.33522	1329.34035	1282.9866	858.24058	1053.54805	684.73561	846.17127	545.98501	950.86527	1122.09261
566	4.98076E4	9.11652E4	1.68311E6	8.63951E4	6.09781E6	3.98589E4	7314.23813	4728.67742	3581.03322	2984.89172	3127.8132	3113.06545	1727.02056	1329.41194	1269.16054	810.00547	841.38326	1070.73365	539.96813	884.05706	825.61381	900.4022
568	5.31222E4	7.12878E4	2.0874E6	8.02921E4	4.04585E6	2.07586E5	8282.0274	5313.63591	3854.90062	2851.00031	2345.84562	2486.52564	1596.64778	1267.86185	1145.10825	1030.0132	736.11394	792.76677	489.08923	373.12616	653.27214	509.82996
570	4.56651E4	6.16787E4	2.41411E6	7.1465E4	2.21999E6	7.51153E5	8626.63371	4669.24189	3856.596	2902.3753	2511.63136	2543.06716	1936.78984	1581.05811	1095.14296	1114.87675	801.67382	735.64204	539.99245	642.75642	473.55373	712.41826
572	4.71185E4	5.18217E4	2.50302E6	7.62469E4	9.28441E5	1.83664E6	8298.21993	5012.84385	4097.92598	2868.35914	2235.58127	2890.28213	1889.89937	1495.2912	1080.9459	1078.45938	909.57735	1191.40407	635.82275	775.56581	655.09958	744.64036
574	6.8533E4	4.25094E4	2.41963E6	6.77626E4	3.10136E5	3.40949E6	9598.07007	5705.12346	3393.06796	2588.62021	2673.96452	2322.68944	1364.50688	1271.10952	1339.82305	1231.73918	894.80764	737.99804	547.80815	720.85348	599.50503	666.94887
576	6.39265E4	4.09159E4	2.11687E6	7.24101E4	1.31144E5	5.21327E6	1.03027E4	5630.59277	3356.02554	2879.23378	2666.76971	2408.85044	2020.9323	1478.83582	1278.70425	954.48657	995.81696	772.54893	987.30076	596.63007	598.91599	536.00316
578	5.60463E4	3.85483E4	1.7019E6	9.59025E4	1.09003E5	6.88046E6	9845.2592	5496.44074	4469.49375	3051.18303	2353.86878	2146.25807	1810.27427	1532.43604	1060.26649	969.60835	1046.42041	853.30784	567.0507	606.17725	540.80513	659.6225
580	5.30461E4	3.67217E4	1.26527E6	1.53834E5	8.97912E4	8.04821E6	1.24196E4	5797.76452	3839.67873	2603.56619	2856.65267	2343.12528	1797.94614	1366.57522	1234.1062	1155.01741	827.56063	629.77622	1021.54027	1058.70636	598.67717	544.55988
582	4.53718E4	3.53195E4	8.61384E5	2.81064E5	8.49681E4	8.13828E6	1.38577E4	5740.74042	4450.16919	2959.05785	2357.37522	2568.2386	1691.40591	1226.46777	1268.40541	858.86856	831.49385	803.21681	587.02544	578.63912	749.51864	726.9263
584	5.83068E4	3.67924E4	5.20837E5	4.90307E5	7.49106E4	7.16379E6	1.99733E4	6298.75073	4380.43364	3597.22635	2543.56165	2416.95409	1660.34692	1417.10305	988.62478	1148.24247	835.20823	865.00094	492.84937	577.19483	632.43648	728.9361
586	5.46338E4	3.42727E4	2.67267E5	7.89242E5	7.29658E4	5.4758E6	3.43554E4	7166.86072	3595.368	3031.79949	2336.47978	2850.69011	1588.32336	1877.01383	1194.11811	965.50358	946.01446	867.46236	848.93594	699.57089	679.28251	708.60712
588	3.29636E4	2.86731E4	1.47846E5	1.15572E6	7.26158E4	3.53219E6	1.77719E5	8226.05697	4672.27352	3223.02497	2288.72486	2406.31768	1782.29044	1540.46869	1352.26587	1072.73843	998.57298	847.26771	889.76146	776.6898	554.75173	584.87939
590	5.50876E4	3.72756E4	8.86229E4	1.53635E6	6.95786E4	1.84519E6	6.93293E5	7970.35708	4610.89114	3648.45078	2402.41425	2741.2253	1887.37078	1403.80916	1237.07972	999.20219	696.43519	774.4336	768.36441	620.31704	615.60083	699.47949
592	4.2168E4	3.00171E4	6.47973E4	1.87974E6	6.515E4	7.28236E5	1.77939E6	9327.39409	5051.11743	3114.64523	2518.85814	2442.03297	1626.5662	1581.19016	1185.0208	1214.51247	782.70043	814.12038	983.30123	1028.22262	742.19544	664.58038
594	3.32231E4	3.54067E4	5.17727E4	2.14494E6	6.51556E4	2.4721E5	3.32765E6	8582.88792	4706.08088	3269.61504	2966.61104	2022.61245	1843.79969	1668.46562	1337.41218	1101.8001	708.54052	764.04653	562.50858	844.53237	493.74303	711.30958
596	4.81661E4	4.53617E4	4.96901E4	2.20756E6	6.01151E4	1.20501E5	5.06237E6	9627.4377	4747.11613	3273.38496	2976.28691	2007.81175	1703.36332	1353.15443	1595.86967	698.14503	797.40302	465.85923	847.8148	900.64744	701.71754	688.06689
598	4.45124E4	3.854E4	4.42519E4	2.0885E6	6.36853E4	9.44587E4	6.60393E6	9703.29602	5645.12671	3166.53367	3001.08907	2445.63498	1815.26017	1508.13174	1272.57998	1190.56493	880.7331	833.52872	638.61829	822.33379	661.09609	453.60724
600	2.574E4	4.09242E4	4.10901E4	1.8459E6	6.55291E4	8.2783E4	7.66065E6	1.13944E4	5060.98841	3505.66357	2279.32388	2264.52236	1887.51424	1556.5468	1232.5502	667.70512	965.34922	822.10788	827.30535	509.1636	562.42046	601.56268
