300	5.23075E4	5.54807E4	4.31713E4	2.72233E6	2.02202E5	1.57113E5	1.13638E7	3.90082E4	5803.91492	3402.0651	2308.03693	1841.60638	1134.36233	1398.35561	907.15189	915.30473	831.06772	787.86567	475.59999	522.38389	228.71743	461.68847
302	6.04722E4	5.02085E4	3.88897E4	1.74362E6	5.27704E5	1.00264E5	9.91404E6	4.17879E5	7076.02317	3555.22704	2813.06334	1821.69737	1399.05613	963.78744	884.6978	930.48428	703.29107	495.64089	476.08235	499.02216	528.87169	276.62222
304	5.00311E4	4.99935E4	3.57711E4	8.73234E5	1.1254E6	8.98454E4	6.24923E6	1.87844E6	7201.21697	3513.4581	2568.48272	1576.88664	1691.9143	1166.39502	1002.55927	715.67403	643.79029	603.31062	553.80229	464.97427	550.39235	562.8484
306	5.40713E4	4.5909E4	3.28423E4	3.55428E5	1.93946E6	8.0803E4	2.67699E6	5.00103E6	9376.35218	3782.46957	2195.36307	1813.40583	1143.94059	1243.70882	1004.06107	881.17913	747.10591	686.88738	807.36715	769.15676	431.2905	402.86276
308	6.59409E4	4.29389E4	3.26543E4	1.23648E5	2.62875E6	7.28245E4	6.99132E5	8.86931E6	1.25949E4	4071.24583	2801.31179	1982.29905	1431.15275	919.55738	869.54926	788.72467	578.81051	476.80513	636.59942	513.246	497.50359	464.1191
310	6.16515E4	3.05762E4	3.3927E4	6.01044E4	2.80376E6	7.88991E4	1.47073E5	1.08645E7	3.46122E4	4560.55741	2842.67856	1893.93833	1406.82588	1137.95742	1106.36708	751.24313	791.79906	702.3907	612.78758	526.38328	645.11235	551.00292
312	5.87687E4	3.7355E4	3.11601E4	3.73064E4	2.36082E6	1.59714E5	9.19032E4	9.50867E6	3.71819E5	5050.87295	2838.86067	1855.39196	1492.91227	1057.0738	679.58041	716.02557	638.85607	719.9852	653.34592	536.97333	519.41826	587.29565
314	6.18139E4	4.02523E4	3.3251E4	3.28551E4	1.53868E6	4.21633E5	7.64668E4	5.69585E6	1.81855E6	5697.47586	3025.84889	1986.08257	1467.96742	1096.29109	1107.95661	908.54303	546.67403	588.37652	631.22444	620.83653	410.10005	593.27738
316	4.91582E4	3.53906E4	3.20075E4	2.8721E4	7.79285E5	9.16933E5	6.95338E4	2.2677E6	4.65183E6	7888.30999	3082.56632	1969.00347	1675.99273	1158.89152	1025.12734	831.9826	786.96946	665.29095	658.80656	546.21127	421.94871	466.22665
318	5.12852E4	3.1712E4	3.08712E4	2.79848E4	3.14676E5	1.5977E6	5.99831E4	5.75237E5	7.78412E6	1.20657E4	3421.20639	2376.18489	1364.27338	1255.12541	1015.45701	925.89483	828.20518	614.30595	454.79376	507.8617	531.87405	492.4733
320	6.66345E4	3.43411E4	2.67725E4	2.49861E4	1.07231E5	2.18688E6	5.69686E4	1.19377E5	9.18555E6	3.11798E4	3781.1828	2325.38456	1592.24409	1228.21885	808.78927	772.75116	758.1321	612.74185	643.88486	360.65774	578.69691	466.48155
322	4.6146E4	2.94831E4	2.74663E4	2.32403E4	5.00183E4	2.30068E6	6.16033E4	7.69569E4	7.67031E6	3.22131E5	3913.27775	2480.36179	1530.4509	1209.89311	1103.51193	778.9694	889.39677	712.64923	553.10498	675.34055	414.88312	461.90783
324	4.59119E4	3.0348E4	2.4742E4	2.36273E4	3.28506E4	1.9511E6	1.15975E5	6.34033E4	4.53141E6	1.47684E6	5208.60898	2566.43433	1512.35709	1312.7008	895.32515	723.19506	524.64479	615.17327	546.54155	609.0038	502.14696	605.86656
326	5.52256E4	3.13185E4	2.52847E4	2.36792E4	2.67329E4	1.32512E6	2.95853E5	5.84822E4	1.85423E6	3.71818E6	6531.96333	2203.75109	1603.81803	1381.16886	1042.59768	740.68176	453.24657	549.48537	439.55469	397.51241	509.2611	447.79572
328	5.33303E4	2.88867E4	2.09909E4	2.49058E4	2.26153E4	7.27231E5	6.56365E5	5.15009E4	5.03227E5	6.23897E6	8181.91062	2845.22421	1765.05983	1469.97134	1025.62164	784.20772	597.98593	862.9883	475.81939	373.60987	405.35812	495.85462
330	4.60478E4	2.9283E4	2.09779E4	2.42392E4	2.01879E4	3.10367E5	1.19072E6	4.57617E4	1.02715E5	7.55251E6	2.32456E4	3012.63937	1730.95755	1458.21929	1029.17978	963.62096	563.71978	415.18421	452.14908	570.96738	382.39075	301.23413
332	4.3867E4	2.37378E4	2.08246E4	2.40215E4	1.82221E4	1.18596E5	1.67473E6	4.1156E4	6.43867E4	6.57728E6	2.42826E5	3671.94579	2002.98392	1063.52196	1055.61406	804.63983	565.2879	510.68754	316.69782	375.95031	330.57824	370.00199
334	4.42006E4	2.48771E4	1.87202E4	2.03044E4	1.63511E4	4.74417E4	1.87581E6	4.45145E4	5.19925E4	4.11047E6	1.12944E6	3780.81811	1974.21775	1413.97324	921.09927	831.54057	700.8681	616.67905	404.56851	424.26139	516.29131	279.06058
336	4.48339E4	2.27969E4	2.17775E4	1.84837E4	1.53235E4	2.89215E4	1.70869E6	8.18083E4	4.58502E4	1.70372E6	3.024E6	5131.87663	2236.77798	1658.43025	959.37901	584.13902	568.31066	485.36467	486.99937	283.98181	440.28932	474.02546
338	4.25989E4	3.05826E4	1.88908E4	1.90533E4	1.60527E4	2.12772E4	1.26234E6	1.97616E5	4.26424E4	4.71739E5	5.12909E6	7634.44978	2269.98813	1212.75618	1127.07499	684.41503	648.40434	400.0877	554.06634	501.31521	463.06087	435.81456
340	5.04465E4	2.23801E4	1.84595E4	1.6317E4	1.52195E4	1.76506E4	7.24883E5	4.66545E5	3.77591E4	9.24932E4	6.21802E6	1.75218E4	2399.82508	1528.24543	1118.39043	801.77012	514.97649	464.54746	489.38814	483.24109	476.5308	301.98013
342	5.38407E4	2.65364E4	1.84622E4	1.66598E4	1.50096E4	1.47613E4	3.40673E5	8.40399E5	3.35543E4	5.28203E4	5.40078E6	1.80468E5	2554.67417	1616.03326	1043.46652	907.91264	494.81678	641.05863	295.55285	424.66068	389.21814	314.52371
344	2.906E4	2.55334E4	1.71193E4	1.50608E4	1.81587E4	1.39436E4	1.23827E5	1.26054E6	2.99063E4	4.08672E4	3.23415E6	9.7373E5	3351.40748	1548.66045	955.9082	698.59965	577.84267	530.67642	358.06011	420.65447	364.80882	246.66975
346	4.04722E4	2.39639E4	1.69162E4	1.31987E4	1.64408E4	1.28278E4	5.01704E4	1.49064E6	3.07699E4	3.74562E4	1.3407E6	2.50004E6	3936.25134	1677.65316	1116.22564	602.26805	549.52412	394.08966	334.27432	436.70019	416.89334	559.84408
348	4.52237E4	2.53359E4	1.57818E4	1.47532E4	1.55064E4	1.29949E4	2.54558E4	1.41333E6	5.48775E4	3.57412E4	3.39445E5	4.30993E6	6104.28935	1614.56038	1110.62938	641.22599	581.35094	450.84912	626.49169	482.85791	468.02311	296.27517
350	4.44736E4	2.47449E4	1.69706E4	1.46231E4	1.53612E4	1.23579E4	1.70553E4	1.07623E6	1.34682E5	3.12016E4	7.30424E4	5.10317E6	1.40179E4	1882.61063	1155.31548	770.0618	507.61219	458.12117	382.03078	421.64648	230.20921	246.25235
352	4.21447E4	2.17099E4	1.51386E4	1.30353E4	1.39069E4	1.1447E4	1.37908E4	6.51972E5	3.21528E5	2.82906E4	4.2267E4	4.34138E6	1.56072E5	2055.77303	1223.63036	872.93537	840.07562	609.66171	366.05858	444.34856	326.79292	244.87095
354	4.03168E4	2.12552E4	1.53181E4	1.31214E4	1.29153E4	1.06957E4	1.04117E4	3.26721E5	6.03815E5	2.5116E4	3.36811E4	2.66309E6	7.4176E5	2983.65541	1003.60937	662.42391	559.88246	513.07246	589.43247	399.94545	386.75807	238.49808
356	4.10236E4	2.17514E4	1.52967E4	1.21905E4	1.26407E4	1.18307E4	9076.89623	1.33932E5	9.09403E5	2.2286E4	3.03806E4	1.08897E6	2.01876E6	3404.3981	1429.67062	833.99159	733.79284	405.82705	505.35613	377.98092	365.85453	243.78307
358	4.10018E4	2.0754E4	1.39247E4	1.26376E4	1.14659E4	1.12397E4	8733.12414	5.29659E4	1.11311E6	2.24031E4	2.69366E4	2.90459E5	3.50185E6	5597.63578	1281.0224	758.7212	623.44502	461.89016	441.95784	396.10661	220.61608	272.45589
360	3.80963E4	2.07417E4	1.62133E4	1.27417E4	1.06328E4	1.09935E4	7551.50551	2.60098E4	1.11124E6	3.27329E4	2.60526E4	6.2001E4	4.31963E6	1.19982E4	1413.93473	781.53646	721.64218	563.0296	427.67367	393.82392	340.20176	272.22524
362	2.74313E4	1.99673E4	1.38879E4	1.24754E4	1.12287E4	1.17026E4	7183.4626	1.6101E4	9.22146E5	7.61291E4	2.43361E4	3.64628E4	3.85334E6	1.19947E5	1914.22675	801.29024	543.55895	445.48347	294.52431	369.44623	328.01134	325.62374
364	3.90646E4	1.99716E4	1.48818E4	1.20941E4	1.01091E4	1.23527E4	6942.75411	1.12392E4	6.13313E5	1.86802E5	2.2371E4	2.82035E4	2.47546E6	6.14495E5	2131.3249	968.05563	551.29451	626.32896	463.06747	432.56292	294.08957	200.35186
366	3.62142E4	2.40265E4	1.58315E4	1.04462E4	9736.77956	1.06061E4	6898.77646	8922.58774	3.20839E5	3.84264E5	1.82349E4	2.35198E4	1.01237E6	1.78236E6	2843.78259	946.32765	742.30332	479.37603	328.10126	356.77608	260.37548	283.51008
368	4.26099E4	2.01132E4	1.27219E4	1.10349E4	9117.22387	9141.26901	6670.07713	7751.27254	1.43447E5	6.24036E5	1.70009E4	2.2996E4	2.78367E5	3.10905E6	4507.80697	1152.44503	726.93147	546.82939	491.86973	383.83715	278.66513	293.81841
370	3.57037E4	2.34477E4	1.42351E4	1.15184E4	1.05588E4	8577.12848	7095.67962	7388.2411	5.57116E4	8.32542E5	1.57838E4	2.25153E4	5.47262E4	3.82456E6	1.06435E4	1155.09958	613.43701	531.8865	419.15282	361.307	349.80863	299.93384
372	3.23193E4	1.9995E4	1.24103E4	1.10523E4	8697.27867	7993.2554	6884.44772	6820.98307	2.61088E4	8.90917E5	2.31282E4	2.09127E4	3.21632E4	3.30238E6	1.12041E5	1493.81843	775.62134	586.06158	496.48569	420.59048	344.14812	236.1771
374	3.51189E4	1.71697E4	1.08065E4	9658.93707	8813.02995	7619.3982	7453.95041	5932.01973	1.54696E4	7.86004E5	5.30393E4	1.82118E4	2.52407E4	1.98661E6	5.67786E5	1644.09298	857.72911	500.13606	455.28057	263.64129	307.4277	265.94227
376	3.09704E4	1.74807E4	1.09948E4	1.01261E4	8717.72701	7298.59352	8352.6251	5808.55192	1.11546E4	5.6043E5	1.25897E5	1.6617E4	2.09791E4	8.10471E5	1.51773E6	2253.95677	726.55672	523.01366	449.2611	413.95776	317.78854	210.7115
378	2.61973E4	1.68794E4	1.10592E4	9940.46919	8701.25995	6979.56027	7419.23781	5587.57446	7755.44844	3.25519E5	2.63095E5	1.49874E4	1.92026E4	2.10861E5	2.62402E6	3625.57382	869.24928	632.11575	423.36854	392.89532	303.92666	263.31095
380	3.25552E4	1.92955E4	1.01692E4	8718.37317	8590.96429	6661.94833	7298.57856	5066.78491	6220.84101	1.58804E5	4.51081E5	1.32466E4	1.84341E4	4.65768E4	3.14845E6	9042.32637	956.50572	524.42706	486.98886	330.52917	273.94705	223.10338
382	3.39668E4	1.91586E4	9894.40088	9163.96613	8897.81353	7042.28513	6892.34692	5456.83062	6416.21963	7.1116E4	6.1913E5	1.31415E4	1.83922E4	2.85066E4	2.7985E6	8.35972E4	1109.48318	661.12694	549.97514	339.57082	249.32023	181.12981
384	2.47936E4	1.99296E4	1.16497E4	8970.79087	8339.19905	7093.47429	6881.53114	5016.84983	5334.64139	3.10739E4	7.2109E5	1.56881E4	1.7118E4	2.22382E4	1.77475E6	4.2413E5	1394.06819	724.38447	392.0661	494.06626	258.63932	208.3813
386	2.56922E4	2.12901E4	1.24807E4	9636.00486	8506.40996	7398.63513	5943.04441	5599.69259	5434.76253	1.71697E4	6.87573E5	3.20163E4	1.54918E4	1.86611E4	7.44261E5	1.21792E6	2083.75477	707.92993	505.31495	405.89714	188.995	235.6175
388	3.23948E4	2.24755E4	1.1628E4	8235.76706	8020.75708	6975.39475	5450.03831	6108.38046	5345.79313	1.20602E4	5.52962E5	7.5276E4	1.35319E4	1.69688E4	2.09845E5	2.17605E6	3379.64124	822.39109	492.27096	397.898	309.39295	195.68847
390	3.23049E4	2.53817E4	1.06784E4	7880.02396	7621.50757	6570.70303	5376.723	5935.27763	4742.38018	9100.01765	3.64331E5	1.65017E5	1.25307E4	1.6056E4	4.49745E4	2.76584E6	7788.00918	976.84065	469.14062	454.58888	275.46413	232.51288
392	3.91973E4	2.61858E4	1.16988E4	9182.27581	7001.01002	6233.0489	5584.36221	5708.48517	4742.37226	6882.86352	1.92165E5	3.07506E5	1.13374E4	1.63815E4	2.57411E4	2.50429E6	8.60382E4	1143.56566	502.40213	407.6196	360.02813	268.93435
394	3.15666E4	2.7788E4	1.22774E4	8442.38674	6102.49033	6391.46741	5700.53276	6251.14509	4739.84505	6265.5531	9.0602E4	4.58433E5	1.16525E4	1.59654E4	1.9989E4	1.64273E6	4.13209E5	1369.58553	614.33397	411.53596	374.57639	381.77181
396	3.49342E4	3.25202E4	1.05973E4	8119.36609	7219.56917	5802.84353	5795.32996	5440.74376	4832.54962	5744.38997	3.8849E4	5.72817E5	1.23193E4	1.48584E4	1.60769E4	6.99741E5	1.15866E6	1955.08252	689.88302	312.93778	442.92225	298.90935
398	3.30826E4	3.23167E4	1.15352E4	8724.61544	6940.11803	6267.59108	5191.82146	6057.88995	4763.24532	5286.31516	2.08819E4	5.97626E5	2.00512E4	1.29061E4	1.45364E4	1.95684E5	2.00622E6	3155.89932	639.23882	408.29626	391.5858	247.9661
400	3.28915E4	3.53305E4	1.05696E4	8095.0122	6956.14261	6256.05925	5312.49954	5648.97954	4660.79569	4862.04646	1.40537E4	5.18141E5	4.45366E4	1.17794E4	1.32344E4	4.10523E4	2.44038E6	6606.64547	903.4555	447.95781	448.77204	346.5451
402	4.31269E4	3.80997E4	9812.6993	7125.35662	6579.72503	5742.4231	5384.2407	5143.80594	4718.24762	5383.76719	1.04522E4	3.72135E5	1.02715E5	1.07353E4	1.38758E4	2.30482E4	2.11931E6	6.69378E4	1011.32174	436.55049	413.48643	377.14213
404	3.35476E4	3.90906E4	1.13736E4	7940.49727	6895.61315	6182.32832	5216.06139	4609.00677	4991.16339	5262.55209	7716.29163	2.16116E5	2.01645E5	9952.51667	1.348E4	1.82409E4	1.29852E6	3.40985E5	1239.26836	576.70517	210.42222	205.03575
406	3.96802E4	4.131E4	1.24097E4	8532.91323	6579.94053	5708.43416	4507.06968	4592.10864	5165.71557	4662.19567	6704.94338	1.09984E5	3.24302E5	9694.57737	1.28741E4	1.38898E4	5.35913E5	9.62294E5	1815.5821	654.8921	405.92411	213.49906
408	2.87354E4	4.4195E4	1.10131E4	7008.60387	6799.40889	5838.51097	5067.97894	4693.12941	5850.15855	4700.86422	5874.77994	4.86797E4	4.43214E5	9218.76128	1.17775E4	1.17141E4	1.38605E5	1.72641E6	2791.84387	592.82558	437.66672	292.17031
410	3.44458E4	4.37192E4	1.09661E4	8022.7989	6668.19675	5254.60811	4990.85426	4783.29105	5620.38455	4518.45344	6001.19951	2.36825E4	4.98879E5	1.40361E4	1.02781E4	1.08187E4	3.01429E4	2.15008E6	5564.57173	895.99154	397.04927	290.97446
412	3.99017E4	4.03392E4	1.17686E4	8788.83895	6816.34358	5441.04202	5008.8283	4452.44319	5326.37168	4504.63882	5586.08193	1.55757E4	4.77917E5	2.83888E4	9422.50127	1.09152E4	1.93142E4	1.90408E6	5.07432E4	817.15534	394.77375	267.49849
414	4.45502E4	4.68511E4	1.1805E4	8041.63734	6964.71603	6181.11746	4690.24329	3933.60024	5209.36868	4498.39421	5308.71824	1.13107E4	3.83547E5	6.5393E4	8846.67223	1.10598E4	1.5316E4	1.21193E6	2.68053E5	1062.36664	452.29672	174.70039
416	4.61941E4	4.99412E4	1.19881E4	7941.64707	6171.42014	5311.98316	5184.34375	4631.60737	5213.73115	4813.03001	4899.13301	9029.07752	2.57201E5	1.31115E5	7984.2029	1.09323E4	1.21414E4	5.04577E5	7.96001E5	1603.39566	441.31942	383.99586
418	3.52539E4	4.91126E4	1.17647E4	7851.28908	6022.32453	5391.43713	4406.37918	4685.18664	4545.46733	4604.66809	4845.60059	7449.45877	1.45776E5	2.27494E5	7121.2144	1.04316E4	1.02548E4	1.38075E5	1.48097E6	2546.52703	546.15493	353.39383
420	4.30364E4	5.18624E4	1.38859E4	8478.02468	6518.55957	4958.39757	4420.00196	4881.14082	4842.53319	4663.22105	4683.26222	6416.29481	7.05526E4	3.29178E5	6809.34028	9056.9082	9145.14831	2.8884E4	1.90044E6	5762.11728	645.3351	361.81771
422	4.625E4	4.68136E4	1.23676E4	7958.69557	6248.57284	5425.31949	4286.28552	4477.9388	4183.07417	4776.93747	4738.00489	6354.40655	3.22384E4	4.07938E5	8493.35522	8222.43336	8731.21202	1.8026E4	1.72271E6	5.59167E4	836.50623	382.83174
424	4.26283E4	4.98745E4	1.11251E4	6949.23532	6254.47018	5520.54026	4557.1126	4244.49602	4331.78299	5068.7489	5027.78254	5757.37693	1.83169E4	4.22647E5	1.61218E4	7260.28942	8654.27143	1.39959E4	1.10145E6	2.74555E5	863.2107	477.83761
426	4.90075E4	5.00426E4	1.37915E4	7732.77792	6157.72249	5639.5651	4547.03362	4413.94193	4176.5227	5318.20613	5115.33418	5991.29912	1.29711E4	3.68683E5	3.6705E4	7083.87119	9595.2264	1.12796E4	4.42936E5	7.9759E5	1394.22562	373.65322
428	4.58244E4	5.11249E4	1.24459E4	7730.28516	6371.78007	5314.2443	4495.79453	4493.85758	4254.85338	5181.12557	5169.62919	6126.84312	9404.02049	2.65929E5	8.02873E4	6507.10025	8942.71237	9330.61449	1.15673E5	1.40942E6	2260.53471	504.53105
430	4.07965E4	5.90805E4	1.4249E4	7907.12708	6008.59208	4783.69316	4470.73247	4227.61826	4219.29684	5347.83659	5435.41436	6331.61476	8003.86391	1.63617E5	1.47576E5	5936.52225	7579.6131	7765.97491	2.4946E4	1.70785E6	5136.1619	462.35965
432	5.21887E4	5.75464E4	1.33993E4	7303.95878	5978.42789	5133.3326	4786.43436	3985.03719	4399.53896	5282.486	5534.03646	6489.84605	6643.22885	8.68225E4	2.30335E5	5522.9924	6933.49393	7256.80085	1.55662E4	1.45465E6	4.84635E4	598.6614
434	5.45001E4	6.02107E4	1.44328E4	6901.82501	6207.07883	5446.70737	4505.7522	4219.2004	4448.04674	5062.45644	6009.28427	6702.72953	5747.86421	4.0839E4	3.04049E5	6153.0072	6731.40915	7760.59577	1.24518E4	8.72305E5	2.46912E5	793.40326
436	4.71077E4	6.11576E4	1.53578E4	7650.71059	6401.53186	5878.13424	4597.26743	4604.19242	4243.37054	4913.59787	6133.18136	7254.89194	5595.35089	2.18112E4	3.39854E5	9804.33534	6574.37367	7507.24697	1.01352E4	3.54917E5	6.70465E5	1105.08341
438	5.2526E4	6.82112E4	1.65932E4	8398.57354	6121.23878	4666.44526	4659.18929	4181.40089	4260.97803	5230.93565	6885.93788	7321.53896	5724.52662	1.4057E4	3.27237E5	1.95244E4	5984.39522	7928.31882	8866.96134	9.42642E4	1.18779E6	1931.31815
440	3.83015E4	6.44443E4	1.6781E4	9134.03569	6071.5188	4727.12179	4245.41996	3967.63938	4694.28385	5031.05652	7207.05295	7546.02023	5690.1979	1.0718E4	2.681E5	4.17698E4	5539.80846	7970.47493	7261.51916	2.18558E4	1.4833E6	4025.85102
442	4.86926E4	7.23106E4	1.70426E4	8513.43251	5731.33359	5053.818	3860.93652	4314.04827	4823.96846	5316.19015	7142.11536	8639.52452	5692.92368	8451.87172	1.89537E5	8.14413E4	4911.46275	7110.95059	6628.24499	1.40408E4	1.30895E6	2.90055E4
444	5.07256E4	7.41261E4	1.87259E4	8987.26988	5738.85803	5049.17782	4268.25747	4552.8263	4570.86462	5268.72537	7529.48247	8827.55107	5566.69108	6944.449	1.13442E5	1.39696E5	4765.01023	6095.2542	6470.83748	1.12041E4	8.14831E5	1.66854E5
446	4.69374E4	7.46328E4	1.63364E4	8624.38006	6498.02467	5452.34314	4297.38887	4140.99996	4395.18221	5593.82657	7221.56324	8932.86783	5689.22506	5591.25464	5.88122E4	2.02488E5	4845.12791	5599.20388	6203.97152	9460.33715	3.38614E5	5.31688E5
448	4.70855E4	7.74769E4	1.80132E4	9376.9837	6395.73599	5005.66897	4577.83096	4294.61657	4939.00726	5428.01516	7394.56628	9439.5816	5506.59346	4574.43575	2.85354E4	2.53031E5	6564.89897	5349.70067	6831.0803	8193.53767	9.16647E4	1.02982E6
450	4.97011E4	7.74532E4	1.81081E4	8010.23877	6691.39416	5339.29105	5096.27539	4125.27566	4338.73305	5834.25892	7244.89183	9611.51597	5536.77638	4415.20806	1.52364E4	2.7599E5	1.16581E4	5445.11296	7042.3398	6746.53112	2.03819E4	1.35074E6
452	4.36424E4	7.75627E4	1.93769E4	8287.31204	5958.99838	5284.61885	4114.99281	4300.11324	4645.56304	5708.0345	7632.33713	9461.96545	5743.23535	4112.02105	1.11926E4	2.56218E5	2.56751E4	5039.04717	6756.56702	6136.5716	1.26967E4	1.25522E6
454	4.80724E4	6.94336E4	1.92515E4	7787.70795	6186.4394	4866.81391	4537.80148	4115.4782	4567.78872	5497.60254	7277.82429	9715.12555	5307.08679	4144.96837	8163.67779	2.04501E5	5.25828E4	4509.61045	5934.14303	5536.83461	1.00976E4	7.77892E5
456	4.78067E4	7.20912E4	2.10163E4	8885.02628	7465.49774	5097.89433	4670.67716	4813.8256	4467.64229	5687.1178	7527.35245	9287.68363	5628.6384	3940.73598	7152.13667	1.39526E5	9.43561E4	3926.02629	5394.05417	5164.45758	8818.61431	3.1276E5
458	4.71313E4	7.59445E4	1.93783E4	8474.46383	6350.94954	4945.73379	4827.79806	4421.35778	4480.23564	5043.36283	6990.1899	9805.79454	5643.17296	3769.24165	5583.42379	7.96155E4	1.45703E5	3944.73729	4848.50033	5890.4458	7298.2567	8.13064E4
460	6.17283E4	7.36424E4	1.81857E4	7201.8353	6759.6606	4927.33326	4179.86221	3911.38422	4723.24615	5545.34221	7088.22687	1.02005E4	5549.06849	3734.9043	4538.61469	4.07598E4	1.92668E5	4455.14852	4454.59042	5919.25761	5705.66747	1.76504E4
462	5.2056E4	7.29675E4	2.22003E4	8891.00023	6558.57329	5427.30003	3947.20567	4077.01976	3871.51	5477.23217	7361.26691	1.00849E4	5285.62259	3551.0633	3766.67661	1.99263E4	2.27247E5	7027.32738	4652.5627	5730.29827	4887.46459	1.07232E4
464	5.35271E4	8.15181E4	1.94215E4	8818.0303	7111.82917	4935.61971	4047.38671	4155.10685	4368.66078	5319.14388	7482.76578	1.02116E4	5594.82824	3486.73728	3892.27345	1.23552E4	2.26236E5	1.49302E4	4360.66007	5640.455	4501.79241	8917.06582
466	6.24663E4	7.89758E4	1.99478E4	8449.21931	5914.83921	4771.85714	4353.39576	4134.39959	4567.38445	5568.48532	7233.54345	1.04927E4	5570.7	3935.0277	3332.94248	8730.78217	1.97822E5	2.87298E4	3523.35859	4818.46174	4451.32798	7555.40917
468	1.45261E5	7.96661E4	2.11096E4	9503.93129	5756.37067	4394.52854	4279.60762	4158.09412	4233.11558	5650.40702	7490.38166	1.05838E4	5479.19115	3426.143	3543.26431	7335.23653	1.50471E5	5.40541E4	3399.6585	4507.02417	4609.72388	6462.84189
470	4.1802E5	7.59898E4	2.26802E4	9565.43204	6396.95418	5319.91612	4017.98484	4103.80885	4593.45076	5625.36315	7520.1972	1.06901E4	6159.85493	3539.03411	3562.41432	5577.98349	9.73851E4	9.08298E4	3114.0419	4219.74964	4848.24536	5251.26049
472	1.08667E6	8.36475E4	2.11699E4	9858.37966	6643.06365	5311.78235	4577.18266	3905.39687	4383.33983	5702.10411	7193.83137	1.04209E4	6058.41185	3332.04577	3534.6826	5067.45832	5.5123E4	1.33177E5	3084.27616	4246.98973	4682.72686	4257.4446
474	2.08902E6	8.15823E4	2.09452E4	9373.12774	6205.96595	5198.14675	4111.9193	4134.90316	3831.15089	5655.78074	7675.75993	1.03676E4	5915.49352	3345.35745	3303.79265	4076.82251	2.9163E4	1.70701E5	4351.80351	3628.78283	5003.10099	4141.14622
476	3.74924E6	8.51842E4	2.29622E4	9738.1173	6869.34579	5803.95782	4266.31957	3984.56592	4075.83985	5664.54956	6924.31288	1.02873E4	6084.71752	3676.47091	3322.00116	3567.97651	1.52262E4	1.9326E5	7272.25133	3926.74468	4761.97917	3701.29444
478	5.69897E6	8.1867E4	2.49674E4	1.03166E4	6602.66267	5364.16374	4221.80948	3945.78053	4157.36727	5215.70104	7193.99694	1.05488E4	6087.70352	3637.47388	3017.67992	2843.94101	9594.06511	1.90891E5	1.49413E4	3399.12633	4020.68705	3277.69453
480	7.52864E6	8.5723E4	2.16676E4	9675.91043	6798.39248	5515.82015	4521.09059	4024.48058	4744.38882	5312.57111	7309.97995	9875.73373	5922.33293	3426.97682	2598.27491	3280.05887	6895.37455	1.62393E5	3.01268E4	2979.14917	3285.57673	4001.71365
482	8.5789E6	8.6647E4	2.55165E4	9520.19172	6391.4782	5009.58333	3743.89827	4155.92271	4099.75048	5147.29636	7666.11065	1.03106E4	6020.84992	3065.81955	3150.56943	2833.42697	5851.52579	1.20215E5	5.40149E4	2564.65875	3029.0128	4026.35701
484	8.21053E6	8.17439E4	2.69727E4	9528.60425	5315.11251	5080.2995	4501.15167	4233.23866	4129.51463	4764.94463	7007.4689	9724.2842	5631.02555	3355.39338	2647.23486	3121.40126	4892.28774	7.45542E4	8.8427E4	2432.89084	3252.12567	4165.8581
486	6.86923E6	9.6626E4	2.51546E4	1.03662E4	7220.13898	5247.41885	4527.17122	4593.19102	3479.69728	5360.87919	6460.7265	9452.13398	5846.82493	3216.19156	2638.95707	2754.91245	3791.8114	4.10728E4	1.21258E5	3228.33702	2982.78396	4142.69237
488	4.96396E6	2.09638E5	2.46277E4	1.13487E4	6659.2429	5366.50383	4370.40136	4080.66729	4581.80566	5158.12613	6442.72083	8954.70034	5320.38049	3046.27279	2463.39141	2400.63817	3124.99108	2.08214E4	1.50638E5	5027.86166	2864.53293	4451.20678
490	2.90166E6	5.89675E5	2.34361E4	1.0496E4	7221.95356	4677.00745	4293.50998	3873.11288	4006.30647	4825.03349	6372.13847	8917.08353	5023.49383	3415.52711	2815.24194	2528.77284	3026.53107	1.12624E4	1.646E5	9451.20447	2627.11105	3512.29168
492	1.35203E6	1.42537E6	2.73883E4	1.08446E4	6378.6703	4388.45641	4631.67509	3810.12674	3867.49838	4758.73617	6098.04607	8681.28369	5138.36526	3151.19063	2618.66639	2454.14777	2416.30771	8101.93891	1.56428E5	1.7745E4	2266.47923	2874.59367
494	4.99365E5	2.70983E6	2.66473E4	1.06301E4	7125.07935	4759.04099	4432.48034	3765.27164	4216.80304	4709.58255	6322.33855	8630.90081	4530.08501	3005.73397	3009.46901	2434.087	2383.6318	6117.08412	1.32806E5	3.2865E4	1869.76779	2526.52924
496	1.99453E5	4.62049E6	2.67704E4	1.02661E4	6795.73172	5887.67787	4246.82153	4255.64238	3530.9255	4376.16288	5866.96597	8283.75864	5032.50544	3174.37188	2611.25575	2000.86625	2121.32852	4990.88311	9.70066E4	5.53005E4	1581.77553	2819.04018
498	1.51435E5	6.64714E6	3.00919E4	1.31294E4	6838.7084	4618.71842	4678.40038	3952.251	3853.14082	4160.25622	5788.33214	8561.85246	4554.51927	3099.44126	2635.38177	2079.37307	2503.7855	4299.76837	6.30394E4	8.38597E4	1918.0891	2653.76462
500	1.18257E5	8.42627E6	2.76924E4	1.18503E4	6748.55299	5262.32491	4543.64823	3837.73532	3757.16616	4505.3969	5665.3127	7874.96508	4261.70881	3159.91055	2670.79502	2279.63876	1990.96369	3193.26458	3.58992E4	1.0858E5	2550.91006	2493.44448
502	1.14733E5	9.26876E6	3.23204E4	1.31061E4	7571.124	5689.95974	3708.23591	3847.28863	3990.76462	4376.08834	5805.7269	8183.07358	4327.45541	2954.87893	2582.04683	2180.98054	1944.24701	2662.81671	1.82998E4	1.30055E5	4513.71351	2249.38525
504	1.15002E5	8.86663E6	3.7058E4	1.11725E4	7470.30816	5289.58529	3789.19687	3922.5827	3856.12268	4209.11366	5865.78882	7862.6952	4079.67223	2872.08482	2428.17411	1924.83377	1886.29131	2148.5471	9761.37317	1.37856E5	8506.00977	1952.44887
506	1.21235E5	7.26938E6	5.08716E4	1.2438E4	7919.12351	4638.43907	4288.14846	3691.34074	3589.36969	4284.26401	5774.8753	7448.00241	4036.52076	2843.53968	2626.8801	1763.44429	2164.27198	1861.5061	6569.39964	1.29687E5	1.76307E4	1624.38956
508	1.33505E5	5.29486E6	1.832E5	1.24659E4	8886.93528	5610.33108	4615.40771	4308.30825	3141.10401	4209.94841	5142.90534	7932.59844	4133.68363	2751.34758	2493.52743	2201.53896	2121.92498	1720.30484	5212.24999	1.0764E5	3.09258E4	1422.20746
510	2.16168E5	3.04574E6	6.40773E5	1.29843E4	8508.05646	4890.58234	4298.23606	4415.76196	3560.8049	4347.5664	5275.21243	7192.10173	3598.28591	2531.4499	2351.82558	1899.78848	1838.95799	1756.80013	4467.30012	7.70417E4	5.14528E4	1201.73347
512	3.18788E5	1.35976E6	1.67987E6	1.50146E4	8234.61653	5708.21323	4275.75395	3757.94689	3572.0245	3883.49393	5056.66741	7059.14692	3782.76926	2671.07594	2136.52052	1962.72541	1785.42907	1827.33947	3568.99184	4.92748E4	7.2646E4	1409.65094
514	5.95187E5	4.89014E5	3.20757E6	1.38376E4	8603.72642	5188.77259	4094.9803	3314.04129	3671.6115	3948.50598	5436.95826	6804.48219	4129.68084	2530.47588	2272.79003	1900.62761	1589.30662	1781.06393	2752.0497	2.67879E4	9.39249E4	2087.45901
516	8.77353E5	2.21303E5	5.09524E6	1.76355E4	9349.73263	5457.17927	4101.6502	3721.92353	3325.87346	4229.0228	4926.06004	6943.88166	3554.97966	2625.57795	2387.35137	2017.927	1742.00233	1870.4291	2439.94138	1.437E4	1.10328E5	4004.16256
518	1.30722E6	1.6021E5	7.17146E6	1.71269E4	8162.6231	5481.2332	4143.94381	3690.01115	3120.82792	3766.15815	4872.25201	6438.00425	3658.24062	2392.68891	2279.37484	2074.86655	1735.61154	1512.56062	2060.51019	6983.1807	1.13601E5	7889.66675
520	1.75536E6	1.54465E5	8.82914E6	1.87802E4	7737.27048	5773.52236	4473.78972	4033.67224	3639.12059	3638.93015	4560.05678	6623.88233	3431.5803	2142.82829	2210.42093	1766.353	1344.13279	1512.26136	1721.38307	5032.00428	1.09113E5	1.52876E4
522	2.1146E6	1.40107E5	9.28931E6	1.96511E4	8251.5379	5495.55799	4424.18021	4144.96377	3544.54744	3855.57412	4631.05522	6174.55477	3355.41896	2434.17708	2213.96593	1738.86739	1693.8271	1399.24388	1399.2801	4229.84909	9.06758E4	2.62497E4
524	2.42716E6	1.33578E5	8.50354E6	2.44916E4	8406.21928	6302.97063	4210.14249	4050.82766	3557.1139	3420.12153	4649.7541	5904.34719	3094.81273	2029.26295	2165.76962	1975.41197	1540.09819	1496.09187	1338.69527	3517.58975	6.53291E4	4.19668E4
526	2.50687E6	1.11075E5	6.88211E6	3.94423E4	9893.82946	6067.95158	4385.10235	3790.24939	3575.40536	3373.1984	4608.40568	5997.3881	3502.14668	1974.44529	1970.59895	1704.35836	1211.14948	1409.28919	1203.02275	2694.05965	4.13228E4	6.07921E4
528	2.3554E6	1.13719E5	4.78978E6	1.78041E5	9850.03196	6042.40837	4725.51481	4101.29444	3240.84561	3152.57963	4248.98248	5493.37425	3049.73091	1904.58033	2011.9343	1804.23918	1517.38838	1486.34021	1250.64927	2644.7342	2.35367E4	7.83413E4
530	1.98948E6	1.29355E5	2.68936E6	6.67712E5	1.14901E4	6188.58388	4125.62632	3543.75723	3718.5922	3660.68558	4142.82566	5579.31672	3164.51585	2134.08586	1611.69177	1939.40733	1508.06719	1238.07302	1069.45442	2176.77428	1.27881E4	9.13666E4
532	1.55649E6	1.67643E5	1.1604E6	1.74763E6	1.14782E4	6396.34585	4873.63149	3534.61227	3283.12678	3372.30897	3898.98854	4880.77952	2952.52357	2088.87019	1812.8464	1551.66771	1260.70654	1150.4128	1240.64926	1639.1146	6845.13307	9.66565E4
534	1.00626E6	2.71331E5	3.80526E5	3.42509E6	1.10025E4	6894.89293	4864.90031	3542.94832	3499.18226	3316.26676	3625.5774	4429.10177	2902.00049	1760.88859	1515.91769	1493.15084	1379.60107	1241.36272	1215.62951	1561.0659	4277.25653	9.20642E4
536	6.01089E5	4.50034E5	1.56559E5	5.41035E6	1.3401E4	6476.49528	4813.05848	3718.10662	2966.58117	3564.69447	4196.50494	5128.65327	2869.35189	1754.13426	1390.94701	1275.80289	1348.70405	1165.98091	924.98336	1359.88357	3646.87465	7.73691E4
538	3.19861E5	7.59053E5	1.24498E5	7.43852E6	1.30228E4	6358.69727	4686.75852	3927.55757	3231.54171	2939.66889	3748.6128	4716.06112	2648.96287	1874.20077	1589.21598	1411.21068	1225.83046	1150.72749	962.86351	1214.43305	3040.73805	5.64578E4
540	1.44586E5	1.1701E6	1.05759E5	8.85434E6	1.56204E4	7534.85094	5079.29938	3738.11089	2900.20829	2804.71755	3447.84041	4022.20904	2448.91092	1784.10433	1705.92236	1450.88033	1395.25041	1318.5938	905.32807	1052.04938	2670.42659	3.69539E4
542	1.10425E5	1.61927E6	1.00074E5	9.13719E6	1.5711E4	6672.20969	5428.31125	3728.98038	3451.02686	3555.16535	3839.94883	4612.98576	2166.43065	1539.26207	1566.61741	1421.44942	1281.98818	904.99739	868.84043	999.51161	2102.77787	2.09573E4
544	7.86244E4	2.12158E6	9.19506E4	8.21314E6	2.24367E4	7471.8495	5653.08823	3990.69179	3097.96851	3406.59	3901.26303	4349.31054	2320.32973	1892.99907	1184.55889	1341.29385	1132.06854	1070.26879	781.92015	742.13404	1886.64223	1.08277E4
546	6.14234E4	2.49099E6	8.4836E4	6.46843E6	4.27663E4	8564.95699	5812.15239	3736.13088	3241.17164	3302.06943	3214.91314	4154.85242	2426.72109	1889.05575	1616.72781	1190.42366	1050.63658	1028.38529	691.28241	842.8036	1417.2943	5886.20078
548	6.52259E4	2.67865E6	8.30759E4	4.38784E6	1.95585E5	8485.08419	5336.65527	3891.74908	2980.17667	3271.90208	3051.16981	4277.27568	2386.61417	1427.71683	1429.68221	1420.96895	1228.36858	1105.93137	938.27165	1022.08092	1132.83628	3915.16195
550	6.32676E4	2.65383E6	7.65582E4	2.481E6	7.0135E5	8879.55994	5441.30422	4536.17595	2827.74526	3767.1058	3302.28824	4217.97716	2336.36032	1887.91105	1511.541	1314.07035	1232.14862	985.0882	758.04463	767.86336	707.41213	3403.11726
552	5.28519E4	2.45187E6	7.51784E4	1.07177E6	1.77889E6	9796.53993	5621.80707	4261.43519	2975.81848	2924.65107	3187.06893	3788.94731	2449.06844	1528.83468	1543.94663	1344.4235	1449.2825	947.10028	933.7725	887.59026	776.39555	2751.14246
554	4.6261E4	2.00183E6	1.03127E5	3.56054E5	3.36033E6	9571.7948	5795.84894	3972.82973	3047.19397	3114.9129	3550.07654	3975.70853	2265.94929	1457.07481	1512.79941	1339.00946	1177.0517	945.10376	775.09584	757.15729	780.19429	2234.19714
556	4.92239E4	1.49064E6	1.62845E5	1.52061E5	5.29688E6	1.07857E4	5993.81585	3959.98258	3701.64665	3027.10534	3519.30321	3565.6978	2103.50561	1614.57866	1590.13598	1118.49229	1179.07706	925.81846	695.77944	828.59015	642.15431	2069.86178
558	3.83689E4	1.01103E6	2.97292E5	1.18659E5	7.21567E6	1.10833E4	6914.80303	4351.02769	3610.37162	2565.61878	3064.65723	3604.08745	2131.56411	1797.25954	1363.6595	1168.23979	1182.60629	1036.13621	774.89241	723.85664	558.96327	1870.84218
560	4.90934E4	5.87273E5	5.07213E5	9.80855E4	8.47432E6	1.15784E4	6779.30101	4570.10589	3800.59068	2472.95664	3000.25978	4059.90497	2272.44598	1907.25282	1448.59976	976.61428	1067.91762	1016.07838	779.19214	940.49736	823.11877	1205.67112
562	4.48772E4	3.29846E5	8.33871E5	8.92131E4	8.74793E6	1.40923E4	6361.64594	3785.82128	3285.58408	2635.51804	3184.68269	3685.54351	1929.00761	1351.93273	1302.10313	1343.71394	1164.9252	878.05681	841.87202	894.71314	938.31053	1299.42111
564	5.27236E4	1.5628E5	1.27035E6	8.38054E4	7.7603E6	2.09036E4	6647.51615	4727.89054	3863.29671	2895.50688	2951.13574	3503.41481	1961.51463	1479.54361	1344.90417	1160.00724	957.91783	793.44865	867.80985	796.20183	638.57567	1156.52084
566	4.59574E4	1.02602E5	1.68711E6	8.10085E4	6.05153E6	3.64889E4	8107.648	4780.01147	3103.92624	3279.76726	3082.86131	3288.29019	1960.42952	1411.21478	1244.56624	1093.82591	905.33298	1071.71312	771.73924	670.86017	849.50974	734.63776
568	4.67758E4	8.05898E4	2.11776E6	7.87688E4	4.02348E6	1.98745E5	7949.58282	4937.26801	3697.85006	2523.14419	2838.14238	3269.04033	2525.55438	1222.51457	1174.1013	1224.00023	840.39675	884.6644	838.21163	803.31484	514.88301	537.19838
570	5.7099E4	5.79773E4	2.41436E6	7.31683E4	2.194E6	7.36623E5	8910.34873	5501.42457	3378.45386	3025.4934	2942.66753	3116.13312	2061.96346	1300.74407	1318.5881	1134.64363	855.6686	943.09021	781.51845	806.21173	622.5668	537.19277
572	3.578E4	5.52865E4	2.50534E6	7.08382E4	9.16179E5	1.79641E6	9063.89378	4257.52273	2842.01248	3255.73316	2839.646	2716.63741	1955.81901	1476.84293	1315.85751	1009.61376	1083.39268	960.41476	891.57559	708.33378	620.50627	566.60953
574	4.80204E4	4.19792E4	2.43376E6	6.5876E4	3.08254E5	3.36621E6	8971.47202	5125.33943	3209.51885	3332.97984	2687.57051	2713.42999	1942.45947	1518.36735	1053.74541	868.77959	905.97475	770.04588	622.75031	627.62763	697.52228	687.56838
576	6.11411E4	3.87686E4	2.14481E6	6.49296E4	1.32547E5	5.13609E6	9411.53117	5639.2954	4065.19777	2916.41827	3153.23259	3191.5626	1870.7116	1623.61408	1497.9872	1091.56531	910.43635	1116.07474	621.22931	720.41969	540.27497	441.6194
578	4.10654E4	4.13225E4	1.7376E6	9.09364E4	1.02477E5	6.80676E6	1.06674E4	5166.15372	3741.59641	3362.78435	2684.5889	2527.60336	1968.43159	1638.15831	1281.73383	1324.23349	758.35604	1077.31246	678.79782	708.81956	607.30522	543.34634
580	4.9884E4	3.76923E4	1.28288E6	1.51713E5	9.03192E4	7.97001E6	1.23224E4	5151.07974	3761.86242	3166.10655	3160.5744	2924.21351	2061.51901	1413.77702	1059.79821	1177.8846	864.0172	1086.1852	759.66578	685.60398	477.38687	520.43209
582	4.06133E4	3.75595E4	8.50108E5	2.8038E5	7.9721E4	8.11669E6	1.41091E4	6016.17274	3873.38764	2779.09501	2461.61567	2490.98475	1906.37877	1186.7085	972.2347	1298.40557	1062.89583	732.70165	866.10256	746.67068	712.72812	605.76953
584	3.48887E4	2.944E4	5.0191E5	4.85573E5	7.54143E4	7.11196E6	1.85798E4	7207.39119	4168.6161	2810.11049	2817.05101	3118.64368	1809.81101	1308.23035	1113.29391	834.23204	812.94902	865.5483	512.0403	661.10156	568.67131	418.3152
586	3.63477E4	3.32575E4	2.62294E5	7.86282E5	7.26243E4	5.42217E6	3.76546E4	6986.11933	4556.28373	2531.88686	2257.16771	2329.57993	2123.28602	1539.16561	1198.62215	1268.23695	1042.52709	928.24208	934.94215	672.22962	540.29217	649.2004
588	5.0786E4	3.11955E4	1.37441E5	1.14271E6	6.75888E4	3.48516E6	1.7232E5	7965.23101	4139.23905	2866.42938	2829.678	2754.56955	1872.28792	1522.23025	1557.10625	669.81668	573.0613	797.83329	817.8244	918.60564	438.26175	479.29119
590	3.97843E4	2.96127E4	7.77427E4	1.56388E6	6.47213E4	1.83297E6	6.76888E5	6650.61876	4325.914	3539.69842	2572.64108	3120.44402	1846.11782	1379.60929	1072.60349	1181.1976	806.39129	760.50474	768.24922	485.65027	483.04302	557.05286
592	3.52582E4	3.23423E4	5.56982E4	1.91267E6	5.93989E4	7.15111E5	1.73179E6	8287.59548	3811.01958	3173.22237	2797.6019	3157.03125	1971.60219	1389.55025	1237.62969	907.62284	899.32763	786.28117	793.59853	856.85551	466.3702	532.13265
594	3.59084E4	3.20536E4	4.42746E4	2.15394E6	6.09478E4	2.40868E5	3.22771E6	7262.91958	4260.02846	3439.85747	2456.36943	2349.10173	2411.80247	1396.3017	1124.69923	815.17897	797.81929	579.8922	845.41568	597.98499	606.95003	516.40321
596	3.10911E4	3.46892E4	3.83826E4	2.21214E6	5.65928E4	1.15713E5	4.97191E6	8301.08489	4045.86533	3266.7629	2538.43083	2577.40237	1586.07083	1650.14111	1251.49256	1035.95603	1010.76508	747.79366	885.65242	691.99449	388.70948	550.90901
598	3.17566E4	3.72604E4	2.58618E4	2.10956E6	5.27757E4	9.1753E4	6.51159E6	1.03131E4	3767.09493	3631.92381	3396.88695	2188.36319	1670.70332	1398.66725	1408.95502	748.13783	1122.49502	670.30115	591.32906	436.44761	630.23478	510.93787
600	3.06131E4	4.24641E4	2.85784E4	1.86749E6	6.02453E4	7.96247E4	7.49544E6	1.09749E4	4887.04333	2666.20815	2954.59054	2335.86929	1561.8325	1842.3088	1066.66855	1307.93985	995.0569	831.35608	410.36855	647.986	725.42244	495.64084
