300	8.67014E4	7.88577E4	7.77421E4	2.7143E6	2.02537E5	1.59428E5	1.15442E7	3.77372E4	5683.1297	3449.77556	2042.61439	1658.71882	1202.18189	1245.16695	815.3411	673.60595	635.82806	833.13567	868.02772	403.59465	756.73575	628.59439
302	8.73488E4	6.83633E4	6.88458E4	1.76311E6	5.27517E5	1.04172E5	1.00356E7	4.1921E5	6052.79441	4032.65164	2405.78566	1706.75416	1379.26169	1387.98538	920.86189	613.19951	513.71015	770.70231	596.64806	812.16536	517.61682	636.00734
304	8.54715E4	7.38689E4	6.09488E4	9.1296E5	1.10447E6	9.21003E4	6.31084E6	1.89095E6	7819.54027	3714.59698	1848.29165	1697.35095	2017.83452	1266.06056	1009.50462	881.55065	694.83066	839.99698	809.84206	567.70671	702.11749	542.72147
306	6.17363E4	6.9916E4	5.92101E4	3.79931E5	1.90213E6	8.31662E4	2.73562E6	4.9808E6	9248.52383	3962.89324	2621.503	1924.61072	1650.46897	1457.00571	978.08988	897.76316	828.09723	895.20387	644.60763	678.66376	935.47219	520.12303
308	8.71395E4	5.19094E4	5.26902E4	1.41657E5	2.61191E6	7.70604E4	7.33325E5	8.83628E6	1.39123E4	4457.59306	2457.3634	1576.8473	1142.08732	841.95369	1112.27646	794.40043	750.65983	622.28307	467.40306	655.09963	612.59539	627.35064
310	6.01673E4	5.31912E4	5.64034E4	7.41007E4	2.8232E6	8.25399E4	1.54071E5	1.08297E7	3.43251E4	4843.01142	2611.11424	1616.46519	1424.57113	1048.19162	976.93355	792.34501	857.97056	488.33258	408.21588	771.44526	529.09451	558.25228
312	7.45232E4	4.8302E4	5.15179E4	5.27691E4	2.38811E6	1.56897E5	9.54449E4	9.47963E6	3.81627E5	4798.03772	2803.36873	2095.06078	1448.84285	1103.40627	1046.73652	922.48001	683.482	848.64759	540.12834	662.34118	671.61823	529.93867
314	7.0158E4	5.20272E4	4.81539E4	4.15601E4	1.55011E6	4.1194E5	7.83983E4	5.75745E6	1.85686E6	5811.92801	3000.01259	1931.46045	1479.21901	1306.59775	1005.81503	1142.5077	952.34415	713.27138	383.51541	381.94162	469.2443	593.82182
316	7.13183E4	4.88571E4	4.58937E4	3.95419E4	7.93654E5	9.12061E5	7.24632E4	2.38025E6	4.74659E6	8018.0179	3154.80062	2157.63517	1382.50375	1283.58895	998.77472	909.13896	706.00803	633.58377	538.80735	577.09561	666.39261	384.99715
318	6.97358E4	4.43232E4	4.55152E4	3.74755E4	3.28419E5	1.56725E6	6.38979E4	6.38426E5	7.89853E6	1.16964E4	3365.33352	2143.44442	1707.56012	1284.57494	469.15907	773.70422	767.54089	442.62477	623.84234	457.29678	558.24922	386.96176
320	6.07999E4	4.57057E4	4.24979E4	3.22628E4	1.19856E5	2.15211E6	5.78755E4	1.26643E5	9.36244E6	3.16576E4	3489.71952	2004.00236	1813.90452	1314.93224	919.6133	750.02507	965.08178	564.823	575.23605	507.69589	801.94474	776.05307
322	3.92744E4	3.55646E4	3.46051E4	3.20208E4	5.45917E4	2.30282E6	6.20711E4	7.4589E4	7.8827E6	3.27731E5	4288.25063	2189.86964	1935.00942	1203.24272	692.04403	938.64356	787.55162	666.02616	686.36562	455.91825	367.95781	487.38165
324	5.75993E4	3.43626E4	3.41189E4	2.82286E4	3.57635E4	1.96814E6	1.20034E5	6.48793E4	4.75403E6	1.46338E6	5494.88914	1987.30029	1489.01658	1252.19774	1186.29565	801.35094	548.17614	481.41003	711.60364	655.54775	438.03152	196.32575
326	5.63361E4	3.35731E4	3.27522E4	3.13839E4	2.9922E4	1.35836E6	2.93811E5	5.77165E4	1.9724E6	3.74874E6	6039.47246	2475.00528	1838.3129	1340.28255	1065.13895	748.32848	578.83309	564.6007	456.24689	810.91434	402.75151	551.45776
328	6.31209E4	3.85055E4	2.55766E4	3.08936E4	2.70291E4	7.61009E5	6.42075E5	5.17585E4	5.36079E5	6.31265E6	9502.33393	2803.01323	1738.30583	1523.00561	867.70989	771.05083	737.95091	732.01791	507.75133	417.81365	577.03387	393.24093
330	5.45189E4	3.36126E4	2.80572E4	3.09574E4	2.51943E4	3.30314E5	1.163E6	4.76018E4	1.07631E5	7.77341E6	2.31789E4	2773.35041	1433.21813	1240.84995	937.62872	559.2222	601.36311	507.10012	492.00736	489.8923	602.34008	487.96211
332	5.51104E4	3.51495E4	2.69153E4	3.06398E4	2.36903E4	1.30286E5	1.65064E6	4.41881E4	6.34035E4	6.83329E6	2.35975E5	3315.15984	1876.37844	1283.90908	933.60637	713.94468	570.20837	671.54875	632.88565	571.65661	594.22945	377.1841
334	6.01646E4	3.25935E4	2.28063E4	2.7774E4	2.14976E4	5.17525E4	1.85812E6	4.62894E4	5.14808E4	4.30528E6	1.13555E6	4105.77666	1671.48758	1546.97163	952.39855	878.41742	431.00656	378.48097	238.04967	423.6534	474.31689	470.52094
336	5.51373E4	3.31034E4	2.04785E4	2.73446E4	2.20735E4	3.19009E4	1.70006E6	8.20336E4	4.81174E4	1.82459E6	3.04458E6	5554.22329	2120.54517	1567.54383	1086.8466	831.81873	833.97223	507.42544	463.00017	429.82916	298.72739	523.47898
338	5.21531E4	3.14664E4	2.39275E4	2.66158E4	2.09297E4	2.56351E4	1.26342E6	1.99417E5	4.44573E4	5.21285E5	5.18502E6	7569.21964	2519.35786	1536.13146	883.9473	610.57111	636.80518	618.13341	385.84313	356.48835	422.70173	505.78359
340	6.07994E4	2.82136E4	2.25468E4	2.24749E4	2.16709E4	2.22595E4	7.24664E5	4.60794E5	4.08127E4	9.78183E4	6.32761E6	1.8598E4	2468.78549	1500.44144	1197.88256	860.27744	798.79095	559.88372	414.06904	496.81667	330.98924	501.87483
342	5.82324E4	3.10239E4	2.215E4	1.96487E4	2.16516E4	1.93282E4	3.45997E5	8.44349E5	3.5315E4	5.23828E4	5.57305E6	1.82014E5	2624.79834	1790.50394	1156.06568	641.88882	576.677	395.94254	467.33198	370.05263	446.74981	515.22173
344	6.3338E4	2.94221E4	2.18919E4	2.1211E4	2.20291E4	1.93505E4	1.29126E5	1.25827E6	3.06871E4	4.38567E4	3.4287E6	9.55436E5	3069.11149	1564.0182	1267.90789	740.45337	581.22691	495.82744	524.75503	366.71499	490.84327	383.54839
346	6.82133E4	3.71066E4	2.40345E4	2.00881E4	2.25735E4	1.74717E4	5.30445E4	1.47343E6	3.22273E4	3.7292E4	1.45367E6	2.49263E6	4186.93875	1727.02481	1201.11204	635.3799	659.97186	598.55229	387.99337	478.4849	311.87926	360.68609
348	5.61754E4	3.06236E4	2.39636E4	1.96201E4	2.11431E4	1.68015E4	2.90889E4	1.40478E6	5.64597E4	3.50321E4	3.78778E5	4.35108E6	6115.88276	1861.35149	1052.294	785.10443	499.01749	554.39621	588.99106	479.90457	465.26668	394.14377
350	5.57984E4	3.36997E4	2.02175E4	2.10469E4	2.08006E4	1.73883E4	2.03693E4	1.08563E6	1.35541E5	3.27631E4	7.80508E4	5.20514E6	1.32731E4	1964.1737	1152.55047	818.58884	517.8443	501.78655	631.94279	358.73313	361.60839	312.63205
352	5.09703E4	3.45826E4	2.21965E4	1.76917E4	2.0553E4	1.54559E4	1.68752E4	6.67913E5	3.19161E5	3.03094E4	4.40801E4	4.49308E6	1.50398E5	2630.53299	1195.32223	816.5776	516.90269	482.09119	427.42064	395.62783	389.99278	251.15356
354	6.29928E4	3.25387E4	2.18542E4	1.87558E4	1.84784E4	1.51632E4	1.40242E4	3.36224E5	5.93408E5	2.64487E4	3.36932E4	2.79527E6	7.37881E5	2905.60141	1218.27851	787.49312	646.80419	664.65926	445.93628	404.4008	416.86753	352.5245
356	6.5488E4	3.38645E4	2.12228E4	1.78668E4	1.70232E4	1.55821E4	1.23634E4	1.38248E5	8.96818E5	2.29789E4	2.98116E4	1.15826E6	2.01536E6	3904.07691	1228.1805	912.60325	673.1394	458.35793	316.54868	250.80476	309.76596	377.1259
358	4.29384E4	2.79886E4	1.97154E4	1.62723E4	1.50563E4	1.58598E4	1.22406E4	5.49698E4	1.11093E6	2.30797E4	2.7292E4	3.14173E5	3.54902E6	5687.75057	1451.19205	932.1891	661.01638	687.89991	409.87136	331.90388	446.88325	337.73852
360	5.15948E4	3.1539E4	1.92359E4	1.60123E4	1.49709E4	1.50778E4	1.17855E4	2.85558E4	1.1173E6	3.33105E4	2.75426E4	6.56585E4	4.42126E6	1.18545E4	1674.75047	854.62556	704.16165	503.09398	493.46043	343.53465	309.93131	171.27224
362	5.51459E4	2.65024E4	2.06926E4	1.50618E4	1.52003E4	1.56146E4	1.0241E4	1.90839E4	9.26476E5	7.56477E4	2.45821E4	3.69202E4	3.98671E6	1.18494E5	1678.14181	896.58586	825.10308	449.50805	377.76563	254.8666	293.01105	278.57171
364	5.70918E4	2.86674E4	1.71576E4	1.66834E4	1.42186E4	1.64857E4	1.04703E4	1.37215E4	6.17267E5	1.79829E5	2.27213E4	2.78762E4	2.58772E6	6.22414E5	2296.71204	1025.29055	837.3277	403.00315	553.39966	366.19254	326.92421	278.19539
366	4.7366E4	2.81642E4	1.84874E4	1.59882E4	1.49864E4	1.36224E4	9566.57024	1.02828E4	3.29665E5	3.81468E5	1.92159E4	2.44394E4	1.07686E6	1.81482E6	2813.00546	1018.23311	769.57085	471.41053	478.31738	462.40591	304.82482	288.52018
368	4.65696E4	3.03963E4	1.88217E4	1.55598E4	1.42203E4	1.27301E4	9296.41088	9278.39565	1.486E5	6.20547E5	1.74278E4	2.28358E4	3.05357E5	3.20472E6	4765.40215	1128.07883	795.12394	603.23405	439.21901	376.90702	289.17266	239.1117
370	4.58405E4	2.63854E4	1.74186E4	1.4619E4	1.30906E4	1.22319E4	9510.10938	8083.08069	5.7715E4	8.2583E5	1.70422E4	2.27846E4	5.868E4	3.94589E6	1.16645E4	1257.52589	647.62827	613.3403	331.84387	282.7061	348.7242	279.58907
372	4.9081E4	3.13969E4	1.42595E4	1.35735E4	1.21E4	1.08465E4	9540.71793	7994.25609	2.69258E4	8.88135E5	2.23561E4	2.08276E4	3.32107E4	3.43565E6	1.1583E5	1494.61388	718.22803	578.70968	518.0004	348.31643	290.47321	236.12546
374	4.55022E4	2.60684E4	1.47064E4	1.28026E4	1.24368E4	1.10044E4	9930.90037	7447.28546	1.76182E4	7.80266E5	5.15403E4	1.83016E4	2.45971E4	2.11304E6	5.76248E5	1674.80263	812.86186	537.857	417.87937	433.34176	394.14404	275.38055
376	4.46002E4	2.15707E4	1.44522E4	1.20441E4	1.23418E4	1.00887E4	9503.45403	6876.40936	1.15982E4	5.64651E5	1.25146E5	1.62253E4	2.10195E4	8.82091E5	1.54581E6	2513.40712	925.58418	614.94301	451.64855	379.40977	347.25224	186.67856
378	4.84203E4	2.56336E4	1.54302E4	1.1707E4	1.12208E4	1.05193E4	9994.5863	6310.7316	8937.57042	3.36546E5	2.60256E5	1.42504E4	1.90544E4	2.32297E5	2.6765E6	3588.67802	947.82404	671.66009	440.80867	369.02263	277.17067	276.72669
380	4.33759E4	2.30921E4	1.29748E4	1.22787E4	1.04085E4	9760.48415	9198.52484	6533.61805	7718.0397	1.63225E5	4.39659E5	1.36259E4	1.88876E4	4.99012E4	3.25292E6	9051.84499	871.19462	853.21333	406.48162	446.467	377.86824	291.2564
382	4.62358E4	2.20156E4	1.44499E4	1.19322E4	1.09588E4	9031.64299	8549.13981	6158.99087	7105.17829	7.41023E4	6.10102E5	1.28284E4	1.82987E4	3.00529E4	2.91594E6	8.42585E4	1344.70724	749.60596	488.11344	348.38389	218.8617	308.5975
384	3.94508E4	2.14381E4	1.44386E4	1.05429E4	1.04742E4	9733.22892	8166.45828	6760.24868	6397.90983	3.40789E4	7.10355E5	1.61944E4	1.70634E4	2.23789E4	1.87625E6	4.33246E5	1410.95015	639.49312	521.96761	317.47721	396.17286	212.97523
386	3.9976E4	2.28044E4	1.28905E4	1.11521E4	1.0056E4	8992.43085	7589.24358	6276.44544	6281.38645	1.86083E4	6.8798E5	3.26544E4	1.5113E4	1.8928E4	7.9176E5	1.24754E6	2190.91535	791.8719	525.5256	368.97183	228.61283	316.89317
388	4.22081E4	2.37154E4	1.35329E4	1.10965E4	9692.56945	8013.79105	7529.68699	6660.67926	5594.68529	1.30312E4	5.55266E5	7.54456E4	1.34445E4	1.69937E4	2.26462E5	2.23087E6	3798.77793	852.85004	513.61892	384.79214	342.69772	281.76493
390	3.74028E4	2.75783E4	1.30352E4	9839.53419	9369.71072	8951.52723	6940.24717	7155.97336	5440.33606	9483.79255	3.66326E5	1.68258E5	1.23253E4	1.59918E4	4.66247E4	2.88713E6	8052.91631	644.2789	549.04949	386.52768	329.28513	209.79802
392	4.54395E4	2.43858E4	1.30842E4	1.00671E4	9623.65531	8506.02018	7044.16033	6824.88623	5096.4462	7507.0158	1.92883E5	3.10685E5	1.12445E4	1.6594E4	2.60057E4	2.6343E6	8.33319E4	1070.82685	635.44	508.14626	373.14633	277.34604
394	2.85076E4	3.06003E4	1.27012E4	9396.06427	8639.32341	8096.09724	6867.34111	6522.05253	5260.43978	6417.24528	9.05822E4	4.59125E5	1.12516E4	1.57288E4	2.09743E4	1.75065E6	4.11812E5	1505.93233	609.51074	481.56296	397.38838	272.09159
396	4.91838E4	3.13832E4	1.15335E4	9314.40149	9736.97246	8218.50005	6299.94554	7451.14778	5102.63123	5943.36454	3.9614E4	5.73169E5	1.20786E4	1.4719E4	1.66217E4	7.65606E5	1.18083E6	2269.17715	622.14561	413.77153	406.59343	285.26112
398	4.16078E4	3.34217E4	1.09153E4	9989.23061	8382.49602	7955.21679	6223.09306	6465.75145	5047.14272	5504.85426	2.0787E4	5.95376E5	1.94267E4	1.36364E4	1.41227E4	2.16843E5	2.06976E6	3293.463	780.8241	437.83669	399.60198	211.78532
400	3.25347E4	3.46423E4	1.1954E4	1.06097E4	7406.73044	7119.99824	6619.0274	5935.61763	5329.52356	5120.33668	1.41122E4	5.13135E5	4.5021E4	1.11138E4	1.32177E4	4.29591E4	2.55141E6	6805.53212	763.29428	571.83928	354.42119	314.0212
402	4.50553E4	3.85943E4	1.27583E4	9114.62387	7775.26398	7378.79704	6228.47101	5754.59754	4899.91146	5035.51763	9763.75577	3.65136E5	1.02968E5	1.08489E4	1.33634E4	2.3184E4	2.24133E6	6.80468E4	968.10864	575.38698	475.4671	241.75243
404	4.9157E4	4.34547E4	1.06379E4	8573.87802	8360.88829	7304.68077	5977.64162	5907.37184	5595.80393	4947.73633	8273.6557	2.14644E5	2.01778E5	1.00842E4	1.33649E4	1.78915E4	1.39373E6	3.57791E5	1174.92849	557.68615	405.72509	352.12366
406	3.98592E4	3.98524E4	1.09894E4	7493.45852	7757.36355	6901.71117	6143.70111	5325.75184	5827.67605	4549.25148	6074.32754	1.08837E5	3.20516E5	9523.74066	1.30233E4	1.46769E4	5.86402E5	1.00773E6	1849.47739	446.03762	413.90826	332.90451
408	3.50675E4	3.89212E4	1.03022E4	8801.847	7630.99024	6758.80023	5687.81136	5495.69177	5566.58387	4791.69069	5716.13705	4.82331E4	4.3533E5	9562.90679	1.13686E4	1.19257E4	1.53634E5	1.80795E6	2918.89661	707.38847	488.99025	278.36105
410	4.5538E4	4.39859E4	1.16407E4	8399.33837	8335.74319	6872.2799	5686.27035	5539.85901	5904.28163	4783.78795	5479.87035	2.38059E4	4.94264E5	1.34727E4	1.03662E4	1.0673E4	3.18022E4	2.2493E6	5886.55431	728.17386	331.63129	373.84184
412	4.82326E4	4.11115E4	1.23717E4	8762.76562	8191.11869	6870.07507	5077.70299	4560.23404	5602.23757	4006.20598	5186.26557	1.57665E4	4.76518E5	2.88011E4	9243.15476	1.08133E4	1.95464E4	2.0151E6	5.04264E4	828.72891	436.894	380.81613
414	4.69973E4	3.96149E4	1.1939E4	9045.92252	6854.83543	6875.91469	5083.13351	4557.17981	5346.95322	4188.27672	4938.12209	1.10476E4	3.81892E5	6.48168E4	8418.07076	1.07535E4	1.53849E4	1.29075E6	2.72768E5	1185.13709	402.00809	253.33726
416	3.73612E4	4.3469E4	1.08793E4	8554.40022	7111.75072	6204.48215	5623.68069	4734.85078	5289.69293	4511.85793	5070.75616	8521.04918	2.57827E5	1.3082E5	7931.54976	1.06847E4	1.25809E4	5.4951E5	8.22432E5	1718.87638	567.99106	274.2349
418	4.65519E4	4.53989E4	1.23401E4	8292.98488	7736.8261	5752.35172	5393.69768	4811.86231	4747.90049	4781.16575	4559.49078	7439.83214	1.45361E5	2.2563E5	7530.13974	1.01516E4	1.02368E4	1.52184E5	1.54271E6	2454.89259	533.31262	352.13367
420	4.09037E4	4.72959E4	1.0989E4	7859.55925	7237.94669	6305.66896	5223.89567	4708.41912	4731.57299	4792.08128	4913.19772	6408.87672	7.18748E4	3.25379E5	7107.32526	9427.98359	9320.84477	3.07215E4	2.00164E6	5805.18379	660.79613	351.6709
422	4.55291E4	4.98301E4	1.02715E4	8019.65107	6857.1913	5973.68376	5113.36417	4685.21515	4325.73063	4882.28613	4728.08913	5576.92936	3.38162E4	4.04576E5	8106.83678	8014.4254	8084.08728	1.73877E4	1.82605E6	5.73703E4	669.7611	460.41127
424	4.69273E4	4.58467E4	1.13479E4	8490.28383	6841.30596	5747.44759	4924.76027	4503.91242	4394.30215	5329.46261	4418.6253	5563.81168	1.78132E4	4.19996E5	1.59673E4	7521.77978	8514.62006	1.35555E4	1.18321E6	2.79804E5	992.47054	329.67934
426	4.69366E4	5.25276E4	9802.013	6611.33326	7033.68326	5534.79227	4851.33947	4296.52598	4487.55865	5525.36931	4944.23068	5681.93183	1.25793E4	3.65535E5	3.63272E4	6713.28442	9171.23384	1.13756E4	4.99351E5	8.24058E5	1510.13569	416.2287
428	4.97876E4	4.88989E4	1.27337E4	7911.93324	6708.0816	5627.1075	4562.78907	4638.87367	3892.79894	5050.13495	4770.73619	5960.92385	9487.32758	2.68735E5	8.0001E4	6462.98746	8386.28266	9286.16505	1.27548E5	1.47111E6	2432.94943	459.51989
430	4.26235E4	5.1257E4	1.15141E4	7796.66487	6915.47508	5144.62687	5630.58997	4274.48778	4118.88304	4959.55489	4567.68518	5673.50651	7540.56885	1.64681E5	1.46637E5	5608.26626	8055.17908	7810.92689	2.62647E4	1.8068E6	5429.10934	533.9272
432	4.11098E4	5.28161E4	1.2916E4	6942.53962	6533.85793	5788.65794	5032.92912	4408.19225	4256.77662	4795.21382	5256.25689	5641.60743	5803.94831	8.76749E4	2.2628E5	5511.93693	6953.84768	7017.26593	1.58638E4	1.5601E6	5.13163E4	717.81942
434	4.40314E4	5.62724E4	1.18779E4	7537.42629	6754.32884	5530.38994	4763.76862	4782.89867	4262.01016	4968.10751	5434.67075	5733.69349	5169.346	4.21332E4	3.01238E5	5775.58195	6499.41128	7236.02822	1.26569E4	9.56619E5	2.59446E5	908.49917
436	4.58733E4	5.91555E4	1.32227E4	7042.28679	6150.96099	5063.55853	5060.49765	4160.45818	4489.53515	4783.53129	5092.65188	5958.33501	5247.53556	2.10416E4	3.36612E5	9614.43924	6087.22718	7684.30926	1.03359E4	3.98553E5	6.99057E5	1208.41439
438	4.31788E4	5.84419E4	1.30722E4	7183.2611	6758.14771	6098.56742	5148.45219	4147.14722	4625.91374	4760.12517	6042.31567	6432.2577	4883.64046	1.39096E4	3.28472E5	1.88811E4	5613.85673	7693.73674	8493.94216	1.1036E5	1.25632E6	2112.67336
440	4.41482E4	6.08998E4	1.3159E4	8497.43872	7074.87054	5208.02477	4467.57275	4526.1336	4174.00027	4637.18217	6009.82173	5921.58321	5239.99062	1.01993E4	2.70311E5	4.10488E4	5394.72588	7705.28203	7227.95684	2.28677E4	1.59801E6	4161.68354
442	4.91082E4	5.30787E4	1.44045E4	8626.03674	6400.41108	5137.06783	4897.05143	4562.85636	4296.04128	4881.6043	6340.85848	6654.87991	5174.83559	7571.77647	1.92831E5	8.08177E4	4904.19929	6698.21464	6855.94422	1.42535E4	1.43798E6	2.953E4
444	3.74465E4	6.0201E4	1.4081E4	7876.53388	5554.98438	5221.50109	4686.43898	4120.12995	4321.66355	4857.7737	6600.47595	7555.41782	5018.50327	5769.21953	1.15286E5	1.3798E5	4258.12303	5980.49686	6331.23615	1.17778E4	9.08435E5	1.74388E5
446	4.25136E4	6.17971E4	1.43049E4	8025.74325	6475.79352	4846.60087	4685.52762	4191.14151	4345.51476	4762.06099	6401.45871	7409.32614	4885.37027	4759.8787	5.979E4	1.9912E5	4369.96817	5490.99773	6155.60607	9304.19441	3.84856E5	5.9164E5
448	4.98428E4	6.38003E4	1.63622E4	7785.23545	5369.5166	5178.70556	5052.20593	4560.82359	4113.3445	5115.61769	6303.77752	7323.81561	4921.93342	4432.25282	2.87809E4	2.53873E5	6023.04095	5241.80502	6414.13628	7827.90353	1.03348E5	1.14517E6
450	3.94339E4	6.29453E4	1.48185E4	6978.91167	5324.7233	5399.05132	4038.42309	4424.3934	4364.30082	4775.6517	6161.3412	7656.69224	4999.27798	3833.6376	1.60798E4	2.78126E5	1.17477E4	4888.58772	7070.45436	6764.14632	2.1387E4	1.51163E6
452	4.76514E4	5.85783E4	1.40942E4	7077.28793	5080.18468	4868.79953	4101.63076	4656.37053	4105.96475	5165.71235	5973.634	7830.85222	4821.54594	3760.66208	1.04664E4	2.55426E5	2.52514E4	4637.6117	6489.38998	5707.85365	1.22128E4	1.36779E6
454	4.47259E4	6.18005E4	1.46355E4	7225.38089	6040.11924	4869.6994	4350.34158	3830.0535	3996.02201	4533.84924	5765.70809	7387.954	4612.23077	3578.21672	7886.77774	2.06048E5	5.02096E4	4405.28123	5779.19603	5346.07838	1.05022E4	8.61004E5
456	4.31842E4	5.79525E4	1.50253E4	6946.85121	5708.85198	5591.60694	4012.50854	4410.51644	4249.76984	4957.24341	5467.82387	7992.74162	4746.1605	3686.64629	6429.46213	1.39487E5	9.25929E4	3416.73352	4761.85119	5004.32217	8103.00143	3.54264E5
458	4.05684E4	6.03887E4	1.57718E4	7059.07139	7169.02032	4497.55895	4268.12116	4422.30534	4490.07959	4574.1788	5984.25207	8297.38059	4899.3941	3474.04089	4903.9472	8.07909E4	1.41983E5	3521.4603	4402.27471	5402.38063	6965.8025	9.21338E4
460	4.17226E4	5.96283E4	1.55637E4	7748.39214	6350.61985	4912.83113	4865.88416	4151.98444	4387.8223	4355.20557	5820.30792	8078.162	4498.93434	3252.41746	3937.50197	4.05572E4	1.91534E5	4206.24432	4164.59361	6013.88942	5590.7516	1.87935E4
462	4.39597E4	6.26305E4	1.53594E4	8091.20872	6213.85727	4767.87531	4453.56221	4072.53384	4118.74973	4447.5098	6136.90452	8200.94625	4440.10078	3192.83225	3334.04707	2.05434E4	2.23698E5	6982.82624	4471.95855	5878.98727	4927.77716	1.13885E4
464	4.75961E4	5.75174E4	1.6133E4	7736.32911	5159.86269	4875.43091	4088.81715	4040.63449	4223.79434	4823.85285	5804.21125	7696.77441	4970.03816	2994.54286	3292.32497	1.18137E4	2.2512E5	1.40295E4	4032.59805	5494.00301	4613.64613	9537.16416
466	5.87425E4	5.8711E4	1.6586E4	7115.67849	6072.37235	4885.22782	5101.21786	3864.40268	3928.17749	4465.48299	5650.72495	8075.603	5225.18028	3174.81392	3208.33408	8451.23139	1.96126E5	2.90915E4	3623.25281	5041.70544	4417.42398	7911.25566
468	1.36368E5	5.92317E4	1.70118E4	6843.84172	5726.62696	4742.15215	3900.65638	3884.35525	4115.76557	5054.31564	5973.97445	8277.35533	4730.56582	3136.32984	3082.97053	6324.94574	1.47739E5	5.39066E4	3328.83708	4162.09987	4453.00926	6280.58808
470	3.93908E5	6.0242E4	1.65307E4	7983.90242	5537.72412	5210.28395	4334.50891	4460.24003	4032.95518	4812.56679	6115.04406	8343.54826	4679.23592	3183.09147	2641.2423	5059.94904	9.69275E4	8.98585E4	2996.83098	3991.9049	4787.04997	5697.1471
472	1.0905E6	6.60615E4	1.62044E4	7739.6023	4981.85531	4804.93717	4438.08613	3888.85642	4127.56369	4767.12664	6409.49953	8128.1783	4700.8228	2846.24817	3193.24155	4269.713	5.4516E4	1.3397E5	2921.99972	3764.38529	5262.09697	4445.42215
474	2.21181E6	5.94488E4	1.74453E4	7440.89018	6523.90732	4848.00984	3998.27172	3727.98201	4657.91665	4629.16452	5868.21281	8020.05126	5294.62954	2923.09614	2980.89201	3407.53689	2.84098E4	1.69676E5	4030.59329	3925.38016	5196.07646	3489.42496
476	3.79258E6	6.54058E4	1.95738E4	7741.24899	5733.64436	4784.9405	4327.98686	3834.24013	4314.78924	4729.7267	5871.25708	8266.39113	5173.04209	3043.95812	2727.53871	2872.41517	1.48649E4	1.92395E5	7369.42079	3671.64382	4833.86898	3954.41799
478	5.7035E6	6.02381E4	1.96367E4	8401.93501	6340.39792	5454.04199	3658.11816	3704.30121	4428.14544	4626.11979	5965.17034	7470.08078	4676.72203	2998.63689	2400.31226	2508.56265	9398.4699	1.89185E5	1.51572E4	3290.46063	3624.8593	3406.53718
480	7.62327E6	6.47031E4	1.77114E4	7000.8753	5167.07638	5397.44535	4140.52239	3947.13464	4063.3539	4540.43483	5999.49991	8096.44709	4808.49785	2888.79486	2582.36607	2596.14039	6289.06758	1.61528E5	2.97954E4	2934.09152	3404.94861	3625.88125
482	8.545E6	5.72947E4	1.89469E4	7392.15838	5922.47139	4873.66498	4197.72053	4161.64308	3923.87141	4694.30429	5890.25245	7883.82501	4712.89597	2720.1246	2396.03322	2493.56332	5551.05494	1.19931E5	5.19321E4	2521.78144	3299.14952	3839.61788
484	8.34479E6	6.88058E4	1.6174E4	7908.58331	6247.32804	5324.81263	4148.07257	3625.44128	3990.01946	4478.10722	5838.05897	7390.89743	4667.42818	2912.94592	2331.50367	2457.23353	4494.26747	7.46895E4	8.84473E4	2232.46238	3227.35596	4411.54879
486	7.1188E6	7.84129E4	1.8053E4	8521.18772	6489.44142	4221.12352	3496.47908	3659.78046	3632.81625	4288.32298	5609.07496	6846.98715	4538.4985	3103.59671	2179.01833	2132.72605	3448.32224	4.17111E4	1.20557E5	3005.16686	3093.52175	4493.01756
488	5.20361E6	2.05769E5	1.886E4	8998.54036	6172.01082	4860.6189	4312.31633	3745.49058	3823.27275	4077.16952	5218.07959	7274.07567	4225.1257	3100.47521	2341.45556	2301.36851	2823.52542	2.1333E4	1.49474E5	4640.13687	2827.23194	3929.50212
490	3.04639E6	5.90725E5	1.85448E4	8880.14711	5631.68254	4526.00354	4451.58578	3741.47318	4205.00519	4190.96937	5114.03323	7155.7558	4267.77846	2797.33271	2021.35021	2114.86266	2115.54048	1.0828E4	1.62955E5	8893.88805	2451.63183	3104.0946
492	1.43346E6	1.43359E6	1.74607E4	7394.5496	5294.12502	4239.32866	3887.95656	3866.20282	3657.44514	3713.16338	5063.20741	6844.35692	3863.62126	2944.91829	2225.36337	1916.09013	2053.45501	7688.11956	1.5593E5	1.84294E4	1940.37873	2961.08773
494	5.22974E5	2.8179E6	1.86679E4	8520.02056	5956.63249	4184.39756	4040.8044	3235.43414	3716.48638	3717.02698	5241.81858	6962.56025	3828.2864	3023.16284	1982.60013	1848.7415	2016.65106	6039.93451	1.3222E5	3.28148E4	1725.54089	2643.48322
496	1.84174E5	4.69416E6	1.86669E4	8216.01662	6509.49939	4628.05276	4318.1146	3414.74305	3757.33802	3985.74861	5138.07703	6878.4875	4018.74994	3168.91058	2137.88044	1792.21648	1965.48867	4728.28288	9.64448E4	5.54604E4	1657.33445	2414.33867
498	1.54614E5	6.75279E6	1.9957E4	1.01476E4	6478.0093	4127.5998	3800.91985	3681.55714	4008.3524	4124.64837	4425.43493	6284.8083	3588.16039	2818.53628	1988.01559	1889.07958	1887.06982	3714.94446	6.29799E4	8.20359E4	2006.1833	2445.78671
500	1.26784E5	8.45314E6	2.38328E4	9039.69304	6042.92796	4680.21231	4281.31362	3679.02054	3557.00249	3838.15352	4945.33315	6045.78945	3574.34636	2461.48863	1908.02167	1742.43382	1672.92162	3325.47574	3.67922E4	1.08584E5	2570.05814	2393.79875
502	1.02695E5	9.33791E6	2.73049E4	9175.39744	6584.8205	4996.50465	3955.19356	3390.97072	3445.54714	4068.02479	4597.43032	6019.31726	3482.19786	2652.42511	2214.72851	1696.22496	1708.76164	2500.63308	1.86449E4	1.29255E5	4278.36048	2075.88111
504	1.17123E5	8.99701E6	3.09709E4	8983.63487	6114.78155	4293.84873	4158.61135	3471.64671	3453.80562	3482.65905	4833.44249	6389.39415	3526.67098	2384.23085	2193.09776	1768.07384	1679.06127	2024.15495	1.00314E4	1.36943E5	8748.7746	1552.56367
506	1.17333E5	7.43968E6	4.74544E4	9308.29714	6795.02882	4862.24065	3734.91885	3636.80931	3342.85254	3656.77551	4574.67197	5610.20331	3426.49612	2592.2448	1973.6363	1631.41598	1498.21958	1860.14743	6281.13955	1.29858E5	1.66809E4	1595.89948
508	1.32408E5	5.35137E6	1.75783E5	9659.42182	6308.50393	5204.83009	4259.05492	3921.37082	3134.51024	3769.12476	4665.17552	5964.32278	3171.66123	2228.17269	1963.15739	1567.1263	1541.27866	1675.03354	4870.76416	1.095E5	3.00492E4	1449.56524
510	1.96958E5	3.21853E6	6.24882E5	1.13403E4	7410.80852	4744.8414	4386.67348	3680.45719	3322.15391	3374.42432	4250.69529	5655.33008	3298.1655	2179.67582	1925.90673	1580.07059	1346.65361	1327.01352	4297.41671	7.6203E4	4.88186E4	1433.24592
512	3.23836E5	1.39163E6	1.65217E6	1.05203E4	6832.20431	4961.30093	3904.19603	3755.8265	3532.07125	3342.54341	4340.63833	5177.13684	3153.85362	2101.10887	2184.81125	1648.65238	1244.74556	1394.22321	3087.84707	4.71025E4	7.26624E4	1435.41643
514	5.70628E5	5.10654E5	3.23844E6	1.27524E4	6618.13284	5087.07114	3643.43706	3314.2912	3267.08246	3376.88814	4015.18706	5167.84717	2987.56446	1975.80881	2148.85515	1519.7691	1566.28302	1400.50839	2926.038	2.64311E4	9.51865E4	2318.75128
516	8.71218E5	1.99557E5	5.20792E6	1.37576E4	7594.34408	5559.68247	3665.5077	3562.35593	3338.71352	3741.17523	3839.05277	4930.6133	2929.41098	1966.41832	2125.87057	1421.22352	1330.70368	1257.04705	1963.98185	1.38739E4	1.09291E5	4071.07512
518	1.2365E6	1.45546E5	7.29763E6	1.17892E4	7547.56103	6171.324	4095.49213	3169.70171	3168.11384	3447.24137	4313.47856	5033.14334	3077.38097	1746.83975	1942.09559	1627.22651	1434.39745	1213.84156	1587.11513	7734.90083	1.162E5	8316.03685
520	1.73263E6	1.28862E5	8.94437E6	1.65201E4	7651.51577	4831.83053	4266.13216	3589.47168	3085.01115	2922.43032	3847.93355	4436.1311	2828.08996	2072.16045	1761.59972	1593.92799	1228.41182	1209.41231	1387.66906	4971.78121	1.07633E5	1.58557E4
522	2.09255E6	1.19951E5	9.39999E6	2.00405E4	7501.76301	4326.98222	4052.29665	3079.85949	3142.46773	3144.2215	3465.40156	4912.54919	2511.91039	1932.48222	1488.31197	1704.65694	1303.17201	1245.74746	1402.81006	4634.54171	8.87178E4	2.66034E4
524	2.40929E6	1.06396E5	8.60001E6	2.27227E4	7682.40778	5686.83043	5135.10574	3074.64882	3250.03818	3140.6337	3897.07369	4856.28566	2805.20694	1760.14446	1963.88492	1609.10605	1298.03311	1187.19866	1254.93373	3260.03982	6.50028E4	4.344E4
526	2.47834E6	1.05249E5	6.98572E6	3.93799E4	7940.57917	5229.78035	4336.26567	3296.09991	3042.01751	3104.03449	3594.40799	4472.09857	2650.93278	1600.14202	1735.77706	1476.85937	1197.94109	985.62772	1069.70451	2806.64569	4.23615E4	6.07998E4
528	2.32641E6	1.04526E5	4.93086E6	1.8227E5	9399.53376	5901.86412	4291.99319	3363.6737	3220.59899	3231.32982	3207.51309	4330.17842	2439.83995	1830.42478	1266.11156	1492.27616	1097.45728	1075.63686	1019.86463	2317.26131	2.3187E4	7.60788E4
530	1.95788E6	1.14605E5	2.81321E6	6.85552E5	1.01598E4	5710.57269	4042.69852	3141.24795	3501.55176	2728.16743	3496.82965	4551.30871	2618.41576	1674.22822	1601.23814	1458.48096	1255.12571	849.41834	1078.43493	1777.27582	1.26063E4	9.31473E4
532	1.51548E6	1.60705E5	1.23856E6	1.7697E6	9612.69468	5616.75507	4682.7066	3437.95397	3432.92544	3334.49711	3199.18997	4037.89369	2278.45682	1603.75989	1535.73997	1683.66132	1319.37737	1031.23067	974.41863	1590.32304	6807.69846	9.8717E4
534	1.06154E6	2.6207E5	4.04674E5	3.46351E6	1.16864E4	6600.22424	4214.28854	3744.48535	2990.9828	2881.12388	3359.65349	3936.67058	2357.42797	1673.93142	1586.00021	1483.02768	1026.68731	947.2515	1063.1657	1064.29961	4102.28547	9.16888E4
536	5.91426E5	4.60397E5	1.62864E5	5.49173E6	1.28187E4	5396.19817	4929.07287	3631.73825	3124.2039	3149.60333	3138.46034	3654.69802	2175.45917	1818.46	1489.07612	1276.95699	1213.01374	1268.30177	968.06864	1147.59699	3593.84277	7.81592E4
538	3.14925E5	7.44995E5	1.23208E5	7.52548E6	1.39369E4	6923.72974	4971.78891	3718.23922	3418.15773	3408.9214	3190.81578	3979.29536	2536.22521	1370.8684	1482.34664	1328.05081	1083.5897	868.03671	927.57713	787.41632	3251.77286	5.57305E4
540	1.71856E5	1.13935E6	1.05889E5	8.99264E6	1.36838E4	6588.31438	4827.61249	3614.41697	2776.20513	3003.46338	2899.10693	3541.1678	2341.56111	1568.97533	1424.57262	1196.3743	1129.46651	1047.7545	794.36216	772.84336	2474.24537	3.66525E4
542	1.04294E5	1.6236E6	1.04176E5	9.30508E6	1.54914E4	6693.35513	4824.07244	2958.9989	2574.79019	3229.66806	2951.26364	3501.35306	2229.61535	1560.54562	1380.09002	1066.92322	963.01337	958.22397	913.18582	871.09814	2280.61666	2.09051E4
544	7.10131E4	2.09221E6	9.70337E4	8.33285E6	2.13146E4	6897.30969	3816.62127	3770.77855	3335.84798	2974.0888	3407.99582	3388.17649	1972.21809	1476.57629	1167.79797	1208.54523	1166.32196	799.55588	676.59693	973.45291	1739.25256	1.0205E4
546	7.33061E4	2.43672E6	1.04186E5	6.6369E6	4.17294E4	8037.84253	4551.87004	3614.89526	3213.35424	3137.17054	3046.51825	3397.11616	2151.94759	1584.10566	1223.48805	1378.53272	1019.12746	872.18742	646.70147	1041.87974	1221.50093	6187.25338
548	8.01528E4	2.67491E6	9.07944E4	4.53197E6	2.05031E5	9581.52875	4811.88543	3909.03163	3387.2712	2856.74287	2978.48053	3289.00654	2005.45451	1298.77066	1507.18279	1103.11007	1131.20051	825.81805	675.07933	897.96395	1019.83709	4323.54129
550	5.54969E4	2.61371E6	9.13963E4	2.6234E6	7.20899E5	8525.57746	5383.46374	4302.10152	2893.75173	3155.63051	3360.05121	3286.83096	1968.16982	1635.37184	1274.78323	1248.08705	1149.56286	769.25549	835.065	737.16645	930.50807	3379.47504
552	5.00479E4	2.39604E6	9.35178E4	1.14491E6	1.82026E6	1.00681E4	5279.1518	4222.41546	2979.25152	2994.74657	2954.41387	3400.09694	2241.84702	1457.62628	1217.76816	981.24731	1152.19914	898.801	608.06453	833.84502	937.83589	3211.38507
554	6.27771E4	1.98445E6	1.18007E5	3.88362E5	3.44262E6	9176.70186	6150.68056	4855.20812	3415.89871	2713.26646	2664.81691	3342.2964	1875.8309	1626.56381	1369.12151	1006.43513	1225.57196	732.06374	718.04893	980.69084	787.49772	2754.76371
556	6.32559E4	1.51934E6	1.81621E5	1.65651E5	5.33163E6	1.08338E4	5973.87462	3743.00076	3068.64913	2548.03083	2928.50061	2856.13241	2075.4151	1209.78335	1207.05689	1085.4772	1138.11924	773.27264	860.19356	775.64238	696.74134	2110.09122
558	6.48816E4	1.04443E6	3.17552E5	1.23022E5	7.30763E6	1.07242E4	5475.09142	4007.39593	3107.74965	2807.69464	2653.46161	3268.59538	1639.99931	1253.63139	1269.26631	1054.40276	1118.5874	1039.7071	725.46656	770.71019	805.80038	1866.36047
560	7.11708E4	6.22725E5	5.26126E5	1.07927E5	8.583E6	1.2992E4	5600.10647	4283.65497	3747.36845	2899.45778	2579.4822	3220.33529	1868.41301	1379.25108	1227.61377	1244.0285	978.08434	714.86566	652.30979	754.2736	564.78203	1423.48884
562	6.21468E4	3.40396E5	8.66394E5	1.05409E5	8.87962E6	1.46406E4	6706.38003	4278.69633	3052.93799	2347.19585	2859.24601	2864.34517	1713.80249	1473.12308	1239.27873	1081.50411	993.88081	787.672	565.94371	859.78464	517.65282	1212.17693
564	6.20504E4	1.94046E5	1.27916E6	9.56121E4	7.88356E6	2.09024E4	6341.73089	4801.53847	3034.87214	3110.10382	2899.64864	2861.91982	2134.80622	1330.4137	1529.42688	923.24741	993.4457	1194.43522	633.98857	698.01842	736.84131	772.89437
566	7.76831E4	1.21151E5	1.70657E6	9.48235E4	6.20318E6	4.1767E4	7087.59008	4320.40469	3261.05993	2787.11831	2372.42261	2741.91787	1804.69542	1552.75841	988.19565	1088.94461	710.48257	825.15749	797.64145	530.16163	875.5046	806.77612
568	7.96261E4	9.09256E4	2.15767E6	8.88823E4	4.15854E6	2.04289E5	7009.6547	4717.85202	3686.83046	2771.99701	2625.89327	2608.68589	1477.44849	1107.05971	1076.18408	798.36779	899.2254	913.29358	721.01423	670.17418	797.43371	755.1
570	7.86234E4	7.84182E4	2.43278E6	8.79232E4	2.27927E6	7.57215E5	8074.02969	5161.73346	4060.06691	2998.18639	2850.07511	2629.95301	1910.77906	1016.33643	1156.09489	1030.94646	882.71009	1306.57932	640.13935	802.954	726.84771	964.73493
572	6.91964E4	6.38241E4	2.56849E6	8.5159E4	9.6651E5	1.84179E6	8585.0923	5389.60412	3624.35568	2925.42583	2248.62722	2829.88574	1915.9295	1507.06752	1343.8478	1015.95873	835.3193	712.92684	619.70842	571.19246	662.25482	535.60294
574	6.39401E4	6.86377E4	2.44456E6	8.29393E4	3.23118E5	3.40203E6	8831.37317	5097.16192	3576.92402	2822.25075	2220.77853	2861.31836	1746.452	1141.62797	793.87294	931.06289	892.27234	1005.75682	705.88639	671.05928	442.37128	625.77326
576	7.55625E4	6.2887E4	2.15076E6	8.97264E4	1.3907E5	5.22642E6	9739.78145	5382.40657	3434.91356	2695.15936	2516.8622	2604.32138	1543.75789	1465.51563	1377.13634	1006.02259	744.62234	858.30633	1037.46716	614.02516	529.11434	759.38252
578	8.42404E4	5.96075E4	1.70454E6	1.13436E5	1.09619E5	6.9172E6	1.24071E4	5478.38805	3746.77776	2565.86446	2941.09576	2580.45434	1696.22092	1318.01077	1326.31187	929.37719	811.75528	715.90839	641.00623	625.25764	720.3878	730.76698
580	8.27816E4	4.7625E4	1.3052E6	1.75915E5	9.16463E4	8.13949E6	1.12064E4	6080.35486	3853.99556	3171.2715	2653.9911	2196.08128	1966.16759	1281.2955	1040.50019	1026.04657	838.08431	672.32899	674.61119	432.46419	523.92609	774.42019
582	6.64954E4	5.52912E4	8.68956E5	2.95762E5	8.48898E4	8.24101E6	1.35739E4	5780.20024	3883.43191	3120.59333	2351.3299	2526.67066	1830.6482	1642.80527	1047.06516	924.28264	725.64687	764.55854	814.9587	623.23724	403.10826	714.51416
584	8.30573E4	5.56528E4	5.50048E5	5.19095E5	7.70531E4	7.23927E6	1.84728E4	5795.57489	3629.96209	2588.93038	2937.34775	2953.83775	1478.6956	1401.27459	1347.00608	981.02139	645.62599	767.07811	711.7356	695.75363	615.76662	693.43859
586	7.10723E4	5.22371E4	2.95714E5	8.07403E5	7.14605E4	5.55964E6	3.7658E4	6736.9663	3934.61024	3251.65431	2470.56896	2069.79117	1699.58292	1615.7707	1018.80796	1198.95838	884.40806	792.54352	784.88582	620.36034	516.08464	818.56644
588	5.24892E4	5.05157E4	1.68301E5	1.1761E6	7.13726E4	3.65025E6	1.91588E5	7124.9417	4006.67335	3329.93156	2497.6247	2517.66295	1866.85389	1214.85652	1283.34107	990.73049	936.88408	574.51176	676.37882	784.89324	362.95093	957.08115
590	6.37251E4	5.73378E4	1.13029E5	1.58347E6	6.82092E4	1.94294E6	7.25455E5	7806.71739	4146.91734	2788.54889	2755.25433	2095.92963	1901.9946	1055.64427	1179.01705	1008.21995	804.88947	746.43938	700.02046	602.04254	597.12012	661.55442
592	6.424E4	4.84259E4	8.00299E4	1.92263E6	6.44548E4	7.80132E5	1.81489E6	8129.09382	3822.10234	3387.63027	2605.49924	2195.49302	1855.13798	1626.97272	1227.49604	1012.10748	767.39913	658.18889	737.22713	720.12532	466.0775	731.22688
594	5.1566E4	4.52366E4	7.05579E4	2.1477E6	5.95751E4	2.61832E5	3.3859E6	8780.91304	4604.78031	3733.92492	2799.26039	2153.35215	2179.47848	1203.31734	1105.23658	961.77105	666.56425	657.2225	750.03501	665.36158	408.81767	697.62149
596	5.33369E4	5.52528E4	6.5114E4	2.22359E6	5.75311E4	1.19087E5	5.11126E6	9272.2463	4813.95603	3419.97805	2254.67377	2151.30254	1646.11952	1130.12789	1391.63135	814.13728	1003.78526	931.46398	633.23768	967.1558	792.82769	684.95116
598	5.26747E4	5.6225E4	5.82156E4	2.11133E6	6.05323E4	9.5994E4	6.68076E6	9466.9251	5303.42146	2864.17483	2980.65335	2163.652	1893.97092	1327.60092	1600.93021	1097.20834	785.05676	789.16601	673.09594	564.48794	847.55942	562.93535
600	6.267E4	5.33656E4	5.77494E4	1.8717E6	6.46099E4	8.29511E4	7.66534E6	1.10693E4	4798.70874	3621.39007	2567.1474	2062.35102	1862.06834	1108.32612	999.96651	931.32646	1109.98817	871.6983	713.31775	689.63012	641.95337	584.94288
