300	1.52598E5	1.23937E5	1.35505E5	2.69592E6	3.26984E5	2.29679E5	1.60424E7	5.56722E4	8987.86215	5049.69412	3895.95096	2427.75284	1943.13317	1938.44424	1694.47552	1368.73751	1282.66122	1224.89108	1120.74571	802.95115	1265.33917	875.45607
302	1.51723E5	1.36051E5	1.42148E5	1.80006E6	6.33344E5	1.69344E5	1.39214E7	6.29347E5	1.04214E4	5522.47237	3339.65523	2583.67261	2019.43469	2370.75447	1704.85691	1441.26366	1396.14588	1176.99757	986.94616	898.82256	718.09953	714.50503
304	1.55756E5	1.46816E5	1.48804E5	9.85601E5	1.23448E6	1.62704E5	8.71263E6	2.77116E6	1.10672E4	5864.518	4623.80228	3423.66589	2081.81069	1931.88761	1357.85713	1353.47388	1241.58038	1076.7976	1390.19281	902.15405	789.43206	591.58018
306	1.70777E5	1.40198E5	1.44575E5	5.10736E5	1.98344E6	1.61539E5	3.7109E6	7.2009E6	1.27233E4	5342.74646	3672.17262	2623.95656	2617.3505	1767.14648	1833.26125	1314.64805	822.65868	889.95871	872.60058	927.44306	783.05652	501.18093
308	2.0524E5	1.46523E5	1.63248E5	2.90857E5	2.66833E6	1.62339E5	9.57763E5	1.25296E7	2.04952E4	6267.11579	4136.51633	3114.75823	2340.6083	1783.73291	1412.45627	1236.23482	1437.05825	1127.23762	805.71418	975.12898	758.4936	758.92205
310	1.88709E5	1.55473E5	1.65295E5	2.29958E5	2.85932E6	1.85552E5	1.94627E5	1.51654E7	5.28013E4	6181.27321	4347.88826	2645.03116	2173.53446	1920.97724	1498.23958	1414.55377	1171.49386	1157.84255	961.1265	451.22864	713.63117	707.43681
312	2.115E5	1.53857E5	1.68264E5	2.2253E5	2.42945E6	2.69789E5	1.24906E5	1.31627E7	5.6678E5	8404.07239	4971.29891	3401.53492	2510.23973	1778.12976	1513.56873	1441.32615	1208.87834	919.89447	797.02629	898.21525	741.001	766.96814
314	2.19284E5	1.5553E5	1.80624E5	2.15169E5	1.6403E6	5.19153E5	1.17362E5	7.92139E6	2.72999E6	9007.98247	4541.9222	3342.72679	2524.23804	2011.65537	1659.45305	1199.89043	1404.90217	1054.79364	800.75143	820.78347	874.05363	654.33323
316	2.05423E5	1.70105E5	1.94615E5	2.2258E5	9.61397E5	1.01427E6	1.18058E5	3.2017E6	6.90147E6	1.19559E4	5270.26224	3040.08099	2651.71173	2064.10902	1404.43497	1226.56428	1088.21403	1113.31378	634.48673	924.67653	519.398	898.24352
318	1.8343E5	1.65022E5	1.94718E5	2.28256E5	5.17607E5	1.65E6	1.06334E5	8.22151E5	1.11412E7	1.7555E4	5685.00772	3517.79978	2638.49135	1883.01869	1629.58926	1245.46446	810.34253	916.64199	1172.63311	918.02601	813.82126	717.66773
320	2.10503E5	1.69808E5	2.00075E5	2.33958E5	3.34208E5	2.21434E6	1.12071E5	1.53882E5	1.29694E7	4.47521E4	6414.06545	3321.71609	2499.67573	2179.80111	1332.16164	1433.54912	1256.79811	827.37874	984.21388	564.97736	584.57908	754.73327
322	2.12743E5	1.80918E5	2.06146E5	2.27451E5	2.7176E5	2.36248E6	1.22884E5	1.01824E5	1.09009E7	4.70744E5	6686.78546	3925.54236	2530.76558	2303.87492	1416.69112	1536.76398	1056.21395	1053.35822	825.84237	933.22175	786.36292	627.20544
324	2.28411E5	1.94731E5	2.00043E5	2.30165E5	2.60608E5	2.00875E6	1.885E5	9.39879E4	6.54613E6	2.13645E6	7891.85223	3699.7639	2680.55929	2018.23833	1658.71609	1254.78619	1163.60606	955.40701	794.93711	1134.4821	675.16881	570.0005
326	2.288E5	2.02444E5	2.05313E5	2.4077E5	2.54188E5	1.42756E6	3.72959E5	8.90125E4	2.62849E6	5.48723E6	9931.96976	4222.43145	3132.9221	1851.98287	1460.74946	1040.9096	970.17742	848.90198	1007.41494	1012.1875	653.51252	912.09798
328	2.71821E5	1.98105E5	2.18308E5	2.43768E5	2.57904E5	8.67432E5	7.30258E5	8.99935E4	6.89604E5	9.06296E6	1.36362E4	4176.93827	2738.5842	1916.37631	1661.56935	1059.88191	1105.03871	1202.2544	1074.14801	952.64069	490.49746	548.5003
330	2.51071E5	1.86931E5	2.23844E5	2.55895E5	2.62958E5	4.81524E5	1.25216E6	9.05681E4	1.30741E5	1.09281E7	3.8439E4	5118.64875	2996.48594	2041.09755	1397.41284	983.59033	1037.69689	1019.80859	614.05103	652.74249	733.29671	654.63567
332	2.74443E5	2.17738E5	2.25805E5	2.53867E5	2.69466E5	3.04824E5	1.70484E6	9.16937E4	8.90956E4	9.42564E6	3.97059E5	5267.07747	2931.12432	2153.20325	1621.74109	1137.27387	988.13262	817.68962	686.48296	662.3201	634.18314	570.85368
334	2.58376E5	2.0698E5	2.22931E5	2.61661E5	2.62678E5	2.41487E5	1.90878E6	1.00383E5	8.07708E4	5.90986E6	1.79643E6	6733.29127	3093.34869	2445.63242	1563.24348	1169.51238	892.18181	1028.85278	932.34199	611.53606	735.85605	555.92875
336	2.71049E5	2.24407E5	2.28698E5	2.6298E5	2.74315E5	2.31373E5	1.75934E6	1.42375E5	7.93435E4	2.45188E6	4.60292E6	7921.82839	3778.22051	2224.12014	1575.81912	1254.3237	864.20187	1012.59815	857.45568	740.41957	795.23327	733.30084
338	2.97656E5	2.26017E5	2.35557E5	2.58663E5	2.69485E5	2.35363E5	1.33151E6	2.63109E5	7.95145E4	6.87201E5	7.53847E6	1.14728E4	3336.16483	2165.55527	1685.88407	1291.23309	940.93094	702.61586	801.61056	575.64232	695.77531	558.88818
340	2.87063E5	2.35871E5	2.36429E5	2.60872E5	2.7645E5	2.37618E5	8.16027E5	5.32849E5	8.33473E4	1.30865E5	9.01286E6	2.93181E4	4082.52049	2206.91661	1886.17902	934.00701	1029.49816	867.42682	594.97236	656.29957	642.70617	587.91563
342	3.12149E5	2.38293E5	2.45009E5	2.57036E5	2.80443E5	2.39002E5	4.76507E5	9.08962E5	8.42687E4	8.06534E4	7.85097E6	2.90478E5	4279.63862	2311.98909	1970.41611	1071.74531	897.83313	690.16457	784.52899	788.12271	611.90937	623.63441
344	3.19796E5	2.50696E5	2.51301E5	2.62347E5	2.77716E5	2.46638E5	2.78838E5	1.32445E6	8.68883E4	7.38409E4	4.80237E6	1.47264E6	5711.20666	2631.04107	2148.74906	1304.54557	864.70431	946.87339	686.42538	700.38837	776.84919	664.50695
346	3.23272E5	2.48434E5	2.45316E5	2.67288E5	2.81984E5	2.49708E5	2.16357E5	1.52882E6	1.0204E5	7.51171E4	2.00878E6	3.73415E6	6621.59137	2616.9299	1706.95706	1327.4073	921.72684	826.12566	688.51566	555.67521	545.0024	709.06548
348	3.38773E5	2.77512E5	2.62242E5	2.72606E5	2.79693E5	2.57016E5	2.04432E5	1.48568E6	1.33084E5	8.12674E4	5.06606E5	6.30338E6	1.06719E4	3100.86173	2161.21828	1272.39905	1118.3765	798.35391	873.22325	548.01111	610.53915	417.74084
350	3.25634E5	2.73264E5	2.60141E5	2.74217E5	2.81324E5	2.54926E5	2.04199E5	1.17993E6	2.20596E5	8.29914E4	1.11598E5	7.40681E6	2.3587E4	3281.85844	1634.65838	1384.114	886.24824	879.51352	876.10122	506.64209	393.67645	578.16702
352	3.80603E5	2.82286E5	2.70404E5	2.72852E5	2.83628E5	2.60733E5	2.11054E5	7.8629E5	4.0486E5	8.91535E4	7.43209E4	6.34367E6	2.62383E5	3740.52221	1853.27655	1381.02563	1014.35095	1011.68047	697.9792	628.88171	565.08276	556.33654
354	3.70632E5	2.984E5	2.80661E5	2.75096E5	2.84159E5	2.69008E5	2.11295E5	4.79586E5	6.80392E5	9.52875E4	7.01903E4	3.93974E6	1.18611E6	4528.97394	1928.69783	1382.9095	1124.46196	682.28946	781.70272	567.74515	532.11308	681.7828
356	3.76216E5	3.06113E5	2.74737E5	2.79954E5	2.84415E5	2.72061E5	2.22387E5	2.97621E5	9.98829E5	9.99141E4	7.20414E4	1.62826E6	3.11099E6	5344.47855	2300.3509	1397.57031	1058.10796	883.52306	668.55822	634.66572	489.9691	638.78465
358	4.1091E5	3.21705E5	2.8943E5	2.83184E5	2.91866E5	2.74195E5	2.36476E5	2.28235E5	1.20559E6	1.10339E5	7.82939E4	4.36389E5	5.24189E6	8703.58792	2331.39358	1304.22392	1100.08891	740.88105	817.61346	694.14881	702.76165	604.04526
360	3.98248E5	3.34678E5	2.95046E5	2.89835E5	2.92308E5	2.84532E5	2.38559E5	2.16854E5	1.23558E6	1.32591E5	8.38117E4	9.93795E4	6.37708E6	1.93403E4	2672.19117	1309.83404	798.4511	990.68434	682.9914	563.01781	494.17944	503.3069
362	3.98492E5	3.56688E5	3.01557E5	2.9752E5	2.9621E5	2.87774E5	2.5221E5	2.18486E5	1.06021E6	1.84176E5	9.12318E4	7.01353E4	5.73663E6	1.93282E5	2791.80178	1527.25848	1109.60966	866.73126	609.13626	669.49684	604.44489	581.64242
364	4.19975E5	3.60549E5	3.12951E5	2.9787E5	3.02247E5	2.94775E5	2.59492E5	2.27387E5	7.63428E5	2.98245E5	9.76272E4	6.48944E4	3.7399E6	9.82786E5	3518.08683	1583.68228	1045.70918	830.68133	603.12279	599.64359	675.48298	540.99169
366	4.71551E5	3.78614E5	3.24907E5	3.02628E5	3.0067E5	3.00953E5	2.68693E5	2.3613E5	4.95166E5	5.02397E5	1.04546E5	6.63732E4	1.57264E6	2.82728E6	4755.10436	1811.26809	1153.42147	795.9678	657.45429	640.89415	450.95627	512.38425
368	4.69783E5	3.99788E5	3.45286E5	3.06579E5	3.10419E5	3.05296E5	2.76031E5	2.50066E5	3.26965E5	7.54768E5	1.11606E5	7.19926E4	4.32693E5	4.86532E6	7696.41119	1841.51779	1174.15324	876.53399	806.55821	581.2324	583.86158	568.2466
370	4.95829E5	4.14438E5	3.4914E5	3.16327E5	3.11394E5	3.10915E5	2.86107E5	2.58854E5	2.62391E5	9.6229E5	1.22747E5	8.02136E4	8.95867E4	5.92772E6	1.70331E4	2083.75866	1134.91935	1050.28733	757.0681	621.48275	607.22343	559.42981
372	4.84294E5	4.27668E5	3.61205E5	3.18585E5	3.1535E5	3.18448E5	2.96166E5	2.69826E5	2.41835E5	1.03966E6	1.3996E5	8.45562E4	6.35538E4	5.20895E6	1.82639E5	2669.11784	1186.69628	1006.08033	605.34164	749.79588	523.78356	535.68456
374	4.93598E5	4.31738E5	3.74713E5	3.29354E5	3.19773E5	3.24847E5	3.0802E5	2.76366E5	2.44506E5	9.4529E5	1.78882E5	9.4068E4	5.9803E4	3.22558E6	8.97114E5	3082.69821	1329.19868	993.44449	601.40638	626.76876	576.75123	657.55546
376	5.1484E5	4.64379E5	3.908E5	3.32953E5	3.26545E5	3.2216E5	3.13721E5	2.87852E5	2.53089E5	7.4551E5	2.62631E5	9.70102E4	6.0784E4	1.33155E6	2.35292E6	4529.87696	1492.02693	831.64693	800.33679	560.97099	513.26932	514.75336
378	5.5063E5	4.89587E5	3.94855E5	3.38942E5	3.30451E5	3.32995E5	3.21299E5	2.98591E5	2.63877E5	5.30485E5	4.07166E5	1.03638E5	6.40167E4	3.32447E5	3.98306E6	6495.25199	1656.22284	933.94401	843.78514	496.76393	641.24823	540.58753
380	5.48219E5	5.08216E5	4.00652E5	3.4771E5	3.35784E5	3.37177E5	3.32401E5	3.07731E5	2.72643E5	3.71472E5	5.93428E5	1.12464E5	7.04693E4	7.54717E4	4.7382E6	1.48815E4	1675.39938	983.84146	899.93029	662.25079	548.73259	465.35672
382	5.97972E5	5.11824E5	4.32624E5	3.66581E5	3.43308E5	3.52622E5	3.41456E5	3.17678E5	2.84657E5	2.95306E5	7.78619E5	1.22314E5	7.76766E4	5.7835E4	4.16764E6	1.43979E5	2085.69399	1211.80461	623.30768	639.98475	582.61983	433.38224
384	6.11971E5	5.53199E5	4.43288E5	3.71768E5	3.55924E5	3.55411E5	3.51733E5	3.30918E5	2.93143E5	2.67249E5	8.81043E5	1.35378E5	8.44805E4	5.56802E4	2.63963E6	7.25816E5	2723.54877	1234.54872	847.96228	739.52761	698.8676	490.4443
386	6.05005E5	5.55321E5	4.53924E5	3.83448E5	3.63276E5	3.65E5	3.57717E5	3.45009E5	3.04061E5	2.66844E5	8.6802E5	1.60592E5	9.14244E4	5.65069E4	1.10822E6	1.99837E6	3556.43608	1334.13593	905.79894	548.36483	605.32853	583.56701
388	6.6941E5	5.67985E5	4.62532E5	3.94713E5	3.62549E5	3.69288E5	3.71558E5	3.54004E5	3.15866E5	2.71954E5	7.40174E5	2.13902E5	9.73183E4	5.91038E4	3.20419E5	3.43889E6	5884.0549	1563.95309	851.35345	950.61801	652.29336	522.7445
390	6.45204E5	5.86655E5	4.81095E5	3.9852E5	3.75938E5	3.79716E5	3.80811E5	3.63539E5	3.22877E5	2.81409E5	5.71235E5	3.15586E5	1.06018E5	6.55848E4	7.51036E4	4.31673E6	1.34126E4	1708.12319	815.96504	795.67538	614.47777	649.47408
392	6.77005E5	6.06986E5	5.01276E5	4.04791E5	3.8245E5	3.83037E5	3.83053E5	3.71809E5	3.39778E5	2.90208E5	4.15475E5	4.62936E5	1.13808E5	7.27696E4	5.31463E4	3.88197E6	1.4835E5	2095.82336	1044.34068	835.09894	564.1039	671.56023
394	7.15926E5	6.38392E5	5.14339E5	4.27944E5	3.8646E5	3.90015E5	3.89681E5	3.85287E5	3.41191E5	2.99719E5	3.30355E5	6.20646E5	1.23752E5	7.81085E4	4.98762E4	2.59464E6	6.8053E5	2620.39058	1235.79413	863.68374	568.12746	682.56675
396	7.06561E5	6.43268E5	5.29983E5	4.33542E5	3.96515E5	3.99817E5	4.00383E5	3.89009E5	3.52705E5	3.08884E5	2.86021E5	7.47127E5	1.33249E5	8.73392E4	5.05642E4	1.1307E6	1.8509E6	3783.37848	1394.53593	854.74426	678.86722	548.16045
398	7.41823E5	6.70805E5	5.38517E5	4.46957E5	4.07647E5	4.07297E5	4.08198E5	3.98452E5	3.62482E5	3.17429E5	2.77542E5	7.7633E5	1.50729E5	9.20694E4	5.3411E4	3.18122E5	3.15639E6	5709.06974	1337.17098	882.93413	695.43252	554.3383
400	7.64017E5	6.76362E5	5.52493E5	4.58685E5	4.15474E5	4.12028E5	4.12961E5	4.02421E5	3.69887E5	3.2813E5	2.82741E5	7.10815E5	1.84533E5	1.01213E5	5.78016E4	6.99661E4	3.80624E6	1.09057E4	1687.40619	1064.78342	741.0621	588.3887
402	7.73354E5	6.99282E5	5.79662E5	4.6651E5	4.27592E5	4.17903E5	4.22622E5	4.16214E5	3.80427E5	3.36698E5	2.89418E5	5.76885E5	2.49586E5	1.08079E5	6.4382E4	4.74442E4	3.32631E6	1.05038E5	2091.03593	1035.68931	764.18639	668.72233
404	8.04422E5	7.07716E5	5.90614E5	4.81025E5	4.33851E5	4.2343E5	4.27866E5	4.16408E5	3.85848E5	3.46409E5	2.95133E5	4.41885E5	3.55988E5	1.17239E5	7.13205E4	4.56683E4	2.05403E6	5.62359E5	2381.17437	1159.77877	715.99271	609.35756
406	7.99493E5	7.37259E5	6.02074E5	5.00356E5	4.45657E5	4.35442E5	4.38325E5	4.25519E5	3.97919E5	3.56396E5	3.07763E5	3.45321E5	4.87613E5	1.25264E5	7.60403E4	4.46576E4	8.52645E5	1.5527E6	3169.21171	1047.57651	809.97278	681.86057
408	8.23445E5	7.37212E5	6.2964E5	4.99704E5	4.50906E5	4.45584E5	4.3674E5	4.32705E5	4.04614E5	3.64497E5	3.1416E5	2.97297E5	6.13775E5	1.35161E5	8.15438E4	4.76243E4	2.25091E5	2.77083E6	4771.0808	1347.2463	781.85521	760.15568
410	8.23647E5	7.56212E5	6.32938E5	5.1238E5	4.63363E5	4.4444E5	4.42098E5	4.37912E5	4.08365E5	3.70357E5	3.21273E5	2.80795E5	6.81169E5	1.50146E5	8.84817E4	5.06042E4	5.48425E4	3.43907E6	9631.14747	1457.26722	797.37205	722.35078
412	8.40567E5	7.71232E5	6.43388E5	5.25502E5	4.57492E5	4.50099E5	4.48713E5	4.40179E5	4.12019E5	3.75869E5	3.31516E5	2.82911E5	6.70692E5	1.72667E5	9.43097E4	5.40094E4	4.14424E4	3.05275E6	8.47039E4	1832.73115	959.03416	615.47254
414	8.44615E5	7.93847E5	6.53928E5	5.28926E5	4.72991E5	4.57799E5	4.5092E5	4.45007E5	4.21132E5	3.84023E5	3.39455E5	2.86518E5	5.91285E5	2.14095E5	1.01329E5	6.07519E4	3.99717E4	1.94855E6	4.49973E5	2235.39366	1031.64531	730.64413
416	8.47778E5	7.75955E5	6.75675E5	5.45651E5	4.7804E5	4.63764E5	4.57725E5	4.49052E5	4.27828E5	3.878E5	3.46131E5	2.95082E5	4.74086E5	2.91541E5	1.09447E5	6.59002E4	4.00808E4	8.29663E5	1.3407E6	3350.02381	950.65788	723.30488
418	8.66398E5	8.12735E5	6.75233E5	5.60556E5	4.90571E5	4.64651E5	4.5859E5	4.54276E5	4.25741E5	3.94809E5	3.53746E5	2.99389E5	3.76085E5	3.88541E5	1.14983E5	7.18493E4	4.1566E4	2.26742E5	2.50066E6	4952.09456	1252.59231	708.75724
420	9.06594E5	8.09676E5	6.9916E5	5.72352E5	4.93367E5	4.6846E5	4.63012E5	4.53551E5	4.33086E5	3.99281E5	3.57261E5	3.05585E5	3.11509E5	5.02478E5	1.23644E5	7.51316E4	4.38777E4	5.11826E4	3.19835E6	9867.11663	1429.49055	794.32487
422	8.93614E5	8.26816E5	7.15714E5	5.87196E5	5.02992E5	4.68597E5	4.63081E5	4.57214E5	4.34372E5	4.04593E5	3.67092E5	3.14529E5	2.83853E5	5.90809E5	1.31824E5	8.06287E4	4.72855E4	3.74665E4	2.93603E6	1.1063E5	1698.53542	921.82033
424	9.04712E5	8.28997E5	7.15269E5	5.91114E5	5.05269E5	4.71706E5	4.65398E5	4.56523E5	4.39296E5	4.0919E5	3.72939E5	3.24105E5	2.80766E5	6.15142E5	1.48964E5	8.66469E4	5.27068E4	3.55554E4	1.9431E6	5.20328E5	2106.34042	863.19722
426	9.22887E5	8.45843E5	7.27176E5	5.9837E5	5.13793E5	4.78781E5	4.64098E5	4.59467E5	4.41473E5	4.11857E5	3.77632E5	3.30522E5	2.81119E5	5.70818E5	1.78769E5	9.23996E4	5.73211E4	3.56237E4	8.12847E5	1.48804E6	2726.03426	1208.25409
428	8.92339E5	8.55949E5	7.47531E5	6.07747E5	5.20518E5	4.80285E5	4.66719E5	4.54789E5	4.39178E5	4.17424E5	3.85704E5	3.35325E5	2.87027E5	4.86937E5	2.27418E5	9.90084E4	6.16506E4	3.59413E4	2.14673E5	2.503E6	4779.20259	1047.68195
430	9.05232E5	8.53627E5	7.55423E5	6.19921E5	5.25609E5	4.80172E5	4.63973E5	4.59102E5	4.39613E5	4.17099E5	3.86597E5	3.39087E5	2.909E5	3.9271E5	3.00571E5	1.05713E5	6.59812E4	3.83826E4	4.58868E4	2.90666E6	9382.00031	1345.38413
432	9.28799E5	8.7339E5	7.44012E5	6.27517E5	5.24263E5	4.83962E5	4.64493E5	4.57996E5	4.42752E5	4.21353E5	3.93108E5	3.46117E5	2.98339E5	3.22351E5	3.88305E5	1.11182E5	7.16372E4	4.19582E4	3.42826E4	2.45781E6	8.86917E4	1687.53633
434	8.98424E5	8.88774E5	7.74484E5	6.33233E5	5.3103E5	4.87183E5	4.63614E5	4.55013E5	4.41575E5	4.22525E5	3.96115E5	3.47562E5	3.03483E5	2.84475E5	4.68725E5	1.20087E5	7.55843E4	4.58281E4	3.24449E4	1.4779E6	4.54812E5	2063.02701
436	9.33792E5	8.82365E5	7.6607E5	6.48943E5	5.36233E5	4.89057E5	4.62461E5	4.54029E5	4.44936E5	4.23429E5	3.96791E5	3.56408E5	3.116E5	2.71244E5	5.16366E5	1.27548E5	8.17032E4	4.9734E4	3.27811E4	5.94347E5	1.20952E6	2899.2546
438	9.3508E5	8.8065E5	7.72826E5	6.46524E5	5.4068E5	4.83671E5	4.64336E5	4.56624E5	4.44291E5	4.23941E5	4.00064E5	3.57909E5	3.13822E5	2.72749E5	5.08694E5	1.44359E5	8.58497E4	5.40405E4	3.38249E4	1.59814E5	2.09534E6	3992.06282
440	9.05151E5	8.74667E5	7.83541E5	6.57595E5	5.38442E5	4.87496E5	4.63547E5	4.5045E5	4.4013E5	4.23415E5	3.99782E5	3.62868E5	3.17435E5	2.736E5	4.60481E5	1.73851E5	9.08267E4	5.86194E4	3.5716E4	3.91221E4	2.57971E6	7581.14239
442	9.35952E5	8.87706E5	7.92888E5	6.64087E5	5.44697E5	4.90992E5	4.60552E5	4.44184E5	4.35503E5	4.22E5	4.01366E5	3.6428E5	3.22424E5	2.77323E5	3.87261E5	2.1739E5	9.52993E4	6.2246E4	3.85117E4	3.06433E4	2.27982E6	5.81056E4
444	8.91875E5	8.98452E5	7.93813E5	6.64488E5	5.53775E5	4.84512E5	4.57317E5	4.42249E5	4.37106E5	4.24363E5	4.00607E5	3.66216E5	3.25294E5	2.82792E5	3.18207E5	2.79712E5	1.0055E5	6.42684E4	4.05109E4	3.09264E4	1.46299E6	3.31378E5
446	9.23306E5	8.95926E5	7.95724E5	6.66718E5	5.54259E5	4.87345E5	4.51812E5	4.40458E5	4.31139E5	4.18911E5	4.02073E5	3.67556E5	3.29587E5	2.86659E5	2.71792E5	3.47353E5	1.05894E5	6.9158E4	4.48129E4	3.02124E4	6.14202E5	1.00944E6
448	9.17471E5	8.87238E5	7.9408E5	6.80592E5	5.53E5	4.87202E5	4.53032E5	4.39709E5	4.29516E5	4.19528E5	4.01344E5	3.69662E5	3.33879E5	2.93153E5	2.46915E5	4.07834E5	1.11347E5	7.33029E4	4.69628E4	3.08631E4	1.6406E5	1.90273E6
450	8.80563E5	9.02982E5	8.09077E5	6.74703E5	5.64157E5	4.86215E5	4.55115E5	4.40532E5	4.317E5	4.20589E5	3.99966E5	3.69587E5	3.34982E5	2.95148E5	2.38973E5	4.38502E5	1.23332E5	7.85347E4	5.18518E4	3.33578E4	3.85206E4	2.54659E6
452	8.85018E5	8.8264E5	8.00598E5	6.83566E5	5.56782E5	4.84952E5	4.50404E5	4.3794E5	4.25719E5	4.147E5	3.98851E5	3.70931E5	3.37055E5	2.97788E5	2.39135E5	4.20925E5	1.41981E5	8.10135E4	5.63109E4	3.5029E4	2.79697E4	2.25793E6
454	9.18061E5	8.8803E5	8.05548E5	6.75388E5	5.58227E5	4.81241E5	4.38532E5	4.27974E5	4.1941E5	4.11314E5	3.99417E5	3.69199E5	3.40572E5	3.03145E5	2.40239E5	3.76899E5	1.72422E5	8.53693E4	5.84031E4	3.72646E4	2.88681E4	1.42034E6
456	9.08641E5	8.71467E5	8.17098E5	6.8646E5	5.50314E5	4.74135E5	4.42522E5	4.23915E5	4.14178E5	4.11448E5	3.94509E5	3.68993E5	3.37381E5	3.062E5	2.41004E5	3.12691E5	2.20644E5	8.9933E4	6.16457E4	4.06545E4	2.84628E4	5.80917E5
458	9.19657E5	8.7441E5	8.01112E5	6.7602E5	5.579E5	4.75247E5	4.37186E5	4.21217E5	4.09666E5	4.02726E5	3.93675E5	3.69693E5	3.39359E5	3.05282E5	2.47552E5	2.59091E5	2.75281E5	9.40727E4	6.48082E4	4.27979E4	2.81096E4	1.47145E5
460	8.93846E5	8.60333E5	8.08543E5	6.8327E5	5.53691E5	4.73954E5	4.33475E5	4.14264E5	4.09936E5	4.02607E5	3.91352E5	3.67297E5	3.38954E5	3.08607E5	2.47401E5	2.22535E5	3.23702E5	9.91485E4	6.96958E4	4.74219E4	2.87608E4	3.51794E4
462	9.06197E5	8.6337E5	7.9185E5	6.79853E5	5.55074E5	4.77196E5	4.32695E5	4.11908E5	4.00839E5	3.9175E5	3.87132E5	3.66454E5	3.37854E5	3.07897E5	2.4975E5	2.06815E5	3.58235E5	1.07397E5	7.16597E4	5.05194E4	3.02549E4	2.51028E4
464	8.32356E5	8.6678E5	7.89905E5	6.85522E5	5.51902E5	4.6995E5	4.2493E5	4.07052E5	3.99347E5	3.92735E5	3.83373E5	3.64983E5	3.37049E5	3.0914E5	2.50224E5	2.02611E5	3.64724E5	1.1601E5	7.5633E4	5.27806E4	3.30695E4	2.60182E4
466	8.75788E5	8.51836E5	7.86013E5	6.80139E5	5.5399E5	4.71073E5	4.23352E5	4.02772E5	3.91359E5	3.90532E5	3.77922E5	3.61819E5	3.35468E5	3.08122E5	2.52548E5	2.01487E5	3.40897E5	1.33598E5	7.76071E4	5.53222E4	3.41522E4	2.54284E4
468	9.90229E5	8.39279E5	7.89563E5	6.775E5	5.49274E5	4.60878E5	4.16405E5	3.99548E5	3.88668E5	3.84754E5	3.78793E5	3.56016E5	3.35994E5	3.08961E5	2.54127E5	2.02294E5	2.96195E5	1.59537E5	8.0975E4	5.83394E4	3.6614E4	2.55466E4
470	1.40144E6	8.40813E5	7.73794E5	6.68798E5	5.45763E5	4.63197E5	4.09912E5	3.88965E5	3.81387E5	3.77718E5	3.69762E5	3.53379E5	3.31974E5	3.08792E5	2.55033E5	2.03375E5	2.45264E5	2.00479E5	8.36293E4	6.035E4	4.01888E4	2.57051E4
472	2.27489E6	8.34607E5	7.66919E5	6.68085E5	5.45255E5	4.56439E5	4.10441E5	3.85505E5	3.8117E5	3.74288E5	3.68977E5	3.51826E5	3.31291E5	3.08384E5	2.54154E5	2.04703E5	2.08152E5	2.4381E5	8.60337E4	6.32953E4	4.3298E4	2.70298E4
474	3.81142E6	8.2074E5	7.76012E5	6.64481E5	5.42889E5	4.58827E5	4.03547E5	3.86567E5	3.70456E5	3.69511E5	3.60981E5	3.44653E5	3.29563E5	3.08478E5	2.53374E5	2.04266E5	1.82935E5	2.87323E5	9.12649E4	6.68579E4	4.45763E4	2.7501E4
476	5.96142E6	8.05376E5	7.57209E5	6.58773E5	5.38956E5	4.51826E5	4.00297E5	3.77278E5	3.67915E5	3.63271E5	3.56834E5	3.4029E5	3.26109E5	3.0463E5	2.55963E5	2.05344E5	1.70906E5	3.12525E5	9.76147E4	6.8338E4	4.73851E4	2.93898E4
478	8.37066E6	7.98186E5	7.59565E5	6.48197E5	5.27356E5	4.4639E5	3.91049E5	3.68906E5	3.60315E5	3.54524E5	3.48794E5	3.36448E5	3.23973E5	3.0122E5	2.55844E5	2.04784E5	1.68339E5	3.12695E5	1.07287E5	6.86488E4	4.87677E4	3.21742E4
480	1.06994E7	7.95881E5	7.28195E5	6.41916E5	5.28197E5	4.47529E5	3.89625E5	3.64681E5	3.56125E5	3.5004E5	3.45799E5	3.29712E5	3.18423E5	3.01016E5	2.508E5	2.05011E5	1.66941E5	2.87298E5	1.23077E5	7.23157E4	4.95332E4	3.42697E4
482	1.18944E7	7.97898E5	7.34844E5	6.42191E5	5.24135E5	4.3496E5	3.76485E5	3.56905E5	3.46954E5	3.48206E5	3.37833E5	3.2702E5	3.13326E5	2.95594E5	2.5187E5	2.05079E5	1.69496E5	2.45812E5	1.5181E5	7.44521E4	5.24393E4	3.52641E4
484	1.12008E7	7.81619E5	7.21936E5	6.29447E5	5.11993E5	4.28345E5	3.78559E5	3.48753E5	3.40224E5	3.38261E5	3.32727E5	3.21928E5	3.11606E5	2.93677E5	2.5102E5	2.04544E5	1.66262E5	1.99685E5	1.82984E5	7.56172E4	5.37753E4	3.76859E4
486	9.49128E6	7.84031E5	7.04398E5	6.27389E5	5.13469E5	4.22054E5	3.73138E5	3.45317E5	3.35903E5	3.31423E5	3.28545E5	3.16834E5	3.04137E5	2.90324E5	2.46781E5	2.038E5	1.68305E5	1.69138E5	2.22272E5	7.76588E4	5.52921E4	3.94276E4
488	6.98568E6	9.33427E5	7.03878E5	6.21932E5	5.03132E5	4.20435E5	3.66607E5	3.37858E5	3.32073E5	3.25981E5	3.20441E5	3.0794E5	3.01839E5	2.85071E5	2.46056E5	2.04256E5	1.65505E5	1.50793E5	2.52319E5	8.22726E4	5.79054E4	3.99922E4
490	4.45901E6	1.459E6	6.90211E5	6.05619E5	4.99308E5	4.12766E5	3.64886E5	3.36289E5	3.21575E5	3.19507E5	3.14127E5	3.06454E5	2.96675E5	2.83513E5	2.41824E5	2.01156E5	1.65126E5	1.43391E5	2.65257E5	8.72083E4	5.87543E4	4.16027E4
492	2.30845E6	2.57233E6	6.64107E5	6.04199E5	4.99672E5	4.0935E5	3.62042E5	3.29484E5	3.17939E5	3.1327E5	3.06501E5	3.01011E5	2.87726E5	2.8009E5	2.38394E5	2.01222E5	1.6658E5	1.39725E5	2.608E5	9.71755E4	5.85801E4	4.26537E4
494	1.24614E6	4.33244E6	6.6313E5	5.94524E5	4.84621E5	4.00351E5	3.56996E5	3.24103E5	3.11173E5	3.07255E5	3.02257E5	2.9206E5	2.85191E5	2.75581E5	2.36188E5	2.01071E5	1.6322E5	1.37714E5	2.37286E5	1.12607E5	6.02089E4	4.36324E4
496	8.72149E5	6.69886E6	6.54387E5	5.76281E5	4.76726E5	4.04739E5	3.42982E5	3.16775E5	3.05078E5	2.98011E5	2.9585E5	2.85461E5	2.79556E5	2.69326E5	2.36344E5	1.97104E5	1.61707E5	1.37818E5	2.0064E5	1.36845E5	6.18051E4	4.41664E4
498	8.28092E5	9.31234E6	6.55505E5	5.77369E5	4.71767E5	3.96134E5	3.39138E5	3.11991E5	3.01576E5	2.93527E5	2.935E5	2.84016E5	2.72568E5	2.65654E5	2.31956E5	1.96478E5	1.63738E5	1.36903E5	1.66314E5	1.64703E5	6.22127E4	4.54443E4
500	8.09097E5	1.14267E7	6.57976E5	5.59391E5	4.74137E5	3.9347E5	3.33018E5	3.06951E5	2.98118E5	2.91123E5	2.86733E5	2.79468E5	2.711E5	2.62822E5	2.31093E5	1.96161E5	1.624E5	1.34625E5	1.41193E5	1.90772E5	6.44383E4	4.68805E4
502	7.42246E5	1.24111E7	6.38336E5	5.6581E5	4.64121E5	3.85888E5	3.27742E5	3.00455E5	2.88152E5	2.83051E5	2.80595E5	2.73582E5	2.65733E5	2.58381E5	2.235E5	1.91689E5	1.61706E5	1.35665E5	1.24179E5	2.1406E5	6.76208E4	4.75128E4
504	7.07043E5	1.18847E7	6.29289E5	5.54183E5	4.58995E5	3.79128E5	3.23477E5	2.96421E5	2.84448E5	2.78586E5	2.7413E5	2.65497E5	2.60222E5	2.55182E5	2.23097E5	1.89004E5	1.60485E5	1.33112E5	1.1607E5	2.23053E5	7.30909E4	4.84415E4
506	7.2305E5	9.73394E6	6.43744E5	5.39853E5	4.51843E5	3.73746E5	3.22251E5	2.94159E5	2.76335E5	2.72335E5	2.68104E5	2.59132E5	2.57213E5	2.50476E5	2.17653E5	1.88498E5	1.58386E5	1.33097E5	1.13273E5	2.13825E5	8.15811E4	4.81155E4
508	7.14056E5	7.22753E6	7.99814E5	5.39189E5	4.48509E5	3.63707E5	3.15461E5	2.84642E5	2.72492E5	2.64361E5	2.61598E5	2.55742E5	2.48836E5	2.42873E5	2.16391E5	1.8483E5	1.57204E5	1.31165E5	1.10839E5	1.95009E5	9.36673E4	4.97644E4
510	7.93184E5	4.47146E6	1.41056E6	5.17275E5	4.40303E5	3.60666E5	3.09664E5	2.79853E5	2.64759E5	2.59576E5	2.53572E5	2.50391E5	2.44393E5	2.38414E5	2.10868E5	1.81989E5	1.54543E5	1.30122E5	1.09333E5	1.63497E5	1.13757E5	4.99606E4
512	8.6246E5	2.23378E6	2.77035E6	5.08054E5	4.27095E5	3.53437E5	2.98309E5	2.72216E5	2.60217E5	2.5319E5	2.50643E5	2.42765E5	2.38342E5	2.36205E5	2.08676E5	1.8011E5	1.52992E5	1.29724E5	1.10659E5	1.35203E5	1.36354E5	5.07715E4
514	1.06274E6	1.10895E6	4.84999E6	5.12046E5	4.20117E5	3.47171E5	2.96992E5	2.69378E5	2.51783E5	2.47404E5	2.43075E5	2.38541E5	2.34872E5	2.30094E5	2.06177E5	1.75682E5	1.51744E5	1.30004E5	1.07885E5	1.11738E5	1.58696E5	5.28882E4
516	1.34596E6	7.43287E5	7.4372E6	5.02245E5	4.111E5	3.37722E5	2.88703E5	2.6407E5	2.47105E5	2.38681E5	2.37481E5	2.34231E5	2.29268E5	2.27188E5	1.98929E5	1.73595E5	1.47837E5	1.25071E5	1.075E5	9.87879E4	1.75181E5	5.41667E4
518	1.68894E6	6.71594E5	1.00659E7	4.87197E5	4.02881E5	3.38825E5	2.86615E5	2.59024E5	2.44035E5	2.34712E5	2.32193E5	2.28785E5	2.24224E5	2.19721E5	1.94995E5	1.70944E5	1.45816E5	1.24217E5	1.04813E5	9.28316E4	1.80721E5	5.85044E4
520	2.12374E6	6.40077E5	1.21843E7	4.83803E5	4.01938E5	3.3045E5	2.7987E5	2.53839E5	2.36501E5	2.293E5	2.2895E5	2.23872E5	2.18963E5	2.13236E5	1.89673E5	1.67292E5	1.43526E5	1.24359E5	1.04224E5	8.98329E4	1.73037E5	6.5768E4
522	2.4684E6	6.401E5	1.26403E7	4.73659E5	3.96595E5	3.23725E5	2.7297E5	2.45842E5	2.30667E5	2.27431E5	2.22104E5	2.17736E5	2.11805E5	2.11206E5	1.86954E5	1.64044E5	1.43506E5	1.22359E5	1.03008E5	8.85608E4	1.53802E5	7.7627E4
524	2.76124E6	6.06786E5	1.16205E7	4.83334E5	3.84249E5	3.14421E5	2.71267E5	2.40778E5	2.27458E5	2.20304E5	2.14566E5	2.11329E5	2.09E5	2.05427E5	1.87352E5	1.63903E5	1.40142E5	1.19069E5	1.02985E5	8.69791E4	1.28339E5	9.399E4
526	2.78098E6	5.86147E5	9.53223E6	4.84978E5	3.80957E5	3.09368E5	2.62057E5	2.39635E5	2.22316E5	2.14904E5	2.12181E5	2.07001E5	2.02393E5	2.00335E5	1.79364E5	1.58277E5	1.36885E5	1.17334E5	9.98294E4	8.53937E4	1.0638E5	1.11729E5
528	2.64442E6	5.79113E5	6.77844E6	6.82037E5	3.68838E5	3.04921E5	2.60309E5	2.35376E5	2.16784E5	2.06267E5	2.05641E5	2.0125E5	1.98441E5	1.94055E5	1.76089E5	1.56435E5	1.34197E5	1.16592E5	9.9856E4	8.43764E4	8.93159E4	1.29803E5
530	2.2875E6	5.66386E5	3.95431E6	1.3746E6	3.69211E5	2.99692E5	2.55665E5	2.25816E5	2.12406E5	2.02882E5	2.04445E5	1.95328E5	1.95432E5	1.9212E5	1.72312E5	1.51386E5	1.32492E5	1.13436E5	9.84599E4	8.19007E4	7.64707E4	1.42876E5
532	1.8626E6	6.13034E5	1.9354E6	2.85625E6	3.67124E5	2.93765E5	2.51067E5	2.21175E5	2.08925E5	2.00422E5	1.96697E5	1.89767E5	1.87612E5	1.86429E5	1.67881E5	1.47269E5	1.30127E5	1.12363E5	9.46677E4	8.01185E4	7.09647E4	1.49788E5
534	1.40433E6	6.79331E5	8.9025E5	5.07426E6	3.4796E5	2.85598E5	2.41913E5	2.18381E5	2.0225E5	1.95502E5	1.9207E5	1.85097E5	1.83943E5	1.80697E5	1.63018E5	1.43246E5	1.24665E5	1.11103E5	9.4234E4	7.9085E4	6.86014E4	1.44362E5
536	9.95062E5	8.65978E5	5.93184E5	7.74628E6	3.32919E5	2.8188E5	2.35823E5	2.09847E5	1.9762E5	1.89149E5	1.87857E5	1.82183E5	1.80832E5	1.77568E5	1.58186E5	1.39442E5	1.23077E5	1.09275E5	9.26795E4	7.91829E4	6.75306E4	1.26583E5
538	7.17605E5	1.13199E6	5.40337E5	1.03717E7	3.40406E5	2.7463E5	2.28966E5	2.06112E5	1.91935E5	1.84337E5	1.83507E5	1.75493E5	1.7687E5	1.71757E5	1.56421E5	1.38051E5	1.2064E5	1.0625E5	9.01297E4	7.71869E4	6.48498E4	1.0658E5
540	5.72509E5	1.50767E6	5.0642E5	1.22011E7	3.29843E5	2.66198E5	2.2836E5	1.98711E5	1.85953E5	1.80778E5	1.77769E5	1.71755E5	1.71149E5	1.67124E5	1.50829E5	1.31245E5	1.16685E5	1.02499E5	9.02877E4	7.64741E4	6.35983E4	8.63698E4
542	4.73297E5	1.92037E6	4.83695E5	1.24873E7	3.23621E5	2.62812E5	2.19177E5	1.94748E5	1.8039E5	1.75021E5	1.7299E5	1.65506E5	1.64768E5	1.60588E5	1.48157E5	1.31744E5	1.14561E5	1.00877E5	8.72433E4	7.56004E4	6.18213E4	6.80712E4
544	4.62125E5	2.29069E6	4.88705E5	1.11527E7	3.19298E5	2.51978E5	2.1697E5	1.87503E5	1.76056E5	1.71346E5	1.64799E5	1.60574E5	1.59848E5	1.59229E5	1.43565E5	1.27314E5	1.12408E5	9.83652E4	8.50671E4	7.40655E4	6.08612E4	5.9142E4
546	4.32951E5	2.60971E6	4.55289E5	8.85221E6	3.53573E5	2.49076E5	2.07372E5	1.87852E5	1.74095E5	1.65035E5	1.59673E5	1.5619E5	1.53899E5	1.52414E5	1.39852E5	1.23072E5	1.10677E5	9.66652E4	8.51202E4	7.25207E4	5.97459E4	5.40038E4
548	4.52647E5	2.81957E6	4.37716E5	6.07269E6	5.68193E5	2.48013E5	2.07203E5	1.82919E5	1.6891E5	1.63621E5	1.54929E5	1.53762E5	1.4967E5	1.5185E5	1.35242E5	1.21392E5	1.05836E5	9.61374E4	8.31732E4	7.07748E4	5.81172E4	5.04469E4
550	4.12045E5	2.78604E6	4.18514E5	3.56273E6	1.29722E6	2.41102E5	1.97607E5	1.75586E5	1.64077E5	1.60062E5	1.54365E5	1.492E5	1.4607E5	1.43853E5	1.31814E5	1.17248E5	1.04379E5	9.26616E4	8.15191E4	6.89108E4	5.81003E4	4.92014E4
552	3.94857E5	2.54065E6	4.34828E5	1.68558E6	2.77914E6	2.39017E5	1.97821E5	1.72182E5	1.60368E5	1.5246E5	1.50066E5	1.4338E5	1.43755E5	1.41572E5	1.29346E5	1.15376E5	1.0283E5	9.1633E4	7.86095E4	6.74925E4	5.73747E4	4.88553E4
554	3.76274E5	2.14519E6	4.29655E5	7.38931E5	5.00368E6	2.31741E5	1.90017E5	1.67518E5	1.56699E5	1.4863E5	1.47188E5	1.40646E5	1.40902E5	1.40764E5	1.22862E5	1.11617E5	1.00491E5	8.80828E4	7.74068E4	6.81977E4	5.4751E4	4.75428E4
556	4.0409E5	1.68915E6	4.62769E5	4.7302E5	7.60493E6	2.22771E5	1.85167E5	1.65699E5	1.54015E5	1.46321E5	1.4062E5	1.37247E5	1.34674E5	1.34486E5	1.20418E5	1.07064E5	9.72502E4	8.57249E4	7.37396E4	6.36741E4	5.42258E4	4.71973E4
558	3.64967E5	1.25223E6	6.01516E5	4.12178E5	1.0182E7	2.18005E5	1.80204E5	1.64352E5	1.49679E5	1.4232E5	1.34498E5	1.33632E5	1.29731E5	1.30408E5	1.19287E5	1.05997E5	9.60093E4	8.31037E4	7.34455E4	6.38494E4	5.4433E4	4.57612E4
560	3.44718E5	8.59868E5	7.82594E5	3.88193E5	1.18965E7	2.16905E5	1.79171E5	1.58481E5	1.44288E5	1.38152E5	1.34488E5	1.3148E5	1.26046E5	1.26292E5	1.16263E5	1.02775E5	9.2913E4	8.24036E4	7.07187E4	6.38199E4	5.3589E4	4.49206E4
562	3.3978E5	6.18659E5	1.08491E6	3.72023E5	1.22571E7	2.18214E5	1.74319E5	1.53635E5	1.42438E5	1.33168E5	1.32542E5	1.25048E5	1.24809E5	1.22186E5	1.08435E5	1.00819E5	8.88656E4	7.82108E4	7.02071E4	6.04832E4	5.10506E4	4.3613E4
564	3.47042E5	4.39008E5	1.4738E6	3.62393E5	1.09277E7	2.19374E5	1.68524E5	1.48683E5	1.37412E5	1.32811E5	1.26849E5	1.19686E5	1.20042E5	1.17889E5	1.0864E5	9.82815E4	8.54164E4	7.74245E4	6.93709E4	5.99664E4	4.97763E4	4.20171E4
566	3.33035E5	3.86798E5	1.85483E6	3.48801E5	8.61047E6	2.43736E5	1.62287E5	1.46509E5	1.34407E5	1.26359E5	1.22425E5	1.17705E5	1.15642E5	1.16869E5	1.06067E5	9.47378E4	8.3806E4	7.48213E4	6.55014E4	5.81414E4	5.02663E4	4.27101E4
568	3.31564E5	3.42536E5	2.2847E6	3.40653E5	5.78183E6	4.79664E5	1.61668E5	1.4066E5	1.27724E5	1.22423E5	1.1532E5	1.12853E5	1.13986E5	1.10929E5	1.02277E5	9.40364E4	8.1876E4	7.25991E4	6.42873E4	5.79295E4	4.76419E4	3.9933E4
570	3.19115E5	3.19908E5	2.51531E6	3.36051E5	3.25886E6	1.25706E6	1.57466E5	1.3741E5	1.22359E5	1.20358E5	1.17326E5	1.08224E5	1.10714E5	1.06841E5	9.90217E4	8.89391E4	8.00796E4	7.13535E4	6.32547E4	5.46517E4	4.61901E4	3.89876E4
572	3.17494E5	3.21589E5	2.63945E6	3.22251E5	1.48305E6	2.79109E6	1.54297E5	1.3634E5	1.23574E5	1.15032E5	1.11021E5	1.07323E5	1.06338E5	1.05819E5	9.57244E4	8.59969E4	7.81827E4	6.78751E4	6.08233E4	5.28887E4	4.51181E4	3.81794E4
574	3.15284E5	2.96295E5	2.54594E6	3.22487E5	5.96399E5	5.03404E6	1.53264E5	1.31907E5	1.19489E5	1.13183E5	1.07606E5	1.02888E5	1.02203E5	1.02899E5	9.24616E4	8.41296E4	7.50894E4	6.78202E4	5.87205E4	5.18876E4	4.43122E4	3.68037E4
576	3.1603E5	2.79096E5	2.22473E6	3.2185E5	3.61764E5	7.45086E6	1.46851E5	1.27677E5	1.18562E5	1.08114E5	1.03474E5	1.01925E5	1.00802E5	9.99823E4	9.05394E4	8.07201E4	7.25375E4	6.484E4	5.72263E4	4.9488E4	4.37314E4	3.7164E4
578	3.02975E5	2.85973E5	1.86489E6	3.44312E5	3.23534E5	9.72623E6	1.45618E5	1.2224E5	1.10319E5	1.06976E5	1.04859E5	9.97621E4	9.65592E4	9.49304E4	8.6316E4	7.63304E4	7.23047E4	6.48451E4	5.63764E4	4.89599E4	4.1796E4	3.6156E4
580	2.85665E5	2.79801E5	1.45544E6	3.87897E5	3.13493E5	1.12714E7	1.44392E5	1.17891E5	1.10418E5	1.01673E5	9.72208E4	9.67461E4	9.16423E4	9.37193E4	8.38727E4	7.84197E4	7.11304E4	6.0238E4	5.39937E4	4.76161E4	4.12419E4	3.37442E4
582	2.65534E5	2.73623E5	1.02667E6	5.14203E5	3.00989E5	1.13948E7	1.46291E5	1.17622E5	1.03737E5	1.01372E5	9.70033E4	9.08449E4	9.02502E4	9.04457E4	8.28509E4	7.30709E4	6.60071E4	5.85818E4	5.36349E4	4.70941E4	4.03608E4	3.36406E4
584	3.09904E5	2.66773E5	7.12609E5	7.14284E5	3.03134E5	1.00259E7	1.46848E5	1.1806E5	1.02998E5	9.64055E4	9.32568E4	8.9779E4	8.57814E4	8.71686E4	7.84636E4	7.31982E4	6.70162E4	5.7937E4	5.13059E4	4.59316E4	3.95913E4	3.29435E4
586	2.88506E5	2.65765E5	4.91969E5	1.01109E6	2.95434E5	7.74471E6	1.65419E5	1.12945E5	1.01679E5	9.35536E4	8.95026E4	8.54068E4	8.5321E4	8.54542E4	7.42484E4	6.83637E4	6.44655E4	5.48096E4	4.92697E4	4.39377E4	3.80467E4	3.29074E4
588	2.81367E5	2.63787E5	3.57348E5	1.34756E6	2.8738E5	5.07619E6	3.82322E5	1.10079E5	9.92706E4	9.28106E4	8.51309E4	8.4839E4	8.20154E4	8.27439E4	7.53646E4	6.77518E4	5.9289E4	5.39375E4	4.87765E4	4.26035E4	3.72915E4	3.18404E4
590	2.92069E5	2.50354E5	3.07308E5	1.73428E6	2.8804E5	2.71727E6	1.13534E6	1.08505E5	9.50879E4	8.73107E4	8.87698E4	7.88462E4	7.91652E4	7.83895E4	7.18185E4	6.45481E4	5.90875E4	5.17163E4	4.78076E4	4.13395E4	3.5727E4	3.07994E4
592	2.88372E5	2.5841E5	2.80147E5	2.05477E6	2.81735E5	1.15407E6	2.65192E6	1.04845E5	9.30462E4	8.47644E4	8.1328E4	7.83003E4	7.78475E4	7.65776E4	6.86357E4	6.21243E4	5.60171E4	5.15606E4	4.50872E4	4.14348E4	3.4498E4	2.93952E4
594	2.94033E5	2.33402E5	2.57905E5	2.2661E6	2.76841E5	4.56606E5	4.76498E6	1.06973E5	8.96618E4	8.26851E4	7.88604E4	7.7008E4	7.37483E4	7.32863E4	6.62034E4	6.20288E4	5.42206E4	5.01637E4	4.40532E4	3.92231E4	3.40328E4	2.83172E4
596	2.86016E5	2.27508E5	2.59592E5	2.33503E6	2.77302E5	2.7135E5	7.14447E6	9.98985E4	8.62786E4	8.22888E4	7.62264E4	7.46211E4	7.15485E4	7.21682E4	6.4654E4	5.71046E4	5.37199E4	4.82769E4	4.29798E4	3.87103E4	3.40609E4	2.84868E4
598	2.50044E5	2.42266E5	2.44059E5	2.24353E6	2.69695E5	2.40645E5	9.28281E6	9.83237E4	8.51298E4	7.74081E4	7.54486E4	7.25347E4	7.04191E4	6.78248E4	6.32922E4	5.61154E4	5.2629E4	4.59691E4	4.22506E4	3.72834E4	3.11579E4	2.77314E4
600	2.41027E5	2.47808E5	2.54598E5	1.9712E6	2.89436E5	2.32552E5	1.05718E7	9.87887E4	8.6079E4	7.81011E4	7.34501E4	7.04775E4	6.7711E4	6.69131E4	6.22172E4	5.54021E4	4.85232E4	4.52062E4	3.95909E4	3.56071E4	3.07409E4	2.66528E4
