300	1.8789E5	1.20233E5	1.38222E5	2.61826E6	3.45682E5	2.20794E5	1.5709E7	6.01531E4	9387.34627	6192.94309	4004.84595	2717.61159	2373.93041	2365.22705	2252.63444	1585.1151	1030.05101	803.75138	997.45165	1169.55211	1150.69046	748.47809
302	1.87448E5	1.26204E5	1.47236E5	1.71433E6	6.63087E5	1.76794E5	1.34584E7	6.58337E5	9911.69669	5272.31572	4106.52995	3194.08402	2614.5348	2184.2153	1953.87411	1539.17992	1249.50282	1489.74126	787.89414	1222.20254	1454.22138	856.61673
304	1.94425E5	1.45252E5	1.51796E5	9.55367E5	1.23248E6	1.72177E5	8.3515E6	2.89466E6	1.11631E4	5430.03744	3991.25737	3070.02871	2601.35683	2104.04122	2240.84974	1549.94547	1307.42711	1463.74194	933.32321	1038.99803	621.23231	795.72652
306	2.06128E5	1.51716E5	1.57265E5	5.03403E5	1.99715E6	1.73575E5	3.48594E6	7.23583E6	1.39817E4	6255.50714	4406.97612	3791.19527	2260.40699	1648.2952	1981.61972	1628.32322	1238.64063	1121.24124	978.25464	627.66141	813.51794	800.26463
308	2.04043E5	1.36968E5	1.78795E5	3.01368E5	2.66654E6	1.76223E5	9.0557E5	1.22268E7	2.0489E4	6864.377	4621.9744	3300.59954	2563.28757	1979.35017	1924.03527	1748.59209	1204.12732	1120.24157	1155.16718	856.75306	1040.62647	774.95377
310	2.11169E5	1.58471E5	1.81163E5	2.54936E5	2.83906E6	1.97183E5	1.8686E5	1.47051E7	5.32118E4	6857.91431	4421.05519	3886.9369	2662.32674	2506.90519	1609.26806	1601.693	1231.67464	1060.72045	982.53075	1127.44854	1091.72868	797.89522
312	2.42011E5	1.58809E5	1.82556E5	2.41066E5	2.42086E6	2.77871E5	1.28823E5	1.27181E7	5.74214E5	8260.7432	5062.45607	3424.18074	2262.49927	2119.29104	1751.37704	1342.77426	1490.60401	982.8716	1163.48658	1045.33893	1031.73102	893.86476
314	2.33531E5	1.74916E5	2.05925E5	2.44149E5	1.62068E6	5.48048E5	1.21506E5	7.51298E6	2.78281E6	9544.32753	5102.20358	3985.9647	2555.31725	1856.63235	1594.57968	1423.1402	1188.89561	1166.52656	1142.64082	1022.02728	783.38546	559.79954
316	2.35898E5	1.70279E5	2.0246E5	2.50834E5	9.4094E5	1.04604E6	1.17169E5	2.99588E6	6.99962E6	1.10843E4	5043.71611	3631.29946	2369.95194	1993.86746	1725.9336	1263.02916	1236.21127	1021.05855	1054.74853	813.73834	1171.96828	773.16512
318	2.40511E5	1.74919E5	2.10549E5	2.51925E5	5.34064E5	1.69026E6	1.2112E5	7.42594E5	1.13404E7	1.82367E4	6063.26432	3492.57201	2639.40709	2185.78784	1813.62886	1637.30322	1293.56595	1173.05663	827.66258	560.73051	755.56005	758.21944
320	2.31342E5	1.88767E5	2.26909E5	2.55584E5	3.60849E5	2.23686E6	1.2429E5	1.49029E5	1.29983E7	4.70995E4	6328.8326	3925.41851	2680.87625	2089.82241	1646.5643	1394.2502	822.71644	881.59893	961.18842	995.10511	741.12542	761.66411
322	2.4764E5	2.07633E5	2.26551E5	2.67344E5	3.1439E5	2.35707E6	1.38707E5	1.06242E5	1.08805E7	4.82712E5	7273.57841	3839.80685	2924.84131	2119.18479	1632.3878	1441.69331	1208.90799	1206.89329	682.54155	1046.17344	766.69807	674.10964
324	2.69604E5	2.10567E5	2.33031E5	2.67717E5	3.02538E5	1.99464E6	2.06833E5	9.82458E4	6.36542E6	2.16756E6	8243.7635	4274.21947	2806.38039	1987.76314	1716.22518	1152.95231	1228.84031	905.53136	978.94704	1238.38832	890.25971	704.95503
326	2.75483E5	2.19306E5	2.41001E5	2.85659E5	2.95629E5	1.42506E6	3.91275E5	9.83377E4	2.52968E6	5.44205E6	1.02589E4	4181.95259	3307.12992	2152.10894	1610.50836	1495.50634	1160.89234	1064.60289	855.09317	851.83485	633.89301	879.68562
328	3.23537E5	2.28352E5	2.53195E5	2.85479E5	3.08465E5	8.90199E5	7.53143E5	1.0279E5	6.56233E5	8.96618E6	1.50253E4	4439.8802	2919.22317	2217.27155	1795.81671	1366.38816	1166.5905	1007.38274	942.28255	704.87938	565.9016	764.93573
330	3.10428E5	2.46339E5	2.55419E5	2.89493E5	3.11542E5	5.05107E5	1.27343E6	1.01528E5	1.34966E5	1.06495E7	4.10101E4	5289.12036	3085.14727	2652.00385	1655.51866	1542.46184	1241.24173	1170.82508	1144.38046	642.4961	622.22737	946.75348
332	3.03172E5	2.41933E5	2.58056E5	2.97821E5	3.21688E5	3.38646E5	1.73889E6	1.08786E5	9.49944E4	9.14083E6	4.05586E5	5947.0303	3567.73555	2574.65418	1778.05761	1368.96706	1174.43619	868.35402	862.96577	642.38286	847.5128	660.59262
334	2.95799E5	2.43791E5	2.62492E5	3.01135E5	3.17886E5	2.86425E5	1.93614E6	1.16426E5	8.71547E4	5.7062E6	1.84801E6	6858.11177	3846.30263	2632.13903	1781.46501	1325.75457	1006.67817	874.75062	831.18704	808.5906	910.89221	766.25888
336	3.44288E5	2.60654E5	2.74844E5	3.01964E5	3.25937E5	2.82986E5	1.75498E6	1.65443E5	9.15334E4	2.37827E6	4.76121E6	8714.60544	3628.17743	2685.98902	1904.73312	1115.1876	1050.29827	842.08802	751.30281	844.25748	782.10326	534.24228
338	3.58933E5	2.57358E5	2.8712E5	3.10114E5	3.24295E5	2.85425E5	1.33302E6	2.95321E5	9.63547E4	6.43494E5	7.8183E6	1.2506E4	3960.76442	2088.04148	1890.6278	1376.37331	1088.75769	779.93635	577.12695	669.15695	809.88059	801.52976
340	3.37229E5	2.84787E5	2.84284E5	3.09988E5	3.31294E5	2.93458E5	8.54447E5	5.71772E5	9.93051E4	1.32124E5	9.43477E6	3.31256E4	3888.33949	2543.32532	1698.15106	1269.0707	1157.90735	982.98266	676.27801	862.50176	832.71779	703.88537
342	3.7647E5	2.98637E5	2.88989E5	3.13027E5	3.33846E5	2.964E5	5.06342E5	9.48465E5	1.04782E5	8.75443E4	8.25504E6	3.23427E5	4877.08404	2629.79966	1763.76766	1356.8727	1107.13452	907.02778	663.96052	774.4209	823.09499	623.14374
344	3.71023E5	3.02067E5	3.01851E5	3.17046E5	3.34898E5	3.00515E5	3.19958E5	1.37313E6	1.129E5	8.41266E4	4.92249E6	1.6278E6	5768.45548	3002.89541	1866.07785	1457.07767	1317.40468	797.49714	925.21764	649.37583	545.47807	678.37519
346	3.87233E5	3.17494E5	3.07963E5	3.23224E5	3.4216E5	3.1185E5	2.64328E5	1.57474E6	1.25232E5	8.93239E4	1.99542E6	4.03823E6	6726.98149	3076.51366	1925.72658	1184.08037	879.4121	716.31458	702.95234	919.43494	805.90655	596.09648
348	4.25176E5	3.38588E5	3.16857E5	3.24895E5	3.46821E5	3.11551E5	2.58735E5	1.5107E6	1.61607E5	9.58255E4	4.89113E5	6.6626E6	1.03517E4	3252.71736	1829.09512	1545.70297	889.83803	921.46623	818.11961	947.25507	718.30491	605.14604
350	4.25718E5	3.45674E5	3.17087E5	3.26358E5	3.52963E5	3.26958E5	2.63347E5	1.20627E6	2.5712E5	1.03912E5	1.18643E5	7.6659E6	2.28248E4	3440.01053	1903.7788	1586.4879	1128.3796	852.6265	692.68667	652.94889	554.97617	709.7393
352	4.46307E5	3.59356E5	3.2985E5	3.39701E5	3.48966E5	3.29325E5	2.7061E5	8.14226E5	4.51755E5	1.14212E5	8.84023E4	6.46224E6	2.5264E5	3903.537	2129.29448	1748.91944	1183.67168	967.8415	549.66527	673.93383	635.87626	649.51348
354	4.80426E5	3.71703E5	3.37676E5	3.46378E5	3.56905E5	3.39242E5	2.78994E5	5.12156E5	7.30135E5	1.22242E5	8.72978E4	3.94592E6	1.20283E6	4678.23767	2060.17796	1495.86712	1054.0801	886.98181	632.20648	528.82076	688.46373	654.70873
356	5.0337E5	3.8665E5	3.53569E5	3.43448E5	3.58307E5	3.43754E5	2.93992E5	3.51098E5	1.03703E6	1.36292E5	9.42014E4	1.64024E6	3.19406E6	5876.66002	2435.63293	1546.68229	1124.31522	769.47418	653.1335	691.23382	574.54067	610.04521
358	4.78553E5	4.16244E5	3.6857E5	3.50106E5	3.6633E5	3.54647E5	3.0668E5	2.96745E5	1.26357E6	1.49043E5	1.01307E5	4.37537E5	5.39271E6	9166.30351	2308.53228	1608.89551	1033.91949	859.75975	699.11993	597.84421	731.63581	572.89075
360	5.20885E5	4.25787E5	3.73434E5	3.6304E5	3.70929E5	3.62003E5	3.21197E5	2.8375E5	1.27641E6	1.75367E5	1.09796E5	1.085E5	6.42605E6	2.15258E4	2808.60118	1502.20805	1201.27267	688.02546	839.44317	737.61875	540.24942	486.45374
362	5.32361E5	4.46062E5	3.96632E5	3.74892E5	3.73757E5	3.72445E5	3.34386E5	2.90851E5	1.10037E6	2.31464E5	1.21879E5	8.38892E4	5.71024E6	2.13694E5	2865.11449	1784.25402	1158.74353	809.50666	712.85486	698.56424	542.89211	573.43129
364	5.64714E5	4.6129E5	4.12774E5	3.8839E5	3.86073E5	3.83315E5	3.41243E5	3.05049E5	8.21245E5	3.49752E5	1.32321E5	8.36582E4	3.64732E6	1.05301E6	3735.41099	1784.18012	1352.82713	927.70655	683.00467	670.56623	661.74286	628.02637
366	5.86597E5	5.06284E5	4.30931E5	3.95622E5	3.91247E5	3.8617E5	3.57634E5	3.194E5	5.67447E5	5.59796E5	1.45344E5	8.83714E4	1.48975E6	2.92533E6	4984.18073	1853.1277	1257.74697	1046.68074	823.9911	664.35459	669.76409	562.94336
368	6.13345E5	5.21768E5	4.48928E5	4.06165E5	4.01248E5	4.04167E5	3.71446E5	3.3638E5	4.06671E5	8.11046E5	1.5556E5	9.7801E4	4.05686E5	4.86591E6	7885.62535	2294.21081	1266.46928	973.20421	846.21472	728.16022	661.90605	469.64408
370	6.3131E5	5.49648E5	4.58598E5	4.06927E5	3.99996E5	4.08721E5	3.86755E5	3.51685E5	3.45157E5	1.03356E6	1.72496E5	1.0848E5	9.72379E4	5.79166E6	1.87853E4	2495.94766	1277.0482	1128.18068	859.65584	747.93072	534.63079	578.71095
372	6.3951E5	5.71298E5	4.76571E5	4.29071E5	4.1379E5	4.15575E5	4.02878E5	3.68914E5	3.36705E5	1.10079E6	1.935E5	1.18199E5	7.58873E4	4.88559E6	1.8887E5	2692.43529	1367.2478	967.56944	741.34056	573.88322	503.60611	537.37606
374	6.97375E5	5.91159E5	4.89117E5	4.35091E5	4.26058E5	4.28058E5	4.14163E5	3.89387E5	3.43488E5	1.01242E6	2.38346E5	1.26375E5	7.49464E4	2.99385E6	9.17447E5	3453.72951	1396.06783	909.66817	826.29029	558.23634	543.24174	626.44153
376	7.07996E5	6.10681E5	5.12212E5	4.41866E5	4.31713E5	4.44069E5	4.32664E5	4.04061E5	3.52139E5	8.19262E5	3.25154E5	1.39433E5	7.89378E4	1.21526E6	2.39288E6	4416.49491	1584.45896	981.12583	889.39612	660.10232	483.3984	641.9254
378	7.22871E5	6.48108E5	5.2897E5	4.62694E5	4.42793E5	4.45376E5	4.44388E5	4.14891E5	3.71811E5	6.09141E5	4.76012E5	1.50132E5	8.7227E4	3.11728E5	4.05495E6	7757.3444	1717.72595	1069.84407	960.46562	707.57159	563.56209	622.94008
380	7.92428E5	6.68839E5	5.48133E5	4.75212E5	4.55867E5	4.56829E5	4.57567E5	4.31642E5	3.85044E5	4.61868E5	6.7255E5	1.63333E5	9.89227E4	8.57089E4	4.8356E6	1.66047E4	2046.61892	1192.41022	1079.93348	843.72223	729.46115	550.98985
382	7.78329E5	6.89685E5	5.72694E5	4.97911E5	4.68823E5	4.73472E5	4.72846E5	4.54074E5	4.01535E5	3.94412E5	8.53795E5	1.78287E5	1.07624E5	7.08864E4	4.26454E6	1.52871E5	2182.66699	1275.07056	1063.40211	709.5572	624.63156	708.51678
384	8.21727E5	7.4158E5	5.95211E5	5.07311E5	4.78781E5	4.93927E5	4.94423E5	4.71176E5	4.18905E5	3.78681E5	9.65227E5	1.97162E5	1.20509E5	7.17315E4	2.73022E6	7.45314E5	3062.87123	1347.14461	1003.1494	707.95047	771.46536	611.73142
386	8.46567E5	7.62054E5	6.34041E5	5.22616E5	4.96258E5	5.05683E5	5.0714E5	4.85759E5	4.36365E5	3.83353E5	9.40083E5	2.28199E5	1.31427E5	7.58887E4	1.1376E6	2.10816E6	4072.43532	1536.06883	973.97984	737.68827	616.52961	649.39074
388	8.54361E5	7.80345E5	6.47501E5	5.42414E5	5.09692E5	5.10664E5	5.23281E5	4.96643E5	4.53588E5	3.91372E5	8.24377E5	2.86905E5	1.40871E5	8.20613E4	3.28417E5	3.61379E6	6539.95797	1563.07477	992.86185	847.01128	659.62607	708.73342
390	9.03499E5	8.08214E5	6.67292E5	5.5494E5	5.22686E5	5.32378E5	5.3708E5	5.14384E5	4.66785E5	4.08546E5	6.5737E5	3.9834E5	1.54922E5	9.10366E4	8.19044E4	4.52985E6	1.48506E4	1811.52917	1156.65007	807.66454	816.08898	745.55027
392	9.3584E5	8.50289E5	6.78127E5	5.73678E5	5.36632E5	5.44746E5	5.44384E5	5.34656E5	4.8474E5	4.20361E5	5.16952E5	5.51437E5	1.66167E5	1.03003E5	6.53383E4	4.07196E6	1.49629E5	2220.38505	1249.5232	811.84382	810.21754	628.19397
394	9.509E5	8.52184E5	7.03762E5	5.96163E5	5.47508E5	5.54515E5	5.63416E5	5.51317E5	5.04014E5	4.34961E5	4.3647E5	7.12598E5	1.79527E5	1.14622E5	6.57369E4	2.6634E6	6.97812E5	2798.92932	1228.8656	764.41028	1044.7409	732.43491
396	1.00767E6	9.0218E5	7.51458E5	5.96134E5	5.58885E5	5.61981E5	5.74068E5	5.61341E5	5.18137E5	4.50187E5	4.07179E5	8.33476E5	1.97213E5	1.23835E5	6.77134E4	1.10828E6	1.92087E6	4278.12661	1451.55577	878.71774	825.22738	689.10863
398	1.02607E6	9.11394E5	7.69135E5	6.171E5	5.77589E5	5.83144E5	5.93373E5	5.80055E5	5.30922E5	4.63641E5	4.03755E5	8.68365E5	2.17119E5	1.34184E5	7.27965E4	3.0609E5	3.30179E6	6235.09318	1556.59242	927.32354	873.61695	776.48113
400	1.0435E6	9.53581E5	7.92481E5	6.39202E5	5.87933E5	5.84623E5	6.02266E5	5.93301E5	5.488E5	4.85956E5	4.15482E5	7.98974E5	2.609E5	1.47691E5	8.13075E4	7.70659E4	3.9307E6	1.27773E4	1536.0133	1005.91186	925.3001	720.90092
402	1.08217E6	9.60097E5	8.1653E5	6.62679E5	6.0418E5	6.01139E5	6.1248E5	6.07108E5	5.57344E5	4.95849E5	4.29691E5	6.72477E5	3.33244E5	1.58013E5	9.0305E4	5.99848E4	3.39318E6	1.2776E5	2051.25609	1067.36671	874.19456	840.97288
404	1.09522E6	1.01262E6	8.28194E5	6.83971E5	6.11955E5	6.16489E5	6.2333E5	6.14898E5	5.7607E5	5.12571E5	4.40795E5	5.45857E5	4.43928E5	1.72823E5	1.01217E5	5.96057E4	2.08516E6	6.33617E5	2789.9848	1204.57309	939.06787	849.13866
406	1.11624E6	1.00083E6	8.55354E5	7.11889E5	6.24964E5	6.32339E5	6.32495E5	6.27391E5	5.83217E5	5.2422E5	4.52335E5	4.61004E5	5.79216E5	1.84509E5	1.09193E5	6.24044E4	8.64852E5	1.67164E6	3560.0726	1170.0201	790.43171	866.26789
408	1.15533E6	1.03037E6	8.78396E5	7.1869E5	6.47391E5	6.3642E5	6.44799E5	6.35944E5	6.00221E5	5.38016E5	4.6594E5	4.14599E5	7.06772E5	1.99927E5	1.1725E5	6.6936E4	2.26709E5	2.96343E6	5620.74491	1429.64833	944.63623	916.90685
410	1.17021E6	1.07778E6	9.04362E5	7.35458E5	6.4851E5	6.39216E5	6.5205E5	6.45182E5	6.09626E5	5.50401E5	4.77951E5	4.07707E5	7.72936E5	2.18463E5	1.27666E5	7.14839E4	6.18101E4	3.5723E6	1.07805E4	1785.87119	883.73212	879.676
412	1.21455E6	1.10276E6	9.0771E5	7.47287E5	6.65167E5	6.49304E5	6.52112E5	6.56607E5	6.18148E5	5.6046E5	4.93603E5	4.12334E5	7.66143E5	2.4466E5	1.39387E5	7.89316E4	5.31524E4	3.11874E6	8.81517E4	1960.46732	1044.99936	894.83347
414	1.18126E6	1.10026E6	9.36626E5	7.51429E5	6.77583E5	6.67102E5	6.65164E5	6.55841E5	6.26347E5	5.6915E5	5.06451E5	4.23218E5	6.9001E5	2.93218E5	1.48735E5	8.76901E4	5.26846E4	1.97948E6	4.66922E5	2629.94555	1274.74103	738.40543
416	1.21183E6	1.12649E6	9.40157E5	7.81868E5	6.96374E5	6.68144E5	6.70805E5	6.64748E5	6.31099E5	5.80104E5	5.15976E5	4.35242E5	5.79722E5	3.7253E5	1.61027E5	9.5891E4	5.51507E4	8.27464E5	1.40672E6	3483.89546	1281.269	776.11632
418	1.24626E6	1.14528E6	9.74618E5	7.99651E5	6.95372E5	6.74037E5	6.71473E5	6.69177E5	6.41358E5	5.92359E5	5.25158E5	4.47173E5	4.89064E5	4.78721E5	1.68572E5	1.0315E5	5.82945E4	2.28781E5	2.60037E6	5198.10238	1409.28194	973.84423
420	1.2262E6	1.16152E6	9.80275E5	8.12847E5	7.04911E5	6.74963E5	6.75293E5	6.74829E5	6.49087E5	6.00141E5	5.39468E5	4.55945E5	4.28345E5	5.90097E5	1.83508E5	1.10976E5	6.31484E4	5.83058E4	3.34895E6	1.08775E4	1671.75309	990.95566
422	1.22846E6	1.16316E6	9.9732E5	8.33611E5	7.18989E5	6.83635E5	6.81448E5	6.81883E5	6.55794E5	6.07077E5	5.49055E5	4.67337E5	4.0332E5	6.81006E5	1.95763E5	1.19983E5	7.0297E4	4.67904E4	3.01703E6	9.65532E4	2384.3159	1000.5557
424	1.25883E6	1.16673E6	1.02371E6	8.30246E5	7.21313E5	6.79948E5	6.81664E5	6.77866E5	6.58517E5	6.12739E5	5.55949E5	4.78143E5	4.04817E5	7.08061E5	2.12999E5	1.27545E5	7.63456E4	4.65574E4	1.92149E6	4.87283E5	2532.10509	1061.21464
426	1.3007E6	1.21242E6	1.03664E6	8.48132E5	7.35079E5	6.91139E5	6.79282E5	6.79195E5	6.55662E5	6.18217E5	5.61659E5	4.91676E5	4.09379E5	6.6782E5	2.44461E5	1.36782E5	8.34082E4	4.88356E4	7.59174E5	1.40053E6	3525.38068	1353.97024
428	1.27804E6	1.21612E6	1.04163E6	8.59979E5	7.39855E5	6.91468E5	6.79597E5	6.82479E5	6.60399E5	6.2105E5	5.67672E5	4.9599E5	4.1845E5	5.81427E5	2.98953E5	1.47521E5	9.07995E4	5.18655E4	1.96636E5	2.42235E6	5667.8041	1480.2687
430	1.26447E6	1.21685E6	1.05033E6	8.6375E5	7.44133E5	6.94002E5	6.81603E5	6.88515E5	6.66799E5	6.28903E5	5.74781E5	5.02854E5	4.28487E5	4.95327E5	3.72769E5	1.56178E5	9.77132E4	5.53396E4	5.10836E4	2.89614E6	1.04393E4	1817.48935
432	1.36216E6	1.23553E6	1.07466E6	8.89701E5	7.50774E5	7.02036E5	6.79416E5	6.79186E5	6.64577E5	6.33604E5	5.80421E5	5.14408E5	4.3724E5	4.29958E5	4.63109E5	1.64532E5	1.04005E5	5.9907E4	4.33059E4	2.49588E6	9.87449E4	2104.16899
434	1.29924E6	1.22436E6	1.07626E6	8.99625E5	7.64068E5	7.00056E5	6.8034E5	6.78759E5	6.60214E5	6.33755E5	5.8661E5	5.19055E5	4.43995E5	3.98138E5	5.46677E5	1.75681E5	1.12231E5	6.69654E4	4.24804E4	1.48655E6	4.96838E5	2524.59426
436	1.32277E6	1.22473E6	1.07489E6	9.04382E5	7.63305E5	6.99894E5	6.91666E5	6.80344E5	6.7035E5	6.34056E5	5.9337E5	5.23916E5	4.54038E5	3.88421E5	5.94115E5	1.87247E5	1.18574E5	7.3413E4	4.44633E4	6.06626E5	1.34926E6	3254.44525
438	1.28729E6	1.23766E6	1.09338E6	9.10108E5	7.67812E5	7.02472E5	6.78606E5	6.77862E5	6.63968E5	6.34954E5	5.95267E5	5.30203E5	4.59516E5	3.90946E5	5.92286E5	2.0468E5	1.26295E5	8.0404E4	4.67579E4	1.63487E5	2.34643E6	4784.80935
440	1.30835E6	1.24263E6	1.09057E6	9.13438E5	7.73988E5	7.06237E5	6.71871E5	6.69485E5	6.56233E5	6.36536E5	5.96179E5	5.3454E5	4.63833E5	3.9441E5	5.44123E5	2.37073E5	1.34987E5	8.48829E4	5.03075E4	4.7163E4	2.79014E6	8796.98735
442	1.28517E6	1.23549E6	1.08983E6	9.32329E5	7.82356E5	7.01615E5	6.73417E5	6.74846E5	6.56714E5	6.37486E5	5.98482E5	5.38853E5	4.69137E5	4.03114E5	4.73312E5	2.85728E5	1.40593E5	8.99845E4	5.42185E4	3.99106E4	2.47523E6	6.49368E4
444	1.34432E6	1.24113E6	1.11186E6	9.25203E5	7.78064E5	7.02243E5	6.72833E5	6.66802E5	6.62455E5	6.35316E5	6.00616E5	5.38491E5	4.77384E5	4.05116E5	4.07093E5	3.46789E5	1.47665E5	9.79137E4	5.86512E4	4.05458E4	1.45583E6	3.5874E5
446	1.31549E6	1.25002E6	1.11303E6	9.40207E5	7.89663E5	7.06625E5	6.65637E5	6.63693E5	6.53171E5	6.32106E5	5.97108E5	5.41778E5	4.79186E5	4.11752E5	3.62745E5	4.19472E5	1.55784E5	1.02082E5	6.50006E4	4.25459E4	6.02133E5	1.07493E6
448	1.27479E6	1.24145E6	1.10262E6	9.48772E5	7.89918E5	7.03634E5	6.63131E5	6.60064E5	6.50434E5	6.3178E5	6.00091E5	5.46522E5	4.82095E5	4.18331E5	3.41096E5	4.79415E5	1.6441E5	1.08759E5	6.99012E4	4.493E4	1.58956E5	1.99704E6
450	1.29671E6	1.25521E6	1.12595E6	9.49956E5	7.90012E5	7.04024E5	6.60435E5	6.54294E5	6.44502E5	6.32266E5	6.02475E5	5.48468E5	4.87385E5	4.25455E5	3.38904E5	5.06782E5	1.79412E5	1.15804E5	7.57469E4	4.55783E4	4.38614E4	2.57978E6
452	1.29727E6	1.23397E6	1.11101E6	9.48179E5	7.89063E5	7.03659E5	6.54601E5	6.50931E5	6.37683E5	6.22851E5	5.91884E5	5.49863E5	4.92091E5	4.30489E5	3.37273E5	4.92834E5	1.99677E5	1.23055E5	8.1139E4	4.9245E4	3.63928E4	2.30666E6
454	1.28453E6	1.25743E6	1.12881E6	9.46126E5	7.9139E5	6.92063E5	6.52479E5	6.44219E5	6.32912E5	6.22291E5	5.91746E5	5.46114E5	4.9028E5	4.32338E5	3.42662E5	4.53785E5	2.30759E5	1.28222E5	8.52883E4	5.45335E4	3.67805E4	1.44604E6
456	1.27213E6	1.22185E6	1.11194E6	9.60887E5	7.98084E5	6.94189E5	6.44941E5	6.35302E5	6.28494E5	6.13799E5	5.92408E5	5.42322E5	4.95212E5	4.34484E5	3.45432E5	3.91212E5	2.78059E5	1.32671E5	8.94014E4	5.78159E4	3.80205E4	5.73394E5
458	1.27394E6	1.20754E6	1.1089E6	9.5745E5	7.92692E5	6.93376E5	6.44067E5	6.27561E5	6.17712E5	6.11333E5	5.8764E5	5.43629E5	4.94406E5	4.37028E5	3.4991E5	3.40063E5	3.3319E5	1.38249E5	9.61978E4	6.3389E4	3.92152E4	1.49664E5
460	1.22484E6	1.2037E6	1.1152E6	9.48425E5	7.84681E5	6.8677E5	6.311E5	6.24459E5	6.14983E5	6.0846E5	5.7939E5	5.40655E5	4.93395E5	4.43101E5	3.50761E5	3.0598E5	3.87144E5	1.45077E5	1.00794E5	6.68918E4	4.17976E4	4.03513E4
462	1.27083E6	1.21737E6	1.09731E6	9.48178E5	7.82027E5	6.85283E5	6.27263E5	6.12706E5	6.0487E5	6.013E5	5.78043E5	5.37085E5	4.96488E5	4.42254E5	3.53199E5	2.88983E5	4.24858E5	1.53245E5	1.0543E5	7.228E4	4.50157E4	3.31464E4
464	1.23717E6	1.20253E6	1.09496E6	9.39373E5	7.8753E5	6.81832E5	6.23295E5	6.0684E5	6.00365E5	5.91129E5	5.7065E5	5.33123E5	4.89383E5	4.39916E5	3.55727E5	2.86986E5	4.31127E5	1.63455E5	1.09677E5	7.75628E4	4.71771E4	3.3077E4
466	1.2357E6	1.18115E6	1.08221E6	9.47534E5	7.83839E5	6.73947E5	6.17715E5	5.97604E5	5.87392E5	5.83005E5	5.67194E5	5.31059E5	4.89928E5	4.4323E5	3.60206E5	2.89512E5	4.07175E5	1.84279E5	1.139E5	8.0959E4	5.02208E4	3.42868E4
468	1.30048E6	1.1814E6	1.09085E6	9.38762E5	7.72431E5	6.69403E5	6.13624E5	5.90067E5	5.85405E5	5.72378E5	5.589E5	5.26894E5	4.86192E5	4.42766E5	3.63057E5	2.90613E5	3.61847E5	2.1439E5	1.19015E5	8.46679E4	5.33116E4	3.49945E4
470	1.68775E6	1.18099E6	1.07594E6	9.34317E5	7.74688E5	6.60917E5	6.07833E5	5.86306E5	5.72885E5	5.65145E5	5.53619E5	5.20795E5	4.80792E5	4.41696E5	3.60602E5	2.9193E5	3.15538E5	2.53094E5	1.21718E5	8.78317E4	5.79048E4	3.5798E4
472	2.43398E6	1.14625E6	1.06378E6	9.37334E5	7.75165E5	6.62378E5	5.98948E5	5.78029E5	5.68286E5	5.63663E5	5.41088E5	5.14647E5	4.7818E5	4.42371E5	3.64861E5	2.94361E5	2.77892E5	2.98175E5	1.27369E5	9.24795E4	6.19447E4	3.90842E4
474	3.71495E6	1.13131E6	1.05518E6	9.35346E5	7.63282E5	6.54797E5	5.97502E5	5.72073E5	5.5984E5	5.57507E5	5.36906E5	5.12037E5	4.74385E5	4.34992E5	3.64639E5	2.95527E5	2.55987E5	3.41011E5	1.32369E5	9.56611E4	6.49308E4	4.07738E4
476	5.62287E6	1.15289E6	1.05903E6	9.14672E5	7.64421E5	6.53163E5	5.85951E5	5.63669E5	5.53761E5	5.44038E5	5.29883E5	5.02766E5	4.77187E5	4.39412E5	3.60768E5	2.9635E5	2.45131E5	3.67226E5	1.38937E5	9.8436E4	6.74986E4	4.2695E4
478	7.93195E6	1.11867E6	1.03128E6	9.19553E5	7.5793E5	6.45689E5	5.7816E5	5.52771E5	5.41504E5	5.34412E5	5.21477E5	4.96574E5	4.67215E5	4.32196E5	3.61003E5	2.96848E5	2.42788E5	3.6646E5	1.4985E5	1.01789E5	7.07422E4	4.51382E4
480	1.0109E7	1.10801E6	1.02557E6	8.99109E5	7.39654E5	6.32265E5	5.67491E5	5.40392E5	5.28739E5	5.27395E5	5.10237E5	4.88702E5	4.64575E5	4.27425E5	3.609E5	2.95377E5	2.40575E5	3.41636E5	1.6743E5	1.03583E5	7.31439E4	4.85564E4
482	1.1221E7	1.08888E6	1.00501E6	8.91937E5	7.43143E5	6.33617E5	5.62391E5	5.33654E5	5.22651E5	5.17382E5	5.04694E5	4.82709E5	4.58057E5	4.25409E5	3.60866E5	2.94547E5	2.42935E5	3.01004E5	1.96011E5	1.0826E5	7.61556E4	5.12231E4
484	1.0712E7	1.09449E6	9.94617E5	8.70207E5	7.27853E5	6.15936E5	5.51937E5	5.28286E5	5.09905E5	5.07799E5	4.96978E5	4.78037E5	4.49047E5	4.19516E5	3.5753E5	2.94118E5	2.42813E5	2.60876E5	2.30845E5	1.09869E5	7.83758E4	5.41936E4
486	9.20156E6	1.08181E6	9.83853E5	8.68261E5	7.31284E5	6.13653E5	5.51955E5	5.13151E5	4.99535E5	5.00702E5	4.88496E5	4.65008E5	4.44932E5	4.19043E5	3.54455E5	2.96149E5	2.41428E5	2.27918E5	2.68432E5	1.12781E5	8.03976E4	5.7662E4
488	6.81643E6	1.2364E6	9.77408E5	8.65841E5	7.19347E5	6.13778E5	5.42688E5	5.10639E5	4.92308E5	4.90189E5	4.75956E5	4.59728E5	4.35652E5	4.14244E5	3.54337E5	2.93479E5	2.4163E5	2.10622E5	2.97982E5	1.17759E5	8.46543E4	5.94766E4
490	4.3689E6	1.68447E6	9.68132E5	8.44999E5	7.1299E5	5.96722E5	5.30679E5	4.99432E5	4.88125E5	4.80166E5	4.73501E5	4.55172E5	4.30271E5	4.06933E5	3.47804E5	2.90498E5	2.41325E5	2.01035E5	3.11802E5	1.25659E5	8.61704E4	6.08247E4
492	2.4752E6	2.75116E6	9.45125E5	8.32276E5	7.06267E5	5.95987E5	5.20363E5	4.94864E5	4.79455E5	4.66207E5	4.6313E5	4.4001E5	4.26425E5	4.04241E5	3.46714E5	2.89889E5	2.39166E5	2.00313E5	3.06034E5	1.36071E5	8.75753E4	6.29926E4
494	1.44103E6	4.44265E6	9.44031E5	8.23953E5	6.84072E5	5.81087E5	5.11321E5	4.77779E5	4.72245E5	4.62044E5	4.53335E5	4.31109E5	4.20427E5	3.95289E5	3.40914E5	2.86496E5	2.41299E5	1.97017E5	2.8429E5	1.51693E5	8.98594E4	6.5018E4
496	1.13776E6	6.82136E6	9.21997E5	8.13122E5	6.82458E5	5.80551E5	5.01745E5	4.79246E5	4.55511E5	4.48165E5	4.45646E5	4.28783E5	4.07842E5	3.89665E5	3.36786E5	2.83257E5	2.38164E5	1.98021E5	2.47145E5	1.77154E5	9.1785E4	6.73407E4
498	1.08778E6	9.2587E6	8.91782E5	8.09818E5	6.70429E5	5.66241E5	4.98941E5	4.67221E5	4.49419E5	4.41402E5	4.37623E5	4.19679E5	4.06272E5	3.87274E5	3.37328E5	2.80191E5	2.37224E5	1.97693E5	2.15865E5	2.03559E5	9.34802E4	6.76797E4
500	1.02793E6	1.12729E7	8.98409E5	8.07419E5	6.68014E5	5.63031E5	4.8913E5	4.62204E5	4.42862E5	4.35182E5	4.27013E5	4.09867E5	3.94996E5	3.80185E5	3.30337E5	2.79221E5	2.35205E5	1.97917E5	1.90633E5	2.32872E5	9.54453E4	6.93939E4
502	1.00593E6	1.20734E7	8.65698E5	7.88396E5	6.53702E5	5.52729E5	4.83317E5	4.49298E5	4.32577E5	4.25471E5	4.18534E5	4.06926E5	3.8757E5	3.75946E5	3.21977E5	2.77285E5	2.32118E5	1.9468E5	1.72361E5	2.54461E5	9.78613E4	7.11247E4
504	1.01268E6	1.15008E7	8.69763E5	7.6955E5	6.44909E5	5.47233E5	4.74364E5	4.39539E5	4.24815E5	4.14068E5	4.1063E5	3.93579E5	3.85909E5	3.66588E5	3.23344E5	2.75989E5	2.33689E5	1.93526E5	1.66305E5	2.62086E5	1.04514E5	7.24536E4
506	9.78786E5	9.43702E6	8.64965E5	7.57925E5	6.39719E5	5.36215E5	4.68167E5	4.34972E5	4.18436E5	4.08303E5	4.02334E5	3.88176E5	3.7631E5	3.61488E5	3.16302E5	2.71752E5	2.32715E5	1.92749E5	1.63347E5	2.536E5	1.14756E5	7.41741E4
508	9.84486E5	6.96513E6	1.01807E6	7.42516E5	6.25528E5	5.29703E5	4.56468E5	4.26034E5	4.08707E5	3.94023E5	3.9268E5	3.78563E5	3.68383E5	3.54059E5	3.12405E5	2.66924E5	2.27988E5	1.90918E5	1.63951E5	2.323E5	1.28519E5	7.50734E4
510	9.99811E5	4.31316E6	1.6247E6	7.32815E5	6.13274E5	5.12572E5	4.5001E5	4.17628E5	3.95728E5	3.8831E5	3.81897E5	3.69192E5	3.63416E5	3.47199E5	3.03824E5	2.64576E5	2.24257E5	1.915E5	1.61283E5	2.02151E5	1.46828E5	7.47463E4
512	1.13944E6	2.30231E6	2.92885E6	7.14184E5	6.03078E5	5.11814E5	4.42455E5	4.06866E5	3.89403E5	3.8044E5	3.73143E5	3.61874E5	3.49717E5	3.43037E5	3.00045E5	2.60642E5	2.23029E5	1.8976E5	1.57307E5	1.74526E5	1.72017E5	7.62987E4
514	1.3043E6	1.29135E6	4.83569E6	7.0089E5	5.93964E5	5.04913E5	4.36539E5	4.01751E5	3.75689E5	3.71796E5	3.64479E5	3.5311E5	3.42713E5	3.35454E5	2.98374E5	2.55202E5	2.18969E5	1.87895E5	1.56811E5	1.52888E5	1.90331E5	7.7856E4
516	1.50742E6	9.57679E5	7.22849E6	6.74656E5	5.95362E5	4.96419E5	4.31673E5	3.932E5	3.75527E5	3.64468E5	3.56383E5	3.45715E5	3.37372E5	3.23709E5	2.9104E5	2.50627E5	2.17058E5	1.84739E5	1.5563E5	1.40355E5	2.08599E5	8.146E4
518	1.89587E6	9.16348E5	9.73158E6	6.79806E5	5.78681E5	4.87667E5	4.13694E5	3.84156E5	3.65865E5	3.52014E5	3.48759E5	3.39554E5	3.28827E5	3.20909E5	2.82972E5	2.49813E5	2.1501E5	1.84963E5	1.53194E5	1.359E5	2.12106E5	8.49872E4
520	2.3293E6	8.51002E5	1.16823E7	6.65611E5	5.58767E5	4.7671E5	4.08677E5	3.75832E5	3.55804E5	3.4611E5	3.38459E5	3.30252E5	3.26061E5	3.10048E5	2.79714E5	2.43323E5	2.10659E5	1.81896E5	1.53429E5	1.30366E5	2.06074E5	9.2751E4
522	2.66163E6	8.28426E5	1.21133E7	6.56608E5	5.54524E5	4.64444E5	4.03434E5	3.70435E5	3.49101E5	3.38719E5	3.35546E5	3.24256E5	3.15641E5	3.0453E5	2.70895E5	2.38618E5	2.07233E5	1.7892E5	1.51631E5	1.26664E5	1.87294E5	1.0294E5
524	2.81017E6	7.92992E5	1.10627E7	6.56659E5	5.44517E5	4.59761E5	3.95042E5	3.59082E5	3.43353E5	3.31309E5	3.24813E5	3.14278E5	3.03992E5	3.01231E5	2.63786E5	2.34014E5	2.05101E5	1.75348E5	1.49341E5	1.27197E5	1.63026E5	1.1951E5
526	2.92291E6	8.00009E5	8.98684E6	6.53723E5	5.35993E5	4.42105E5	3.90754E5	3.50609E5	3.3421E5	3.1964E5	3.1661E5	3.05627E5	2.98995E5	2.96514E5	2.61613E5	2.29768E5	2.00501E5	1.7401E5	1.47942E5	1.25619E5	1.38824E5	1.38172E5
528	2.76276E6	7.82217E5	6.50786E6	8.34498E5	5.18626E5	4.42789E5	3.79597E5	3.45686E5	3.27073E5	3.18938E5	3.10697E5	3.02589E5	2.94337E5	2.86392E5	2.57267E5	2.2648E5	1.96877E5	1.69034E5	1.45268E5	1.22164E5	1.21593E5	1.56855E5
530	2.43384E6	7.54378E5	3.88728E6	1.45118E6	5.11652E5	4.28177E5	3.71782E5	3.34108E5	3.17798E5	3.05798E5	2.9961E5	2.91937E5	2.83515E5	2.79285E5	2.47854E5	2.21054E5	1.90311E5	1.66858E5	1.42807E5	1.22599E5	1.08993E5	1.67701E5
532	1.99239E6	7.76981E5	1.98411E6	2.81615E6	5.06359E5	4.22813E5	3.65197E5	3.33441E5	3.11006E5	2.99636E5	2.95013E5	2.81804E5	2.77078E5	2.71804E5	2.43517E5	2.14525E5	1.89781E5	1.65222E5	1.39698E5	1.19296E5	1.056E5	1.74861E5
534	1.51438E6	8.65727E5	1.03418E6	4.96265E6	5.00026E5	4.13792E5	3.57313E5	3.19597E5	3.05811E5	2.92969E5	2.84204E5	2.73166E5	2.70004E5	2.63679E5	2.41916E5	2.12808E5	1.86796E5	1.6309E5	1.40013E5	1.17119E5	9.96893E4	1.68516E5
536	1.10167E6	1.0325E6	7.61721E5	7.49205E6	4.80021E5	3.99536E5	3.4908E5	3.13317E5	2.93554E5	2.85131E5	2.8102E5	2.68088E5	2.63107E5	2.58905E5	2.29652E5	2.06927E5	1.81145E5	1.59558E5	1.36102E5	1.16702E5	9.98174E4	1.51504E5
538	8.85323E5	1.28605E6	6.99594E5	9.99094E6	4.61946E5	3.94832E5	3.41197E5	3.09158E5	2.90861E5	2.78884E5	2.68621E5	2.65525E5	2.5764E5	2.51299E5	2.26519E5	1.98197E5	1.77186E5	1.55226E5	1.31821E5	1.14978E5	9.57105E4	1.31506E5
540	7.04162E5	1.647E6	6.62838E5	1.17287E7	4.61964E5	3.85206E5	3.33876E5	2.97113E5	2.81019E5	2.69156E5	2.62421E5	2.56084E5	2.49532E5	2.44115E5	2.19209E5	1.94576E5	1.71227E5	1.52186E5	1.33288E5	1.14152E5	9.70442E4	1.13193E5
542	6.0744E5	2.02517E6	6.39913E5	1.20254E7	4.5409E5	3.79697E5	3.22051E5	2.93082E5	2.72191E5	2.65073E5	2.5596E5	2.4754E5	2.42535E5	2.39805E5	2.12713E5	1.90962E5	1.69633E5	1.48429E5	1.29291E5	1.11345E5	9.2802E4	9.36249E4
544	5.77657E5	2.4183E6	6.1416E5	1.07258E7	4.46963E5	3.62787E5	3.11495E5	2.79416E5	2.63669E5	2.54507E5	2.51385E5	2.4136E5	2.31694E5	2.32091E5	2.08497E5	1.86049E5	1.63515E5	1.43879E5	1.27426E5	1.07122E5	9.08406E4	8.47867E4
546	5.8315E5	2.78603E6	6.17827E5	8.44665E6	4.71759E5	3.60923E5	3.10314E5	2.79428E5	2.63404E5	2.5254E5	2.41826E5	2.3354E5	2.29906E5	2.27478E5	2.04191E5	1.82799E5	1.6143E5	1.43623E5	1.2314E5	1.0491E5	8.97439E4	7.85244E4
548	5.80837E5	2.91287E6	5.82715E5	5.8538E6	6.83227E5	3.52783E5	3.02174E5	2.71855E5	2.53875E5	2.37939E5	2.32467E5	2.29435E5	2.25109E5	2.17542E5	1.95318E5	1.78804E5	1.58817E5	1.39175E5	1.21255E5	1.04491E5	8.83011E4	7.56835E4
550	5.55083E5	2.86738E6	5.76632E5	3.44314E6	1.36356E6	3.45663E5	2.96477E5	2.60927E5	2.45242E5	2.38932E5	2.29574E5	2.19209E5	2.1431E5	2.13533E5	1.93869E5	1.70961E5	1.53192E5	1.34625E5	1.20086E5	1.0296E5	8.57499E4	7.50476E4
552	5.25874E5	2.62633E6	5.58919E5	1.67358E6	2.76668E6	3.40729E5	2.82693E5	2.60776E5	2.39925E5	2.31611E5	2.22682E5	2.15619E5	2.11756E5	2.07288E5	1.89988E5	1.66103E5	1.52021E5	1.33976E5	1.15191E5	1.00907E5	8.35803E4	7.30936E4
554	5.20482E5	2.20478E6	5.66849E5	8.0589E5	4.91399E6	3.24602E5	2.84714E5	2.5019E5	2.34388E5	2.24865E5	2.17505E5	2.10328E5	2.06759E5	2.02849E5	1.81821E5	1.60913E5	1.46174E5	1.28011E5	1.12713E5	9.75868E4	8.3755E4	7.16302E4
556	5.49777E5	1.75929E6	6.06221E5	5.84558E5	7.37247E6	3.20165E5	2.76956E5	2.41406E5	2.29184E5	2.15517E5	2.07054E5	2.03357E5	1.99262E5	1.95344E5	1.7909E5	1.58172E5	1.4087E5	1.26196E5	1.09702E5	9.66903E4	8.24152E4	6.89506E4
558	4.99263E5	1.34017E6	7.22979E5	5.25337E5	9.83022E6	3.12998E5	2.68181E5	2.35904E5	2.2182E5	2.11593E5	2.06499E5	1.96094E5	1.92861E5	1.90332E5	1.71297E5	1.53744E5	1.3973E5	1.23821E5	1.07412E5	9.45778E4	7.89027E4	6.81681E4
560	4.81E5	9.54196E5	8.85042E5	5.06748E5	1.1497E7	3.13289E5	2.63792E5	2.3757E5	2.13787E5	2.04753E5	2.00145E5	1.93602E5	1.87901E5	1.85287E5	1.65973E5	1.5074E5	1.34558E5	1.20605E5	1.05669E5	9.12663E4	7.73636E4	6.6389E4
562	4.95123E5	7.39781E5	1.19879E6	4.82223E5	1.18103E7	3.03963E5	2.54298E5	2.22294E5	2.08961E5	2.02707E5	1.90136E5	1.84803E5	1.8449E5	1.80951E5	1.64218E5	1.48305E5	1.33235E5	1.16957E5	1.02671E5	9.04695E4	7.49676E4	6.50383E4
564	4.60565E5	5.60351E5	1.57861E6	4.62411E5	1.04625E7	3.03423E5	2.44223E5	2.16661E5	1.98876E5	1.93948E5	1.86964E5	1.79922E5	1.73347E5	1.74991E5	1.57713E5	1.413E5	1.27425E5	1.12609E5	1.00212E5	8.83883E4	7.51768E4	6.33779E4
566	4.55286E5	4.85628E5	1.96574E6	4.49799E5	8.31312E6	3.27463E5	2.44531E5	2.15846E5	1.96119E5	1.90454E5	1.82221E5	1.75792E5	1.73472E5	1.70218E5	1.52463E5	1.41538E5	1.24823E5	1.11146E5	9.64297E4	8.64036E4	7.30156E4	6.25375E4
568	4.651E5	4.51383E5	2.32065E6	4.45675E5	5.54627E6	5.35957E5	2.35266E5	2.08485E5	1.91813E5	1.8432E5	1.76101E5	1.70281E5	1.67277E5	1.64944E5	1.4838E5	1.33877E5	1.1948E5	1.07948E5	9.50853E4	8.53867E4	7.14068E4	6.11039E4
570	4.46544E5	4.37424E5	2.58159E6	4.30429E5	3.11154E6	1.25769E6	2.35408E5	2.05031E5	1.89501E5	1.79461E5	1.71194E5	1.65769E5	1.63741E5	1.62233E5	1.44775E5	1.29265E5	1.1881E5	1.04736E5	9.22758E4	8.03892E4	7.03414E4	5.87195E4
572	4.38791E5	4.34259E5	2.67871E6	4.25561E5	1.41475E6	2.71372E6	2.23492E5	1.99978E5	1.84022E5	1.74513E5	1.66343E5	1.58724E5	1.57845E5	1.53115E5	1.41063E5	1.26294E5	1.11969E5	1.00551E5	8.95375E4	8.07321E4	6.66595E4	5.91309E4
574	4.22495E5	4.00614E5	2.57865E6	4.1644E5	6.55129E5	4.77389E6	2.19936E5	1.88171E5	1.77135E5	1.63778E5	1.61006E5	1.56564E5	1.51366E5	1.48537E5	1.35154E5	1.23959E5	1.1025E5	9.86418E4	8.82468E4	7.55305E4	6.65817E4	5.83068E4
576	4.12878E5	3.86888E5	2.26937E6	4.08361E5	4.37677E5	7.16378E6	2.14756E5	1.827E5	1.72224E5	1.65812E5	1.55342E5	1.5092E5	1.49264E5	1.46176E5	1.32063E5	1.18012E5	1.06242E5	9.48753E4	8.61158E4	7.76062E4	6.48545E4	5.46249E4
578	3.96931E5	4.01555E5	1.91636E6	4.29581E5	4.00875E5	9.34783E6	2.0913E5	1.80064E5	1.66136E5	1.58451E5	1.51596E5	1.47597E5	1.42648E5	1.40097E5	1.28617E5	1.16495E5	1.03574E5	9.34315E4	8.29964E4	7.30604E4	6.29781E4	5.37347E4
580	3.88594E5	3.79893E5	1.5228E6	4.69845E5	3.91296E5	1.08796E7	2.04351E5	1.78145E5	1.63529E5	1.56046E5	1.45077E5	1.42516E5	1.38656E5	1.36133E5	1.22069E5	1.11889E5	1.00383E5	9.07711E4	8.1409E4	7.09065E4	6.13138E4	5.26824E4
582	3.916E5	3.65878E5	1.09539E6	6.1337E5	3.70728E5	1.0987E7	2.04491E5	1.73419E5	1.61263E5	1.48933E5	1.44289E5	1.36552E5	1.32122E5	1.31569E5	1.20028E5	1.09612E5	9.84553E4	8.81071E4	7.69733E4	6.88756E4	5.82495E4	5.1343E4
584	3.81119E5	3.49531E5	7.77148E5	7.80172E5	3.70575E5	9.63344E6	2.06834E5	1.65043E5	1.51209E5	1.45177E5	1.36876E5	1.34299E5	1.28505E5	1.30255E5	1.15316E5	1.06977E5	9.48669E4	8.39749E4	7.59663E4	6.68008E4	5.71474E4	5.08296E4
586	3.76865E5	3.68885E5	5.48448E5	1.06003E6	3.65227E5	7.47971E6	2.25476E5	1.63795E5	1.47677E5	1.41758E5	1.35716E5	1.31282E5	1.25882E5	1.24101E5	1.13631E5	1.03505E5	9.17144E4	8.32635E4	7.53721E4	6.65809E4	5.67015E4	4.86602E4
588	3.50582E5	3.5088E5	4.49526E5	1.39985E6	3.46788E5	4.89221E6	4.27186E5	1.58575E5	1.4008E5	1.39042E5	1.2717E5	1.24684E5	1.21114E5	1.20954E5	1.08183E5	9.96407E4	8.79308E4	7.93764E4	7.19972E4	6.36791E4	5.57421E4	4.74039E4
590	3.51841E5	3.40782E5	3.83598E5	1.7936E6	3.61925E5	2.64558E6	1.16634E6	1.55528E5	1.35589E5	1.30456E5	1.23909E5	1.18661E5	1.16392E5	1.13189E5	1.05756E5	9.38293E4	8.7885E4	7.81035E4	6.78861E4	6.24046E4	5.3335E4	4.56843E4
592	3.65561E5	3.33454E5	3.57417E5	2.0952E6	3.50193E5	1.12852E6	2.66814E6	1.51996E5	1.34913E5	1.28031E5	1.20244E5	1.14016E5	1.13377E5	1.10745E5	1.02324E5	9.04989E4	8.39247E4	7.32468E4	6.8033E4	6.06115E4	5.21432E4	4.59098E4
594	3.55815E5	3.15364E5	3.43015E5	2.34032E6	3.41612E5	4.90802E5	4.81188E6	1.46094E5	1.32106E5	1.23321E5	1.16941E5	1.10475E5	1.10878E5	1.0816E5	9.83843E4	8.87202E4	7.89358E4	7.18413E4	6.5609E4	5.78267E4	5.03441E4	4.32558E4
596	3.42477E5	3.08745E5	3.25814E5	2.35299E6	3.4012E5	3.23253E5	7.10571E6	1.48457E5	1.26392E5	1.21193E5	1.11139E5	1.07479E5	1.05453E5	1.066E5	9.449E4	8.68641E4	7.72101E4	7.30976E4	6.34127E4	5.67439E4	4.8191E4	4.23374E4
598	3.33959E5	3.19266E5	3.29693E5	2.2553E6	3.48412E5	3.00517E5	9.17224E6	1.38521E5	1.23E5	1.12936E5	1.11735E5	1.03304E5	1.02441E5	1.02587E5	9.09837E4	8.33615E4	7.61376E4	6.68422E4	6.23371E4	5.31412E4	4.87491E4	3.93373E4
600	3.1261E5	3.28028E5	3.20102E5	2.00007E6	3.47195E5	2.85363E5	1.04454E7	1.38447E5	1.20266E5	1.10976E5	1.0836E5	1.01884E5	9.84033E4	9.67369E4	9.05814E4	8.04386E4	7.46361E4	6.82798E4	6.02461E4	5.43137E4	4.70096E4	3.99247E4
