300	1.8226E5	1.25961E5	1.61102E5	2.67122E6	3.53019E5	2.47764E5	1.81905E7	6.5009E4	9870.85007	6575.85986	3906.08906	3084.26878	2680.61821	1739.83384	2078.92479	1344.17715	1331.42961	1283.78989	1108.66453	1285.30272	1129.56278	884.65395
302	1.97904E5	1.35456E5	1.6542E5	1.77561E6	6.84076E5	1.92132E5	1.55088E7	7.52386E5	1.12235E4	6544.40441	4137.60651	3365.54273	2650.76766	2565.18322	2045.51427	1651.00074	1609.13081	1246.94078	965.74585	1258.17201	1061.80354	915.8746
304	2.16324E5	1.423E5	1.69531E5	1.00136E6	1.25603E6	1.82348E5	9.74973E6	3.28422E6	1.3929E4	7434.76333	4534.78227	3265.74157	2865.06122	2002.90757	2051.27371	1442.85199	1335.90478	1357.45637	1285.68808	1116.66079	1192.34662	995.53116
306	2.27838E5	1.5706E5	1.77066E5	5.30904E5	2.0043E6	1.82336E5	4.19299E6	8.4198E6	1.68273E4	6902.64797	4991.97509	3660.09654	2774.13067	2000.37427	2043.75518	1579.79165	1238.50167	1172.85284	1176.38684	818.17102	845.4577	1034.52042
308	2.39372E5	1.63427E5	1.85344E5	3.36159E5	2.7113E6	1.89238E5	1.089E6	1.43799E7	2.48114E4	8605.20772	4740.88296	3119.45045	2643.88129	2576.80958	1958.35557	1279.55667	1335.49893	1140.44918	1175.34155	1225.54163	841.23311	805.2973
310	2.17001E5	1.69128E5	2.06504E5	2.80058E5	2.89139E6	2.06944E5	2.07672E5	1.71116E7	5.8472E4	8758.607	5545.23559	3099.43378	2930.30428	2229.50099	1762.64076	1693.12358	1173.15584	1240.32162	981.49456	1300.88479	824.13881	780.25147
312	2.74752E5	1.76418E5	2.00951E5	2.70512E5	2.46994E6	2.92554E5	1.34756E5	1.49005E7	6.56654E5	9623.32649	5753.58798	3522.75272	3290.35404	2600.3683	2188.64377	1661.69466	1200.37594	1276.75413	1062.88579	992.51298	901.07916	812.63041
314	2.39761E5	1.73933E5	2.18193E5	2.73615E5	1.69603E6	5.63042E5	1.24535E5	8.98488E6	3.16725E6	1.16473E4	5483.96874	3563.13722	2557.36584	2312.7656	2127.38998	1425.13763	1303.48611	1435.48998	1383.59748	913.11143	971.50256	1085.93935
316	2.55335E5	1.81625E5	2.2006E5	2.74421E5	1.0059E6	1.05566E6	1.2716E5	3.62381E6	7.93101E6	1.35498E4	5682.54788	3970.32991	2993.72493	2043.06348	2258.71049	1369.11629	1279.53847	1020.23946	928.18544	1074.69533	896.36776	896.67592
318	2.83164E5	1.93162E5	2.27695E5	2.92836E5	5.86473E5	1.70127E6	1.1928E5	9.0935E5	1.28305E7	2.02605E4	5745.44558	4016.33344	3113.85465	2660.46018	1850.56922	1433.1666	1321.46898	1131.1991	986.02099	1204.3071	917.78643	776.71154
320	2.91556E5	2.07466E5	2.47878E5	2.93722E5	3.9992E5	2.26417E6	1.29359E5	1.68072E5	1.49098E7	5.66989E4	7492.45722	4055.50099	2877.17532	2231.25058	1824.43116	1427.0924	1288.93058	1395.89988	1061.12157	1094.3939	712.57209	770.99086
322	3.1338E5	2.13149E5	2.55394E5	3.0942E5	3.53993E5	2.40212E6	1.43151E5	1.10398E5	1.25091E7	5.72771E5	7290.96571	4118.99701	3316.53908	2163.55248	2168.18378	1491.42546	1208.44902	1125.44462	870.88482	1112.65608	648.76436	907.39952
324	3.07603E5	2.35024E5	2.55657E5	3.15597E5	3.41913E5	2.05019E6	2.14197E5	1.02901E5	7.52142E6	2.5163E6	8843.31479	4759.14961	3139.03705	2558.8014	1686.64601	1432.63917	1054.87199	1087.49254	917.28056	1006.76717	1013.95559	728.46729
326	3.13857E5	2.33581E5	2.60901E5	3.16651E5	3.48365E5	1.48257E6	3.98355E5	1.02048E5	3.07256E6	6.34114E6	1.07833E4	4856.34937	3580.37772	2421.58726	1805.70642	1392.51192	1225.5247	1250.00622	835.55775	1111.16497	1118.9062	578.67368
328	3.48488E5	2.56583E5	2.78973E5	3.3103E5	3.56617E5	9.37635E5	7.59449E5	1.07323E5	7.98198E5	1.04884E7	1.70614E4	5394.23047	3753.32674	2178.62189	1673.60251	1406.88643	1198.44663	1097.55203	731.13999	1050.23878	693.23453	858.90409
330	4.12738E5	2.67928E5	2.89542E5	3.41574E5	3.64124E5	5.60828E5	1.27538E6	1.0672E5	1.53225E5	1.27274E7	4.13526E4	6122.06739	3187.20713	2615.63221	2106.8254	1523.41084	1138.63923	1021.72568	776.87862	1085.94194	959.70632	875.48391
332	4.17975E5	2.72947E5	2.97759E5	3.5492E5	3.7409E5	3.87301E5	1.73552E6	1.16683E5	1.02207E5	1.11177E7	4.39558E5	6449.35955	3232.44702	2905.29647	2229.69015	1795.85545	1102.64268	835.95747	774.08192	1253.32681	935.02211	771.24643
334	4.4329E5	2.825E5	2.98633E5	3.54048E5	3.79334E5	3.39357E5	1.97201E6	1.30939E5	9.58843E4	6.9849E6	2.03701E6	7225.57899	3450.50762	2553.43772	1847.46623	1553.77367	1182.11913	1042.88998	926.23733	1189.0439	935.49173	736.1001
336	4.59529E5	2.8546E5	3.05272E5	3.59111E5	3.82091E5	3.33022E5	1.80937E6	1.73663E5	9.90198E4	2.88471E6	5.30973E6	9742.64766	3829.2354	2872.41394	1893.8605	1257.69748	1215.53972	1007.86141	1096.23477	988.25291	880.58453	647.40087
338	4.98698E5	3.04979E5	3.17832E5	3.66809E5	3.86115E5	3.34327E5	1.40081E6	3.02274E5	1.01195E5	7.89483E5	8.69881E6	1.39824E4	4200.5821	2831.60271	2126.01368	1365.00447	928.72795	1182.25443	840.84085	897.14217	953.4431	948.35374
340	5.12269E5	3.1126E5	3.29667E5	3.72648E5	3.89495E5	3.33176E5	8.8825E5	5.66412E5	1.09575E5	1.49909E5	1.04145E7	3.53551E4	4785.33412	2637.79883	1912.92815	1722.40683	1147.64314	913.86603	1043.55118	947.44685	830.10116	702.61563
342	5.39347E5	3.19552E5	3.23394E5	3.57148E5	3.97705E5	3.40851E5	5.4207E5	9.50087E5	1.12051E5	9.62521E4	9.10249E6	3.5769E5	5216.15095	3160.3179	2351.87861	1615.42718	954.27645	898.84191	1035.79695	908.65351	771.26804	703.67996
344	5.67267E5	3.34372E5	3.27411E5	3.67668E5	3.92127E5	3.51416E5	3.47158E5	1.37049E6	1.18314E5	9.14235E4	5.6406E6	1.8833E6	6329.1787	3250.68826	2361.90729	1512.52387	1334.26471	1073.61627	736.82615	839.16073	693.74933	748.05291
346	5.86884E5	3.48188E5	3.23107E5	3.64173E5	3.94151E5	3.52972E5	2.88919E5	1.59179E6	1.32972E5	9.46612E4	2.39652E6	4.60425E6	7619.06384	3389.3859	2126.488	1536.38699	870.82411	910.57328	972.40048	802.66326	778.39763	709.62709
348	5.70753E5	3.60423E5	3.37687E5	3.69724E5	3.9377E5	3.56689E5	2.81428E5	1.52227E6	1.7263E5	1.01133E5	6.11988E5	7.56595E6	1.19356E4	3629.39927	2345.24802	1717.57275	1017.00595	996.92998	782.60871	670.80382	756.4936	856.96706
350	6.18855E5	3.77344E5	3.48324E5	3.7455E5	3.97403E5	3.65007E5	2.8866E5	1.23134E6	2.62305E5	1.09018E5	1.25907E5	8.7983E6	2.55534E4	4464.35453	2593.80524	1686.27172	902.59989	932.60531	909.50937	727.47472	782.04897	577.90921
352	5.82713E5	3.9876E5	3.4646E5	3.72241E5	3.98461E5	3.72003E5	2.9614E5	8.37949E5	4.58417E5	1.19667E5	8.6213E4	7.55517E6	2.79943E5	4488.05473	2294.04541	1824.86891	1107.40467	1143.53995	848.24293	845.05359	806.52438	655.26449
354	6.62428E5	4.1079E5	3.57432E5	3.74068E5	3.96394E5	3.78519E5	2.99813E5	5.34809E5	7.33771E5	1.25593E5	8.52067E4	4.75916E6	1.33384E6	5701.7995	2478.47083	1702.52538	1083.29779	907.32709	741.25641	631.03595	797.37419	609.02236
356	6.32855E5	4.22206E5	3.67485E5	3.76471E5	3.94739E5	3.78498E5	3.10828E5	3.61229E5	1.05157E6	1.36899E5	8.87622E4	1.98531E6	3.64066E6	7449.54964	2996.8418	1727.20392	1172.40565	748.85845	776.85597	752.7579	820.22075	825.65514
358	6.73846E5	4.3788E5	3.82192E5	3.81342E5	4.00304E5	3.82522E5	3.22013E5	2.97851E5	1.25985E6	1.49559E5	9.63318E4	5.26242E5	6.24293E6	1.07125E4	3205.90832	1711.61937	1506.65042	1066.4186	926.01506	708.76165	780.71028	853.39235
360	6.51339E5	4.53748E5	3.8767E5	3.88643E5	3.96243E5	3.8943E5	3.31673E5	2.88895E5	1.27753E6	1.72589E5	1.03531E5	1.13744E5	7.64986E6	2.34558E4	3391.18306	1835.6032	1275.9638	999.59137	912.49421	819.57901	789.27597	689.60028
362	6.99677E5	4.56366E5	3.97585E5	3.91402E5	3.98166E5	3.94569E5	3.41783E5	2.93306E5	1.10145E6	2.28667E5	1.13223E5	8.06092E4	6.9773E6	2.43564E5	3910.79638	1935.91743	1439.18005	1043.95211	722.58869	746.85102	728.98095	644.29392
364	6.93624E5	4.86895E5	4.13231E5	3.95335E5	4.02899E5	4.016E5	3.52133E5	3.02885E5	8.15989E5	3.47801E5	1.21984E5	7.73859E4	4.50584E6	1.22917E6	5222.77401	1999.44026	1361.16403	1068.1752	774.49394	946.89584	879.55679	765.71036
366	6.90066E5	5.08599E5	4.23896E5	4.00607E5	4.10427E5	4.02013E5	3.63461E5	3.15417E5	5.59173E5	5.54681E5	1.30806E5	8.09579E4	1.89455E6	3.4776E6	6693.74696	2221.47094	1278.36709	1195.82528	798.89951	839.78042	738.10212	607.67665
368	7.01101E5	5.33979E5	4.31931E5	4.10564E5	4.03698E5	4.06774E5	3.75141E5	3.31316E5	4.00022E5	8.03311E5	1.40468E5	8.70733E4	5.10826E5	5.93546E6	9758.42131	2196.82295	1443.95145	1058.7568	982.45695	736.87954	687.80411	588.82442
370	7.08302E5	5.3528E5	4.50642E5	4.15678E5	4.15616E5	4.13591E5	3.84287E5	3.4073E5	3.31906E5	1.01602E6	1.55163E5	9.75445E4	1.02545E5	7.08561E6	2.33733E4	2550.09341	1317.81004	1233.00302	837.61375	713.96909	891.1484	618.06637
372	7.54841E5	5.55763E5	4.67739E5	4.16276E5	4.20192E5	4.14854E5	3.94455E5	3.57004E5	3.1962E5	1.09061E6	1.7435E5	1.04208E5	7.16398E4	6.05168E6	2.41108E5	3131.09168	1320.05562	1411.76777	829.54193	891.40538	813.72749	656.09376
374	7.5642E5	5.86065E5	4.6987E5	4.32012E5	4.2137E5	4.28173E5	4.03094E5	3.64958E5	3.22842E5	9.9445E5	2.1788E5	1.12591E5	6.85692E4	3.72966E6	1.23397E6	3774.1979	1745.52571	1101.88453	880.3767	1042.77654	948.86253	733.21423
376	7.65604E5	6.01067E5	4.88067E5	4.36053E5	4.3162E5	4.32613E5	4.15898E5	3.79193E5	3.32607E5	7.97426E5	3.02427E5	1.21858E5	7.1263E4	1.52989E6	3.33817E6	4880.96011	1741.55631	1125.00651	962.66589	818.45224	706.06832	565.62858
378	7.69368E5	6.21278E5	5.01472E5	4.41686E5	4.38505E5	4.4016E5	4.23156E5	3.91347E5	3.44891E5	5.9461E5	4.54415E5	1.33692E5	7.77065E4	3.79691E5	5.68257E6	8113.97231	1877.97693	1234.16706	1009.86285	848.75959	742.41632	645.46086
380	8.13082E5	6.47313E5	5.2911E5	4.47819E5	4.37664E5	4.45376E5	4.36596E5	4.02409E5	3.54065E5	4.38911E5	6.40661E5	1.41874E5	8.43821E4	8.64356E4	6.76383E6	1.67949E4	2232.24426	1332.17006	1074.43674	800.77815	960.04101	594.76272
382	8.45403E5	6.62424E5	5.38981E5	4.66283E5	4.556E5	4.54232E5	4.49112E5	4.20307E5	3.70823E5	3.70985E5	8.21444E5	1.53834E5	9.39011E4	6.79839E4	6.02705E6	1.68336E5	2667.1243	1238.46484	1241.06799	825.45621	927.91438	711.77395
384	8.447E5	6.8067E5	5.5904E5	4.78394E5	4.66679E5	4.6805E5	4.55547E5	4.37805E5	3.82719E5	3.49532E5	9.26787E5	1.72412E5	1.0342E5	6.51056E4	3.7815E6	8.72597E5	3445.50648	1548.77628	1132.41705	875.08199	990.47103	580.21833
386	8.90231E5	6.9915E5	5.71133E5	4.87079E5	4.67733E5	4.73724E5	4.69449E5	4.42895E5	3.95645E5	3.44554E5	9.1004E5	1.98128E5	1.11577E5	6.78687E4	1.55198E6	2.47688E6	4726.46014	1850.84935	1113.50501	1083.1918	937.02379	683.92012
388	8.39924E5	7.37516E5	5.82272E5	5.06177E5	4.7994E5	4.79278E5	4.83118E5	4.57038E5	4.06202E5	3.55519E5	7.89912E5	2.55266E5	1.20635E5	7.28139E4	4.21004E5	4.30676E6	7943.18667	1792.10183	1208.74115	999.4589	934.77159	586.38015
390	9.03383E5	7.46118E5	6.22285E5	5.07995E5	4.8898E5	4.89767E5	4.92872E5	4.7278E5	4.22354E5	3.63678E5	6.23868E5	3.59551E5	1.33037E5	8.02689E4	8.89809E4	5.4495E6	1.70323E4	2254.5513	1292.66149	1147.38291	1017.18158	628.52252
392	9.23447E5	7.48402E5	6.25728E5	5.22859E5	4.96872E5	5.00253E5	5.04431E5	4.84961E5	4.35485E5	3.74675E5	4.73533E5	5.11688E5	1.44814E5	9.02167E4	6.40194E4	4.92145E6	1.98332E5	2770.35993	1167.25059	1060.75915	1148.21058	713.01304
394	9.26466E5	7.91768E5	6.47842E5	5.3537E5	5.08213E5	5.16315E5	5.10152E5	4.95624E5	4.46919E5	3.85528E5	3.89286E5	6.68425E5	1.54656E5	9.73972E4	5.92185E4	3.35274E6	9.36111E5	3475.09804	1556.78432	1146.1707	1017.01428	811.65256
396	9.12152E5	8.19795E5	6.58863E5	5.5688E5	5.18257E5	5.22528E5	5.19058E5	5.00644E5	4.56421E5	3.99896E5	3.53574E5	8.01527E5	1.69996E5	1.07007E5	6.13143E4	1.42673E6	2.49875E6	4889.70531	1688.95615	1011.01823	1378.71204	843.85253
398	1.01004E6	8.32704E5	6.9E5	5.69602E5	5.28662E5	5.27776E5	5.26243E5	5.1346E5	4.7139E5	4.11413E5	3.52377E5	8.29362E5	1.89099E5	1.1502E5	6.55494E4	3.99899E5	4.19957E6	7210.74777	1637.01378	1178.8662	1390.30772	751.76052
400	9.85127E5	8.68688E5	7.02652E5	5.84592E5	5.44107E5	5.37533E5	5.38544E5	5.26291E5	4.78877E5	4.21214E5	3.59318E5	7.64555E5	2.26782E5	1.26735E5	7.23678E4	8.2355E4	5.06644E6	1.49729E4	2151.11332	1266.03824	1253.62037	757.63279
402	9.86552E5	8.81592E5	7.27242E5	6.03406E5	5.5311E5	5.50164E5	5.47695E5	5.39513E5	4.95488E5	4.34626E5	3.70456E5	6.32572E5	2.9748E5	1.37448E5	8.04428E4	5.62372E4	4.39444E6	1.533E5	2520.44138	1528.8553	1318.54043	644.62663
404	1.01885E6	8.90631E5	7.52693E5	6.18489E5	5.63689E5	5.61033E5	5.56589E5	5.41588E5	5.08737E5	4.46448E5	3.80864E5	5.01363E5	4.08742E5	1.46708E5	8.7691E4	5.3855E4	2.75075E6	7.93456E5	3029.02124	1522.48162	1251.39039	974.90509
406	1.06557E6	9.13991E5	7.62214E5	6.32656E5	5.77148E5	5.68156E5	5.65775E5	5.53393E5	5.13647E5	4.57267E5	3.93645E5	4.11257E5	5.39783E5	1.59274E5	9.53068E4	5.49814E4	1.16179E6	2.19186E6	4466.11252	1661.54344	1217.9646	939.34808
408	1.04688E6	9.47698E5	7.97348E5	6.44781E5	5.82912E5	5.7699E5	5.72885E5	5.57874E5	5.2195E5	4.65651E5	4.02747E5	3.65785E5	6.65485E5	1.70606E5	1.0148E5	5.7901E4	2.99651E5	3.82371E6	6295.94508	1920.30176	1386.48501	904.3941
410	1.08287E6	9.50241E5	7.93818E5	6.54306E5	6.02914E5	5.80382E5	5.79912E5	5.67872E5	5.3111E5	4.76509E5	4.15063E5	3.49027E5	7.32679E5	1.84892E5	1.10311E5	6.31202E4	6.46741E4	4.68968E6	1.30141E4	2127.44103	1407.00324	855.45833
412	1.08896E6	9.71775E5	8.21299E5	6.77793E5	6.02586E5	5.91123E5	5.85661E5	5.74303E5	5.33125E5	4.82916E5	4.23922E5	3.57488E5	7.223E5	2.12349E5	1.17784E5	6.73452E4	4.84878E4	4.14387E6	1.20037E5	2586.85455	1560.27178	1034.37746
414	1.11511E6	9.84627E5	8.27927E5	6.87213E5	6.1237E5	5.96496E5	5.86518E5	5.72464E5	5.42467E5	4.89727E5	4.33155E5	3.63329E5	6.42771E5	2.58062E5	1.26214E5	7.40084E4	4.77573E4	2.70918E6	6.38224E5	3221.19167	1730.04323	848.61595
416	1.11492E6	9.95675E5	8.3865E5	7.0029E5	6.30208E5	6.01539E5	5.87E5	5.80614E5	5.45207E5	4.98018E5	4.40465E5	3.71738E5	5.32817E5	3.3604E5	1.34464E5	8.1975E4	4.76197E4	1.13247E6	1.91811E6	4257.20514	1802.80172	1037.39703
418	1.12476E6	1.03288E6	8.68486E5	7.17096E5	6.29935E5	6.06242E5	5.92721E5	5.82214E5	5.53692E5	5.05442E5	4.50948E5	3.80279E5	4.36579E5	4.39594E5	1.45162E5	8.83826E4	5.02287E4	2.98087E5	3.54326E6	6519.35406	1971.61038	992.16482
420	1.13194E6	1.01888E6	8.76233E5	7.23974E5	6.43923E5	6.05153E5	5.91965E5	5.81915E5	5.52561E5	5.12966E5	4.59168E5	3.8763E5	3.72857E5	5.50634E5	1.54277E5	9.43297E4	5.31794E4	6.24444E4	4.56843E6	1.3557E4	2478.70868	1085.82069
422	1.12724E6	1.0448E6	8.87002E5	7.3733E5	6.45584E5	6.02389E5	5.95304E5	5.8388E5	5.5994E5	5.19576E5	4.62393E5	3.99998E5	3.47933E5	6.41772E5	1.66406E5	1.00828E5	5.86683E4	4.41153E4	4.10442E6	1.44457E5	2937.25421	1129.71827
424	1.14244E6	1.05156E6	8.97571E5	7.41859E5	6.51515E5	6.1036E5	5.9174E5	5.84717E5	5.60975E5	5.21789E5	4.7356E5	4.05288E5	3.44601E5	6.6322E5	1.81394E5	1.07252E5	6.41404E4	4.35331E4	2.63522E6	7.08906E5	3795.62594	1077.13062
426	1.16326E6	1.05E6	9.22319E5	7.5827E5	6.61234E5	6.18154E5	5.96978E5	5.87446E5	5.59465E5	5.26899E5	4.79865E5	4.13775E5	3.48676E5	6.19358E5	2.12154E5	1.15467E5	6.96002E4	4.38534E4	1.02386E6	2.24184E6	4895.86448	1318.44095
428	1.15646E6	1.06406E6	9.1482E5	7.70685E5	6.67156E5	6.14695E5	6.00467E5	5.91032E5	5.67134E5	5.27998E5	4.80314E5	4.19267E5	3.56488E5	5.33633E5	2.65017E5	1.23671E5	7.69178E4	4.54069E4	2.57059E5	3.95387E6	7242.44839	1514.03313
430	1.20418E6	1.07311E6	9.51515E5	7.72297E5	6.71102E5	6.16236E5	6.01045E5	5.87494E5	5.67174E5	5.33653E5	4.88935E5	4.25024E5	3.59996E5	4.42253E5	3.36622E5	1.31276E5	8.34069E4	4.8713E4	5.50255E4	4.88246E6	1.41971E4	1677.10605
432	1.14621E6	1.08177E6	9.53979E5	7.87362E5	6.75196E5	6.21597E5	5.96093E5	5.84094E5	5.65347E5	5.34982E5	4.93513E5	4.32764E5	3.66697E5	3.7426E5	4.29006E5	1.39041E5	8.81001E4	5.23952E4	4.07553E4	3.79258E6	1.43912E5	2105.70776
434	1.15712E6	1.11804E6	9.57489E5	7.84585E5	6.77012E5	6.21491E5	5.96291E5	5.82355E5	5.64341E5	5.36533E5	4.99848E5	4.42552E5	3.73331E5	3.42581E5	5.05962E5	1.48036E5	9.42677E4	5.74625E4	4.00585E4	2.34285E6	7.43217E5	2643.70708
436	1.15248E6	1.11253E6	9.47636E5	8.01854E5	6.8675E5	6.24781E5	5.95826E5	5.80772E5	5.62267E5	5.38443E5	5.00556E5	4.42834E5	3.80207E5	3.28217E5	5.52476E5	1.58077E5	9.97063E4	6.25994E4	3.9592E4	9.28715E5	2.03152E6	3778.1771
438	1.14389E6	1.0967E6	9.66429E5	8.13666E5	6.92802E5	6.22997E5	5.89031E5	5.78208E5	5.62319E5	5.35073E5	5.01197E5	4.45297E5	3.84939E5	3.27572E5	5.47835E5	1.72644E5	1.04632E5	6.81968E4	4.15499E4	2.35702E5	3.87107E6	5231.66982
440	1.18958E6	1.10958E6	9.54754E5	8.13087E5	6.89498E5	6.18206E5	5.83604E5	5.73848E5	5.60441E5	5.36183E5	5.01059E5	4.49825E5	3.89046E5	3.31928E5	5.01893E5	2.054E5	1.11727E5	7.37818E4	4.47058E4	4.95449E4	6.01013E6	1.0063E4
442	1.18605E6	1.09567E6	9.64084E5	8.10722E5	6.86408E5	6.15006E5	5.86734E5	5.70404E5	5.54682E5	5.31751E5	5.02163E5	4.53752E5	3.97879E5	3.34434E5	4.30591E5	2.53186E5	1.18896E5	7.78762E4	4.74952E4	3.84035E4	5.97876E6	7.95043E4
444	1.16043E6	1.08701E6	9.79443E5	8.17692E5	6.92612E5	6.20906E5	5.75477E5	5.71197E5	5.51474E5	5.32976E5	5.00116E5	4.54214E5	4.02585E5	3.38736E5	3.61003E5	3.16314E5	1.2475E5	8.39949E4	5.13586E4	3.67211E4	4.46931E6	4.46E5
446	1.14076E6	1.09422E6	9.67783E5	8.3014E5	6.92527E5	6.14683E5	5.78343E5	5.61919E5	5.48875E5	5.28175E5	5.00547E5	4.5451E5	4.01486E5	3.46626E5	3.15407E5	3.84764E5	1.31574E5	8.68382E4	5.47014E4	3.8154E4	2.03114E6	1.58007E6
448	1.1567E6	1.10257E6	9.88207E5	8.26231E5	6.91124E5	6.14542E5	5.75869E5	5.59467E5	5.46806E5	5.26888E5	5.00409E5	4.54054E5	4.06339E5	3.49519E5	2.90633E5	4.46492E5	1.38605E5	9.3021E4	5.99119E4	3.86693E4	3.54062E5	3.05083E6
450	1.14239E6	1.08906E6	9.91797E5	8.35823E5	6.96625E5	6.09721E5	5.70044E5	5.55319E5	5.41445E5	5.24789E5	4.98748E5	4.58886E5	4.10639E5	3.53696E5	2.83601E5	4.71682E5	1.51347E5	9.83824E4	6.52965E4	4.13929E4	5.40811E4	4.05981E6
452	1.11768E6	1.08976E6	9.90412E5	8.35083E5	6.92782E5	6.13111E5	5.6248E5	5.47257E5	5.40792E5	5.23959E5	4.93622E5	4.54345E5	4.10349E5	3.56601E5	2.86481E5	4.5709E5	1.68024E5	1.03909E5	7.06988E4	4.40452E4	3.59135E4	3.52656E6
454	1.13819E6	1.07504E6	9.87394E5	8.40304E5	6.95511E5	6.09088E5	5.62951E5	5.41522E5	5.3062E5	5.12982E5	4.94444E5	4.57434E5	4.12577E5	3.61998E5	2.86974E5	4.1457E5	2.02341E5	1.07993E5	7.46229E4	4.65778E4	3.51565E4	2.19195E6
456	1.08021E6	1.08187E6	9.66251E5	8.34604E5	6.91065E5	6.02632E5	5.57953E5	5.36366E5	5.26631E5	5.0612E5	4.92853E5	4.54016E5	4.08969E5	3.6511E5	2.91048E5	3.56277E5	2.48044E5	1.1259E5	7.76801E4	5.09111E4	3.59359E4	8.33536E5
458	1.10491E6	1.05951E6	9.82609E5	8.45229E5	6.88766E5	5.97118E5	5.49433E5	5.31178E5	5.22517E5	5.05598E5	4.86895E5	4.52225E5	4.12559E5	3.67022E5	2.94372E5	2.97161E5	3.01838E5	1.19045E5	8.08265E4	5.55984E4	3.63797E4	1.98893E5
460	1.0811E6	1.06315E6	9.69552E5	8.32602E5	6.89587E5	6.00522E5	5.44517E5	5.27183E5	5.11065E5	5.02356E5	4.81977E5	4.49312E5	4.11555E5	3.70064E5	2.9205E5	2.62153E5	3.56581E5	1.23792E5	8.6639E4	5.97769E4	3.68344E4	4.33832E4
462	1.12161E6	1.04232E6	9.58874E5	8.2616E5	6.85695E5	5.88475E5	5.3701E5	5.16078E5	5.05367E5	4.93913E5	4.75516E5	4.4657E5	4.12749E5	3.68959E5	2.96409E5	2.46827E5	3.90328E5	1.31477E5	9.13658E4	6.22757E4	3.82512E4	3.1207E4
464	1.09625E6	1.03799E6	9.61816E5	8.32882E5	6.8547E5	5.85841E5	5.29289E5	5.11922E5	4.99023E5	4.90925E5	4.73958E5	4.43181E5	4.08929E5	3.692E5	3.0103E5	2.45417E5	3.98076E5	1.41747E5	9.49189E4	6.58015E4	4.13433E4	3.02433E4
466	1.09463E6	1.04639E6	9.64735E5	8.21138E5	6.83943E5	5.85652E5	5.25649E5	5.04905E5	4.94002E5	4.84866E5	4.66859E5	4.40626E5	4.07443E5	3.70409E5	3.02163E5	2.43001E5	3.72564E5	1.62652E5	9.96005E4	7.01704E4	4.31271E4	3.09772E4
468	1.16482E6	1.0255E6	9.44047E5	8.20961E5	6.75632E5	5.84526E5	5.27836E5	4.94599E5	4.81369E5	4.7619E5	4.62319E5	4.34553E5	4.06594E5	3.68724E5	3.02271E5	2.44008E5	3.26931E5	1.9142E5	1.02467E5	7.22657E4	4.65947E4	3.16073E4
470	1.55595E6	1.01745E6	9.40165E5	8.11895E5	6.72623E5	5.65764E5	5.20621E5	4.90672E5	4.8175E5	4.69677E5	4.59454E5	4.27507E5	4.01153E5	3.70035E5	3.04119E5	2.43582E5	2.82394E5	2.274E5	1.04841E5	7.65629E4	5.07801E4	3.23196E4
472	2.43164E6	9.99861E5	9.33242E5	8.12048E5	6.67411E5	5.63117E5	5.07624E5	4.80158E5	4.71574E5	4.64424E5	4.49442E5	4.26546E5	3.99916E5	3.68505E5	3.04483E5	2.4554E5	2.40881E5	2.74945E5	1.08666E5	7.74248E4	5.32066E4	3.33114E4
474	3.9471E6	1.02103E6	9.34422E5	8.06723E5	6.66932E5	5.68782E5	5.04091E5	4.81709E5	4.65418E5	4.58684E5	4.45369E5	4.20824E5	3.93933E5	3.658E5	3.05673E5	2.47175E5	2.20377E5	3.14085E5	1.1526E5	8.22583E4	5.54806E4	3.49835E4
476	5.97539E6	1.00972E6	8.98736E5	7.9554E5	6.54214E5	5.61259E5	4.99228E5	4.74492E5	4.5806E5	4.49941E5	4.36992E5	4.19377E5	3.92346E5	3.64737E5	3.03147E5	2.48274E5	2.06652E5	3.40866E5	1.1938E5	8.47884E4	5.859E4	3.69283E4
478	8.56248E6	9.85402E5	8.99611E5	7.87439E5	6.54532E5	5.54263E5	4.85881E5	4.62851E5	4.51178E5	4.40122E5	4.30576E5	4.06539E5	3.89512E5	3.58268E5	3.00643E5	2.4717E5	2.05723E5	3.40584E5	1.28981E5	8.64791E4	6.08472E4	3.91426E4
480	1.08845E7	9.58161E5	8.99263E5	7.76815E5	6.53498E5	5.46837E5	4.87188E5	4.5416E5	4.43139E5	4.34822E5	4.24208E5	4.03552E5	3.84411E5	3.55333E5	3.02886E5	2.47062E5	2.02753E5	3.15939E5	1.47446E5	8.88067E4	6.2862E4	4.21334E4
482	1.20024E7	9.44241E5	8.82543E5	7.80496E5	6.38581E5	5.37365E5	4.77769E5	4.50904E5	4.35657E5	4.27307E5	4.1841E5	3.96935E5	3.7932E5	3.53428E5	2.98528E5	2.48317E5	2.02428E5	2.73111E5	1.72962E5	9.19496E4	6.59268E4	4.37774E4
484	1.14431E7	9.1401E5	8.79442E5	7.60171E5	6.34245E5	5.24548E5	4.71527E5	4.41133E5	4.27133E5	4.17977E5	4.09648E5	3.90974E5	3.73227E5	3.52556E5	2.96484E5	2.46359E5	2.02946E5	2.30363E5	2.08543E5	9.36E4	6.65224E4	4.63331E4
486	9.82452E6	9.58742E5	8.61373E5	7.62457E5	6.26996E5	5.25489E5	4.61767E5	4.33663E5	4.21328E5	4.09146E5	4.01006E5	3.85104E5	3.67786E5	3.47115E5	2.97943E5	2.48455E5	2.01919E5	1.99938E5	2.46985E5	9.53495E4	6.9709E4	4.97732E4
488	7.21262E6	1.12061E6	8.39618E5	7.41938E5	6.22364E5	5.2162E5	4.61264E5	4.29446E5	4.13499E5	4.00488E5	3.92241E5	3.79826E5	3.61582E5	3.43539E5	2.93559E5	2.45339E5	2.00349E5	1.79418E5	2.74892E5	9.99635E4	7.15416E4	5.10271E4
490	4.59184E6	1.65901E6	8.38138E5	7.34232E5	6.16089E5	5.07341E5	4.48413E5	4.19577E5	4.00614E5	3.95629E5	3.83522E5	3.71528E5	3.56236E5	3.40273E5	2.90292E5	2.43719E5	2.02553E5	1.72381E5	2.89553E5	1.07362E5	7.23746E4	5.31342E4
492	2.56024E6	2.82785E6	8.2413E5	7.20986E5	5.99624E5	5.09127E5	4.46051E5	4.10921E5	3.95354E5	3.87466E5	3.78601E5	3.66271E5	3.51676E5	3.31436E5	2.87923E5	2.44644E5	1.99877E5	1.67054E5	2.8084E5	1.17072E5	7.47204E4	5.39534E4
494	1.39338E6	4.67777E6	8.06002E5	7.1214E5	5.89325E5	5.0011E5	4.37585E5	4.05795E5	3.87462E5	3.77245E5	3.71675E5	3.57549E5	3.45412E5	3.29811E5	2.84246E5	2.41836E5	2.02161E5	1.68062E5	2.60644E5	1.33681E5	7.67827E4	5.59375E4
496	1.0314E6	7.22439E6	8.07885E5	7.09689E5	5.86861E5	4.97022E5	4.29805E5	4.01106E5	3.83183E5	3.7239E5	3.61872E5	3.4845E5	3.36659E5	3.25166E5	2.81512E5	2.38968E5	2.00521E5	1.67478E5	2.261E5	1.59728E5	7.73204E4	5.83548E4
498	9.59855E5	9.92855E6	7.97951E5	6.98164E5	5.83238E5	4.85214E5	4.2112E5	3.95831E5	3.75116E5	3.63773E5	3.56948E5	3.44139E5	3.33825E5	3.20883E5	2.78203E5	2.35662E5	1.98295E5	1.66975E5	1.92827E5	1.85144E5	7.92305E4	5.96817E4
500	8.91136E5	1.21399E7	7.7643E5	6.84158E5	5.65604E5	4.76088E5	4.14116E5	3.81959E5	3.68382E5	3.58096E5	3.50212E5	3.38366E5	3.28748E5	3.15612E5	2.74462E5	2.35161E5	1.96915E5	1.66204E5	1.67208E5	2.12983E5	8.03212E4	6.047E4
502	8.99859E5	1.32554E7	7.60278E5	6.70886E5	5.74477E5	4.66325E5	4.0288E5	3.8016E5	3.624E5	3.54126E5	3.42991E5	3.33856E5	3.25161E5	3.12108E5	2.68961E5	2.31388E5	1.94768E5	1.64154E5	1.49577E5	2.35971E5	8.32851E4	6.19246E4
504	8.6326E5	1.25495E7	7.47355E5	6.66643E5	5.54551E5	4.65071E5	4.03253E5	3.66415E5	3.56363E5	3.42633E5	3.3861E5	3.26213E5	3.17876E5	3.05758E5	2.69E5	2.30285E5	1.95232E5	1.6112E5	1.41975E5	2.43229E5	8.92931E4	6.29111E4
506	8.57241E5	1.04752E7	7.54758E5	6.6148E5	5.47076E5	4.64433E5	3.95077E5	3.62129E5	3.42386E5	3.36593E5	3.29709E5	3.17858E5	3.11825E5	2.9982E5	2.63811E5	2.25641E5	1.9287E5	1.62488E5	1.3967E5	2.37255E5	9.99035E4	6.33865E4
508	8.69289E5	7.67182E6	9.51261E5	6.42456E5	5.437E5	4.51706E5	3.85708E5	3.58498E5	3.40242E5	3.30026E5	3.23588E5	3.12285E5	3.03957E5	2.95216E5	2.58589E5	2.22855E5	1.91109E5	1.60536E5	1.37324E5	2.14492E5	1.13441E5	6.40085E4
510	8.80616E5	4.73579E6	1.6178E6	6.35797E5	5.28741E5	4.37599E5	3.82366E5	3.4889E5	3.33081E5	3.22208E5	3.14474E5	3.0781E5	2.95643E5	2.88038E5	2.54332E5	2.20462E5	1.91208E5	1.58979E5	1.36689E5	1.836E5	1.33093E5	6.55441E4
512	1.02879E6	2.3974E6	3.09498E6	6.23937E5	5.25337E5	4.38656E5	3.73347E5	3.41128E5	3.2349E5	3.15437E5	3.07556E5	2.97824E5	2.90692E5	2.82114E5	2.47926E5	2.17936E5	1.85847E5	1.58499E5	1.3578E5	1.56223E5	1.5583E5	6.6977E4
514	1.22017E6	1.25066E6	5.26664E6	6.22405E5	5.12832E5	4.28171E5	3.6812E5	3.38949E5	3.21066E5	3.08191E5	2.98418E5	2.92049E5	2.82046E5	2.77364E5	2.44229E5	2.14093E5	1.83586E5	1.57853E5	1.34348E5	1.33695E5	1.78463E5	6.89295E4
516	1.45613E6	8.76517E5	7.91216E6	5.91563E5	5.01785E5	4.20325E5	3.66698E5	3.33434E5	3.10817E5	2.9897E5	2.94882E5	2.86712E5	2.78605E5	2.74259E5	2.38012E5	2.09168E5	1.80774E5	1.56711E5	1.30939E5	1.20317E5	1.93645E5	7.05633E4
518	1.85284E6	7.87136E5	1.0647E7	5.93453E5	4.90591E5	4.13027E5	3.51754E5	3.23086E5	3.02904E5	2.95734E5	2.86627E5	2.7993E5	2.7327E5	2.67134E5	2.37531E5	2.06197E5	1.76467E5	1.55973E5	1.3127E5	1.16248E5	1.98641E5	7.47178E4
520	2.19037E6	7.66787E5	1.28766E7	5.84085E5	4.838E5	4.05743E5	3.45583E5	3.10862E5	2.95522E5	2.88592E5	2.79164E5	2.71724E5	2.67891E5	2.60127E5	2.28861E5	2.04464E5	1.74937E5	1.52659E5	1.28678E5	1.10862E5	1.9304E5	8.34959E4
522	2.58799E6	7.32332E5	1.33909E7	5.66903E5	4.84003E5	4.02114E5	3.36463E5	3.09535E5	2.89352E5	2.81755E5	2.73141E5	2.659E5	2.62428E5	2.53092E5	2.27471E5	2.0015E5	1.70761E5	1.49629E5	1.28804E5	1.09928E5	1.75966E5	9.55354E4
524	2.80933E6	7.08693E5	1.22598E7	5.65811E5	4.60186E5	3.8793E5	3.36777E5	3.00351E5	2.8731E5	2.75802E5	2.65805E5	2.57472E5	2.55072E5	2.49141E5	2.19181E5	1.96505E5	1.70183E5	1.47851E5	1.2568E5	1.09155E5	1.47093E5	1.09304E5
526	2.86116E6	6.96254E5	9.9043E6	5.87509E5	4.6493E5	3.83726E5	3.28939E5	2.95876E5	2.76653E5	2.64642E5	2.61654E5	2.50614E5	2.49646E5	2.4538E5	2.18734E5	1.92127E5	1.67559E5	1.45326E5	1.25937E5	1.07664E5	1.24495E5	1.29021E5
528	2.66676E6	6.6582E5	7.13417E6	7.7982E5	4.51685E5	3.73594E5	3.20809E5	2.90122E5	2.71811E5	2.60294E5	2.55107E5	2.49201E5	2.42388E5	2.37791E5	2.11963E5	1.86627E5	1.65019E5	1.43228E5	1.22969E5	1.05899E5	1.08436E5	1.445E5
530	2.36786E6	6.70365E5	4.21524E6	1.52973E6	4.49205E5	3.66007E5	3.18493E5	2.83321E5	2.66298E5	2.51985E5	2.49334E5	2.42963E5	2.39009E5	2.30598E5	2.06717E5	1.81674E5	1.61015E5	1.41086E5	1.22467E5	1.04061E5	9.67646E4	1.5936E5
532	1.95208E6	6.95154E5	2.08356E6	3.07498E6	4.32516E5	3.62737E5	3.06274E5	2.78187E5	2.57888E5	2.48791E5	2.39892E5	2.34075E5	2.34288E5	2.24776E5	2.04374E5	1.80153E5	1.5828E5	1.37149E5	1.18646E5	1.03773E5	9.08909E4	1.64431E5
534	1.49069E6	7.89057E5	1.00389E6	5.47811E6	4.24737E5	3.48773E5	2.99874E5	2.71442E5	2.51987E5	2.40807E5	2.35632E5	2.29062E5	2.23419E5	2.25299E5	1.96214E5	1.73552E5	1.5505E5	1.3492E5	1.18084E5	1.02E5	8.67146E4	1.60743E5
536	1.08932E6	9.77116E5	6.71026E5	8.37869E6	4.14261E5	3.48053E5	2.9216E5	2.66691E5	2.43911E5	2.37758E5	2.30433E5	2.19836E5	2.19171E5	2.14935E5	1.917E5	1.7311E5	1.50855E5	1.33143E5	1.17569E5	1.00388E5	8.42854E4	1.44123E5
538	8.44125E5	1.24178E6	6.25373E5	1.11792E7	4.0807E5	3.37984E5	2.91337E5	2.60038E5	2.42732E5	2.31807E5	2.22015E5	2.15312E5	2.13334E5	2.07786E5	1.88236E5	1.67656E5	1.48362E5	1.30186E5	1.12521E5	9.83836E4	8.5049E4	1.23473E5
540	6.4602E5	1.59073E6	5.96007E5	1.32517E7	3.93853E5	3.29901E5	2.799E5	2.51723E5	2.34865E5	2.23818E5	2.16391E5	2.10836E5	2.09233E5	2.04467E5	1.82864E5	1.64047E5	1.44519E5	1.27359E5	1.11522E5	9.56711E4	8.19342E4	1.0174E5
542	5.75709E5	2.0347E6	5.87339E5	1.35155E7	3.90816E5	3.18687E5	2.74119E5	2.42773E5	2.26357E5	2.19059E5	2.11518E5	2.08271E5	1.97923E5	1.99282E5	1.78205E5	1.58276E5	1.41534E5	1.23751E5	1.07884E5	9.5275E4	7.90628E4	8.647E4
544	5.37455E5	2.44316E6	5.60195E5	1.21075E7	3.93412E5	3.15553E5	2.70016E5	2.3781E5	2.22217E5	2.12695E5	2.0414E5	2.01366E5	1.9565E5	1.95002E5	1.73899E5	1.57809E5	1.37026E5	1.21575E5	1.08847E5	9.34191E4	7.72973E4	7.5835E4
546	5.35838E5	2.76182E6	5.31951E5	9.59078E6	4.28019E5	3.10596E5	2.63396E5	2.34155E5	2.13706E5	2.09454E5	1.98894E5	1.94969E5	1.93087E5	1.87828E5	1.69171E5	1.52292E5	1.36123E5	1.17825E5	1.06342E5	9.23557E4	7.70917E4	6.97095E4
548	4.95882E5	2.86661E6	5.27514E5	6.61285E6	6.89414E5	3.00824E5	2.59642E5	2.30016E5	2.12941E5	2.02028E5	1.93835E5	1.88946E5	1.84588E5	1.82632E5	1.63058E5	1.4753E5	1.3203E5	1.15951E5	1.04027E5	9.087E4	7.80686E4	6.6527E4
550	4.81782E5	2.87743E6	5.15311E5	3.87811E6	1.55358E6	2.90643E5	2.48702E5	2.21744E5	2.05402E5	1.95738E5	1.89128E5	1.85286E5	1.80648E5	1.7734E5	1.60163E5	1.44924E5	1.28404E5	1.14937E5	1.0174E5	8.70689E4	7.64603E4	6.48186E4
552	4.41042E5	2.62334E6	5.02642E5	1.85519E6	3.26738E6	2.8837E5	2.48749E5	2.18271E5	2.01184E5	1.91798E5	1.8659E5	1.7993E5	1.75459E5	1.71754E5	1.58696E5	1.4059E5	1.26377E5	1.11098E5	9.78872E4	8.79969E4	7.20575E4	6.42325E4
554	4.74558E5	2.2084E6	5.08463E5	8.44624E5	5.76341E6	2.8351E5	2.38488E5	2.1043E5	1.95586E5	1.83316E5	1.79812E5	1.75226E5	1.66908E5	1.69792E5	1.52167E5	1.36627E5	1.23241E5	1.09258E5	9.68404E4	8.45196E4	7.12304E4	6.26818E4
556	4.44983E5	1.79033E6	5.76611E5	5.39013E5	8.68174E6	2.80392E5	2.33081E5	2.07862E5	1.89047E5	1.81702E5	1.72088E5	1.70197E5	1.66776E5	1.62726E5	1.48652E5	1.32322E5	1.18563E5	1.06065E5	9.32899E4	8.2547E4	6.93963E4	6.13771E4
558	4.31328E5	1.29398E6	6.689E5	4.84107E5	1.15024E7	2.65331E5	2.34319E5	2.04572E5	1.85794E5	1.76767E5	1.70929E5	1.65893E5	1.63133E5	1.59096E5	1.45474E5	1.28148E5	1.16549E5	1.03738E5	9.13931E4	8.1843E4	6.866E4	6.09088E4
560	4.29734E5	9.45478E5	8.81634E5	4.59272E5	1.34297E7	2.72281E5	2.22446E5	1.98897E5	1.82661E5	1.72712E5	1.67933E5	1.6139E5	1.55746E5	1.54258E5	1.41125E5	1.25692E5	1.1277E5	1.02363E5	8.72506E4	8.04682E4	6.62749E4	5.99779E4
562	4.46648E5	6.94008E5	1.16729E6	4.39755E5	1.37653E7	2.65767E5	2.18545E5	1.91838E5	1.7732E5	1.64165E5	1.57289E5	1.51325E5	1.52442E5	1.48996E5	1.35009E5	1.25009E5	1.11664E5	9.69048E4	8.61708E4	7.91013E4	6.5307E4	5.60135E4
564	4.34401E5	5.14621E5	1.5513E6	4.3075E5	1.21947E7	2.68334E5	2.11182E5	1.89669E5	1.72145E5	1.60283E5	1.57412E5	1.48751E5	1.50762E5	1.4467E5	1.33289E5	1.1877E5	1.08595E5	9.50116E4	8.58049E4	7.59882E4	6.63212E4	5.55017E4
566	4.11801E5	4.41056E5	1.92595E6	4.20028E5	9.45773E6	2.89281E5	2.07238E5	1.80927E5	1.70931E5	1.58748E5	1.51478E5	1.43957E5	1.44701E5	1.4049E5	1.2805E5	1.14909E5	1.04641E5	9.65785E4	8.31598E4	7.28274E4	6.16535E4	5.43203E4
568	3.85226E5	4.01628E5	2.30887E6	4.14839E5	6.31387E6	5.62767E5	1.99102E5	1.84616E5	1.62292E5	1.52319E5	1.49533E5	1.437E5	1.39921E5	1.37139E5	1.25666E5	1.1182E5	1.02663E5	9.12292E4	8.03116E4	7.32103E4	6.18957E4	5.3199E4
570	3.99452E5	3.96648E5	2.60862E6	4.03542E5	3.52615E6	1.43255E6	1.94696E5	1.75082E5	1.57491E5	1.48814E5	1.45577E5	1.38342E5	1.34896E5	1.32704E5	1.22283E5	1.07813E5	9.93787E4	8.79954E4	7.99131E4	6.97129E4	6.00187E4	5.11247E4
572	3.85742E5	3.9185E5	2.65984E6	3.82587E5	1.59499E6	3.09352E6	1.95315E5	1.69059E5	1.54243E5	1.44824E5	1.3823E5	1.31999E5	1.31991E5	1.27598E5	1.1651E5	1.04411E5	9.6192E4	8.63336E4	7.73338E4	6.72257E4	5.85461E4	5.07691E4
574	3.8873E5	3.66993E5	2.55958E6	3.79225E5	6.74688E5	5.51544E6	1.93184E5	1.65016E5	1.49127E5	1.40346E5	1.31998E5	1.31466E5	1.27766E5	1.23804E5	1.15985E5	1.02421E5	9.29969E4	8.59449E4	7.45762E4	6.53273E4	5.72465E4	4.95007E4
576	3.65928E5	3.44263E5	2.25939E6	3.794E5	4.17188E5	8.24617E6	1.84352E5	1.608E5	1.45555E5	1.3479E5	1.30309E5	1.24698E5	1.22877E5	1.22311E5	1.09831E5	9.95964E4	9.16951E4	8.13113E4	7.32712E4	6.38442E4	5.49415E4	4.96275E4
578	3.48391E5	3.50365E5	1.90178E6	4.0531E5	3.82647E5	1.08585E7	1.81761E5	1.58482E5	1.43835E5	1.31821E5	1.27344E5	1.22382E5	1.18916E5	1.19358E5	1.03837E5	9.79062E4	8.70968E4	7.82251E4	7.07908E4	6.14517E4	5.42718E4	4.69213E4
580	3.93122E5	3.35711E5	1.47511E6	4.65993E5	3.59614E5	1.25347E7	1.79116E5	1.5613E5	1.37561E5	1.27789E5	1.20437E5	1.17922E5	1.1644E5	1.14949E5	1.03584E5	9.35371E4	8.44505E4	7.68843E4	6.91635E4	6.0652E4	5.19614E4	4.62224E4
582	3.38008E5	3.21263E5	1.08452E6	5.75727E5	3.47983E5	1.26918E7	1.79531E5	1.46411E5	1.34612E5	1.23912E5	1.20258E5	1.14439E5	1.14389E5	1.11011E5	1.0097E5	8.94502E4	8.36249E4	7.33243E4	6.82011E4	5.96547E4	5.18098E4	4.44675E4
584	3.60713E5	3.16881E5	7.46952E5	7.90486E5	3.36788E5	1.11483E7	1.82024E5	1.47304E5	1.29563E5	1.23991E5	1.1624E5	1.12615E5	1.07306E5	1.06861E5	9.8043E4	8.74366E4	8.04085E4	7.23449E4	6.58917E4	5.80705E4	4.98713E4	4.41759E4
586	3.13997E5	3.02494E5	5.53454E5	1.05058E6	3.40414E5	8.53258E6	2.05006E5	1.40154E5	1.28523E5	1.19406E5	1.11203E5	1.02599E5	1.06035E5	1.03987E5	9.25748E4	8.38366E4	7.53289E4	6.97422E4	6.28353E4	5.57645E4	4.79729E4	4.31139E4
588	3.61928E5	3.19607E5	4.14741E5	1.39885E6	3.33226E5	5.6192E6	4.73602E5	1.3928E5	1.24213E5	1.10419E5	1.09367E5	1.01982E5	1.01718E5	1.02302E5	9.19743E4	8.17978E4	7.4661E4	6.72602E4	6.20019E4	5.41968E4	4.78882E4	4.07102E4
590	3.7434E5	3.10787E5	3.65887E5	1.79769E6	3.28188E5	3.01814E6	1.37994E6	1.34392E5	1.17724E5	1.1164E5	1.05729E5	1.01748E5	9.91046E4	9.57577E4	8.82529E4	7.92711E4	7.18986E4	6.58664E4	5.7792E4	5.2011E4	4.63131E4	4.02962E4
592	3.33702E5	3.14644E5	3.35318E5	2.0929E6	3.205E5	1.26643E6	3.15534E6	1.30924E5	1.1392E5	1.0873E5	1.03907E5	9.76314E4	9.61263E4	9.47601E4	8.79691E4	7.95479E4	7.07118E4	6.41317E4	5.83958E4	5.15641E4	4.4783E4	3.87204E4
594	3.18861E5	2.99227E5	3.2594E5	2.3004E6	3.26512E5	5.09708E5	5.53029E6	1.30844E5	1.13347E5	1.03957E5	9.7523E4	9.377E4	9.26618E4	9.24532E4	8.32006E4	7.57965E4	6.84663E4	6.14813E4	5.66096E4	4.94232E4	4.36067E4	3.74923E4
596	3.28365E5	2.8419E5	3.23536E5	2.36759E6	3.27071E5	3.17451E5	8.2793E6	1.28423E5	1.10212E5	1.00836E5	9.53448E4	9.01449E4	8.83649E4	8.65265E4	7.90412E4	7.30074E4	6.66469E4	5.87522E4	5.35753E4	4.75866E4	4.27961E4	3.70298E4
598	3.34476E5	2.88405E5	3.15154E5	2.25239E6	3.25324E5	2.82064E5	1.06664E7	1.27977E5	1.10274E5	9.815E4	9.30667E4	8.77167E4	8.7749E4	8.6187E4	7.95745E4	7.0354E4	6.37772E4	5.85139E4	5.36847E4	4.73994E4	3.97959E4	3.54174E4
600	3.32645E5	2.89037E5	3.08004E5	2.00754E6	3.36862E5	2.69315E5	1.20852E7	1.22364E5	1.06399E5	9.65209E4	9.06448E4	8.50604E4	8.57453E4	8.53943E4	7.7462E4	6.80501E4	6.4439E4	5.63379E4	5.1413E4	4.63391E4	3.88985E4	3.53047E4
