300	2.05776E5	1.57269E5	1.75097E5	2.70138E6	3.51553E5	2.4993E5	1.78151E7	6.8144E4	1.0462E4	6425.33416	4404.31206	3454.185	2437.8024	1835.00948	1729.67899	1434.36521	1403.88053	933.38716	947.3189	1256.76671	1067.90158	1108.48976
302	2.44265E5	1.56906E5	1.84416E5	1.80771E6	6.62503E5	1.90714E5	1.54242E7	7.30667E5	1.08489E4	6511.12231	4524.32358	3078.71694	2753.53576	1938.19076	1954.75593	1637.05857	1090.59726	1205.95018	1257.77796	939.51693	945.04635	739.32911
304	2.23014E5	1.53261E5	1.85772E5	1.00866E6	1.24595E6	1.80881E5	9.75506E6	3.18124E6	1.22791E4	6538.19258	4832.668	3438.31176	2491.3215	2037.38663	1571.70734	1635.38787	1472.07439	1184.00038	1098.76845	1201.314	1261.94952	1042.36818
306	2.55114E5	1.80283E5	1.89124E5	5.42327E5	2.01174E6	1.83251E5	4.16692E6	8.19472E6	1.6172E4	7642.99728	4933.48913	3693.02986	2664.26572	2228.45966	1979.88589	1398.68295	1493.63116	1294.62234	1268.37402	956.40449	1140.83279	893.42299
308	2.53421E5	1.84255E5	1.9958E5	3.30072E5	2.6938E6	1.91156E5	1.07675E6	1.42046E7	2.22919E4	6983.02487	5194.03952	3486.49396	2355.95926	2300.11063	1732.22569	1234.94259	1280.50683	1170.95432	1057.85505	1198.05262	1088.89983	830.11927
310	2.73336E5	1.765E5	2.06258E5	2.78198E5	2.87727E6	2.08311E5	2.08004E5	1.72536E7	6.27884E4	8722.54508	5313.70382	3610.02899	2629.47306	2473.07707	1917.68575	1540.86702	1268.53609	1246.99758	1374.23526	1068.63337	1026.19309	918.03618
312	2.43817E5	1.81791E5	2.02704E5	2.70504E5	2.45427E6	2.9161E5	1.33356E5	1.49936E7	6.74666E5	8873.45857	4719.63626	3556.47363	3172.19449	2070.05531	1818.79099	1659.51341	1559.6967	857.96859	1020.69579	1008.18966	847.02518	799.66884
314	2.3389E5	1.96947E5	2.28989E5	2.76953E5	1.69483E6	5.62367E5	1.23017E5	9.01521E6	3.19896E6	1.14806E4	5364.29869	4578.28288	2733.63988	2543.33519	2032.93095	1576.09384	1030.55588	831.05124	708.82505	968.11402	870.02811	838.7868
316	2.57196E5	1.87E5	2.38223E5	2.79613E5	1.00559E6	1.05852E6	1.23095E5	3.59615E6	7.91207E6	1.44206E4	6081.4745	4143.80396	2551.21048	2242.15789	1825.41428	1668.44054	1315.17762	969.67963	1422.83939	952.69111	1009.48007	1000.91063
318	2.72698E5	2.03745E5	2.29975E5	2.8689E5	5.75843E5	1.68882E6	1.20807E5	8.90864E5	1.27831E7	2.12086E4	6533.99201	4286.50802	2699.34835	2125.17489	1687.13764	1536.93305	1187.78991	1044.08178	1077.96777	833.86857	894.9233	888.26502
320	2.76839E5	2.16455E5	2.5473E5	2.93065E5	4.03097E5	2.24001E6	1.26288E5	1.65473E5	1.47877E7	5.55932E4	6573.23888	4020.35313	3205.28703	2451.71412	1905.77495	1441.68391	1109.17944	1216.51885	853.77916	973.84537	765.60009	953.72278
322	2.75456E5	2.31076E5	2.56836E5	3.07614E5	3.52284E5	2.38247E6	1.42749E5	1.08633E5	1.22846E7	6.26872E5	7687.53753	4518.87334	3188.06812	2105.31133	1742.6347	1327.37974	1329.47801	1059.15404	839.9803	871.64213	845.63385	755.35577
324	3.1261E5	2.20312E5	2.56606E5	3.10716E5	3.39848E5	2.09002E6	2.06884E5	1.03503E5	7.34585E6	2.88672E6	9047.94607	4942.78836	3198.49873	2257.49701	1869.38628	1537.93309	1085.69849	1090.37361	860.20606	977.15595	1096.53957	734.33235
326	3.34085E5	2.4544E5	2.73243E5	3.28891E5	3.42106E5	1.49053E6	3.96528E5	1.02356E5	2.95965E6	6.93918E6	1.20481E4	4865.93832	3338.86294	2214.41983	2091.18705	1280.46797	1282.72798	1084.5943	833.30984	1082.72332	882.45116	782.6494
328	3.37162E5	2.51511E5	2.71262E5	3.34072E5	3.55101E5	9.41121E5	7.66765E5	1.07965E5	7.80061E5	1.11869E7	1.59217E4	5295.09615	3363.44274	2561.37418	1526.00371	1341.34132	1335.79935	857.37934	887.13293	854.30559	1033.23244	715.76995
330	4.03443E5	2.68333E5	2.90479E5	3.42242E5	3.66261E5	5.6385E5	1.28857E6	1.10974E5	1.53924E5	1.3187E7	4.03637E4	5736.62193	3526.64051	2423.5236	1861.1057	1692.33347	1181.62195	1043.19652	832.3996	1036.36208	932.18754	666.28174
332	4.35059E5	2.80256E5	2.95819E5	3.44059E5	3.69109E5	3.84779E5	1.74877E6	1.15025E5	1.03262E5	1.13309E7	4.22742E5	6521.19008	3536.55319	3092.16905	1835.44935	1413.68144	1184.60173	1023.73953	946.58645	834.71312	998.49389	737.90014
334	5.12149E5	2.92471E5	3.01569E5	3.49926E5	3.77332E5	3.33553E5	1.95205E6	1.30611E5	9.55434E4	6.97308E6	2.00495E6	7458.85168	3409.78064	2807.661	2297.51263	1398.61027	1122.02924	841.98871	679.39664	911.84118	754.94312	770.33158
336	4.95318E5	3.01174E5	3.07863E5	3.57201E5	3.75727E5	3.2874E5	1.79608E6	1.75491E5	1.00337E5	2.86301E6	5.25172E6	9387.26092	3922.62502	2999.34021	1888.34458	1287.17361	1390.33403	1040.42112	740.2331	818.68453	816.7612	781.15871
338	5.31358E5	3.17221E5	3.14767E5	3.63597E5	3.81491E5	3.24057E5	1.38092E6	2.99501E5	1.02999E5	7.74201E5	8.71875E6	1.48255E4	4216.25852	2856.25908	2251.94971	1542.08478	1140.74696	879.07345	814.25061	801.20608	737.35777	799.46093
340	5.39171E5	3.31975E5	3.2636E5	3.6781E5	3.90648E5	3.32677E5	8.85589E5	5.71693E5	1.07483E5	1.49463E5	1.04775E7	3.42023E4	4690.50959	2913.13446	2463.46897	1463.99105	914.24312	1151.25765	1017.69264	923.02651	870.35301	660.05874
342	5.74093E5	3.30541E5	3.28577E5	3.65496E5	3.89611E5	3.39881E5	5.32156E5	9.61593E5	1.10391E5	9.65406E4	9.05629E6	3.55583E5	5422.40878	2974.90452	2227.42523	1312.33812	1170.74109	979.93517	654.10219	829.50539	796.69931	748.08662
344	6.0772E5	3.48892E5	3.30334E5	3.63426E5	3.8539E5	3.42386E5	3.39425E5	1.37427E6	1.17134E5	9.30077E4	5.54823E6	1.80462E6	6547.25076	3429.37902	2149.6001	1694.31381	961.40699	1026.66225	850.68183	807.31821	690.28796	663.21451
346	6.04916E5	3.6318E5	3.31818E5	3.61879E5	3.87335E5	3.42646E5	2.85499E5	1.5861E6	1.30571E5	9.55319E4	2.33076E6	4.57836E6	7921.10984	3267.05057	2374.09789	1902.45777	1208.6035	1046.08037	726.99185	905.98848	761.17098	782.70212
348	6.13115E5	3.61402E5	3.34958E5	3.59416E5	3.92912E5	3.54835E5	2.71215E5	1.51916E6	1.65591E5	1.0126E5	5.89958E5	7.69699E6	1.15688E4	3664.27977	2297.47268	1583.45259	1042.20647	928.3381	945.66812	723.42934	834.72108	812.51738
350	6.22988E5	3.89456E5	3.51805E5	3.64497E5	3.90273E5	3.57393E5	2.80609E5	1.22487E6	2.58353E5	1.06265E5	1.25476E5	9.10082E6	2.57092E4	3746.83659	2184.29406	1696.55285	1236.08634	999.99574	754.41607	939.71252	772.96024	718.69374
352	6.52376E5	3.9501E5	3.43176E5	3.69956E5	3.90142E5	3.6266E5	2.84357E5	8.27693E5	4.50331E5	1.15769E5	8.51038E4	8.09159E6	3.03136E5	4451.86451	2553.01417	1895.78235	1181.2984	1083.24337	665.77222	831.31478	721.78822	707.02091
354	6.61515E5	4.23035E5	3.58234E5	3.69888E5	3.87562E5	3.69072E5	2.91956E5	5.31091E5	7.2723E5	1.21577E5	8.1806E4	5.27522E6	1.41881E6	5277.89841	2731.06885	1964.46381	1241.66355	1042.69918	884.08875	911.16378	621.62988	776.65189
356	7.11669E5	4.22973E5	3.654E5	3.65382E5	3.91015E5	3.72249E5	3.02749E5	3.54126E5	1.04326E6	1.30886E5	8.41469E4	2.13213E6	3.71188E6	7010.30916	2569.13885	1764.24729	1283.74721	982.09245	708.48526	690.31779	516.46828	565.47852
358	7.04669E5	4.45858E5	3.75423E5	3.68829E5	3.91655E5	3.71614E5	3.10033E5	2.92372E5	1.24897E6	1.43035E5	9.12351E4	5.88181E5	6.19846E6	9994.09437	2920.11753	1704.77169	1424.56459	969.64266	891.989	818.44404	654.43859	732.80218
360	6.89474E5	4.56557E5	3.74484E5	3.77596E5	3.89665E5	3.75559E5	3.22037E5	2.78175E5	1.27045E6	1.6592E5	1.00369E5	1.19855E5	7.47165E6	2.24971E4	3019.40513	1582.84762	1353.80992	972.60554	743.11509	783.30659	473.65192	649.80347
362	7.07242E5	4.69638E5	3.88817E5	3.78189E5	3.91063E5	3.79874E5	3.30716E5	2.85702E5	1.1031E6	2.22869E5	1.07887E5	7.89785E4	6.72734E6	2.36134E5	3729.28692	1983.423	1493.76478	1052.6921	663.67522	769.49835	692.50037	654.05109
364	7.03313E5	4.78392E5	3.98485E5	3.81421E5	3.90398E5	3.82022E5	3.39787E5	2.91642E5	8.20567E5	3.37653E5	1.15642E5	7.51533E4	4.37387E6	1.19769E6	4828.08247	2085.48387	1447.37064	1014.9239	766.66583	742.12275	562.4849	682.13485
366	7.42152E5	4.84344E5	4.12823E5	3.85446E5	3.94597E5	3.90716E5	3.49369E5	3.0426E5	5.53833E5	5.41376E5	1.27826E5	7.78284E4	1.85115E6	3.45279E6	6344.25694	2192.55107	1408.90766	982.96513	807.97274	667.56616	722.83702	596.66886
368	7.09493E5	5.10603E5	4.18427E5	3.87432E5	3.97519E5	3.95442E5	3.61289E5	3.16308E5	3.93403E5	7.85898E5	1.3703E5	8.52254E4	5.09244E5	5.794E6	9535.58778	2606.70019	1463.46375	1035.88889	902.09435	639.53607	788.57356	560.98068
370	7.2992E5	5.3735E5	4.30894E5	3.99465E5	4.03592E5	4.03026E5	3.71119E5	3.23861E5	3.2263E5	1.00752E6	1.49961E5	9.27707E4	1.01769E5	7.00765E6	2.38453E4	2646.63147	1770.90831	1155.9209	773.18635	712.87181	658.44506	591.71235
372	7.47429E5	5.43669E5	4.40974E5	4.12428E5	4.04514E5	4.04158E5	3.78754E5	3.41207E5	3.07813E5	1.08191E6	1.66259E5	1.02425E5	6.96441E4	6.19587E6	3.0237E5	3328.45148	1560.5874	1184.64232	677.35806	820.46985	663.87425	647.63258
374	7.52976E5	5.76314E5	4.61317E5	4.10631E5	4.08968E5	4.11571E5	3.90344E5	3.54619E5	3.11343E5	9.9079E5	2.09814E5	1.08288E5	6.57183E4	3.91441E6	1.40692E6	4205.99594	1815.4885	1299.01634	930.28938	838.83089	667.96387	689.63653
376	7.57742E5	5.81636E5	4.79993E5	4.1561E5	4.13926E5	4.15386E5	4.01463E5	3.63824E5	3.23732E5	7.9169E5	2.91529E5	1.17531E5	6.84597E4	1.65709E6	3.42022E6	5209.15356	1937.39183	1145.08035	1000.79941	689.50088	673.65082	728.31176
378	7.76399E5	5.96044E5	4.83094E5	4.30253E5	4.16974E5	4.19356E5	4.06452E5	3.75367E5	3.30803E5	5.81161E5	4.41872E5	1.27967E5	7.42282E4	4.34264E5	5.35866E6	8489.71181	2185.88731	1101.23703	1037.40258	877.90609	684.57456	615.26497
380	7.74882E5	6.17241E5	4.99153E5	4.338E5	4.21459E5	4.30398E5	4.21017E5	3.89248E5	3.41314E5	4.27386E5	6.31677E5	1.35839E5	8.25893E4	9.05153E4	6.1704E6	1.93481E4	2414.26141	1284.64065	1077.49949	808.97678	631.70886	589.43571
382	7.87572E5	6.35549E5	5.09999E5	4.46494E5	4.34031E5	4.37756E5	4.34155E5	4.06032E5	3.57008E5	3.53119E5	8.14464E5	1.48884E5	9.21157E4	6.50787E4	5.32613E6	1.92424E5	2894.80196	1420.4017	987.52622	919.84318	596.19799	520.28909
384	8.461E5	6.74848E5	5.34575E5	4.58058E5	4.44495E5	4.48849E5	4.37717E5	4.15835E5	3.71646E5	3.32544E5	9.1938E5	1.63455E5	9.83757E4	6.36163E4	3.37788E6	9.79241E5	3362.78534	1404.80987	1018.57869	878.13461	963.99319	635.59191
386	8.2531E5	6.70315E5	5.37667E5	4.70224E5	4.52162E5	4.55686E5	4.52365E5	4.28058E5	3.80513E5	3.29681E5	9.08367E5	1.90496E5	1.07158E5	6.54801E4	1.43341E6	2.67986E6	4972.45689	1616.47104	1120.14089	847.98293	717.95792	730.54832
388	8.63302E5	7.07015E5	5.69574E5	4.79284E5	4.59204E5	4.58078E5	4.60868E5	4.41029E5	3.9598E5	3.37134E5	7.86794E5	2.47343E5	1.15415E5	6.99336E4	3.96794E5	4.57931E6	7651.98132	1853.40469	1207.0712	978.21194	616.62224	764.74561
390	8.86331E5	7.21699E5	5.82648E5	4.94958E5	4.71947E5	4.6948E5	4.71341E5	4.50349E5	4.01371E5	3.50066E5	6.18843E5	3.47934E5	1.2673E5	7.65703E4	8.48499E4	5.61877E6	1.80559E4	2125.21531	1318.07526	1036.50431	647.98955	645.20387
392	9.00913E5	7.49021E5	5.89016E5	5.08147E5	4.79059E5	4.81872E5	4.78894E5	4.64786E5	4.16407E5	3.56634E5	4.63687E5	4.98202E5	1.36256E5	8.67416E4	5.99997E4	5.11287E6	2.14547E5	2629.77245	1445.76123	943.40847	775.3602	707.04867
394	9.09371E5	7.68262E5	6.08852E5	5.18177E5	4.86379E5	4.89499E5	4.90385E5	4.70914E5	4.27547E5	3.71936E5	3.80167E5	6.5649E5	1.45961E5	9.29148E4	5.85608E4	3.3908E6	1.00724E6	3253.14596	1411.78301	1062.4784	803.48241	682.45288
396	9.13408E5	7.91825E5	6.28408E5	5.23111E5	4.93497E5	5.0163E5	4.97701E5	4.83364E5	4.41911E5	3.83623E5	3.42307E5	7.86068E5	1.60964E5	1.01986E5	5.85066E4	1.43665E6	2.73578E6	4423.31063	1534.43821	1222.1951	923.98979	829.17853
398	9.55782E5	8.10026E5	6.46948E5	5.42443E5	5.05368E5	5.0951E5	5.04925E5	4.946E5	4.50728E5	3.93152E5	3.39855E5	8.1843E5	1.82434E5	1.11922E5	6.24641E4	3.95443E5	4.58061E6	7114.10284	1893.63462	999.29188	989.35273	553.26542
400	9.58353E5	8.16433E5	6.61498E5	5.61308E5	5.15488E5	5.0864E5	5.152E5	5.07197E5	4.63859E5	4.06497E5	3.44612E5	7.53887E5	2.18787E5	1.22021E5	6.77243E4	8.25857E4	5.47899E6	1.42059E4	2110.5897	1183.20622	976.60526	739.16282
402	9.87636E5	8.37095E5	6.83119E5	5.68835E5	5.32809E5	5.2621E5	5.22303E5	5.16601E5	4.70623E5	4.1575E5	3.52961E5	6.22322E5	2.89901E5	1.30709E5	7.55532E4	5.43725E4	4.67516E6	1.44037E5	2386.92451	1359.79948	928.45628	891.25011
404	9.84236E5	8.55162E5	7.03937E5	5.92675E5	5.41548E5	5.38274E5	5.31025E5	5.16478E5	4.82505E5	4.25727E5	3.59143E5	4.87592E5	3.96929E5	1.40137E5	8.34651E4	5.1691E4	2.88523E6	7.70095E5	3020.98105	1376.01459	867.49741	752.7878
406	1.02749E6	8.92149E5	7.31266E5	6.03892E5	5.53973E5	5.45588E5	5.38042E5	5.24929E5	4.90404E5	4.38759E5	3.73395E5	3.97287E5	5.27502E5	1.51914E5	9.12111E4	5.36111E4	1.16548E6	2.12649E6	4196.16193	1459.07433	1123.68847	969.18195
408	1.04339E6	8.95149E5	7.49326E5	6.2145E5	5.57948E5	5.50466E5	5.46216E5	5.35277E5	4.9729E5	4.43086E5	3.85461E5	3.48416E5	6.53966E5	1.62731E5	9.7847E4	5.49343E4	2.99079E5	3.82428E6	6282.15137	1764.16392	988.53306	871.07034
410	1.05045E6	9.11875E5	7.6438E5	6.34669E5	5.72155E5	5.5946E5	5.50651E5	5.38246E5	5.04723E5	4.56408E5	3.9663E5	3.35896E5	7.20698E5	1.78914E5	1.05272E5	5.9323E4	6.46526E4	4.77527E6	1.29547E4	2150.25048	1108.37398	862.4057
412	1.05486E6	9.2612E5	7.78859E5	6.44466E5	5.77464E5	5.58185E5	5.53259E5	5.43384E5	5.10426E5	4.62477E5	4.0317E5	3.41401E5	7.06302E5	2.04246E5	1.11629E5	6.48623E4	4.89235E4	4.26088E6	1.25441E5	2422.4808	1311.74291	936.90719
414	1.0962E6	9.42213E5	7.89684E5	6.56928E5	5.84653E5	5.68055E5	5.59162E5	5.50965E5	5.15595E5	4.6646E5	4.15347E5	3.47648E5	6.29415E5	2.47925E5	1.21087E5	7.25175E4	4.63336E4	2.81913E6	6.61731E5	2705.52957	1387.13787	1012.97274
416	1.06627E6	9.57487E5	8.04991E5	6.55798E5	5.93014E5	5.7286E5	5.62006E5	5.50231E5	5.23947E5	4.75286E5	4.20783E5	3.53638E5	5.20575E5	3.25094E5	1.29715E5	7.69946E4	4.71393E4	1.20685E6	1.91648E6	4362.47999	1479.85074	940.80859
418	1.07602E6	9.73133E5	8.21333E5	6.78684E5	5.98119E5	5.76488E5	5.62926E5	5.56333E5	5.22818E5	4.82393E5	4.29832E5	3.6391E5	4.21921E5	4.29329E5	1.40085E5	8.43504E4	4.93615E4	3.1929E5	3.41852E6	6121.84438	1552.78493	1003.54777
420	1.0741E6	9.8434E5	8.20229E5	6.92225E5	5.98943E5	5.7942E5	5.66734E5	5.57073E5	5.25543E5	4.87484E5	4.36194E5	3.6961E5	3.61277E5	5.40086E5	1.45236E5	8.88641E4	5.33719E4	6.31935E4	4.2577E6	1.27678E4	1867.02588	1075.34518
422	1.09431E6	9.88243E5	8.43435E5	6.96826E5	6.12973E5	5.83603E5	5.69095E5	5.58764E5	5.28814E5	4.92728E5	4.4565E5	3.76832E5	3.33606E5	6.26861E5	1.58533E5	9.67097E4	5.70176E4	4.35372E4	3.82819E6	1.35697E5	2363.44759	1197.38341
424	1.09442E6	1.0227E6	8.6485E5	7.12745E5	6.18465E5	5.82845E5	5.67169E5	5.50134E5	5.36084E5	4.96715E5	4.48508E5	3.85181E5	3.26608E5	6.52284E5	1.74931E5	1.02746E5	6.22026E4	4.16874E4	2.47598E6	6.86574E5	2812.90133	1178.51691
426	1.10077E6	1.00451E6	8.7051E5	7.21385E5	6.20989E5	5.81774E5	5.67547E5	5.60252E5	5.34828E5	4.97911E5	4.54627E5	3.94245E5	3.33795E5	6.0754E5	2.0509E5	1.1048E5	6.79443E4	4.20688E4	1.0118E6	1.93976E6	3939.83337	1305.15205
428	1.11719E6	9.99973E5	8.82149E5	7.24758E5	6.27008E5	5.84901E5	5.64646E5	5.6084E5	5.37581E5	5.03588E5	4.60153E5	4.01434E5	3.36955E5	5.18324E5	2.56453E5	1.15672E5	7.52834E4	4.46275E4	2.61686E5	3.35468E6	6247.21433	1470.33812
430	1.12773E6	1.01849E6	8.8169E5	7.35771E5	6.38717E5	5.87757E5	5.66115E5	5.57046E5	5.35586E5	5.04466E5	4.62981E5	4.0666E5	3.44526E5	4.24937E5	3.26986E5	1.23861E5	8.03956E4	4.65214E4	5.41183E4	4.03032E6	1.28992E4	1589.54509
432	1.10847E6	1.04172E6	9.00921E5	7.47665E5	6.42001E5	5.83292E5	5.65567E5	5.55523E5	5.37672E5	5.06767E5	4.68335E5	4.11852E5	3.47074E5	3.62364E5	4.17345E5	1.32285E5	8.55461E4	5.00695E4	3.92412E4	3.50464E6	1.54125E5	2254.39773
434	1.12821E6	1.01485E6	9.08692E5	7.54739E5	6.46119E5	5.93538E5	5.6218E5	5.56886E5	5.32142E5	5.12948E5	4.71092E5	4.18788E5	3.54302E5	3.27652E5	4.95344E5	1.39931E5	9.09077E4	5.49162E4	3.86268E4	2.1519E6	7.26851E5	2558.3121
436	1.11267E6	1.03354E6	9.1337E5	7.65225E5	6.50628E5	5.92731E5	5.62059E5	5.5248E5	5.32967E5	5.07352E5	4.72253E5	4.20011E5	3.59011E5	3.13856E5	5.38772E5	1.50041E5	9.6109E4	5.9868E4	3.8485E4	8.95311E5	1.81912E6	3579.8873
438	1.10931E6	1.02189E6	9.2116E5	7.65192E5	6.50955E5	5.89373E5	5.60458E5	5.47409E5	5.3663E5	5.07839E5	4.76031E5	4.22412E5	3.68201E5	3.13168E5	5.39297E5	1.66197E5	1.02603E5	6.49497E4	4.05159E4	2.45897E5	3.05797E6	5163.80794
440	1.09757E6	1.05202E6	9.21519E5	7.77685E5	6.52509E5	5.90404E5	5.5676E5	5.42578E5	5.31486E5	5.08094E5	4.78868E5	4.26219E5	3.70375E5	3.18599E5	4.89511E5	1.98313E5	1.08172E5	7.12064E4	4.29069E4	4.9022E4	3.70152E6	9445.26999
442	1.10787E6	1.04164E6	9.17903E5	7.75574E5	6.61436E5	5.85485E5	5.53567E5	5.4145E5	5.25441E5	5.08989E5	4.72767E5	4.31832E5	3.75249E5	3.22017E5	4.19619E5	2.43901E5	1.14188E5	7.56802E4	4.53546E4	3.70974E4	3.32679E6	7.64247E4
444	1.09708E6	1.05904E6	9.3126E5	7.86633E5	6.58671E5	5.83299E5	5.44564E5	5.39798E5	5.26741E5	5.04582E5	4.75178E5	4.29885E5	3.79607E5	3.26594E5	3.49873E5	3.06375E5	1.19769E5	7.89275E4	4.87337E4	3.52171E4	2.13234E6	4.33516E5
446	1.10427E6	1.04653E6	9.24613E5	7.86224E5	6.57649E5	5.82676E5	5.4412E5	5.34227E5	5.2485E5	5.05642E5	4.75788E5	4.32857E5	3.80027E5	3.31467E5	3.02296E5	3.76232E5	1.25637E5	8.38462E4	5.28292E4	3.56389E4	9.19213E5	1.37052E6
448	1.0769E6	1.04655E6	9.32309E5	7.89057E5	6.61359E5	5.81658E5	5.42859E5	5.31128E5	5.17936E5	5.04757E5	4.77707E5	4.33305E5	3.86608E5	3.34707E5	2.81559E5	4.33719E5	1.33207E5	8.91249E4	5.8444E4	3.78151E4	2.44888E5	2.60902E6
450	1.10731E6	1.03208E6	9.41499E5	8.02055E5	6.66401E5	5.79441E5	5.37581E5	5.26476E5	5.17139E5	5.0131E5	4.72822E5	4.36575E5	3.89774E5	3.4088E5	2.74282E5	4.59365E5	1.45602E5	9.32933E4	6.24711E4	4.04686E4	4.95235E4	3.49408E6
452	1.05588E6	1.03185E6	9.40477E5	8.00494E5	6.5994E5	5.86019E5	5.38622E5	5.22922E5	5.10702E5	4.99083E5	4.74569E5	4.34185E5	3.889E5	3.43223E5	2.72601E5	4.50833E5	1.65649E5	1.00038E5	6.69347E4	4.15083E4	3.43943E4	3.2623E6
454	1.09893E6	1.04163E6	9.37679E5	7.97931E5	6.59277E5	5.74154E5	5.30961E5	5.14871E5	5.04246E5	4.88304E5	4.6832E5	4.32383E5	3.921E5	3.46646E5	2.77534E5	4.02015E5	1.96664E5	1.04104E5	7.19662E4	4.58183E4	3.26096E4	2.11024E6
456	1.08448E6	1.02855E6	9.24698E5	7.87985E5	6.57541E5	5.75946E5	5.2254E5	5.08892E5	4.98228E5	4.83709E5	4.66019E5	4.32059E5	3.91379E5	3.47765E5	2.78076E5	3.41512E5	2.4154E5	1.08012E5	7.50559E4	4.91669E4	3.38226E4	8.70432E5
458	1.05383E6	1.014E6	9.28411E5	7.9086E5	6.60524E5	5.75216E5	5.22907E5	5.01443E5	4.94502E5	4.83877E5	4.63733E5	4.28119E5	3.9221E5	3.48227E5	2.81561E5	2.86212E5	2.96013E5	1.13348E5	7.97346E4	5.2955E4	3.38885E4	2.28055E5
460	1.08482E6	1.00071E6	9.22862E5	7.89972E5	6.52507E5	5.66325E5	5.14195E5	4.964E5	4.85158E5	4.80132E5	4.58153E5	4.29867E5	3.88691E5	3.52381E5	2.81521E5	2.52715E5	3.50419E5	1.18908E5	8.29893E4	5.65105E4	3.54569E4	4.50437E4
462	1.03571E6	1.011E6	9.24743E5	7.88554E5	6.57596E5	5.61502E5	5.11036E5	4.9136E5	4.8365E5	4.7443E5	4.56595E5	4.22892E5	3.90369E5	3.51279E5	2.85373E5	2.37875E5	3.8529E5	1.26471E5	8.78104E4	6.03147E4	3.72548E4	3.04175E4
464	1.05393E6	9.80899E5	9.16039E5	7.80316E5	6.53508E5	5.63383E5	5.06962E5	4.90928E5	4.73407E5	4.67825E5	4.47693E5	4.2322E5	3.88562E5	3.5393E5	2.86721E5	2.34559E5	3.90288E5	1.37935E5	9.18233E4	6.33772E4	3.95002E4	2.91845E4
466	1.04584E6	9.91173E5	9.04354E5	7.77598E5	6.46389E5	5.58781E5	5.06408E5	4.82013E5	4.72172E5	4.59481E5	4.47074E5	4.19728E5	3.8815E5	3.55014E5	2.88457E5	2.31422E5	3.66067E5	1.56375E5	9.53923E4	6.69573E4	4.26614E4	2.98652E4
468	1.15667E6	9.79976E5	9.01992E5	7.83859E5	6.49158E5	5.51617E5	4.95157E5	4.78595E5	4.62251E5	4.53259E5	4.39868E5	4.10098E5	3.86956E5	3.49886E5	2.88625E5	2.33295E5	3.22143E5	1.83197E5	9.79901E4	6.96942E4	4.53002E4	3.07483E4
470	1.52035E6	9.8238E5	8.91085E5	7.74869E5	6.50571E5	5.42931E5	4.89637E5	4.65351E5	4.59533E5	4.47969E5	4.34246E5	4.07895E5	3.82136E5	3.50525E5	2.90829E5	2.34536E5	2.72178E5	2.24324E5	1.01879E5	7.20624E4	4.8487E4	3.12122E4
472	2.43186E6	9.56391E5	8.8509E5	7.68716E5	6.34806E5	5.40752E5	4.82728E5	4.63066E5	4.50418E5	4.42071E5	4.30822E5	4.08047E5	3.80216E5	3.50537E5	2.91002E5	2.37016E5	2.36912E5	2.68082E5	1.05044E5	7.522E4	5.11712E4	3.27183E4
474	4.0075E6	9.59878E5	8.87452E5	7.60796E5	6.35674E5	5.37668E5	4.72605E5	4.56339E5	4.44179E5	4.35757E5	4.21013E5	4.00493E5	3.76394E5	3.50404E5	2.91399E5	2.37846E5	2.12409E5	3.10315E5	1.09247E5	7.89474E4	5.41533E4	3.42613E4
476	6.08958E6	9.45627E5	8.75318E5	7.57605E5	6.32213E5	5.30514E5	4.75566E5	4.48632E5	4.311E5	4.2384E5	4.21527E5	3.95746E5	3.73548E5	3.47917E5	2.85746E5	2.34432E5	2.00588E5	3.33258E5	1.14467E5	8.16832E4	5.59828E4	3.61509E4
478	8.66436E6	9.23467E5	8.59854E5	7.52511E5	6.24506E5	5.22304E5	4.69393E5	4.45175E5	4.25748E5	4.2115E5	4.09106E5	3.88095E5	3.68568E5	3.43947E5	2.85637E5	2.38447E5	1.97128E5	3.34105E5	1.24726E5	8.3108E4	5.96469E4	3.84036E4
480	1.12776E7	9.09174E5	8.46171E5	7.38026E5	6.2052E5	5.19367E5	4.58753E5	4.35898E5	4.19454E5	4.12076E5	4.0093E5	3.85459E5	3.64981E5	3.38414E5	2.86031E5	2.36966E5	1.94847E5	3.07937E5	1.42053E5	8.54515E4	6.02213E4	4.08283E4
482	1.2428E7	9.16632E5	8.50913E5	7.28402E5	6.13182E5	5.13299E5	4.52678E5	4.27301E5	4.07582E5	4.06441E5	3.9438E5	3.78509E5	3.605E5	3.37195E5	2.86359E5	2.37065E5	1.97319E5	2.68544E5	1.69086E5	8.92358E4	6.29958E4	4.30471E4
484	1.20403E7	8.98553E5	8.31018E5	7.30615E5	6.08073E5	5.04328E5	4.39867E5	4.19249E5	4.04087E5	3.98879E5	3.90253E5	3.71469E5	3.52749E5	3.35134E5	2.83585E5	2.36893E5	1.94993E5	2.21999E5	2.04356E5	9.04759E4	6.47189E4	4.5707E4
486	1.02611E7	9.29371E5	7.99844E5	7.15925E5	5.98239E5	5.00456E5	4.37916E5	4.12822E5	4.00905E5	3.8739E5	3.84435E5	3.63248E5	3.48928E5	3.29347E5	2.81513E5	2.34114E5	1.94365E5	1.93633E5	2.43147E5	9.29665E4	6.61666E4	4.79705E4
488	7.62681E6	1.08079E6	7.94442E5	7.10275E5	5.87088E5	4.98422E5	4.31412E5	4.03026E5	3.90262E5	3.82002E5	3.74188E5	3.56675E5	3.41482E5	3.25788E5	2.80698E5	2.34312E5	1.92996E5	1.73279E5	2.6867E5	9.73833E4	6.91898E4	4.96194E4
490	4.85151E6	1.68693E6	7.81445E5	7.0074E5	5.82173E5	4.90065E5	4.24371E5	3.96673E5	3.84946E5	3.75725E5	3.70584E5	3.51664E5	3.39736E5	3.21209E5	2.77122E5	2.30539E5	1.93716E5	1.65042E5	2.86317E5	1.03121E5	7.02405E4	5.084E4
492	2.59172E6	2.90743E6	7.93508E5	6.93667E5	5.70117E5	4.82521E5	4.21283E5	3.93084E5	3.75739E5	3.70645E5	3.60484E5	3.45253E5	3.32833E5	3.16207E5	2.74054E5	2.32997E5	1.93191E5	1.61179E5	2.80072E5	1.12941E5	7.29043E4	5.21467E4
494	1.36608E6	4.91141E6	7.70577E5	6.81158E5	5.68164E5	4.74658E5	4.12299E5	3.83961E5	3.67856E5	3.60362E5	3.54481E5	3.38573E5	3.30463E5	3.13301E5	2.70142E5	2.29392E5	1.90685E5	1.60328E5	2.5564E5	1.29975E5	7.21553E4	5.38525E4
496	1.00547E6	7.53683E6	7.47941E5	6.71764E5	5.6178E5	4.70439E5	4.08065E5	3.7547E5	3.60525E5	3.53148E5	3.44796E5	3.35217E5	3.20789E5	3.12314E5	2.66387E5	2.27504E5	1.90034E5	1.59614E5	2.18317E5	1.53776E5	7.45251E4	5.55334E4
498	9.08484E5	1.00891E7	7.39718E5	6.66743E5	5.52621E5	4.57991E5	4.03044E5	3.69531E5	3.5764E5	3.49478E5	3.43328E5	3.27492E5	3.15944E5	3.06877E5	2.65422E5	2.28139E5	1.8868E5	1.59338E5	1.87647E5	1.79364E5	7.64316E4	5.78819E4
500	8.78582E5	1.24697E7	7.35982E5	6.50956E5	5.5042E5	4.54731E5	3.95438E5	3.63901E5	3.52402E5	3.40213E5	3.33783E5	3.19681E5	3.12059E5	2.99248E5	2.63223E5	2.23589E5	1.89638E5	1.57183E5	1.61308E5	2.08317E5	7.82039E4	5.95671E4
502	8.27495E5	1.35931E7	7.33348E5	6.46847E5	5.4941E5	4.48212E5	3.91209E5	3.61315E5	3.42164E5	3.35014E5	3.27567E5	3.14651E5	3.05137E5	2.95466E5	2.56673E5	2.21766E5	1.88482E5	1.58349E5	1.47032E5	2.30199E5	8.185E4	5.80947E4
504	8.66014E5	1.28838E7	7.23674E5	6.25818E5	5.23383E5	4.4388E5	3.80394E5	3.52852E5	3.35247E5	3.2614E5	3.19095E5	3.10226E5	3.02026E5	2.86272E5	2.54804E5	2.20627E5	1.86626E5	1.56188E5	1.3624E5	2.40414E5	8.65216E4	6.04823E4
506	8.23476E5	1.06297E7	7.38983E5	6.27793E5	5.32602E5	4.37186E5	3.72487E5	3.41679E5	3.28406E5	3.2095E5	3.13088E5	3.02249E5	2.94191E5	2.85027E5	2.50812E5	2.15972E5	1.85629E5	1.53363E5	1.32053E5	2.31712E5	9.48711E4	6.05067E4
508	8.25781E5	7.87591E6	9.15851E5	6.17136E5	5.20209E5	4.32896E5	3.67901E5	3.3514E5	3.19995E5	3.16454E5	3.03414E5	2.9651E5	2.87617E5	2.83054E5	2.47081E5	2.13518E5	1.83915E5	1.54927E5	1.33844E5	2.10246E5	1.10152E5	6.14958E4
510	8.64685E5	4.85884E6	1.6059E6	6.12743E5	5.04568E5	4.21271E5	3.62561E5	3.31233E5	3.13076E5	3.05351E5	2.97991E5	2.92036E5	2.79135E5	2.71925E5	2.45455E5	2.09519E5	1.80481E5	1.5213E5	1.3091E5	1.77967E5	1.29108E5	6.23128E4
512	1.02183E6	2.48257E6	3.09241E6	6.01903E5	4.9863E5	4.08588E5	3.54194E5	3.20435E5	3.0918E5	2.99898E5	2.91169E5	2.81861E5	2.74541E5	2.69892E5	2.37668E5	2.05571E5	1.80938E5	1.53238E5	1.30343E5	1.49913E5	1.50632E5	6.40545E4
514	1.15648E6	1.21896E6	5.29923E6	5.881E5	4.87318E5	4.02847E5	3.45358E5	3.20363E5	3.04663E5	2.9343E5	2.8564E5	2.77092E5	2.70729E5	2.63667E5	2.32914E5	2.03521E5	1.76046E5	1.50713E5	1.28965E5	1.28147E5	1.71972E5	6.57498E4
516	1.44472E6	8.7118E5	8.07572E6	5.72566E5	4.74485E5	3.99313E5	3.40328E5	3.1426E5	2.96433E5	2.85444E5	2.8005E5	2.70956E5	2.66133E5	2.58407E5	2.31499E5	2.00482E5	1.73564E5	1.5018E5	1.25368E5	1.16501E5	1.90776E5	6.79447E4
518	1.83407E6	7.67495E5	1.09868E7	5.58541E5	4.64046E5	3.99173E5	3.36848E5	3.06326E5	2.85353E5	2.73941E5	2.70214E5	2.64499E5	2.60043E5	2.54126E5	2.23775E5	1.96904E5	1.71497E5	1.46824E5	1.25401E5	1.1052E5	1.9504E5	7.19116E4
520	2.19329E6	7.32396E5	1.31295E7	5.54938E5	4.56252E5	3.85134E5	3.3174E5	2.99217E5	2.87933E5	2.73106E5	2.67998E5	2.58662E5	2.55009E5	2.48274E5	2.23242E5	1.94418E5	1.68858E5	1.45577E5	1.2327E5	1.08506E5	1.86891E5	7.93845E4
522	2.53007E6	7.18168E5	1.36276E7	5.51987E5	4.56403E5	3.76322E5	3.28278E5	2.94815E5	2.76472E5	2.66929E5	2.59574E5	2.51358E5	2.48184E5	2.41485E5	2.16889E5	1.89026E5	1.66419E5	1.43957E5	1.23156E5	1.05094E5	1.71585E5	9.09831E4
524	2.71527E6	6.7324E5	1.24618E7	5.44983E5	4.37298E5	3.70221E5	3.15355E5	2.88598E5	2.68379E5	2.60278E5	2.53977E5	2.47567E5	2.39745E5	2.34473E5	2.11382E5	1.86006E5	1.60407E5	1.39363E5	1.22312E5	1.05428E5	1.46022E5	1.07443E5
526	2.80796E6	6.79094E5	1.01525E7	5.67936E5	4.35101E5	3.64211E5	3.14748E5	2.78841E5	2.64092E5	2.55689E5	2.49079E5	2.37747E5	2.35124E5	2.30298E5	2.05755E5	1.83701E5	1.60109E5	1.39526E5	1.1819E5	1.02069E5	1.23283E5	1.25938E5
528	2.67362E6	6.59624E5	7.17815E6	7.68404E5	4.2589E5	3.56762E5	3.09058E5	2.71507E5	2.58965E5	2.45957E5	2.43995E5	2.31835E5	2.28965E5	2.26921E5	2.04163E5	1.78131E5	1.56593E5	1.36433E5	1.17562E5	1.0106E5	1.04888E5	1.44308E5
530	2.3257E6	6.58457E5	4.23193E6	1.51279E6	4.22069E5	3.52479E5	2.95382E5	2.6906E5	2.51757E5	2.43489E5	2.34654E5	2.29383E5	2.26077E5	2.20503E5	1.97602E5	1.76162E5	1.55138E5	1.35575E5	1.1899E5	9.91717E4	9.20681E4	1.55478E5
532	1.89282E6	6.66617E5	2.11101E6	3.13715E6	4.20065E5	3.4613E5	2.97537E5	2.63549E5	2.47735E5	2.36183E5	2.29971E5	2.23125E5	2.19545E5	2.1534E5	1.94045E5	1.72223E5	1.52275E5	1.33664E5	1.16144E5	9.83846E4	8.58333E4	1.62623E5
534	1.50168E6	7.62054E5	9.84422E5	5.67011E6	4.02752E5	3.34499E5	2.85487E5	2.58087E5	2.42024E5	2.30977E5	2.24139E5	2.17936E5	2.13388E5	2.08014E5	1.88594E5	1.68608E5	1.50533E5	1.30054E5	1.14508E5	9.57191E4	8.47118E4	1.55473E5
536	1.07736E6	9.42022E5	6.61529E5	8.6856E6	4.02108E5	3.2553E5	2.78335E5	2.48267E5	2.36565E5	2.25998E5	2.18111E5	2.07862E5	2.05749E5	2.0453E5	1.83715E5	1.62369E5	1.44579E5	1.26307E5	1.11604E5	9.49526E4	8.13983E4	1.38271E5
538	8.19023E5	1.20068E6	5.94384E5	1.15653E7	3.91613E5	3.17711E5	2.7371E5	2.44479E5	2.3103E5	2.193E5	2.12902E5	2.07234E5	2.01593E5	1.99153E5	1.80089E5	1.59946E5	1.39804E5	1.2522E5	1.09719E5	9.43303E4	8.09228E4	1.19186E5
540	6.22494E5	1.58198E6	5.77893E5	1.36588E7	3.76982E5	3.06233E5	2.6923E5	2.37319E5	2.2163E5	2.11403E5	2.06632E5	1.99056E5	1.96025E5	1.93266E5	1.72887E5	1.5432E5	1.38355E5	1.21973E5	1.06978E5	9.18771E4	7.816E4	9.84532E4
542	5.9257E5	1.95628E6	5.4896E5	1.39943E7	3.81343E5	3.00356E5	2.58902E5	2.30534E5	2.15613E5	2.06702E5	2.02211E5	1.94537E5	1.91841E5	1.89786E5	1.68767E5	1.51465E5	1.34956E5	1.20836E5	1.05609E5	9.06212E4	7.58365E4	8.15882E4
544	5.24091E5	2.40885E6	5.38807E5	1.25527E7	3.69529E5	2.98433E5	2.49331E5	2.2776E5	2.15151E5	2.03168E5	1.94456E5	1.87415E5	1.85199E5	1.82167E5	1.67535E5	1.48554E5	1.33799E5	1.15292E5	1.03171E5	8.89089E4	7.5652E4	7.33932E4
546	5.06898E5	2.7227E6	5.1463E5	9.81888E6	4.04279E5	2.94141E5	2.48182E5	2.21439E5	2.05329E5	1.96857E5	1.89632E5	1.85162E5	1.81301E5	1.7858E5	1.61406E5	1.43608E5	1.2978E5	1.14508E5	9.88215E4	8.61035E4	7.2925E4	6.77008E4
548	4.85809E5	2.88808E6	5.20402E5	6.80066E6	6.70795E5	2.90664E5	2.39993E5	2.16763E5	2.01259E5	1.91897E5	1.85856E5	1.78384E5	1.76645E5	1.73153E5	1.59694E5	1.37539E5	1.27787E5	1.11658E5	9.81691E4	8.53623E4	7.27966E4	6.32719E4
550	5.0651E5	2.8363E6	5.00378E5	3.91947E6	1.52803E6	2.81991E5	2.38381E5	2.14994E5	1.94485E5	1.84278E5	1.81863E5	1.77915E5	1.6901E5	1.69502E5	1.56243E5	1.36335E5	1.22747E5	1.08888E5	9.64795E4	8.38942E4	7.04965E4	6.23373E4
552	4.84689E5	2.60836E6	5.01535E5	1.86789E6	3.18853E6	2.71167E5	2.3455E5	2.0628E5	1.92428E5	1.83523E5	1.76639E5	1.70094E5	1.68E5	1.64559E5	1.49273E5	1.33712E5	1.19406E5	1.06498E5	9.4632E4	8.16752E4	7.12317E4	6.10443E4
554	4.99701E5	2.22222E6	4.97634E5	8.44358E5	5.64204E6	2.63164E5	2.27616E5	2.01717E5	1.8668E5	1.75629E5	1.70143E5	1.65227E5	1.63166E5	1.60032E5	1.44568E5	1.29913E5	1.15844E5	1.02528E5	9.20228E4	8.02586E4	6.67806E4	5.93089E4
556	4.64919E5	1.73187E6	5.55853E5	5.34059E5	8.46851E6	2.63678E5	2.18645E5	1.95686E5	1.83321E5	1.70817E5	1.65608E5	1.62741E5	1.59034E5	1.55024E5	1.40909E5	1.27919E5	1.1576E5	1.00324E5	9.12719E4	7.7909E4	6.79297E4	5.81553E4
558	4.43946E5	1.28697E6	6.64245E5	4.7648E5	1.12093E7	2.60385E5	2.18858E5	1.94405E5	1.76851E5	1.67365E5	1.63285E5	1.53228E5	1.5233E5	1.51748E5	1.37187E5	1.24768E5	1.12267E5	9.81428E4	8.77915E4	7.70859E4	6.59684E4	5.76599E4
560	4.60684E5	9.31706E5	8.75169E5	4.53214E5	1.3064E7	2.58431E5	2.09832E5	1.8934E5	1.72779E5	1.62397E5	1.57565E5	1.54394E5	1.5041E5	1.46472E5	1.32569E5	1.19805E5	1.08928E5	9.70621E4	8.4029E4	7.49308E4	6.46024E4	5.5399E4
562	4.63347E5	6.71298E5	1.17854E6	4.28679E5	1.33084E7	2.4949E5	2.04662E5	1.81833E5	1.65752E5	1.61528E5	1.51526E5	1.46949E5	1.43981E5	1.41528E5	1.30417E5	1.17193E5	1.05367E5	9.36195E4	8.46086E4	7.30513E4	6.35682E4	5.42175E4
564	4.29022E5	5.30487E5	1.54271E6	4.17998E5	1.17109E7	2.54458E5	2.0504E5	1.75528E5	1.65571E5	1.4989E5	1.463E5	1.41249E5	1.40629E5	1.38506E5	1.26858E5	1.13963E5	1.02564E5	9.22284E4	8.19523E4	7.27368E4	6.22209E4	5.35596E4
566	4.36802E5	4.38564E5	1.94671E6	4.09417E5	9.22791E6	2.81363E5	1.95283E5	1.73502E5	1.60241E5	1.51944E5	1.43039E5	1.39409E5	1.35804E5	1.32891E5	1.21438E5	1.08574E5	1.00005E5	9.00755E4	8.0245E4	7.04066E4	6.01327E4	5.19947E4
568	4.20253E5	4.20544E5	2.2897E6	3.98905E5	6.20034E6	5.59608E5	1.90166E5	1.65744E5	1.53087E5	1.45205E5	1.40576E5	1.34857E5	1.3356E5	1.32119E5	1.17538E5	1.07926E5	9.61565E4	8.62347E4	7.72456E4	6.93945E4	5.82978E4	4.9697E4
570	4.30981E5	3.99513E5	2.58441E6	3.98014E5	3.47892E6	1.42292E6	1.90961E5	1.65355E5	1.51292E5	1.42031E5	1.35933E5	1.3179E5	1.28691E5	1.27399E5	1.17396E5	1.05941E5	9.42744E4	8.47134E4	7.4586E4	6.63693E4	5.75097E4	4.92714E4
572	4.32784E5	3.9333E5	2.68812E6	3.77888E5	1.57606E6	3.14081E6	1.88785E5	1.64405E5	1.47603E5	1.36965E5	1.31575E5	1.25592E5	1.19779E5	1.2317E5	1.10591E5	9.96569E4	9.16519E4	8.35021E4	7.36101E4	6.5298E4	5.58821E4	4.92022E4
574	4.09634E5	3.60373E5	2.57347E6	3.76385E5	6.68758E5	5.57557E6	1.79717E5	1.57179E5	1.40883E5	1.32549E5	1.26456E5	1.24581E5	1.22187E5	1.1848E5	1.0773E5	9.72996E4	8.90117E4	7.84862E4	7.12865E4	6.38214E4	5.39499E4	4.59637E4
576	3.96108E5	3.83403E5	2.29524E6	3.72931E5	4.09639E5	8.34321E6	1.797E5	1.50757E5	1.39958E5	1.29546E5	1.2455E5	1.16346E5	1.1551E5	1.14233E5	1.05501E5	9.2459E4	8.6514E4	7.63478E4	6.88582E4	6.30678E4	5.27315E4	4.6574E4
578	3.7481E5	3.39863E5	1.91651E6	3.92531E5	3.68775E5	1.09016E7	1.75817E5	1.48349E5	1.37697E5	1.24873E5	1.21933E5	1.16929E5	1.13512E5	1.10683E5	1.01135E5	9.06776E4	8.2955E4	7.49935E4	6.69134E4	6.129E4	5.22964E4	4.53873E4
580	3.97116E5	3.47914E5	1.49558E6	4.48026E5	3.45851E5	1.26368E7	1.70863E5	1.42729E5	1.29688E5	1.20372E5	1.1819E5	1.10369E5	1.11012E5	1.06563E5	9.91297E4	8.85119E4	8.13067E4	7.35141E4	6.49225E4	5.69731E4	5.14674E4	4.4073E4
582	3.95734E5	3.49216E5	1.11096E6	5.76405E5	3.32788E5	1.28492E7	1.68109E5	1.37103E5	1.28049E5	1.17953E5	1.13313E5	1.10628E5	1.06479E5	1.06339E5	9.60311E4	8.57244E4	7.8667E4	7.25458E4	6.4432E4	5.59428E4	4.8745E4	4.25717E4
584	3.44921E5	3.18772E5	7.74518E5	7.73005E5	3.33002E5	1.12571E7	1.70183E5	1.36445E5	1.21451E5	1.14606E5	1.09329E5	1.04477E5	1.02182E5	1.01744E5	9.17927E4	8.33145E4	7.60904E4	6.93817E4	6.30798E4	5.47513E4	4.8788E4	4.23666E4
586	4.04049E5	3.24146E5	5.40635E5	1.05107E6	3.24813E5	8.71216E6	1.9952E5	1.37887E5	1.19658E5	1.13076E5	1.08833E5	1.04059E5	1.00672E5	9.72894E4	9.02476E4	8.15463E4	7.30061E4	6.72805E4	5.90711E4	5.36848E4	4.70263E4	4.0033E4
588	3.64823E5	3.13525E5	4.28097E5	1.40685E6	3.26826E5	5.68649E6	4.59754E5	1.34095E5	1.16555E5	1.08951E5	1.00506E5	1.00668E5	9.39729E4	9.45024E4	8.7216E4	7.69096E4	7.25839E4	6.32635E4	5.75674E4	5.21057E4	4.68937E4	4.01712E4
590	3.81181E5	3.13796E5	3.58984E5	1.76912E6	3.2479E5	3.03496E6	1.35147E6	1.28373E5	1.13404E5	1.0696E5	9.88034E4	9.62797E4	9.38069E4	8.9795E4	8.39763E4	7.68836E4	7.04262E4	6.1912E4	5.65031E4	5.01175E4	4.39396E4	3.95195E4
592	3.65917E5	3.02714E5	3.33257E5	2.10255E6	3.18687E5	1.28129E6	3.12746E6	1.26795E5	1.07524E5	1.01358E5	9.75044E4	9.04895E4	9.09314E4	9.01406E4	7.97767E4	7.30053E4	6.62503E4	6.01495E4	5.44737E4	4.9522E4	4.35861E4	3.71292E4
594	3.44207E5	3.07937E5	3.2591E5	2.30456E6	3.06416E5	4.96995E5	5.55826E6	1.21982E5	1.07395E5	1.00915E5	9.37794E4	8.95962E4	8.60898E4	8.51299E4	7.75344E4	7.14546E4	6.41792E4	5.99323E4	5.20821E4	4.69428E4	4.14053E4	3.65388E4
596	3.15272E5	3.12166E5	3.28157E5	2.38533E6	3.14591E5	3.09329E5	8.27401E6	1.16096E5	1.03506E5	9.60847E4	9.22175E4	8.62767E4	8.44086E4	8.43209E4	7.69508E4	6.87004E4	6.27113E4	5.70933E4	5.08958E4	4.6348E4	4.15539E4	3.577E4
598	3.62525E5	2.79687E5	3.23824E5	2.24825E6	3.1288E5	2.7254E5	1.06721E7	1.16804E5	1.02993E5	9.41982E4	8.89E4	8.39354E4	8.29362E4	7.9929E4	7.47261E4	6.60253E4	6.20027E4	5.50083E4	4.95213E4	4.31E4	3.88187E4	3.50704E4
600	3.28732E5	2.96074E5	3.1618E5	2.01521E6	3.23015E5	2.63141E5	1.21007E7	1.14256E5	9.89365E4	9.22159E4	8.5916E4	8.36869E4	8.02286E4	7.61402E4	7.22268E4	6.34828E4	6.15568E4	5.71056E4	4.82726E4	4.40795E4	3.65975E4	3.33282E4
