300	1.90653E5	1.28688E5	1.35864E5	2.74126E6	2.87935E5	2.43616E5	1.96881E7	8.20772E4	1.02878E4	6346.03971	3918.16543	3315.05599	2399.55086	1951.19979	1846.38505	1517.04815	1350.04223	1168.16755	1117.61097	1067.71065	636.47923	1069.18212
302	1.92542E5	1.34696E5	1.31794E5	1.83191E6	6.1222E5	1.67844E5	1.69693E7	9.07885E5	1.14654E4	6907.89665	4611.95155	3228.11537	2132.77303	2388.16077	2298.86655	1853.95771	1546.35868	1120.27001	1347.10393	1192.07239	1182.5837	801.11507
304	1.96485E5	1.25847E5	1.45978E5	9.78917E5	1.2058E6	1.59314E5	1.06202E7	3.87463E6	1.48858E4	6826.99595	4521.58901	3512.76954	2655.3402	2504.23569	2017.19706	1350.51185	1366.29516	1192.34189	1068.0963	805.82373	981.49372	864.56676
306	1.91273E5	1.24033E5	1.45293E5	4.78678E5	1.99478E6	1.53838E5	4.50374E6	9.55522E6	1.76799E4	6864.49568	4803.2847	3666.72807	3013.53223	1983.69202	1778.32822	1619.12335	1547.32082	956.91017	1049.27475	1132.24884	747.36093	904.83058
308	1.90378E5	1.29336E5	1.4821E5	2.69899E5	2.70856E6	1.53852E5	1.14622E6	1.60445E7	2.74602E4	8250.66393	4584.44926	3567.63243	3049.34203	2469.0461	1826.06581	1579.68939	1353.76561	1209.4526	1213.92609	971.15747	849.21414	801.78572
310	1.95482E5	1.29823E5	1.54304E5	2.15445E5	2.90184E6	1.65329E5	2.17085E5	1.87496E7	6.98219E4	8783.46782	4246.19399	3804.63961	2504.72158	2424.63672	2108.41827	1422.64334	1560.91137	1277.28259	938.74615	1038.41058	905.07042	759.70656
312	1.93649E5	1.37161E5	1.57782E5	1.97971E5	2.4694E6	2.54901E5	1.30736E5	1.62835E7	7.41909E5	9875.72825	4898.61679	3535.20209	2664.64389	2500.90721	2084.10035	1610.34627	1404.04628	1225.19231	1328.52952	1082.2399	929.64513	949.3269
314	2.19967E5	1.34048E5	1.62037E5	2.00458E5	1.6785E6	5.16768E5	1.15399E5	9.77286E6	3.60404E6	1.12476E4	5414.46249	3629.44193	3166.97652	2463.3218	2001.43966	1351.98845	1494.25042	1339.30862	982.20234	1204.51396	702.56471	968.16209
316	1.80288E5	1.39133E5	1.73326E5	2.00068E5	9.41812E5	1.01351E6	1.06657E5	3.97595E6	9.18628E6	1.52014E4	5745.9561	4303.2476	3135.83816	2466.90128	2103.4091	1490.26713	1476.48427	969.92545	1028.95018	1392.5653	710.39775	913.40371
318	2.05859E5	1.42625E5	1.80554E5	2.01526E5	4.93913E5	1.66648E6	1.06291E5	9.92197E5	1.50313E7	2.27259E4	5940.10253	4311.53971	2970.42623	2148.08511	1844.46045	1696.55595	1096.59608	1213.30701	1153.32674	726.56747	1061.75639	853.77607
320	1.99809E5	1.49172E5	1.75726E5	2.08964E5	3.02672E5	2.25498E6	1.02877E5	1.69837E5	1.73617E7	6.87207E4	6846.71236	4828.18127	3625.76565	1993.10522	1819.69078	1394.56526	1184.70267	1173.3815	946.34769	858.12712	930.14767	914.20494
322	2.13314E5	1.45253E5	1.76365E5	2.07108E5	2.45098E5	2.38887E6	1.12513E5	1.03162E5	1.45076E7	7.62829E5	7939.98108	4683.06611	3164.01062	2743.89689	1762.03523	1517.52117	1278.16643	1016.83073	1092.30153	731.21782	885.1319	732.79686
324	2.05216E5	1.55556E5	1.76775E5	2.12759E5	2.42012E5	2.04293E6	1.74746E5	8.7139E4	8.53722E6	3.31522E6	9852.48076	4411.83815	3149.6263	2493.24643	1566.53603	1421.8429	1312.58217	1031.50599	834.64269	1123.94852	817.4392	776.02472
326	2.20147E5	1.60615E5	1.70121E5	2.1056E5	2.36839E5	1.45381E6	3.584E5	8.33E4	3.32969E6	7.69069E6	1.21648E4	5209.86523	3430.04185	2410.66657	2130.09948	1444.22809	1290.00893	1104.35704	1115.8677	1027.97185	884.28632	711.91546
328	2.01022E5	1.54642E5	1.78826E5	2.2225E5	2.29861E5	8.72799E5	7.13866E5	8.13119E4	8.43442E5	1.20918E7	1.81851E4	5429.55819	3291.26534	2384.85607	2131.37576	1094.53995	1442.56334	1068.73331	1012.70916	852.91052	828.35739	677.56575
330	2.43691E5	1.61364E5	1.78862E5	2.26898E5	2.34896E5	4.65066E5	1.24024E6	7.77239E4	1.47619E5	1.39273E7	4.66645E4	6256.18196	3804.43045	2676.70556	2201.40091	1381.03063	1259.75421	1110.70097	857.47045	830.58098	1117.79376	815.10386
332	2.05438E5	1.63101E5	1.74678E5	2.24614E5	2.3138E5	2.80199E5	1.70751E6	7.77356E4	9.03201E4	1.20815E7	4.91991E5	7143.90069	3581.1507	2940.13263	1855.15322	1405.26807	1122.8672	1025.14904	974.21274	656.70542	974.37011	777.49255
334	2.73707E5	1.58526E5	1.85825E5	2.25763E5	2.33909E5	2.14981E5	1.92735E6	8.34689E4	7.72317E4	7.59836E6	2.27417E6	7599.50771	4057.33167	3109.90103	1823.2728	1566.40711	1119.68953	1209.8366	964.82541	721.15202	948.6085	764.56341
336	2.53707E5	1.73809E5	1.84663E5	2.25787E5	2.38338E5	2.02285E5	1.77166E6	1.20428E5	7.39612E4	3.19285E6	5.92189E6	1.01242E4	4420.46942	2953.80087	2193.68795	1449.35285	1098.03509	1157.80178	826.44536	913.44599	959.14375	922.80099
338	2.71994E5	1.78525E5	1.83398E5	2.24231E5	2.32267E5	1.97245E5	1.34014E6	2.41559E5	7.28099E4	8.75803E5	9.65451E6	1.45032E4	4821.94929	2841.92512	2021.05092	1435.73865	964.80614	1007.95533	830.25749	722.0198	847.64838	765.05459
340	2.87601E5	1.83175E5	1.82287E5	2.22023E5	2.35448E5	1.94669E5	8.16141E5	5.0561E5	7.27492E4	1.43001E5	1.13845E7	3.53858E4	5180.41455	3300.48683	2165.47028	1474.48252	1087.90744	875.99662	1003.1991	822.31377	866.63266	721.54512
342	3.07564E5	1.78527E5	1.89027E5	2.19122E5	2.38741E5	1.92468E5	4.37873E5	8.81353E5	7.16197E4	8.19251E4	9.78022E6	3.75978E5	5738.08502	3038.99713	2365.00773	1194.62872	1198.62109	950.81586	819.86821	732.58342	895.35069	641.8082
344	2.97765E5	1.74409E5	1.85855E5	2.17019E5	2.2533E5	1.95E5	2.31712E5	1.31739E6	7.2107E4	7.14941E4	5.99234E6	1.97048E6	6116.97733	3356.71134	2153.31769	1468.40655	1353.58394	1077.38305	894.5375	647.00606	657.42976	837.30731
346	2.92893E5	1.84311E5	1.83504E5	2.08226E5	2.29025E5	1.92751E5	1.63967E5	1.53032E6	7.67341E4	6.96443E4	2.49176E6	5.02854E6	8798.74156	3803.86521	2343.35274	1623.35648	1223.89934	920.73625	749.2863	741.83125	626.12679	801.97483
348	3.01295E5	1.82419E5	1.80419E5	2.09568E5	2.26259E5	1.95569E5	1.4527E5	1.45822E6	1.09359E5	6.81108E4	6.22852E5	8.17867E6	1.31463E4	4134.26158	2159.2156	1683.14679	1142.02519	1034.31485	953.7285	896.01847	729.89867	560.98588
350	2.78443E5	1.90195E5	1.82615E5	2.13785E5	2.22003E5	1.94755E5	1.45254E5	1.15755E6	1.91628E5	7.14276E4	1.17743E5	9.61819E6	2.92045E4	4072.46808	2620.95055	1740.21818	1381.92252	816.38049	716.59927	623.77334	548.123	600.70465
352	3.10014E5	1.95216E5	1.87673E5	2.10005E5	2.21948E5	1.9018E5	1.4457E5	7.37896E5	3.80075E5	7.36917E4	6.95629E4	8.20603E6	3.45837E5	4815.74982	2439.23814	1627.52337	1252.75393	1003.84952	759.63423	751.30682	862.52101	653.68839
354	2.89419E5	1.9553E5	1.90428E5	2.06387E5	2.16179E5	1.9161E5	1.45881E5	4.20453E5	6.59079E5	7.47783E4	6.11991E4	5.08126E6	1.60814E6	5917.58581	2630.91464	1712.99945	1182.71052	1001.28909	823.60435	775.03898	586.24108	556.34684
356	3.09961E5	1.95873E5	1.84574E5	2.04936E5	2.10026E5	1.98269E5	1.49973E5	2.42163E5	9.68883E5	7.77223E4	6.0385E4	2.05286E6	4.27608E6	7779.18213	2655.39033	1828.58716	1218.66678	866.44028	846.96466	793.73429	637.79991	576.35531
358	2.98523E5	2.12183E5	1.96248E5	2.01042E5	2.12644E5	1.99642E5	1.55773E5	1.6517E5	1.18756E6	8.39386E4	6.2131E4	5.39574E5	7.31476E6	1.09375E4	2999.03731	1604.34033	1092.69744	1011.22608	940.04279	772.11416	621.22534	527.28134
360	3.1524E5	2.19826E5	1.93879E5	1.99763E5	2.10732E5	1.96907E5	1.55489E5	1.47237E5	1.20664E6	9.96286E4	6.71372E4	1.03978E5	8.99882E6	2.32154E4	3428.45603	1726.86736	1303.16108	1075.83042	670.80001	620.91911	730.36529	692.35953
362	3.1402E5	2.12807E5	1.97903E5	2.01972E5	2.10457E5	1.98941E5	1.62119E5	1.44781E5	1.021E6	1.47342E5	6.89889E4	6.35129E4	8.24138E6	2.50329E5	3893.06552	1950.12625	1585.09025	1002.00962	832.56216	626.97357	734.64032	638.28355
364	3.36091E5	2.28311E5	1.96224E5	2.03448E5	2.0911E5	2.02371E5	1.6647E5	1.43367E5	7.29203E5	2.62324E5	7.11327E4	5.5223E4	5.33718E6	1.35661E6	4639.81552	1792.73059	1642.19773	1039.90193	932.05521	602.31281	626.03095	620.75474
366	3.26134E5	2.30844E5	2.02543E5	2.02793E5	2.08288E5	2.00685E5	1.69811E5	1.49636E5	4.41104E5	4.5929E5	7.41818E4	5.40048E4	2.24549E6	3.90635E6	6401.35351	2176.28002	1437.62501	955.7158	782.56587	814.00998	710.10765	575.91717
368	3.34682E5	2.43881E5	2.15067E5	2.03174E5	2.06506E5	2.01353E5	1.75439E5	1.55862E5	2.69247E5	7.02514E5	7.84084E4	5.57474E4	5.75618E5	6.6565E6	9159.14749	2557.00122	1426.69257	1102.12991	785.7509	774.46285	633.4362	709.62081
370	3.2215E5	2.49354E5	2.10648E5	2.05479E5	2.06235E5	2.04651E5	1.81735E5	1.61129E5	1.87478E5	9.23599E5	8.43726E4	5.83414E4	9.51312E4	7.86304E6	2.53679E4	2595.49953	1544.74968	1046.85355	778.28197	778.18994	671.13002	693.60513
372	3.35784E5	2.42833E5	2.13554E5	2.09468E5	2.05875E5	2.03989E5	1.84764E5	1.68781E5	1.65428E5	9.93016E5	9.78633E4	6.36175E4	5.67988E4	6.77525E6	2.94083E5	3083.34268	1530.17535	1080.43821	853.75837	787.80082	634.72916	414.68766
374	3.42579E5	2.6202E5	2.1773E5	2.0972E5	2.07227E5	2.04879E5	1.86422E5	1.72452E5	1.62213E5	8.88757E5	1.3345E5	6.42696E4	5.00902E4	4.17038E6	1.45573E6	3943.5737	1680.21089	1350.31759	990.43834	752.96839	627.67589	572.64503
376	3.34949E5	2.68103E5	2.2478E5	2.11395E5	2.09149E5	2.09853E5	1.93087E5	1.78657E5	1.62268E5	6.79921E5	2.11457E5	6.89506E4	4.77258E4	1.71204E6	3.62668E6	5175.41741	2041.40395	1256.88314	1062.41139	626.4195	670.14778	633.51799
378	3.45168E5	2.81024E5	2.24359E5	2.11037E5	2.1143E5	2.10278E5	1.98272E5	1.82297E5	1.65534E5	4.53753E5	3.54103E5	7.16795E4	4.78371E4	4.33421E5	5.88935E6	8043.31439	2072.01079	1153.12382	1096.26518	556.50044	635.80054	620.78449
380	3.47375E5	2.92263E5	2.3238E5	2.12377E5	2.15462E5	2.13821E5	2.02684E5	1.87471E5	1.72566E5	2.94111E5	5.40204E5	7.5731E4	5.17007E4	8.08193E4	6.79555E6	1.7672E4	2472.159	1203.22856	1091.78516	890.72365	652.75101	572.6215
382	3.56211E5	2.82904E5	2.39915E5	2.15932E5	2.17427E5	2.15122E5	2.09878E5	1.93382E5	1.7761E5	2.12681E5	7.18277E5	8.1333E4	5.54639E4	5.2034E4	5.98734E6	1.81991E5	2703.75249	1516.42585	1161.10539	873.53193	794.58134	565.77044
384	3.66758E5	3.04619E5	2.4133E5	2.16768E5	2.16322E5	2.19154E5	2.12279E5	2.00308E5	1.82769E5	1.81239E5	8.21136E5	8.92241E4	5.77647E4	4.52278E4	3.86014E6	9.37176E5	3344.0728	1540.95669	1186.79191	881.99566	724.71292	582.97778
386	3.90863E5	2.97924E5	2.47945E5	2.2308E5	2.20026E5	2.26003E5	2.16019E5	2.03316E5	1.88558E5	1.73269E5	8.05621E5	1.11708E5	6.13045E4	4.39365E4	1.65209E6	2.75772E6	4856.91402	1608.41808	1073.51547	949.00143	737.90602	524.49814
388	3.59771E5	3.10137E5	2.62693E5	2.26219E5	2.23081E5	2.24804E5	2.23467E5	2.11677E5	1.89962E5	1.74594E5	6.69893E5	1.60024E5	6.34182E4	4.32732E4	4.41797E5	4.85964E6	7412.80122	1857.18628	1227.0892	875.34163	742.05596	702.12744
390	3.90459E5	3.22105E5	2.61036E5	2.36175E5	2.24777E5	2.31544E5	2.28275E5	2.15916E5	1.96843E5	1.74664E5	4.94706E5	2.54634E5	6.81937E4	4.66778E4	7.84393E4	6.16136E6	1.66957E4	2059.17606	1307.99555	1147.9031	663.37062	581.39163
392	3.86555E5	3.40536E5	2.74006E5	2.36818E5	2.31742E5	2.32566E5	2.29386E5	2.22474E5	2.00098E5	1.78544E5	3.28821E5	4.0055E5	7.29014E4	5.17565E4	4.55513E4	5.69053E6	1.97164E5	2424.22328	1617.80939	1115.74434	772.2069	729.28484
394	4.14571E5	3.36572E5	2.77312E5	2.3846E5	2.29018E5	2.37797E5	2.32424E5	2.27954E5	2.06176E5	1.83887E5	2.2938E5	5.60756E5	7.64298E4	5.49238E4	4.12818E4	3.91E6	9.30009E5	3242.04857	1772.13285	904.88132	917.33739	511.24341
396	4.27985E5	3.45278E5	2.78421E5	2.44784E5	2.32202E5	2.36596E5	2.34582E5	2.2782E5	2.07965E5	1.85783E5	1.82923E5	6.80783E5	8.19707E4	5.71286E4	3.80202E4	1.74066E6	2.57714E6	4555.89485	1815.63035	1043.98223	924.90406	779.40615
398	4.26173E5	3.43485E5	2.95333E5	2.50663E5	2.34417E5	2.37229E5	2.40384E5	2.33639E5	2.1244E5	1.90776E5	1.6982E5	7.03368E5	9.6225E4	5.95912E4	3.88696E4	4.86104E5	4.56673E6	6441.75344	1916.80981	1136.87225	1077.049	687.77138
400	4.24234E5	3.58655E5	3.02142E5	2.51722E5	2.35191E5	2.4253E5	2.41965E5	2.31992E5	2.15671E5	1.943E5	1.68164E5	6.30124E5	1.25416E5	6.30505E4	3.97359E4	8.2064E4	5.6786E6	1.47156E4	2122.10664	1098.12522	851.04635	699.26222
402	4.33818E5	3.63632E5	2.98189E5	2.65603E5	2.48204E5	2.48256E5	2.49255E5	2.33878E5	2.17423E5	1.98847E5	1.7228E5	4.90132E5	1.87314E5	6.70817E4	4.37275E4	4.30786E4	5.13242E6	1.52072E5	2490.42305	1239.64091	686.6339	801.96699
404	4.37529E5	3.79823E5	3.03597E5	2.65888E5	2.45693E5	2.50939E5	2.48231E5	2.37236E5	2.2234E5	2.02102E5	1.7493E5	3.47026E5	2.89793E5	7.16878E4	4.61618E4	3.59933E4	3.35547E6	8.05616E5	3115.55347	1370.22113	879.70371	662.8809
406	4.28383E5	3.78031E5	3.1814E5	2.6685E5	2.50112E5	2.51846E5	2.51512E5	2.40202E5	2.26921E5	2.044E5	1.77715E5	2.43456E5	4.168E5	7.63236E4	5.01434E4	3.43122E4	1.43372E6	2.2141E6	4214.28222	1512.37228	937.771	755.79363
408	4.6313E5	3.80986E5	3.21348E5	2.71828E5	2.52154E5	2.53236E5	2.55389E5	2.40833E5	2.27483E5	2.05953E5	1.8167E5	1.91915E5	5.38421E5	8.12934E4	5.28392E4	3.34767E4	3.69226E5	3.87884E6	7065.35515	1628.88046	1037.85113	870.6018
410	4.64606E5	4.06475E5	3.3869E5	2.78941E5	2.58979E5	2.54128E5	2.51946E5	2.41145E5	2.28611E5	2.09399E5	1.85976E5	1.69469E5	6.03737E5	8.95912E4	5.52076E4	3.47438E4	5.87417E4	4.72877E6	1.41263E4	1819.24319	985.23244	896.48664
412	4.68377E5	3.92299E5	3.36878E5	2.80768E5	2.58416E5	2.5537E5	2.55292E5	2.42279E5	2.31547E5	2.10418E5	1.87653E5	1.65817E5	5.84234E5	1.0926E5	5.78511E4	3.7152E4	3.64843E4	4.31722E6	1.55584E5	2404.95449	905.2311	897.82013
414	4.60191E5	4.19946E5	3.39437E5	2.83475E5	2.59971E5	2.57612E5	2.58262E5	2.44794E5	2.28398E5	2.12436E5	1.92377E5	1.64538E5	5.01666E5	1.48784E5	6.06544E4	3.99457E4	3.28973E4	2.84509E6	8.11756E5	2837.29622	1063.36163	981.29169
416	4.70328E5	4.1515E5	3.48789E5	2.87928E5	2.60776E5	2.54325E5	2.54666E5	2.42994E5	2.32227E5	2.17568E5	1.94257E5	1.67525E5	3.78663E5	2.20115E5	6.45096E4	4.30494E4	3.03786E4	1.22098E6	2.21563E6	4043.61834	1254.59135	932.86605
418	4.5651E5	4.30176E5	3.52822E5	2.88303E5	2.6686E5	2.57829E5	2.546E5	2.46324E5	2.34067E5	2.18355E5	1.97877E5	1.68593E5	2.74315E5	3.20317E5	6.83091E4	4.56187E4	2.9908E4	3.132E5	3.81602E6	6038.46663	1433.78012	901.1449
420	4.65963E5	4.21643E5	3.56556E5	2.97087E5	2.6461E5	2.59745E5	2.53249E5	2.46956E5	2.35046E5	2.20004E5	1.99163E5	1.72607E5	2.03251E5	4.27591E5	7.22147E4	4.83061E4	3.15009E4	5.29128E4	4.82631E6	1.28652E4	1553.23988	1003.16196
422	4.88874E5	4.31258E5	3.5875E5	3.06489E5	2.72479E5	2.61017E5	2.55133E5	2.45814E5	2.33795E5	2.21012E5	2.03081E5	1.74578E5	1.69609E5	5.13873E5	7.86412E4	5.13342E4	3.22622E4	3.22432E4	4.4341E6	1.46656E5	1838.22789	972.3852
424	4.77049E5	4.33758E5	3.61995E5	3.06852E5	2.74052E5	2.62954E5	2.54549E5	2.46776E5	2.36591E5	2.21712E5	2.03381E5	1.77687E5	1.58341E5	5.31162E5	9.01553E4	5.39325E4	3.63219E4	2.91917E4	3.08249E6	7.14216E5	2297.33113	1065.13365
426	4.89964E5	4.24639E5	3.64826E5	3.14457E5	2.75299E5	2.59133E5	2.52977E5	2.43376E5	2.33734E5	2.25587E5	2.05777E5	1.80374E5	1.6012E5	4.83917E5	1.12403E5	5.79095E4	3.80479E4	2.76557E4	1.32723E6	2.05602E6	3783.87105	1383.26041
428	4.84809E5	4.38337E5	3.73787E5	3.09846E5	2.72907E5	2.6196E5	2.5414E5	2.44378E5	2.35501E5	2.234E5	2.08598E5	1.84573E5	1.58659E5	3.83293E5	1.5999E5	5.9631E4	4.20054E4	2.71738E4	3.53647E5	3.69125E6	5375.32085	1453.08788
430	4.80572E5	4.50641E5	3.81086E5	3.16008E5	2.74177E5	2.59142E5	2.45752E5	2.42175E5	2.35753E5	2.25296E5	2.09006E5	1.85899E5	1.59923E5	2.86425E5	2.30944E5	6.31366E4	4.41209E4	2.68546E4	5.39783E4	4.53471E6	1.23138E4	1693.90474
432	4.85193E5	4.46228E5	3.79819E5	3.17066E5	2.80376E5	2.59455E5	2.51654E5	2.4038E5	2.32536E5	2.26656E5	2.097E5	1.8702E5	1.6497E5	2.12517E5	3.14801E5	6.71468E4	4.5827E4	2.93411E4	3.20654E4	3.98225E6	1.30433E5	2054.99416
434	4.96192E5	4.46066E5	3.89919E5	3.28248E5	2.82617E5	2.61852E5	2.47336E5	2.43194E5	2.32322E5	2.25274E5	2.09444E5	1.92141E5	1.6647E5	1.73177E5	3.93159E5	7.08664E4	4.87908E4	3.12778E4	2.82141E4	2.40694E6	6.71742E5	2560.61003
436	4.92328E5	4.47914E5	3.93291E5	3.29979E5	2.85643E5	2.60638E5	2.45242E5	2.40561E5	2.30763E5	2.245E5	2.11312E5	1.92514E5	1.67668E5	1.57708E5	4.35738E5	7.76161E4	5.10034E4	3.43804E4	2.7094E4	9.59813E5	1.8457E6	3773.14095
438	4.8978E5	4.35887E5	3.85765E5	3.37304E5	2.88939E5	2.61452E5	2.43707E5	2.40207E5	2.30389E5	2.25198E5	2.1223E5	1.92411E5	1.71039E5	1.53007E5	4.29029E5	9.10512E4	5.25682E4	3.68148E4	2.65733E4	2.32095E5	3.50344E6	5044.48867
440	5.00914E5	4.47972E5	3.99267E5	3.39013E5	2.86071E5	2.58254E5	2.43548E5	2.3953E5	2.28747E5	2.20346E5	2.1409E5	1.92901E5	1.71774E5	1.52624E5	3.75959E5	1.17127E5	5.60166E4	3.98373E4	2.69905E4	4.17346E4	4.46807E6	1.0102E4
442	4.7811E5	4.46366E5	3.99227E5	3.38435E5	2.89887E5	2.53517E5	2.43652E5	2.324E5	2.28777E5	2.2185E5	2.08854E5	1.92999E5	1.75365E5	1.53876E5	3.00473E5	1.5823E5	5.95181E4	4.12245E4	2.78565E4	2.94221E4	3.86508E6	8.6756E4
444	5.06252E5	4.46423E5	3.94325E5	3.38409E5	2.82578E5	2.54102E5	2.40839E5	2.31124E5	2.25372E5	2.21661E5	2.09745E5	1.9557E5	1.74462E5	1.5474E5	2.24941E5	2.18807E5	6.22569E4	4.28948E4	2.97975E4	2.64198E4	2.40564E6	4.99809E5
446	4.79021E5	4.507E5	4.0345E5	3.41897E5	2.88501E5	2.54641E5	2.36762E5	2.27881E5	2.23845E5	2.20587E5	2.09958E5	1.96971E5	1.75935E5	1.55078E5	1.75865E5	2.85441E5	6.39666E4	4.57696E4	3.17657E4	2.56556E4	9.46004E5	1.65618E6
448	4.88077E5	4.58051E5	3.92165E5	3.39786E5	2.8739E5	2.59459E5	2.40724E5	2.30259E5	2.24102E5	2.17851E5	2.11733E5	1.94635E5	1.7717E5	1.57728E5	1.46316E5	3.41721E5	7.0181E4	4.90614E4	3.53644E4	2.50682E4	2.4714E5	3.20448E6
450	4.88182E5	4.55071E5	4.00243E5	3.41886E5	2.91209E5	2.53893E5	2.36478E5	2.26354E5	2.21308E5	2.19619E5	2.09224E5	1.96324E5	1.78933E5	1.59953E5	1.37672E5	3.66954E5	7.83675E4	5.11668E4	3.73647E4	2.46952E4	4.40891E4	4.34714E6
452	4.81423E5	4.43586E5	3.97835E5	3.41453E5	2.88661E5	2.53856E5	2.3637E5	2.24754E5	2.18895E5	2.1564E5	2.09526E5	1.92982E5	1.78089E5	1.5987E5	1.35291E5	3.56223E5	9.44167E4	5.43475E4	3.97295E4	2.71411E4	2.7412E4	4.13828E6
454	4.774E5	4.38322E5	3.99991E5	3.48285E5	2.89407E5	2.57027E5	2.33963E5	2.23331E5	2.16791E5	2.13591E5	2.04344E5	1.94255E5	1.78209E5	1.61441E5	1.34159E5	3.04368E5	1.21635E5	5.72052E4	4.14251E4	2.71308E4	2.48762E4	2.58146E6
456	4.71123E5	4.41929E5	4.04753E5	3.50765E5	2.89308E5	2.4716E5	2.3101E5	2.19402E5	2.14465E5	2.11082E5	2.03306E5	1.91948E5	1.78385E5	1.62722E5	1.35103E5	2.40788E5	1.64682E5	5.82544E4	4.3223E4	2.95123E4	2.34178E4	1.00352E6
458	4.70692E5	4.53974E5	4.02704E5	3.45198E5	2.9014E5	2.49356E5	2.28451E5	2.18912E5	2.09274E5	2.09895E5	2.02833E5	1.93494E5	1.7615E5	1.63118E5	1.34016E5	1.82594E5	2.1863E5	6.05924E4	4.40122E4	3.24371E4	2.30715E4	2.32343E5
460	4.71903E5	4.52567E5	3.96264E5	3.45466E5	2.85405E5	2.47005E5	2.25576E5	2.12825E5	2.10927E5	2.06454E5	1.9871E5	1.89685E5	1.76864E5	1.62653E5	1.36399E5	1.46027E5	2.73216E5	6.35878E4	4.75188E4	3.4013E4	2.22572E4	3.91528E4
462	4.40942E5	4.40372E5	4.05632E5	3.4385E5	2.89003E5	2.47099E5	2.25044E5	2.11932E5	2.06116E5	2.03822E5	1.97642E5	1.89208E5	1.76533E5	1.64646E5	1.36869E5	1.24929E5	3.09432E5	6.89144E4	5.00859E4	3.6333E4	2.29774E4	2.4466E4
464	4.62336E5	4.34308E5	3.94571E5	3.40141E5	2.87456E5	2.42091E5	2.17884E5	2.09487E5	2.05202E5	1.99126E5	1.94885E5	1.86909E5	1.76716E5	1.663E5	1.36465E5	1.19216E5	3.14238E5	7.7145E4	5.10757E4	3.7096E4	2.41168E4	2.12896E4
466	4.70873E5	4.29045E5	3.91773E5	3.39824E5	2.83658E5	2.42041E5	2.16443E5	2.0776E5	2.01999E5	1.97401E5	1.94707E5	1.85952E5	1.74853E5	1.62036E5	1.37656E5	1.16937E5	2.82046E5	9.33195E4	5.33093E4	3.94951E4	2.51823E4	2.08558E4
468	6.06297E5	4.29149E5	3.9669E5	3.39403E5	2.82388E5	2.39185E5	2.15713E5	2.00844E5	1.97392E5	1.93936E5	1.90682E5	1.83158E5	1.71427E5	1.63784E5	1.37559E5	1.14775E5	2.37541E5	1.19825E5	5.37292E4	4.00639E4	2.65336E4	1.95589E4
470	1.1146E6	4.28351E5	3.89639E5	3.37505E5	2.84343E5	2.43271E5	2.13899E5	2.00143E5	1.91468E5	1.93081E5	1.89345E5	1.79762E5	1.71912E5	1.63335E5	1.37382E5	1.16284E5	1.86369E5	1.57221E5	5.5527E4	4.16587E4	2.86236E4	1.96121E4
472	2.12659E6	4.21024E5	3.8996E5	3.35241E5	2.77874E5	2.36989E5	2.11571E5	2.00709E5	1.92619E5	1.89525E5	1.85086E5	1.77711E5	1.71282E5	1.6177E5	1.37399E5	1.14947E5	1.44548E5	2.00791E5	5.68451E4	4.32665E4	3.00055E4	1.94364E4
474	3.80096E6	4.30544E5	3.87616E5	3.35385E5	2.80144E5	2.33782E5	2.10096E5	1.93954E5	1.88885E5	1.86461E5	1.82505E5	1.77863E5	1.67196E5	1.60205E5	1.37268E5	1.15071E5	1.19492E5	2.40055E5	6.00765E4	4.57763E4	3.15138E4	2.02852E4
476	6.26119E6	4.27767E5	3.80446E5	3.24971E5	2.7195E5	2.29081E5	2.08437E5	1.8987E5	1.85157E5	1.85276E5	1.799E5	1.763E5	1.66308E5	1.58582E5	1.36797E5	1.16057E5	1.06576E5	2.69011E5	6.47935E4	4.5306E4	3.16802E4	2.04214E4
478	9.32012E6	4.11297E5	3.76896E5	3.2404E5	2.70504E5	2.29198E5	2.02822E5	1.87607E5	1.84466E5	1.80357E5	1.75677E5	1.71397E5	1.67106E5	1.58938E5	1.37627E5	1.15637E5	1.01218E5	2.64641E5	7.33488E4	4.46198E4	3.23147E4	2.14676E4
480	1.18655E7	4.06443E5	3.69281E5	3.18421E5	2.70034E5	2.29705E5	1.98893E5	1.84813E5	1.81875E5	1.79698E5	1.74444E5	1.66023E5	1.62163E5	1.54598E5	1.35365E5	1.1289E5	9.89417E4	2.40121E5	8.93314E4	4.70597E4	3.4078E4	2.25419E4
482	1.33809E7	4.02794E5	3.75239E5	3.21155E5	2.69866E5	2.19664E5	1.97487E5	1.83696E5	1.77815E5	1.73977E5	1.71318E5	1.64622E5	1.60906E5	1.53165E5	1.32986E5	1.13957E5	9.81817E4	1.96071E5	1.12887E5	4.93219E4	3.44399E4	2.42577E4
484	1.28689E7	4.06626E5	3.56125E5	3.14909E5	2.64156E5	2.20609E5	1.93369E5	1.80139E5	1.73184E5	1.68943E5	1.67606E5	1.61668E5	1.56762E5	1.51332E5	1.31045E5	1.12228E5	9.58048E4	1.49471E5	1.47128E5	4.74737E4	3.61867E4	2.55546E4
486	1.08226E7	4.15838E5	3.52925E5	3.12313E5	2.62279E5	2.16046E5	1.90039E5	1.78503E5	1.72988E5	1.69328E5	1.6231E5	1.58039E5	1.55715E5	1.51947E5	1.31344E5	1.13509E5	9.66007E4	1.17007E5	1.83687E5	4.982E4	3.60535E4	2.61448E4
488	7.79667E6	5.97835E5	3.54387E5	3.09806E5	2.54211E5	2.15565E5	1.86298E5	1.74554E5	1.65172E5	1.63494E5	1.61165E5	1.57474E5	1.53005E5	1.48402E5	1.31194E5	1.09836E5	9.71931E4	9.70401E4	2.11428E5	5.31579E4	3.68767E4	2.64855E4
490	4.7325E6	1.25148E6	3.46589E5	3.02627E5	2.55502E5	2.12054E5	1.85431E5	1.67635E5	1.64789E5	1.60191E5	1.56081E5	1.55975E5	1.51822E5	1.45573E5	1.28517E5	1.11043E5	9.49321E4	8.57754E4	2.27461E5	5.68553E4	3.75055E4	2.78011E4
492	2.30996E6	2.63281E6	3.46258E5	2.99187E5	2.50699E5	2.11672E5	1.84329E5	1.66816E5	1.6113E5	1.57458E5	1.54251E5	1.4978E5	1.46377E5	1.44861E5	1.2672E5	1.10138E5	9.336E4	8.38712E4	2.21147E5	6.75011E4	3.81625E4	2.77429E4
494	1.04147E6	4.76649E6	3.40341E5	3.02097E5	2.45439E5	2.07756E5	1.82494E5	1.65099E5	1.57159E5	1.55424E5	1.51711E5	1.4804E5	1.46337E5	1.41149E5	1.25651E5	1.09488E5	9.34319E4	8.3474E4	1.96402E5	8.33398E4	3.81035E4	2.86292E4
496	5.50419E5	7.7463E6	3.36399E5	2.94464E5	2.42552E5	2.04062E5	1.76091E5	1.58746E5	1.54781E5	1.50386E5	1.49451E5	1.44207E5	1.42516E5	1.38357E5	1.23353E5	1.0845E5	9.34325E4	8.13064E4	1.61726E5	1.06594E5	3.98821E4	2.91982E4
498	5.08417E5	1.08859E7	3.3665E5	2.88623E5	2.40787E5	1.99856E5	1.73404E5	1.60313E5	1.52485E5	1.47757E5	1.45241E5	1.42045E5	1.37373E5	1.36533E5	1.21689E5	1.05555E5	9.32131E4	8.09491E4	1.26601E5	1.31173E5	3.93199E4	2.92581E4
500	4.62261E5	1.3605E7	3.25419E5	2.91329E5	2.35486E5	2.02903E5	1.72034E5	1.56554E5	1.47658E5	1.44025E5	1.43634E5	1.39923E5	1.3636E5	1.34104E5	1.20084E5	1.05742E5	9.10822E4	7.8762E4	9.85744E4	1.61259E5	4.02893E4	2.97467E4
502	4.21479E5	1.47085E7	3.26324E5	2.79656E5	2.38913E5	1.98772E5	1.71062E5	1.5321E5	1.45934E5	1.42744E5	1.40026E5	1.36062E5	1.34565E5	1.32327E5	1.17346E5	1.03778E5	8.92822E4	7.81219E4	8.20276E4	1.82641E5	4.28633E4	3.01716E4
504	4.60883E5	1.40741E7	3.24287E5	2.77914E5	2.3341E5	1.91771E5	1.65897E5	1.49644E5	1.42394E5	1.40519E5	1.35693E5	1.32634E5	1.33324E5	1.30772E5	1.16891E5	1.03431E5	8.88197E4	7.84838E4	7.4831E4	1.91379E5	4.67079E4	3.05483E4
506	4.23192E5	1.15968E7	3.46626E5	2.73195E5	2.31061E5	1.89554E5	1.64118E5	1.45429E5	1.39874E5	1.35853E5	1.33656E5	1.30117E5	1.30582E5	1.2711E5	1.13044E5	1.00764E5	8.85608E4	7.66625E4	6.9349E4	1.82584E5	5.56067E4	3.1225E4
508	4.2727E5	8.35635E6	5.67626E5	2.70099E5	2.18588E5	1.86493E5	1.56808E5	1.44918E5	1.3728E5	1.33503E5	1.32173E5	1.28332E5	1.27212E5	1.23472E5	1.10691E5	9.94186E4	8.65594E4	7.55059E4	6.82277E4	1.61768E5	6.93517E4	3.15625E4
510	4.95665E5	4.94552E6	1.33444E6	2.62067E5	2.20419E5	1.85274E5	1.568E5	1.39752E5	1.35319E5	1.31844E5	1.26467E5	1.23754E5	1.26E5	1.22159E5	1.10011E5	9.89147E4	8.68693E4	7.52306E4	6.68174E4	1.28829E5	8.73546E4	3.14238E4
512	6.25429E5	2.22986E6	3.01015E6	2.59156E5	2.21385E5	1.81847E5	1.51692E5	1.37541E5	1.29823E5	1.272E5	1.25666E5	1.2357E5	1.20614E5	1.19875E5	1.08398E5	9.51316E4	8.44142E4	7.52136E4	6.56578E4	9.94868E4	1.13813E5	3.19786E4
514	7.96084E5	9.20407E5	5.5518E6	2.55086E5	2.13602E5	1.74854E5	1.49773E5	1.38875E5	1.28593E5	1.25067E5	1.21496E5	1.19543E5	1.17328E5	1.15516E5	1.0565E5	9.39711E4	8.4337E4	7.37573E4	6.49839E4	7.89734E4	1.3448E5	3.3155E4
516	1.09479E6	4.9668E5	8.66136E6	2.62293E5	2.15026E5	1.76088E5	1.46725E5	1.34213E5	1.24213E5	1.21337E5	1.19197E5	1.16349E5	1.16404E5	1.14193E5	1.03745E5	9.21573E4	8.16988E4	7.15677E4	6.27931E4	6.46192E4	1.49985E5	3.50347E4
518	1.48363E6	4.23798E5	1.18723E7	2.5204E5	2.07971E5	1.72814E5	1.43045E5	1.31626E5	1.24331E5	1.20568E5	1.17619E5	1.14431E5	1.13153E5	1.11665E5	1.0099E5	9.00064E4	8.00037E4	7.0397E4	6.18568E4	5.78854E4	1.57463E5	3.77215E4
520	1.93267E6	3.96211E5	1.42915E7	2.52373E5	2.01371E5	1.68368E5	1.43152E5	1.30597E5	1.22076E5	1.15542E5	1.1659E5	1.10657E5	1.09866E5	1.09331E5	9.95137E4	8.85127E4	7.8301E4	7.02051E4	6.07538E4	5.54738E4	1.50528E5	4.58249E4
522	2.26834E6	3.66237E5	1.48922E7	2.49113E5	2.03649E5	1.63753E5	1.3904E5	1.26195E5	1.17417E5	1.15268E5	1.11579E5	1.0857E5	1.05136E5	1.06899E5	9.80459E4	8.82713E4	7.8122E4	6.87785E4	5.89581E4	5.28664E4	1.31599E5	5.57356E4
524	2.60715E6	3.54922E5	1.35073E7	2.51122E5	1.9536E5	1.64342E5	1.37271E5	1.24749E5	1.15352E5	1.11406E5	1.07168E5	1.05316E5	1.04949E5	1.03986E5	9.42859E4	8.56809E4	7.56219E4	6.67475E4	5.98305E4	5.31283E4	1.03849E5	7.36063E4
526	2.62993E6	3.43368E5	1.09745E7	2.74987E5	1.96079E5	1.55524E5	1.3652E5	1.22277E5	1.11638E5	1.09046E5	1.04733E5	1.04109E5	1.02942E5	1.02169E5	9.22676E4	8.28015E4	7.37235E4	6.57479E4	5.92051E4	5.13129E4	8.06291E4	8.97684E4
528	2.45596E6	3.31958E5	7.62067E6	5.1009E5	1.8655E5	1.57447E5	1.33542E5	1.18043E5	1.10087E5	1.07886E5	1.01628E5	9.84406E4	1.00065E5	9.9703E4	9.14623E4	8.23921E4	7.43432E4	6.50653E4	5.76919E4	4.97822E4	6.32602E4	1.09535E5
530	2.15499E6	3.4856E5	4.34706E6	1.36925E6	1.89023E5	1.53398E5	1.30664E5	1.15775E5	1.08547E5	1.0336E5	9.99885E4	9.91157E4	9.60711E4	9.70851E4	8.85844E4	8.14442E4	7.18737E4	6.31693E4	5.51938E4	4.92789E4	5.13273E4	1.23579E5
532	1.69264E6	3.58637E5	1.98309E6	3.2255E6	1.80319E5	1.5034E5	1.27352E5	1.12955E5	1.06174E5	1.00265E5	9.79858E4	9.49483E4	9.54517E4	9.47138E4	8.77674E4	7.78718E4	6.95161E4	6.12226E4	5.46956E4	4.8921E4	4.58449E4	1.29468E5
534	1.2279E6	4.69064E5	7.58659E5	6.12686E6	1.79972E5	1.47171E5	1.22489E5	1.12817E5	1.03552E5	9.88505E4	9.41536E4	9.30688E4	9.14789E4	9.17159E4	8.34342E4	7.66608E4	6.79877E4	6.14078E4	5.31228E4	4.66089E4	4.36068E4	1.25909E5
536	8.31982E5	6.73556E5	3.91989E5	9.44175E6	1.81287E5	1.44326E5	1.21477E5	1.06874E5	1.00707E5	9.46164E4	9.30803E4	9.02092E4	9.11034E4	8.97563E4	8.1654E4	7.48425E4	6.59746E4	6.0109E4	5.33099E4	4.66019E4	4.2299E4	1.0904E5
538	4.98563E5	9.5501E5	3.47863E5	1.25988E7	1.76416E5	1.35356E5	1.18024E5	1.04647E5	9.91398E4	9.25986E4	8.9975E4	8.78475E4	8.73479E4	8.64323E4	7.86269E4	7.22982E4	6.43323E4	5.87085E4	5.36459E4	4.40918E4	4.03364E4	8.70371E4
540	3.51554E5	1.35946E6	3.16252E5	1.48449E7	1.79157E5	1.3383E5	1.16925E5	1.03067E5	9.79517E4	9.27462E4	8.76623E4	8.55411E4	8.46337E4	8.51332E4	7.70628E4	6.91547E4	6.33545E4	5.57107E4	5.09497E4	4.49459E4	3.95843E4	6.60706E4
542	3.05249E5	1.79517E6	3.06158E5	1.52419E7	1.8215E5	1.35982E5	1.17883E5	1.00254E5	9.43084E4	8.89144E4	8.45011E4	8.35808E4	8.20794E4	8.25337E4	7.55504E4	6.75138E4	6.19487E4	5.52994E4	4.88533E4	4.34887E4	3.85596E4	5.18632E4
544	2.98814E5	2.23746E6	2.94542E5	1.34637E7	1.78597E5	1.35571E5	1.12894E5	9.95959E4	9.17573E4	8.65423E4	8.34824E4	8.22137E4	8.12478E4	7.94429E4	7.37269E4	6.60743E4	6.16643E4	5.48726E4	4.86574E4	4.43613E4	3.6496E4	3.95217E4
546	2.62692E5	2.59546E6	2.84624E5	1.05423E7	2.14926E5	1.33449E5	1.09004E5	9.72689E4	9.03153E4	8.42545E4	8.04652E4	8.01493E4	7.82819E4	7.76848E4	7.1372E4	6.42509E4	5.85989E4	5.33255E4	4.79387E4	4.15825E4	3.68512E4	3.45841E4
548	2.52038E5	2.76044E6	2.75813E5	7.11106E6	5.05056E5	1.31132E5	1.08426E5	9.47083E4	8.75368E4	8.0453E4	7.94376E4	7.51651E4	7.5956E4	7.55253E4	7.02074E4	6.39842E4	5.6998E4	5.21053E4	4.64207E4	4.14597E4	3.43815E4	3.22715E4
550	2.49318E5	2.72562E6	2.61943E5	4.0885E6	1.43534E6	1.28165E5	1.07204E5	9.25784E4	8.19047E4	8.04748E4	7.55862E4	7.44165E4	7.34272E4	7.43831E4	6.76987E4	6.1733E4	5.78162E4	4.9236E4	4.55496E4	4.0034E4	3.44898E4	3.10221E4
552	2.38317E5	2.48497E6	2.64639E5	1.81573E6	3.3111E6	1.25829E5	9.96962E4	9.20507E4	8.24247E4	7.60068E4	7.51986E4	7.34524E4	7.06933E4	7.26277E4	6.7761E4	5.98989E4	5.52537E4	4.92378E4	4.46769E4	4.02097E4	3.38592E4	2.98699E4
554	2.27742E5	2.06196E6	2.88303E5	6.85457E5	6.13274E6	1.20609E5	9.89931E4	9.04127E4	8.28731E4	7.73339E4	7.27198E4	7.17073E4	6.98535E4	6.96486E4	6.40993E4	5.83365E4	5.40307E4	4.72234E4	4.3372E4	3.78051E4	3.31937E4	2.97152E4
556	2.33588E5	1.5859E6	3.35887E5	3.45657E5	9.36638E6	1.23289E5	9.78172E4	8.65645E4	8.11111E4	7.4804E4	7.03102E4	6.80669E4	6.61669E4	6.71762E4	6.20856E4	5.49762E4	5.17309E4	4.78534E4	4.29797E4	3.84564E4	3.14074E4	2.86952E4
558	1.93113E5	1.12622E6	4.65783E5	2.90413E5	1.25419E7	1.18585E5	9.96236E4	8.78048E4	7.77122E4	7.24613E4	6.91466E4	6.65958E4	6.52148E4	6.48891E4	5.99864E4	5.71583E4	5.02953E4	4.52929E4	4.19463E4	3.65867E4	3.23067E4	2.70962E4
560	2.38401E5	7.37853E5	6.88616E5	2.72636E5	1.48369E7	1.20872E5	9.51909E4	8.32703E4	7.52011E4	7.00352E4	6.99665E4	6.34285E4	6.5679E4	6.34354E4	5.92452E4	5.30278E4	4.96446E4	4.38555E4	3.9704E4	3.66786E4	3.12085E4	2.66829E4
562	2.22512E5	4.69293E5	9.88393E5	2.47957E5	1.51869E7	1.23092E5	9.31428E4	8.05606E4	7.5478E4	6.84616E4	6.59739E4	6.23565E4	6.11774E4	6.29465E4	5.81568E4	5.18452E4	4.78776E4	4.30756E4	3.93442E4	3.52935E4	2.84639E4	2.62981E4
564	2.05809E5	3.04943E5	1.40718E6	2.43822E5	1.33966E7	1.27022E5	9.05619E4	7.77766E4	7.23739E4	6.71963E4	6.26789E4	5.9626E4	6.10545E4	6.02689E4	5.59094E4	4.97597E4	4.59876E4	4.20221E4	3.7172E4	3.35333E4	2.88696E4	2.54517E4
566	1.9906E5	2.45402E5	1.81087E6	2.33029E5	1.04413E7	1.62097E5	8.8312E4	7.83167E4	7.14751E4	6.59907E4	6.41226E4	5.87536E4	5.90907E4	5.72759E4	5.20509E4	4.68757E4	4.52946E4	4.04372E4	3.81553E4	3.35568E4	2.89404E4	2.51419E4
568	2.10034E5	2.30526E5	2.2024E6	2.31754E5	6.8818E6	4.82884E5	9.04985E4	7.87607E4	6.72362E4	6.3275E4	6.13927E4	5.78341E4	5.80766E4	5.61241E4	5.22555E4	4.80253E4	4.33639E4	3.99249E4	3.67518E4	3.22255E4	2.92238E4	2.44396E4
570	2.36164E5	2.06523E5	2.50358E6	2.27063E5	3.72964E6	1.50309E6	8.89186E4	7.42483E4	6.51476E4	6.17352E4	5.77058E4	5.57113E4	5.44632E4	5.47563E4	5.02003E4	4.61287E4	4.35476E4	3.89989E4	3.50285E4	3.19414E4	2.77096E4	2.32285E4
572	2.32789E5	2.01053E5	2.6341E6	2.2336E5	1.57513E6	3.41785E6	8.74591E4	7.38181E4	6.64717E4	6.11021E4	5.72917E4	5.52636E4	5.37243E4	5.35186E4	5.00778E4	4.41945E4	4.03043E4	3.80616E4	3.35939E4	3.14649E4	2.61205E4	2.39709E4
574	1.91423E5	1.80779E5	2.52535E6	2.20072E5	5.57472E5	6.17437E6	8.39521E4	6.90749E4	6.22168E4	5.74414E4	5.63045E4	5.48912E4	5.10962E4	5.22692E4	4.69692E4	4.431E4	4.06498E4	3.65313E4	3.35619E4	2.98066E4	2.603E4	2.23818E4
576	1.84036E5	1.82008E5	2.21399E6	2.21075E5	2.83067E5	9.25074E6	8.45262E4	6.91449E4	6.26866E4	5.58974E4	5.2854E4	5.11925E4	4.95713E4	4.96207E4	4.60035E4	4.25408E4	3.85931E4	3.47354E4	3.1978E4	2.85465E4	2.49948E4	2.14987E4
578	1.87871E5	1.69593E5	1.86436E6	2.3589E5	2.38283E5	1.20923E7	8.088E4	6.67584E4	5.83444E4	5.44322E4	5.13582E4	4.92613E4	4.84422E4	4.97171E4	4.50006E4	4.00434E4	3.71672E4	3.43541E4	3.14297E4	2.76412E4	2.55403E4	2.07719E4
580	1.78669E5	1.73187E5	1.38544E6	2.98893E5	2.20093E5	1.38796E7	8.3964E4	6.47087E4	5.67955E4	5.21522E4	5.00997E4	4.91386E4	4.7923E4	4.77615E4	4.23812E4	3.86902E4	3.74377E4	3.30804E4	3.08674E4	2.63708E4	2.3937E4	2.02532E4
582	2.07968E5	1.62843E5	9.99062E5	4.25268E5	2.06254E5	1.38861E7	8.70708E4	6.38943E4	5.75506E4	5.2654E4	5.00306E4	4.66961E4	4.7126E4	4.48074E4	4.1981E4	3.85737E4	3.51859E4	3.34617E4	3.03247E4	2.70937E4	2.36567E4	2.11572E4
584	1.86486E5	1.69243E5	6.42751E5	6.38559E5	1.99981E5	1.2108E7	9.21432E4	6.5268E4	5.494E4	5.16994E4	4.77346E4	4.65003E4	4.54003E4	4.45047E4	4.12405E4	3.71048E4	3.53066E4	3.24133E4	2.81946E4	2.596E4	2.18118E4	1.95401E4
586	1.87683E5	1.66025E5	4.19606E5	9.44482E5	2.04882E5	9.28737E6	1.26205E5	6.54472E4	5.4028E4	4.88474E4	4.81424E4	4.26071E4	4.26744E4	4.28933E4	3.9928E4	3.63905E4	3.31118E4	3.22967E4	2.87732E4	2.4309E4	2.2013E4	1.8727E4
588	2.18411E5	1.64928E5	2.87153E5	1.29182E6	1.98853E5	6.07127E6	4.43E5	6.49059E4	5.27372E4	4.78189E4	4.60418E4	4.25397E4	4.0689E4	4.2518E4	3.86891E4	3.45192E4	3.16865E4	2.94408E4	2.71843E4	2.40695E4	2.12174E4	1.84034E4
590	2.0659E5	1.53883E5	2.23091E5	1.66671E6	1.91864E5	3.10546E6	1.47657E6	6.18081E4	5.1001E4	4.63131E4	4.38804E4	4.1375E4	4.04424E4	4.05216E4	3.56658E4	3.42965E4	3.07619E4	2.95301E4	2.60675E4	2.28951E4	2.17067E4	1.80439E4
592	1.73438E5	1.74519E5	2.10985E5	2.01498E6	1.94755E5	1.22455E6	3.50788E6	6.03197E4	5.06026E4	4.5804E4	4.26406E4	3.97347E4	4.00843E4	3.91116E4	3.51236E4	3.22556E4	2.9874E4	2.92403E4	2.46867E4	2.28345E4	1.95988E4	1.80385E4
594	1.89019E5	1.57155E5	1.92933E5	2.2401E6	1.90357E5	4.15777E5	6.20784E6	5.92478E4	4.9272E4	4.5912E4	4.1902E4	3.89122E4	3.92468E4	3.84669E4	3.6501E4	3.22661E4	3.07478E4	2.78732E4	2.51092E4	2.18853E4	1.98955E4	1.82404E4
596	1.82964E5	1.52367E5	1.93552E5	2.31994E6	1.86273E5	2.23292E5	9.40401E6	6.1482E4	4.74093E4	4.23869E4	3.9862E4	3.86857E4	3.58557E4	3.59884E4	3.40706E4	2.98533E4	2.82659E4	2.61888E4	2.44207E4	2.16811E4	1.98543E4	1.67562E4
598	1.63553E5	1.60302E5	1.75446E5	2.20119E6	1.8822E5	1.97791E5	1.20226E7	5.8319E4	4.71475E4	4.21133E4	3.87983E4	3.55537E4	3.61239E4	3.5792E4	3.37098E4	3.01064E4	2.72468E4	2.54024E4	2.40705E4	2.15659E4	1.77798E4	1.65517E4
600	1.94041E5	1.6444E5	1.74553E5	1.96758E6	1.95592E5	1.81411E5	1.34544E7	5.98574E4	4.81848E4	4.221E4	3.97476E4	3.61789E4	3.52065E4	3.43878E4	3.14699E4	2.98367E4	2.71085E4	2.4853E4	2.28454E4	2.07879E4	1.81859E4	1.59582E4
