300	2.64671E5	1.56069E5	1.89683E5	2.6791E6	4.30404E5	3.24243E5	2.69196E7	1.08123E5	1.4698E4	9347.71862	6460.84433	4792.75644	4352.85399	3978.54845	2854.1524	2733.59653	2107.31862	2160.76965	1722.10729	1702.93776	1378.12644	1476.41539
302	2.78744E5	1.80527E5	2.21955E5	1.81414E6	7.64445E5	2.52337E5	2.35848E7	1.16402E6	1.70489E4	1.07797E4	6681.44315	5121.2727	4103.57283	4057.1042	2929.07621	2889.05317	2504.94705	1929.25362	1871.21724	1676.83871	1515.42107	1647.68193
304	2.80657E5	1.88292E5	2.21411E5	1.06114E6	1.35905E6	2.35198E5	1.51883E7	5.11076E6	1.95872E4	1.07119E4	7286.29614	4937.98875	4253.9156	3517.93929	3334.45158	2510.94682	2045.41808	1961.60453	1754.7362	1741.61099	1601.66142	1273.00661
306	3.14012E5	2.07162E5	2.37887E5	6.3117E5	2.10159E6	2.37601E5	6.58642E6	1.30592E7	2.4927E4	1.11194E4	7403.10297	5291.87312	4606.54614	3501.4213	2985.85695	2637.30661	2003.57223	1958.06662	1793.18171	1377.20044	1548.32879	1864.01096
308	2.98852E5	2.26236E5	2.61741E5	4.21606E5	2.75517E6	2.58367E5	1.65425E6	2.21547E7	3.5905E4	1.23901E4	7991.9205	5426.77754	4711.84174	3440.41132	3086.20854	2310.63572	2066.56137	1661.18139	1925.19723	1622.33937	1730.14673	1425.11472
310	3.25646E5	2.23336E5	2.80527E5	3.75447E5	2.95288E6	2.80592E5	2.75537E5	2.65437E7	9.70226E4	1.26713E4	8482.306	6014.40964	4663.57645	3298.25199	3462.23946	2234.85465	2330.36597	2143.76757	1747.43079	1797.57291	1635.81448	1383.67886
312	3.48591E5	2.303E5	2.85138E5	3.78027E5	2.54788E6	3.68735E5	1.67737E5	2.34881E7	1.11285E6	1.49934E4	8958.25076	5961.0687	4819.15326	3990.07696	3121.67135	2610.10726	2221.39117	2184.02067	1826.61414	1531.3344	1373.60888	1708.79837
314	3.56912E5	2.61334E5	3.02424E5	3.84246E5	1.77583E6	6.344E5	1.55834E5	1.45286E7	5.26706E6	1.86683E4	8659.79319	6786.23859	5088.24442	3881.86886	3036.54126	2354.83255	2169.57207	1823.3772	1633.18117	1402.09118	1260.30752	1411.48598
316	3.63217E5	2.51865E5	3.16782E5	3.92826E5	1.12383E6	1.12801E6	1.56574E5	6.03255E6	1.29271E7	2.22284E4	9931.16178	6894.8146	4566.87231	3810.9435	3412.07468	2697.15207	2207.16571	1955.37796	1888.85906	1514.92555	1003.22208	1440.15135
318	3.83847E5	2.73748E5	3.30509E5	4.06472E5	6.99841E5	1.75468E6	1.56688E5	1.49173E6	2.05706E7	3.25879E4	1.04877E4	6653.08457	5300.65997	4152.28686	2787.39211	2509.25293	2068.76931	2016.1163	1847.71637	1478.97436	1623.9153	1586.41383
320	4.06662E5	2.87841E5	3.40518E5	4.16897E5	5.30658E5	2.30652E6	1.60023E5	2.2114E5	2.35223E7	9.0471E4	1.11689E4	7216.41392	5380.97344	4269.99595	3170.15974	2491.10542	1849.45575	1936.31704	1666.80652	1383.5812	1492.06613	1411.77657
322	4.20978E5	3.08597E5	3.49124E5	4.33983E5	4.92761E5	2.43353E6	1.79034E5	1.30495E5	2.00256E7	9.80913E5	1.42783E4	6662.03534	5577.55024	4329.40008	2820.18449	2385.17578	2216.91147	1767.42838	1640.79053	1392.4705	1622.92889	1431.26401
324	4.1016E5	3.06169E5	3.52208E5	4.32371E5	4.80988E5	2.11191E6	2.51132E5	1.22874E5	1.24029E7	4.37746E6	1.5012E4	7642.48592	5212.86065	3724.52686	3067.34333	2611.94396	2141.95561	1814.14772	1611.29128	1718.00698	1704.3708	1352.04917
326	4.34952E5	3.15505E5	3.60185E5	4.43792E5	4.83296E5	1.56673E6	4.41465E5	1.22952E5	5.142E6	1.07438E7	1.94415E4	8338.34399	5617.78792	3998.45872	2763.57398	2279.86202	1922.41841	1840.37989	1668.41252	1692.44303	1196.96942	1496.33944
328	4.78334E5	3.24106E5	3.75032E5	4.51533E5	4.95431E5	1.01986E6	7.97952E5	1.24757E5	1.33264E6	1.72124E7	2.76822E4	9407.19073	5559.85875	4340.79485	3490.1513	2499.56066	2343.28055	1769.64998	1611.22741	1393.32638	1470.17715	1395.28639
330	4.82609E5	3.46661E5	3.902E5	4.58971E5	5.02444E5	6.63777E5	1.31321E6	1.27936E5	1.9983E5	2.04174E7	7.1913E4	9695.18048	5888.30839	4245.06722	2908.11231	2832.06684	1949.70512	2009.20998	1751.79382	1508.52532	1362.30387	1280.32055
332	5.31529E5	3.63315E5	3.89509E5	4.67687E5	4.97661E5	4.86699E5	1.759E6	1.35025E5	1.18588E5	1.81801E7	7.91213E5	1.06127E4	6321.31405	4543.372	3169.27496	2563.88959	2055.76328	1796.26005	1313.85285	1487.24013	1363.19987	1225.96
334	5.2596E5	3.63939E5	4.03007E5	4.68822E5	5.06794E5	4.31736E5	1.96927E6	1.51086E5	1.09706E5	1.19085E7	3.71566E6	1.3075E4	6436.25477	4743.03323	3373.71046	2301.12595	2003.06858	1695.66369	1655.34284	1339.65162	1292.7613	1178.17179
336	5.37526E5	3.9222E5	4.0156E5	4.77436E5	5.04216E5	4.21326E5	1.82586E6	1.97285E5	1.12226E5	5.08834E6	9.32462E6	1.61382E4	7130.54765	4312.06296	3320.65221	2576.65834	1719.69895	1782.67895	1493.72093	1510.57096	1232.49419	1463.95908
338	5.4744E5	3.8773E5	4.12591E5	4.69454E5	5.04831E5	4.27863E5	1.41328E6	3.21814E5	1.15776E5	1.38499E6	1.4784E7	2.35101E4	6974.12757	5043.67741	3737.84534	2657.93007	2227.8158	1605.31904	1535.43896	1586.78035	1259.69152	1099.05934
340	5.86913E5	4.13667E5	4.16332E5	4.76802E5	5.08273E5	4.3063E5	9.20664E5	5.95096E5	1.22176E5	2.05455E5	1.74778E7	5.70911E4	8084.70612	5070.42686	4026.56179	2483.69649	2167.60722	1708.6542	1394.72825	1316.9975	1180.45509	1439.45884
342	5.83947E5	3.86636E5	4.27577E5	4.74871E5	5.07158E5	4.42777E5	5.86551E5	9.72671E5	1.27926E5	1.11561E5	1.55816E7	6.29259E5	9125.81188	4828.65639	3830.55689	2625.02307	1990.3483	1662.06073	1547.40493	1585.04271	1490.10875	1494.34565
344	5.82827E5	4.31784E5	4.23015E5	4.68648E5	5.04574E5	4.41558E5	4.01965E5	1.38525E6	1.3782E5	1.04466E5	1.00783E7	3.18901E6	1.11233E4	5573.42285	3952.98618	2698.66943	2028.95039	1690.3714	1480.737	1158.00878	1244.49799	1284.90325
346	6.06985E5	4.33285E5	4.33838E5	4.69353E5	4.96706E5	4.45257E5	3.47129E5	1.60224E6	1.50854E5	1.07327E5	4.43012E6	7.86393E6	1.35317E4	5582.97326	3716.26132	2601.10269	2012.20385	1471.50729	1553.76897	1396.45684	1030.54513	1318.88594
348	6.38536E5	4.56868E5	4.40934E5	4.72899E5	5.03082E5	4.51151E5	3.46072E5	1.52707E6	1.92549E5	1.14727E5	1.09729E6	1.26702E7	2.0483E4	6569.56284	4089.48092	2649.08588	2174.82678	1497.5844	1665.28916	1402.33808	1318.84283	1295.15431
350	6.26443E5	4.70951E5	4.39639E5	4.72118E5	5.058E5	4.5625E5	3.4777E5	1.25324E6	2.87721E5	1.23452E5	1.78374E5	1.4597E7	4.35204E4	7292.81827	3868.43722	2938.93989	2246.8206	1695.41846	1435.55908	1230.30396	1081.63753	1088.78406
352	6.75857E5	4.88032E5	4.53175E5	4.75805E5	5.02173E5	4.68705E5	3.58688E5	8.63506E5	4.84566E5	1.34419E5	1.05927E5	1.27576E7	5.38588E5	7954.83627	4107.9564	3065.15856	1991.74286	1645.59573	1657.42134	1365.47724	1192.17225	1081.5797
354	6.60644E5	5.09291E5	4.58119E5	4.81529E5	5.08209E5	4.68266E5	3.69467E5	5.73711E5	7.6623E5	1.45544E5	1.00375E5	8.2865E6	2.56093E6	9978.96862	4447.25881	2961.21913	2123.71317	1706.14208	1353.39348	1220.11631	1307.7903	959.12611
356	6.98714E5	5.16778E5	4.72257E5	4.78713E5	5.01651E5	4.74523E5	3.86996E5	4.14807E5	1.07631E6	1.56753E5	1.05059E5	3.52764E6	6.61408E6	1.24046E4	4462.99461	3228.6373	2173.20967	1513.75217	1224.29508	1018.02937	1242.33661	980.10413
358	7.11087E5	5.55649E5	4.89935E5	4.86111E5	5.04811E5	4.81648E5	3.96643E5	3.5684E5	1.28432E6	1.74018E5	1.12816E5	9.18223E5	1.07997E7	1.80386E4	5024.98995	3261.62578	2475.02896	1725.16645	1451.15196	1475.7212	987.31218	1133.92479
360	7.22597E5	5.63015E5	5.03287E5	4.90845E5	5.13958E5	4.87108E5	4.11325E5	3.52003E5	1.30122E6	2.01719E5	1.23754E5	1.51255E5	1.2822E7	3.95207E4	5991.87013	3269.29327	2491.21389	1566.46941	1354.3438	1370.53	1113.4601	1088.93199
362	7.7738E5	5.87556E5	5.09202E5	4.88368E5	5.11103E5	5.00405E5	4.24861E5	3.59934E5	1.14658E6	2.6142E5	1.33191E5	9.70201E4	1.17151E7	4.5239E5	6636.49609	3468.25699	2587.97072	1760.57532	1476.1242	1220.447	1219.3203	1174.86479
364	7.70412E5	6.10426E5	5.38349E5	5.04614E5	5.11868E5	5.11528E5	4.36066E5	3.71285E5	8.72143E5	3.83429E5	1.44774E5	9.09825E4	7.95144E6	2.32166E6	8429.0609	3923.56019	2718.85802	1808.62004	1338.99269	1252.84622	1141.4052	1008.9294
366	7.78728E5	6.55522E5	5.50894E5	5.09231E5	5.20391E5	5.14386E5	4.55581E5	3.93526E5	6.1431E5	5.95136E5	1.56628E5	9.41645E4	3.43966E6	6.26094E6	1.01321E4	4063.09613	2673.0955	1962.52624	1527.83175	1336.79458	1104.33073	1193.22417
368	8.25857E5	6.72016E5	5.64746E5	5.28263E5	5.26104E5	5.18098E5	4.67656E5	4.0472E5	4.67659E5	8.49808E5	1.69748E5	1.04407E5	9.08663E5	1.01091E7	1.55881E4	4108.97408	2532.37128	2095.47927	1364.63441	1421.25754	1127.09875	1114.59613
370	8.31733E5	6.98156E5	5.92439E5	5.32276E5	5.34803E5	5.36216E5	4.85856E5	4.32411E5	3.99222E5	1.05792E6	1.8672E5	1.15172E5	1.41677E5	1.19463E7	3.7494E4	5176.25621	2855.28494	2360.70016	1559.35311	1428.40553	1175.22929	1102.29613
372	8.69952E5	7.04363E5	5.98914E5	5.40616E5	5.38441E5	5.35414E5	5.02259E5	4.45891E5	3.91841E5	1.12467E6	2.095E5	1.24522E5	8.74249E4	1.05323E7	4.45903E5	5575.42952	2900.05789	2183.56876	1602.4307	1490.31179	1188.24674	1236.58565
374	8.95657E5	7.49942E5	6.25819E5	5.56305E5	5.45557E5	5.47335E5	5.1886E5	4.61049E5	4.00821E5	1.03479E6	2.53708E5	1.35572E5	8.36419E4	6.9341E6	2.20327E6	6920.36663	3292.39104	2185.96929	1626.49363	1163.40034	1133.37292	1058.57862
376	9.0746E5	7.773E5	6.49641E5	5.6528E5	5.51775E5	5.49781E5	5.29067E5	4.80843E5	4.13327E5	8.45056E5	3.44797E5	1.46889E5	8.5988E4	2.98034E6	5.4732E6	9279.12589	3337.80005	2100.47264	1812.33194	1532.98267	917.82297	1013.02611
378	9.29868E5	7.979E5	6.64231E5	5.72866E5	5.63547E5	5.66681E5	5.45001E5	4.98174E5	4.30719E5	6.43807E5	4.96991E5	1.59631E5	9.09252E4	7.44023E5	8.79762E6	1.42255E4	3621.43671	2112.2747	1883.32339	1348.24396	1350.22085	1016.08797
380	9.60677E5	8.243E5	6.78022E5	5.88038E5	5.6984E5	5.73963E5	5.60789E5	5.17079E5	4.45372E5	5.01269E5	6.87516E5	1.70317E5	1.02193E5	1.21517E5	1.02752E7	3.19849E4	4381.71131	2444.16529	1996.54151	1361.00531	1166.39597	1222.23563
382	1.00269E6	8.60939E5	7.08826E5	6.04385E5	5.87652E5	5.90494E5	5.75285E5	5.40079E5	4.69416E5	4.38421E5	8.65538E5	1.85986E5	1.13881E5	8.28346E4	9.26083E6	3.45206E5	5051.92529	2557.23541	1938.64475	1586.35074	1206.83063	1013.09535
384	1.05796E6	8.84454E5	7.38328E5	6.28693E5	6.06483E5	6.05737E5	5.89718E5	5.53922E5	4.90068E5	4.21015E5	9.73756E5	2.07521E5	1.24378E5	7.85942E4	6.25176E6	1.77111E6	6430.50406	2712.4247	1932.62067	1673.76126	1206.02615	1023.62372
386	1.04141E6	9.24352E5	7.62453E5	6.44219E5	6.17399E5	6.15299E5	6.13174E5	5.78147E5	5.04404E5	4.28003E5	9.61839E5	2.41483E5	1.36689E5	8.16897E4	2.74725E6	4.76103E6	8688.73776	3103.21263	1844.29599	1663.88645	1417.93869	1196.86021
388	1.09038E6	9.49723E5	7.89755E5	6.67925E5	6.30474E5	6.37808E5	6.25128E5	5.93715E5	5.21875E5	4.37493E5	8.51418E5	3.00269E5	1.47939E5	8.80411E4	7.58649E5	7.87481E6	1.31984E4	3519.49394	2014.47787	1731.16355	1511.99231	1253.74241
390	1.12936E6	9.95352E5	8.10999E5	6.75122E5	6.40229E5	6.46301E5	6.46436E5	6.13985E5	5.38941E5	4.53578E5	6.8673E5	4.08488E5	1.62838E5	9.77422E4	1.24239E5	9.52401E6	3.00055E4	4186.50072	2161.72172	1975.46023	1134.09464	1244.20525
392	1.16514E6	1.01933E6	8.38658E5	6.9217E5	6.62711E5	6.6186E5	6.62944E5	6.2857E5	5.56914E5	4.69894E5	5.43441E5	5.66355E5	1.76412E5	1.11401E5	7.64017E4	8.71015E6	4.02447E5	5351.95663	2501.58137	1919.84357	1281.42969	1339.78168
394	1.19966E6	1.03464E6	8.65431E5	7.16958E5	6.72761E5	6.73864E5	6.72452E5	6.48779E5	5.73361E5	4.86619E5	4.71486E5	7.23897E5	1.90269E5	1.19718E5	7.38448E4	6.07286E6	1.84596E6	6205.04888	2468.39057	1784.68496	1664.97552	1220.81651
396	1.21317E6	1.05478E6	8.93131E5	7.33988E5	6.86945E5	6.90665E5	6.93258E5	6.62289E5	5.90487E5	5.05945E5	4.38264E5	8.42251E5	2.10215E5	1.31802E5	7.46704E4	2.72289E6	4.84843E6	8965.72264	3002.93943	1916.38907	1685.54149	1358.28497
398	1.26667E6	1.11268E6	9.22221E5	7.63059E5	7.09139E5	7.04422E5	7.05003E5	6.79965E5	6.09799E5	5.22921E5	4.40041E5	8.80634E5	2.34603E5	1.4467E5	8.06568E4	7.42917E5	7.7358E6	1.21369E4	3407.70839	2166.17177	1806.50311	1229.99649
400	1.29079E6	1.1438E6	9.50955E5	7.86979E5	7.28547E5	7.27049E5	7.22441E5	6.97186E5	6.30611E5	5.42393E5	4.54195E5	8.20843E5	2.75601E5	1.58056E5	8.85812E4	1.19087E5	8.94322E6	2.56086E4	3595.03718	2141.48439	1821.36233	1431.70554
402	1.30686E6	1.166E6	9.753E5	8.08153E5	7.47825E5	7.38101E5	7.37897E5	7.17355E5	6.49155E5	5.60786E5	4.7136E5	7.01349E5	3.5183E5	1.72249E5	9.77419E4	7.00518E4	7.96939E6	3.14173E5	4530.86338	2541.67215	1704.46405	1248.14892
404	1.34462E6	1.20383E6	1.00422E6	8.3756E5	7.62035E5	7.58081E5	7.52947E5	7.2771E5	6.64762E5	5.7849E5	4.88636E5	5.74928E5	4.65218E5	1.85209E5	1.09043E5	6.6313E4	5.22654E6	1.60801E6	5414.09773	2517.16209	1823.73174	1462.15385
406	1.37322E6	1.26084E6	1.03887E6	8.62407E5	7.85044E5	7.71934E5	7.62172E5	7.4063E5	6.81033E5	6.00444E5	5.06121E5	4.92626E5	5.97302E5	2.00116E5	1.18615E5	6.80845E4	2.26663E6	4.22035E6	7532.44982	2931.74527	1907.025	1725.22887
408	1.36176E6	1.25429E6	1.05746E6	8.73414E5	8.00239E5	7.84587E5	7.76058E5	7.48175E5	6.93115E5	6.13345E5	5.2016E5	4.54044E5	7.26515E5	2.15838E5	1.278E5	7.27831E4	5.62026E5	6.97925E6	1.11617E4	3194.69481	1835.16574	1832.94377
410	1.40229E6	1.29207E6	1.09447E6	9.013E5	8.18139E5	7.92867E5	7.84073E5	7.63054E5	7.07428E5	6.29614E5	5.38694E5	4.46121E5	7.96369E5	2.32876E5	1.39217E5	7.8612E4	9.02872E4	8.27477E6	2.19067E4	3640.40391	2200.19912	1738.11865
412	1.41157E6	1.31855E6	1.10219E6	9.26011E5	8.34879E5	8.10329E5	7.91264E5	7.67051E5	7.20448E5	6.4153E5	5.54977E5	4.57043E5	7.86397E5	2.62666E5	1.47145E5	8.49014E4	6.06555E4	7.45709E6	2.44263E5	4526.99856	1973.49786	1580.08004
414	1.46561E6	1.30564E6	1.13768E6	9.38383E5	8.39262E5	8.15771E5	7.97516E5	7.77536E5	7.28625E5	6.52977E5	5.67492E5	4.64274E5	7.11603E5	3.12622E5	1.58051E5	9.31754E4	5.93921E4	5.0399E6	1.28588E6	5367.77423	2509.00184	1658.12671
416	1.45665E6	1.359E6	1.15885E6	9.57865E5	8.54704E5	8.24061E5	8.05118E5	7.86036E5	7.38174E5	6.6395E5	5.80216E5	4.75416E5	6.12498E5	3.93041E5	1.71333E5	9.97967E4	6.00298E4	2.22458E6	3.66459E6	7467.90262	2404.3554	1590.82064
418	1.50597E6	1.36313E6	1.17215E6	9.73247E5	8.63305E5	8.25954E5	8.0897E5	7.94049E5	7.43702E5	6.75503E5	5.89555E5	4.88889E5	5.14893E5	4.95204E5	1.81801E5	1.10422E5	6.29563E4	5.84391E5	6.32528E6	1.08051E4	3078.49522	1822.97437
420	1.48414E6	1.3853E6	1.18954E6	9.90769E5	8.78551E5	8.30328E5	8.10096E5	7.98753E5	7.48633E5	6.86072E5	6.0283E5	5.04584E5	4.58425E5	6.13238E5	1.95199E5	1.18178E5	6.80015E4	9.25965E4	7.73688E6	2.20401E4	3096.40857	1777.02316
422	1.53476E6	1.38799E6	1.2032E6	1.00933E6	8.89092E5	8.40964E5	8.13494E5	8.01535E5	7.53217E5	6.92039E5	6.12356E5	5.14644E5	4.34541E5	7.04449E5	2.07657E5	1.24493E5	7.28031E4	5.3927E4	7.08235E6	2.75558E5	3947.46106	1937.20509
424	1.52714E6	1.4287E6	1.23932E6	1.01811E6	8.94527E5	8.41924E5	8.1449E5	7.99563E5	7.6076E5	6.93186E5	6.23596E5	5.25772E5	4.369E5	7.24738E5	2.26267E5	1.36008E5	7.94036E4	5.22027E4	4.82634E6	1.39652E6	4778.31672	1860.47032
426	1.5156E6	1.42825E6	1.24113E6	1.03627E6	9.07431E5	8.43268E5	8.2428E5	8.05972E5	7.66707E5	7.0751E5	6.31438E5	5.41202E5	4.42728E5	6.86179E5	2.60602E5	1.44454E5	8.80984E4	5.21749E4	2.07645E6	3.83088E6	6812.04294	2479.49682
428	1.57828E6	1.44395E6	1.27353E6	1.0481E6	9.03813E5	8.47176E5	8.17777E5	8.02948E5	7.68036E5	7.13362E5	6.43396E5	5.47878E5	4.52876E5	6.034E5	3.12231E5	1.54118E5	9.54928E4	5.60559E4	5.13908E5	6.36373E6	1.00664E4	2635.70109
430	1.51705E6	1.44798E6	1.2775E6	1.06209E6	9.23017E5	8.45332E5	8.1394E5	8.01525E5	7.7129E5	7.16013E5	6.50659E5	5.54014E5	4.61209E5	5.13691E5	3.86233E5	1.5997E5	1.01301E5	5.784E4	7.90763E4	7.49304E6	2.12128E4	3044.68336
432	1.55545E6	1.47214E6	1.27982E6	1.07422E6	9.33967E5	8.59233E5	8.21237E5	7.97384E5	7.71251E5	7.26869E5	6.59512E5	5.67821E5	4.70455E5	4.53571E5	4.76855E5	1.7218E5	1.10206E5	6.27858E4	4.90793E4	6.52959E6	2.62495E5	3426.23548
434	1.53075E6	1.46283E6	1.2891E6	1.08905E6	9.3109E5	8.58221E5	8.10507E5	7.999E5	7.69006E5	7.27554E5	6.61758E5	5.73993E5	4.8337E5	4.21008E5	5.58166E5	1.8234E5	1.17449E5	7.01196E4	4.75917E4	4.12933E6	1.32553E6	4664.84952
436	1.619E6	1.48221E6	1.32356E6	1.10547E6	9.35787E5	8.58076E5	8.15436E5	7.93509E5	7.7289E5	7.28333E5	6.646E5	5.7966E5	4.90425E5	4.13325E5	6.0461E5	1.94486E5	1.23919E5	7.62792E4	4.81043E4	1.74577E6	3.47426E6	6031.1427
438	1.53843E6	1.45523E6	1.31406E6	1.09889E6	9.49609E5	8.54255E5	8.0656E5	7.91547E5	7.70603E5	7.27926E5	6.69953E5	5.82814E5	4.97294E5	4.15193E5	6.01295E5	2.13898E5	1.32214E5	8.29111E4	5.08985E4	4.49025E5	5.84843E6	9161.54709
440	1.5064E6	1.48016E6	1.3188E6	1.1106E6	9.46023E5	8.50325E5	8.03485E5	7.87852E5	7.63265E5	7.32121E5	6.6675E5	5.91732E5	5.03076E5	4.18195E5	5.57287E5	2.47193E5	1.37664E5	8.94603E4	5.3907E4	6.91632E4	7.03396E6	1.67488E4
442	1.53473E6	1.46911E6	1.30894E6	1.10961E6	9.53986E5	8.50459E5	8.01581E5	7.85945E5	7.61853E5	7.29779E5	6.71447E5	5.91629E5	5.07369E5	4.24668E5	4.90092E5	2.93039E5	1.45176E5	9.42589E4	5.67714E4	4.64796E4	6.32382E6	1.58534E5
444	1.54897E6	1.4615E6	1.31788E6	1.12458E6	9.37473E5	8.48368E5	7.91766E5	7.76526E5	7.58253E5	7.25444E5	6.71173E5	5.98207E5	5.13114E5	4.33002E5	4.25475E5	3.58784E5	1.54247E5	1.01129E5	6.13095E4	4.42102E4	4.17148E6	9.09604E5
446	1.51764E6	1.47311E6	1.33599E6	1.11563E6	9.39758E5	8.44692E5	7.85891E5	7.69235E5	7.55641E5	7.20823E5	6.67822E5	6.00377E5	5.20951E5	4.36757E5	3.80619E5	4.27502E5	1.63113E5	1.06469E5	6.70671E4	4.55558E4	1.80738E6	2.80094E6
448	1.53043E6	1.49106E6	1.33219E6	1.13174E6	9.42669E5	8.39294E5	7.86655E5	7.67307E5	7.53046E5	7.17713E5	6.72882E5	5.98625E5	5.23213E5	4.42761E5	3.59932E5	4.87852E5	1.71301E5	1.12375E5	7.24109E4	4.62354E4	4.61677E5	5.16851E6
450	1.55612E6	1.47561E6	1.32541E6	1.13561E6	9.46735E5	8.40023E5	7.7999E5	7.60565E5	7.45377E5	7.18413E5	6.71194E5	6.05975E5	5.29219E5	4.57404E5	3.53464E5	5.11388E5	1.84585E5	1.19527E5	8.01787E4	4.89518E4	7.07871E4	6.60126E6
452	1.52833E6	1.45846E6	1.32097E6	1.1345E6	9.41836E5	8.3515E5	7.75392E5	7.53035E5	7.34722E5	7.11709E5	6.71692E5	6.03175E5	5.28979E5	4.56229E5	3.5917E5	5.0365E5	2.0973E5	1.24707E5	8.45694E4	5.17721E4	4.26138E4	6.11055E6
454	1.5035E6	1.45396E6	1.32181E6	1.13354E6	9.39336E5	8.32671E5	7.64665E5	7.49272E5	7.27145E5	7.03144E5	6.63048E5	6.02327E5	5.31016E5	4.62263E5	3.59527E5	4.60102E5	2.39271E5	1.32073E5	8.9247E4	5.47474E4	4.08834E4	4.03443E6
456	1.50304E6	1.4434E6	1.30859E6	1.12301E6	9.28041E5	8.1645E5	7.65073E5	7.35358E5	7.21821E5	6.98914E5	6.63527E5	5.98604E5	5.32721E5	4.61788E5	3.64471E5	3.98936E5	2.84684E5	1.38365E5	9.3543E4	6.00957E4	4.06833E4	1.68556E6
458	1.48767E6	1.41841E6	1.31072E6	1.11873E6	9.37852E5	8.17853E5	7.47023E5	7.21763E5	7.12251E5	6.90312E5	6.54375E5	5.9687E5	5.30752E5	4.66626E5	3.69861E5	3.51355E5	3.42427E5	1.42352E5	9.83484E4	6.4357E4	4.21415E4	4.06756E5
460	1.40953E6	1.4035E6	1.31627E6	1.11262E6	9.28868E5	8.14517E5	7.408E5	7.2093E5	7.05762E5	6.77315E5	6.49905E5	5.92243E5	5.32456E5	4.70389E5	3.71801E5	3.18466E5	3.95573E5	1.49943E5	1.05211E5	7.04623E4	4.44052E4	6.27937E4
462	1.3972E6	1.42179E6	1.29298E6	1.11677E6	9.348E5	8.09722E5	7.29543E5	7.06826E5	6.9483E5	6.7489E5	6.49093E5	5.93919E5	5.33042E5	4.72148E5	3.71639E5	3.02525E5	4.27108E5	1.58839E5	1.09579E5	7.50737E4	4.58969E4	3.93277E4
464	1.41753E6	1.37929E6	1.29157E6	1.10499E6	9.16176E5	7.89516E5	7.23223E5	6.9595E5	6.85893E5	6.67883E5	6.37938E5	5.87521E5	5.31204E5	4.72928E5	3.75496E5	2.99242E5	4.33297E5	1.6967E5	1.15068E5	7.8388E4	4.8874E4	3.69733E4
466	1.46593E6	1.38438E6	1.28641E6	1.10835E6	9.19264E5	7.94156E5	7.2238E5	6.9026E5	6.76011E5	6.63184E5	6.34707E5	5.82026E5	5.26454E5	4.71886E5	3.79877E5	3.01188E5	4.12992E5	1.91619E5	1.20404E5	8.21922E4	5.29786E4	3.70164E4
468	1.60397E6	1.36017E6	1.28255E6	1.09359E6	9.15586E5	7.81939E5	7.08839E5	6.82986E5	6.67221E5	6.52481E5	6.2606E5	5.78065E5	5.25099E5	4.75661E5	3.82878E5	3.02909E5	3.70009E5	2.1982E5	1.22082E5	8.70107E4	5.573E4	3.77811E4
470	1.99592E6	1.35967E6	1.2534E6	1.08915E6	9.0773E5	7.8295E5	6.99751E5	6.73606E5	6.58021E5	6.38966E5	6.17527E5	5.73183E5	5.23073E5	4.7041E5	3.84846E5	3.03336E5	3.22549E5	2.60177E5	1.26079E5	9.10131E4	5.984E4	3.93546E4
472	3.05795E6	1.34842E6	1.25044E6	1.085E6	8.99102E5	7.71003E5	6.93287E5	6.6127E5	6.49588E5	6.39449E5	6.11384E5	5.6465E5	5.18622E5	4.71446E5	3.83326E5	3.04286E5	2.85917E5	3.07636E5	1.32665E5	9.49434E4	6.33271E4	4.13931E4
474	4.87225E6	1.33411E6	1.24232E6	1.07436E6	8.90466E5	7.66254E5	6.81821E5	6.52167E5	6.37905E5	6.2562E5	6.01275E5	5.58127E5	5.17022E5	4.72015E5	3.85786E5	3.09416E5	2.63115E5	3.42697E5	1.35833E5	9.86628E4	6.81385E4	4.24178E4
476	7.27653E6	1.31878E6	1.23033E6	1.05595E6	8.87986E5	7.51653E5	6.7904E5	6.41273E5	6.31163E5	6.14736E5	5.93027E5	5.55241E5	5.12898E5	4.67191E5	3.84686E5	3.09496E5	2.53427E5	3.69885E5	1.4237E5	1.01316E5	6.99783E4	4.60013E4
478	1.03171E7	1.29381E6	1.20715E6	1.04477E6	8.72444E5	7.435E5	6.68231E5	6.30477E5	6.15628E5	5.99735E5	5.8229E5	5.41744E5	5.09041E5	4.63451E5	3.83358E5	3.11171E5	2.52189E5	3.71165E5	1.55436E5	1.05119E5	7.27214E4	4.79176E4
480	1.31244E7	1.26216E6	1.18667E6	1.03749E6	8.66688E5	7.35703E5	6.60123E5	6.15571E5	6.0211E5	5.95475E5	5.70634E5	5.35842E5	5.01363E5	4.61171E5	3.84348E5	3.08999E5	2.51153E5	3.46394E5	1.72397E5	1.08451E5	7.52288E4	5.19674E4
482	1.46503E7	1.26491E6	1.17387E6	1.02787E6	8.54384E5	7.20737E5	6.50601E5	6.07485E5	5.90361E5	5.79444E5	5.6471E5	5.28823E5	4.95242E5	4.54576E5	3.8148E5	3.08042E5	2.53158E5	3.08162E5	2.01726E5	1.11635E5	8.00273E4	5.47796E4
484	1.41608E7	1.25838E6	1.15435E6	1.0233E6	8.43906E5	7.18707E5	6.35575E5	5.99236E5	5.87082E5	5.7074E5	5.53898E5	5.2145E5	4.86695E5	4.52819E5	3.76788E5	3.12578E5	2.52464E5	2.6842E5	2.36425E5	1.13278E5	8.41625E4	5.73264E4
486	1.20999E7	1.26533E6	1.14232E6	9.96422E5	8.36493E5	7.08636E5	6.23571E5	5.93645E5	5.70153E5	5.59602E5	5.3937E5	5.12964E5	4.79734E5	4.44621E5	3.77616E5	3.09646E5	2.53277E5	2.35855E5	2.71572E5	1.17281E5	8.5583E4	6.12546E4
488	8.86867E6	1.47765E6	1.12852E6	9.90465E5	8.22577E5	6.97303E5	6.12517E5	5.84489E5	5.61133E5	5.48914E5	5.30627E5	5.07427E5	4.7298E5	4.42273E5	3.72572E5	3.09915E5	2.49782E5	2.18792E5	3.02097E5	1.21744E5	8.65422E4	6.35827E4
490	5.75102E6	2.11224E6	1.11837E6	9.89287E5	8.19526E5	6.89795E5	6.11853E5	5.71492E5	5.48247E5	5.3381E5	5.19294E5	4.96448E5	4.65048E5	4.37144E5	3.68449E5	3.08908E5	2.51685E5	2.08514E5	3.18361E5	1.28613E5	8.9705E4	6.66191E4
492	3.15286E6	3.5351E6	1.10037E6	9.74367E5	8.03361E5	6.7213E5	5.98411E5	5.55387E5	5.39182E5	5.31267E5	5.15454E5	4.86608E5	4.59873E5	4.34646E5	3.68486E5	3.0436E5	2.51594E5	2.08147E5	3.13473E5	1.41184E5	9.25411E4	6.81258E4
494	1.80024E6	5.86022E6	1.06602E6	9.41951E5	7.92017E5	6.66968E5	5.87146E5	5.50321E5	5.30589E5	5.15561E5	5.03572E5	4.7338E5	4.52685E5	4.2586E5	3.63438E5	3.03271E5	2.50939E5	2.08458E5	2.88733E5	1.57344E5	9.5601E4	6.91202E4
496	1.33274E6	9.0106E6	1.04549E6	9.33106E5	7.842E5	6.59606E5	5.74036E5	5.38029E5	5.1722E5	5.06811E5	4.94288E5	4.66093E5	4.46833E5	4.22859E5	3.61637E5	3.01997E5	2.49646E5	2.04502E5	2.53206E5	1.81382E5	9.73985E4	7.12617E4
498	1.22339E6	1.23611E7	1.04719E6	9.15143E5	7.77115E5	6.50295E5	5.72572E5	5.29904E5	5.08816E5	4.94985E5	4.81957E5	4.61346E5	4.39372E5	4.15827E5	3.53746E5	2.99944E5	2.47882E5	2.07697E5	2.21359E5	2.08419E5	9.8013E4	7.28521E4
500	1.14952E6	1.51974E7	1.03867E6	9.10036E5	7.7039E5	6.41969E5	5.60322E5	5.20788E5	5.01052E5	4.85416E5	4.76436E5	4.52522E5	4.31219E5	4.09175E5	3.52387E5	2.96402E5	2.48206E5	2.04782E5	1.98136E5	2.36917E5	9.91793E4	7.44749E4
502	1.13587E6	1.64023E7	1.02401E6	8.97994E5	7.47616E5	6.36115E5	5.50222E5	5.08489E5	4.87477E5	4.76727E5	4.6819E5	4.41477E5	4.24202E5	4.04728E5	3.47921E5	2.94144E5	2.48211E5	2.04013E5	1.82613E5	2.56438E5	1.0386E5	7.50113E4
504	1.13967E6	1.54955E7	1.00797E6	8.92995E5	7.37871E5	6.206E5	5.40306E5	5.05501E5	4.79294E5	4.66678E5	4.57852E5	4.36654E5	4.15877E5	3.99258E5	3.41707E5	2.90959E5	2.44213E5	2.06312E5	1.73892E5	2.67331E5	1.08833E5	7.71234E4
506	1.11894E6	1.2979E7	1.01654E6	8.81036E5	7.32446E5	6.06703E5	5.32001E5	4.97887E5	4.70162E5	4.56082E5	4.45008E5	4.25863E5	4.10742E5	3.91692E5	3.38826E5	2.90165E5	2.43156E5	2.03464E5	1.70554E5	2.58847E5	1.18696E5	7.90131E4
508	1.10007E6	9.54445E6	1.23572E6	8.60629E5	7.13346E5	6.07054E5	5.25092E5	4.83929E5	4.60632E5	4.49514E5	4.34244E5	4.17127E5	4.01091E5	3.80575E5	3.3172E5	2.83443E5	2.39534E5	2.01282E5	1.69403E5	2.37888E5	1.3519E5	8.05017E4
510	1.10808E6	5.91948E6	2.08527E6	8.39169E5	7.06529E5	5.93234E5	5.12777E5	4.68509E5	4.4782E5	4.35737E5	4.28378E5	4.06443E5	3.92226E5	3.77935E5	3.29527E5	2.81677E5	2.37287E5	2.01197E5	1.66491E5	2.11307E5	1.54805E5	8.18072E4
512	1.22662E6	3.00057E6	3.96663E6	8.26534E5	6.94551E5	5.76835E5	5.05307E5	4.6224E5	4.37751E5	4.30641E5	4.13754E5	4.00306E5	3.84162E5	3.67543E5	3.21474E5	2.75316E5	2.34307E5	1.99771E5	1.67198E5	1.8126E5	1.77321E5	8.18547E4
514	1.4449E6	1.57961E6	6.71938E6	8.07735E5	6.79952E5	5.67684E5	4.93243E5	4.51429E5	4.31889E5	4.164E5	4.06183E5	3.88209E5	3.75083E5	3.62689E5	3.15002E5	2.70776E5	2.31718E5	1.95763E5	1.66202E5	1.59649E5	1.98964E5	8.47487E4
516	1.65199E6	1.09771E6	1.02468E7	8.06443E5	6.7221E5	5.60034E5	4.75142E5	4.41913E5	4.18625E5	4.08227E5	3.99807E5	3.83516E5	3.69533E5	3.56706E5	3.09299E5	2.66342E5	2.30063E5	1.94274E5	1.67465E5	1.48152E5	2.15693E5	8.73908E4
518	2.03449E6	1.01581E6	1.39362E7	7.80249E5	6.56153E5	5.48343E5	4.74399E5	4.36821E5	4.12718E5	3.98836E5	3.88241E5	3.73343E5	3.59199E5	3.45937E5	3.03169E5	2.64252E5	2.2686E5	1.91857E5	1.63692E5	1.42522E5	2.17666E5	9.19027E4
520	2.3952E6	9.47768E5	1.68615E7	7.77892E5	6.50003E5	5.41169E5	4.6798E5	4.24236E5	4.02158E5	3.91006E5	3.79896E5	3.67905E5	3.52816E5	3.39433E5	2.98861E5	2.57587E5	2.25646E5	1.91915E5	1.62597E5	1.38245E5	2.12608E5	9.98593E4
522	2.71267E6	9.61704E5	1.76507E7	7.62072E5	6.34513E5	5.30639E5	4.51651E5	4.1727E5	3.95291E5	3.77281E5	3.70974E5	3.57884E5	3.4568E5	3.34992E5	2.9427E5	2.55288E5	2.2011E5	1.88416E5	1.59525E5	1.37083E5	1.96014E5	1.10067E5
524	2.93865E6	9.08878E5	1.616E7	7.49144E5	6.2392E5	5.16289E5	4.5216E5	4.09662E5	3.87671E5	3.74981E5	3.63771E5	3.4934E5	3.3578E5	3.23621E5	2.87104E5	2.52336E5	2.16959E5	1.84276E5	1.58346E5	1.33802E5	1.68561E5	1.27656E5
526	2.93284E6	8.92355E5	1.31326E7	7.73092E5	6.06152E5	5.05926E5	4.45158E5	3.97006E5	3.73438E5	3.60232E5	3.52321E5	3.40942E5	3.29615E5	3.18175E5	2.83408E5	2.44309E5	2.14265E5	1.83185E5	1.5506E5	1.3368E5	1.45895E5	1.44934E5
528	2.77705E6	8.71362E5	9.51464E6	1.04997E6	5.96804E5	5.04076E5	4.33978E5	3.8792E5	3.6731E5	3.56723E5	3.41746E5	3.28939E5	3.23373E5	3.13653E5	2.76068E5	2.41062E5	2.09286E5	1.81667E5	1.53981E5	1.32855E5	1.29308E5	1.62892E5
530	2.43139E6	8.9462E5	5.64215E6	2.04025E6	5.78154E5	4.90292E5	4.25507E5	3.79464E5	3.57543E5	3.41707E5	3.35036E5	3.23209E5	3.12244E5	3.08322E5	2.71109E5	2.37456E5	2.05451E5	1.78009E5	1.53834E5	1.31081E5	1.18309E5	1.76748E5
532	2.03478E6	8.96702E5	2.79072E6	4.17685E6	5.68228E5	4.81015E5	4.14844E5	3.71725E5	3.51039E5	3.3494E5	3.23196E5	3.13615E5	3.06524E5	3.00435E5	2.63409E5	2.30127E5	2.02152E5	1.73273E5	1.49817E5	1.28692E5	1.11299E5	1.81027E5
534	1.637E6	9.57613E5	1.32275E6	7.46837E6	5.58779E5	4.61618E5	4.0386E5	3.66321E5	3.41455E5	3.2964E5	3.24358E5	3.11025E5	2.97118E5	2.91729E5	2.54283E5	2.25978E5	1.98367E5	1.72138E5	1.48485E5	1.27061E5	1.10358E5	1.74022E5
536	1.23407E6	1.15157E6	8.77883E5	1.14234E7	5.54021E5	4.63851E5	3.95862E5	3.57873E5	3.31125E5	3.23085E5	3.12283E5	2.98551E5	2.94875E5	2.81087E5	2.51517E5	2.22282E5	1.93928E5	1.70646E5	1.46824E5	1.25216E5	1.06439E5	1.61289E5
538	9.70607E5	1.39186E6	7.96852E5	1.52518E7	5.37812E5	4.55013E5	3.88684E5	3.50781E5	3.27516E5	3.15487E5	3.01852E5	2.90255E5	2.84193E5	2.77198E5	2.45241E5	2.14988E5	1.90083E5	1.63754E5	1.42603E5	1.23301E5	1.04759E5	1.39564E5
540	8.32784E5	1.77709E6	7.68736E5	1.79498E7	5.33473E5	4.40409E5	3.78944E5	3.35925E5	3.1557E5	3.05095E5	2.91884E5	2.82608E5	2.73581E5	2.68078E5	2.3655E5	2.11585E5	1.87457E5	1.61321E5	1.42119E5	1.23664E5	1.02712E5	1.18665E5
542	7.30989E5	2.08096E6	7.32259E5	1.84709E7	5.28441E5	4.29826E5	3.76499E5	3.3233E5	3.05767E5	2.95965E5	2.87437E5	2.7438E5	2.65409E5	2.60502E5	2.34189E5	2.06783E5	1.8233E5	1.57268E5	1.38362E5	1.19204E5	1.01068E5	1.04458E5
544	7.07155E5	2.53663E6	7.05724E5	1.66262E7	5.22811E5	4.2043E5	3.60687E5	3.21217E5	3.01125E5	2.89302E5	2.80596E5	2.66732E5	2.61708E5	2.52658E5	2.30421E5	2.00942E5	1.78871E5	1.55195E5	1.37478E5	1.17005E5	1.00115E5	9.04936E4
546	7.03438E5	2.82353E6	7.00363E5	1.32722E7	5.57927E5	4.11669E5	3.49903E5	3.18028E5	2.93908E5	2.78618E5	2.71278E5	2.60589E5	2.53223E5	2.51392E5	2.21996E5	1.95823E5	1.72417E5	1.5176E5	1.33509E5	1.16134E5	9.78129E4	8.48396E4
548	6.81474E5	2.95798E6	6.70231E5	9.19418E6	9.09832E5	4.03258E5	3.44688E5	3.1188E5	2.86018E5	2.70944E5	2.65961E5	2.54149E5	2.49221E5	2.4246E5	2.14377E5	1.90781E5	1.72316E5	1.49843E5	1.2916E5	1.13087E5	9.46733E4	8.49916E4
550	6.34633E5	2.90872E6	6.36929E5	5.36057E6	2.07596E6	3.91613E5	3.31359E5	3.0208E5	2.80878E5	2.66986E5	2.54774E5	2.4974E5	2.40749E5	2.35029E5	2.11021E5	1.87294E5	1.6697E5	1.45734E5	1.29305E5	1.11409E5	9.38346E4	8.15809E4
552	6.62634E5	2.65463E6	6.3325E5	2.50424E6	4.41002E6	3.87915E5	3.24265E5	2.91474E5	2.68226E5	2.57716E5	2.48782E5	2.41659E5	2.32215E5	2.29811E5	2.05145E5	1.82891E5	1.61456E5	1.43501E5	1.26523E5	1.10315E5	9.08821E4	7.9725E4
554	6.37154E5	2.27039E6	6.47126E5	1.07758E6	7.96651E6	3.80921E5	3.17398E5	2.84263E5	2.61158E5	2.51655E5	2.45132E5	2.38402E5	2.29669E5	2.22683E5	2.02191E5	1.79418E5	1.58469E5	1.41825E5	1.24211E5	1.07423E5	9.12435E4	7.92395E4
556	5.70344E5	1.84012E6	7.02206E5	6.81927E5	1.21683E7	3.74678E5	3.13975E5	2.78446E5	2.57343E5	2.4459E5	2.40572E5	2.29314E5	2.20681E5	2.16193E5	1.96808E5	1.72023E5	1.5494E5	1.37468E5	1.20168E5	1.04987E5	9.02306E4	7.87858E4
558	6.002E5	1.40482E6	7.81361E5	6.07854E5	1.61274E7	3.62777E5	3.06754E5	2.71068E5	2.53248E5	2.36964E5	2.29801E5	2.23829E5	2.17547E5	2.07981E5	1.89442E5	1.67514E5	1.50392E5	1.33562E5	1.16379E5	1.03068E5	8.89032E4	7.51148E4
560	6.0526E5	1.04369E6	9.75026E5	5.82389E5	1.89501E7	3.63557E5	2.98003E5	2.65905E5	2.44804E5	2.34671E5	2.25741E5	2.16293E5	2.09238E5	2.0674E5	1.83521E5	1.62846E5	1.47041E5	1.3016E5	1.15487E5	1.0095E5	8.49082E4	7.26602E4
562	5.22911E5	7.95828E5	1.28056E6	5.52709E5	1.94341E7	3.5695E5	2.92109E5	2.59787E5	2.43604E5	2.24086E5	2.16741E5	2.10209E5	2.05318E5	2.00715E5	1.77396E5	1.57964E5	1.43827E5	1.25759E5	1.11532E5	9.75335E4	8.55958E4	7.23624E4
564	5.53506E5	6.24961E5	1.62863E6	5.28448E5	1.71612E7	3.60959E5	2.82821E5	2.53361E5	2.3438E5	2.15368E5	2.09268E5	2.04862E5	1.9628E5	1.95656E5	1.74264E5	1.56301E5	1.39752E5	1.21956E5	1.07649E5	9.56105E4	8.25079E4	7.15286E4
566	5.50173E5	5.70762E5	2.01387E6	5.19686E5	1.35677E7	4.02703E5	2.82804E5	2.47093E5	2.26385E5	2.11047E5	2.03711E5	1.97721E5	1.91586E5	1.87967E5	1.69073E5	1.50841E5	1.37923E5	1.19039E5	1.07382E5	9.39889E4	8.12249E4	6.92376E4
568	5.44655E5	5.46155E5	2.35571E6	5.07882E5	9.20169E6	8.07335E5	2.72508E5	2.33719E5	2.21722E5	2.07937E5	2.03323E5	1.94111E5	1.87539E5	1.82268E5	1.6573E5	1.47236E5	1.31053E5	1.16403E5	1.04474E5	9.14887E4	7.98655E4	6.76056E4
570	5.51697E5	4.92593E5	2.62313E6	5.1003E5	5.14628E6	2.10706E6	2.72138E5	2.33955E5	2.14108E5	2.00046E5	1.95271E5	1.85192E5	1.84094E5	1.74915E5	1.59915E5	1.41581E5	1.29058E5	1.14443E5	1.01735E5	8.95779E4	7.96822E4	6.60909E4
572	4.99675E5	5.01283E5	2.70633E6	4.90685E5	2.28307E6	4.63347E6	2.62585E5	2.27313E5	2.1007E5	1.95253E5	1.89119E5	1.78986E5	1.74435E5	1.71347E5	1.55913E5	1.39325E5	1.24173E5	1.10149E5	1.00059E5	8.68128E4	7.5527E4	6.4351E4
574	4.87514E5	4.59734E5	2.60504E6	4.80251E5	9.00036E5	8.23164E6	2.56207E5	2.21128E5	2.02014E5	1.925E5	1.81747E5	1.74095E5	1.68738E5	1.6737E5	1.50751E5	1.36377E5	1.22104E5	1.07099E5	9.56794E4	8.50722E4	7.33197E4	6.11949E4
576	4.79076E5	4.60044E5	2.31938E6	4.8717E5	5.19538E5	1.22473E7	2.54649E5	2.1324E5	1.98579E5	1.86067E5	1.78421E5	1.66861E5	1.64411E5	1.62887E5	1.47187E5	1.30282E5	1.1522E5	1.04931E5	9.28224E4	8.1645E4	7.06984E4	6.1279E4
578	4.83408E5	4.46655E5	1.94263E6	5.0213E5	4.77308E5	1.59989E7	2.46832E5	2.11268E5	1.91592E5	1.79149E5	1.7278E5	1.65341E5	1.60929E5	1.58253E5	1.42209E5	1.27411E5	1.12726E5	1.0138E5	9.15853E4	8.05272E4	7.07159E4	5.83086E4
580	4.68266E5	4.57183E5	1.57259E6	5.46219E5	4.51653E5	1.85565E7	2.42277E5	2.07824E5	1.88658E5	1.7534E5	1.66632E5	1.61354E5	1.55095E5	1.52536E5	1.37306E5	1.24124E5	1.09602E5	1.00316E5	8.92049E4	8.01033E4	6.78071E4	5.89463E4
582	4.72249E5	4.30132E5	1.14752E6	6.75485E5	4.37406E5	1.86935E7	2.41756E5	2.02207E5	1.83339E5	1.71983E5	1.62061E5	1.58704E5	1.49732E5	1.48584E5	1.31526E5	1.21718E5	1.09363E5	9.72692E4	8.36754E4	7.52459E4	6.3754E4	5.62861E4
584	4.40825E5	4.2236E5	8.37831E5	8.69029E5	4.37462E5	1.64748E7	2.4586E5	1.98058E5	1.78701E5	1.63555E5	1.59314E5	1.51283E5	1.46699E5	1.44099E5	1.29029E5	1.14819E5	1.05582E5	9.23017E4	8.32547E4	7.43928E4	6.28653E4	5.64493E4
586	4.73338E5	3.99862E5	6.31352E5	1.11793E6	4.30991E5	1.28535E7	2.85142E5	1.9134E5	1.72384E5	1.57355E5	1.51797E5	1.4672E5	1.42318E5	1.36868E5	1.25304E5	1.11142E5	1.02633E5	9.017E4	8.21631E4	7.3258E4	6.18172E4	5.50399E4
588	4.4925E5	4.06655E5	5.11524E5	1.47152E6	4.23898E5	8.53276E6	6.62555E5	1.87732E5	1.65197E5	1.53976E5	1.48745E5	1.42294E5	1.39916E5	1.3032E5	1.2085E5	1.08771E5	9.96892E4	8.78057E4	7.86131E4	6.98755E4	6.17494E4	5.20174E4
590	4.80452E5	4.15425E5	4.574E5	1.83155E6	4.34179E5	4.50491E6	2.02575E6	1.82118E5	1.65588E5	1.48896E5	1.45247E5	1.35209E5	1.34447E5	1.29039E5	1.17646E5	1.0744E5	9.59319E4	8.62574E4	7.73844E4	6.64657E4	6.00389E4	5.11859E4
592	4.66458E5	4.09182E5	4.39259E5	2.17516E6	4.27092E5	1.82441E6	4.76221E6	1.75622E5	1.60046E5	1.47429E5	1.36793E5	1.32632E5	1.28422E5	1.24372E5	1.13122E5	1.02071E5	9.20024E4	8.38221E4	7.44707E4	6.74944E4	5.5986E4	4.98381E4
594	4.37548E5	3.76629E5	4.14146E5	2.35817E6	4.33834E5	6.76574E5	8.49448E6	1.74968E5	1.51563E5	1.42309E5	1.35668E5	1.27449E5	1.24399E5	1.16538E5	1.11717E5	9.89012E4	9.03276E4	8.10974E4	7.11634E4	6.45745E4	5.61593E4	5.02935E4
596	4.32315E5	4.01447E5	4.04631E5	2.41739E6	4.25591E5	3.9808E5	1.2832E7	1.73676E5	1.49107E5	1.37608E5	1.29365E5	1.23165E5	1.18519E5	1.19213E5	1.07932E5	9.70443E4	8.64797E4	7.89401E4	6.98444E4	6.14494E4	5.51046E4	4.82561E4
598	4.26218E5	4.02391E5	4.11211E5	2.28832E6	4.34681E5	3.67784E5	1.66011E7	1.66195E5	1.48416E5	1.32213E5	1.25875E5	1.21843E5	1.1719E5	1.142E5	1.05253E5	9.31646E4	8.26345E4	7.66638E4	6.79948E4	6.06965E4	5.32153E4	4.74079E4
600	4.40418E5	3.8193E5	3.96379E5	2.06131E6	4.47383E5	3.46429E5	1.8795E7	1.68717E5	1.40167E5	1.32388E5	1.23325E5	1.1659E5	1.12002E5	1.12438E5	1.0219E5	9.13731E4	8.39953E4	7.44926E4	6.58014E4	5.89658E4	5.31204E4	4.57874E4
