300	3.26917E5	1.99982E5	2.39345E5	2.71199E6	4.4064E5	4.18253E5	4.26745E7	1.71927E5	2.56539E4	1.64908E4	1.06282E4	7557.80328	6683.52033	6276.44396	5597.12904	4530.71362	3821.38403	3229.51354	3738.60032	2802.75637	2919.6347	2520.75821
302	3.4049E5	2.09021E5	2.50564E5	1.87548E6	7.62821E5	2.57591E5	3.76888E7	2.0313E6	3.11037E4	1.64379E4	1.20273E4	8673.38115	6633.10324	6150.07281	5229.81781	4702.44969	4369.5748	3603.4165	3025.65979	2633.47176	2846.9336	2319.3974
304	3.43498E5	2.28373E5	2.6049E5	1.08809E6	1.34612E6	2.44309E5	2.4976E7	8.77572E6	3.45463E4	1.81309E4	1.17121E4	9312.25308	7725.15575	6820.27918	4851.89396	4817.68608	3894.66193	3630.48048	2854.6563	3008.49629	2984.70291	2562.09836
306	3.51876E5	2.20963E5	2.67375E5	6.24309E5	2.09634E6	2.43758E5	1.11684E7	2.16393E7	4.24403E4	1.87866E4	1.30028E4	9116.78491	7310.95823	6285.27196	5779.86207	4492.24904	3656.73801	3039.90635	3617.40672	3071.60526	2542.57837	2640.54971
308	3.73812E5	2.38829E5	2.7392E5	4.354E5	2.75433E6	2.4325E5	2.78966E6	3.5073E7	6.39602E4	2.06752E4	1.35738E4	9127.88132	7744.19904	6036.04451	5147.51355	4091.38111	3999.90218	3418.32133	3287.11178	2758.5567	2667.09683	2780.06878
310	3.99051E5	2.28955E5	2.89421E5	3.96453E5	2.91828E6	2.61721E5	3.76207E5	4.11253E7	1.65662E5	2.2258E4	1.32405E4	9986.03893	7350.35882	6805.2413	5457.43217	4285.34176	4032.3761	3595.39101	3195.86679	3179.15189	2853.70067	2547.97716
312	3.85677E5	2.51589E5	2.77317E5	3.72507E5	2.51309E6	3.48202E5	1.9609E5	3.66376E7	1.84325E6	2.57839E4	1.45061E4	9903.20267	7134.15255	6725.28597	4964.98807	4497.71157	3554.71428	3430.97832	2981.31558	2998.21428	2814.33541	2460.56566
314	3.94586E5	2.6867E5	2.93375E5	3.77878E5	1.74432E6	6.13049E5	1.6959E5	2.34934E7	8.79231E6	3.03313E4	1.55203E4	1.13391E4	7613.93303	6323.61643	4840.36202	4302.66218	4281.06884	3408.04778	3049.91089	2947.24434	2483.83683	2664.67524
316	3.97748E5	2.61288E5	3.04462E5	3.79854E5	1.08684E6	1.10216E6	1.67905E5	9.87784E6	2.10023E7	3.85818E4	1.59599E4	1.11857E4	7490.93787	7166.88879	5452.37518	4553.14343	3655.26074	3216.5763	3406.87912	2836.96168	2369.31035	2476.81286
318	4.13596E5	2.85109E5	3.08044E5	3.79922E5	6.62742E5	1.7295E6	1.70503E5	2.3662E6	3.19566E7	5.64127E4	1.80277E4	1.08736E4	8354.15133	6910.70996	5316.21313	4472.78538	3423.68566	3480.73215	2919.20431	3311.10142	2753.18661	2711.83456
320	4.27909E5	3.01765E5	3.2871E5	3.84034E5	4.85946E5	2.28557E6	1.70869E5	3.02985E5	3.61232E7	1.56323E5	2.0454E4	1.14256E4	8662.9135	7146.41006	4954.75102	4394.32593	3591.48753	3031.82802	2908.56988	2537.81892	2569.94751	2524.62567
322	4.14336E5	3.04585E5	3.3673E5	3.8759E5	4.39744E5	2.42337E6	1.85011E5	1.66763E5	3.11749E7	1.762E6	2.20899E4	1.21701E4	8902.35108	6540.04865	5401.97416	4480.38713	3912.05919	3212.35093	2941.50222	2954.82224	2721.04394	2337.0203
324	4.23494E5	3.05741E5	3.29434E5	3.9295E5	4.29515E5	2.10048E6	2.51179E5	1.49067E5	2.00233E7	7.66655E6	2.6782E4	1.28035E4	9157.45845	6772.86893	5323.63248	4271.24587	3406.00349	3180.2497	3032.79525	2922.17886	2475.86035	2473.62235
326	4.51049E5	3.03343E5	3.33938E5	4.01577E5	4.29073E5	1.52285E6	4.35903E5	1.3786E5	8.56017E6	1.77925E7	3.28643E4	1.4093E4	1.01145E4	7311.87638	5034.21056	4409.26573	3642.64932	3363.30635	2917.56641	2380.96038	2588.21728	2243.58318
328	4.6802E5	3.1265E5	3.38344E5	3.98941E5	4.24801E5	9.87475E5	8.0215E5	1.38306E5	2.18508E6	2.68288E7	4.81124E4	1.50781E4	9949.30747	7598.00405	5197.32498	4342.70733	3666.50567	3334.47225	2897.05611	2986.59054	2421.57288	2014.20974
330	5.11242E5	3.51303E5	3.45075E5	4.19307E5	4.40812E5	6.10878E5	1.32095E6	1.44326E5	2.73537E5	3.09002E7	1.22667E5	1.73955E4	1.01936E4	7603.79959	5464.70278	4359.5014	3506.94346	3089.87492	2794.15787	2632.69924	2214.39682	2201.53576
332	4.91433E5	3.52453E5	3.50936E5	4.07792E5	4.37737E5	4.47372E5	1.78987E6	1.48823E5	1.45366E5	2.7755E7	1.36044E6	1.89806E4	1.06734E4	8122.2305	5614.39952	4105.9958	3480.8116	3328.84599	3136.03731	2506.32719	2084.11507	1966.68691
334	5.24504E5	3.54768E5	3.63952E5	4.15568E5	4.36853E5	3.92526E5	1.98609E6	1.62476E5	1.28531E5	1.9061E7	6.24855E6	2.19362E4	1.0854E4	8468.1959	5365.11029	4364.98584	3617.05419	3029.07007	2790.66885	2501.01362	2284.53594	2045.96252
336	5.28158E5	3.73617E5	3.67152E5	4.24944E5	4.37257E5	3.86789E5	1.82123E6	2.08187E5	1.24391E5	8.61726E6	1.51093E7	2.8373E4	1.15537E4	8759.47906	6507.7705	4436.64264	3805.897	2845.87967	2988.47708	2317.68526	2203.5288	2291.70547
338	5.4415E5	3.70361E5	3.78198E5	4.15226E5	4.38679E5	3.90667E5	1.43629E6	3.35648E5	1.28592E5	2.29345E6	2.2908E7	3.98058E4	1.26475E4	9127.05391	6124.71748	4451.82597	3373.52599	2753.16257	2793.4936	2447.13274	2294.66944	2034.91649
340	5.86462E5	3.96674E5	3.80681E5	4.23972E5	4.53796E5	3.95231E5	9.40256E5	6.03938E5	1.32997E5	2.80962E5	2.61038E7	9.97625E4	1.36748E4	8514.67559	6023.52823	4503.5576	3541.91548	2980.46493	2888.48219	2303.15972	2053.55927	2090.15596
342	5.50491E5	3.96475E5	3.87216E5	4.25456E5	4.55862E5	3.99713E5	5.95392E5	9.77162E5	1.37299E5	1.32404E5	2.34623E7	1.12148E6	1.64068E4	9984.01323	6333.22965	4492.16442	3455.77058	3023.26285	2521.88971	2311.73825	1999.28904	2114.37511
344	6.22099E5	4.35403E5	3.98588E5	4.2388E5	4.54825E5	4.08384E5	4.0115E5	1.40239E6	1.45238E5	1.17854E5	1.56739E7	5.64799E6	1.97922E4	9418.55111	6870.2984	4666.12686	3331.89063	3180.66638	2612.10508	2360.00333	2133.91631	2074.66294
346	5.93926E5	4.29157E5	4.02896E5	4.2717E5	4.6205E5	4.07576E5	3.49155E5	1.61889E6	1.60814E5	1.15976E5	7.09718E6	1.30755E7	2.40631E4	1.00597E4	6356.76827	4998.40925	3618.62163	3014.85619	2556.90869	2507.32347	2070.24849	1965.08559
348	6.39453E5	4.71792E5	4.16492E5	4.28471E5	4.58407E5	4.26641E5	3.42971E5	1.55984E6	1.96818E5	1.21587E5	1.75309E6	1.97213E7	3.48041E4	1.14398E4	6868.28475	4905.13898	3369.40382	2903.27032	2264.72094	2479.99225	2061.58476	1797.76875
350	6.31298E5	4.75845E5	4.22957E5	4.3761E5	4.64772E5	4.30069E5	3.48497E5	1.26834E6	2.86433E5	1.33372E5	2.38688E5	2.2002E7	7.46907E4	1.22722E4	6814.65855	4745.95422	3731.3882	3010.8304	2779.63416	2229.41391	1957.37737	2038.43528
352	6.79588E5	4.85882E5	4.27762E5	4.51449E5	4.62799E5	4.38061E5	3.61866E5	8.74109E5	4.88117E5	1.41526E5	1.24786E5	1.95674E7	9.41538E5	1.39964E4	7614.30898	5263.58091	3708.66481	2822.99158	2642.47866	2201.21009	2056.72575	1836.42601
354	6.95929E5	5.0575E5	4.48164E5	4.47006E5	4.73765E5	4.43005E5	3.72148E5	5.83259E5	7.7332E5	1.49097E5	1.11778E5	1.35262E7	4.44599E6	1.64418E4	7838.14531	5329.02154	4092.95531	3049.50212	2506.21265	2192.08252	1959.87833	1779.18059
356	7.21584E5	5.13085E5	4.54814E5	4.58178E5	4.67427E5	4.55853E5	3.86983E5	4.19241E5	1.08209E6	1.61314E5	1.15419E5	6.13404E6	1.09177E7	2.2091E4	8703.51405	5561.85083	3653.27143	2944.02719	2543.24144	2161.88503	1793.53583	1619.23931
358	7.21239E5	5.43735E5	4.80186E5	4.56426E5	4.71276E5	4.60749E5	4.0492E5	3.60674E5	1.29956E6	1.76439E5	1.21525E5	1.59638E6	1.67741E7	3.18733E4	8840.17768	5390.48316	4272.14768	3073.63646	2601.91144	2202.69153	1808.4581	1730.08356
360	7.092E5	5.81416E5	4.87801E5	4.67038E5	4.83211E5	4.73313E5	4.14319E5	3.53795E5	1.31941E6	2.04634E5	1.3244E5	2.16001E5	1.93579E7	6.70266E4	1.00366E4	5584.49215	4367.03224	3091.52277	2501.85808	2359.29046	1916.25923	1566.51116
362	7.6228E5	5.97073E5	5.09664E5	4.8763E5	4.87121E5	4.90443E5	4.31231E5	3.63843E5	1.14708E6	2.62095E5	1.42322E5	1.15807E5	1.79483E7	8.03123E5	1.17919E4	5887.78883	4399.76401	3161.91548	2484.13779	1776.0657	1784.94403	1646.33817
364	8.02233E5	6.21882E5	5.26666E5	4.84268E5	4.9841E5	4.89209E5	4.48147E5	3.84189E5	8.73856E5	3.83066E5	1.52514E5	1.062E5	1.29417E7	4.06666E6	1.45406E4	6502.11368	4518.60401	3137.47844	2553.23664	2352.9649	2009.30043	1820.47301
366	8.26283E5	6.36714E5	5.47147E5	4.98581E5	5.09157E5	5.06967E5	4.57655E5	4.01136E5	6.12128E5	5.92236E5	1.66656E5	1.09053E5	6.05397E6	1.03921E7	1.82958E4	7009.84811	4753.52281	3284.71577	2463.97325	2456.22813	1849.03585	1742.74206
368	8.47907E5	6.97025E5	5.60937E5	5.13747E5	5.09962E5	5.12274E5	4.80365E5	4.16537E5	4.66232E5	8.42335E5	1.76865E5	1.15183E5	1.6344E6	1.56648E7	2.71657E4	7672.95269	4458.15818	3812.74867	2534.52297	2245.84667	1986.41282	1623.27157
370	8.84064E5	7.28047E5	5.85415E5	5.27549E5	5.21089E5	5.28131E5	4.9662E5	4.39357E5	4.02808E5	1.06327E6	1.9355E5	1.25569E5	1.99701E5	1.77729E7	6.28182E4	8869.76328	4745.046	3697.49355	2598.14745	2325.97783	1925.23946	1761.85174
372	9.02645E5	7.55116E5	6.06034E5	5.39005E5	5.31949E5	5.35527E5	5.0934E5	4.56036E5	3.91386E5	1.13565E6	2.18142E5	1.34682E5	1.05274E5	1.6134E7	7.96504E5	9878.30883	5202.47456	4097.47897	2680.14357	2202.11947	1894.1667	1854.43447
374	8.98101E5	7.54459E5	6.37311E5	5.52759E5	5.39863E5	5.53027E5	5.3401E5	4.7756E5	4.06626E5	1.05286E6	2.64426E5	1.4491E5	9.60711E4	1.1075E7	3.93485E6	1.18963E4	5360.00097	3914.76086	2857.27097	2161.03341	1836.44212	1630.79039
376	9.55324E5	7.85221E5	6.43506E5	5.6517E5	5.50331E5	5.637E5	5.46324E5	4.96413E5	4.16745E5	8.56599E5	3.52353E5	1.5402E5	9.51298E4	5.0394E6	9.28359E6	1.6618E4	6179.93339	3961.19709	3058.08527	2316.65001	1840.72133	1786.2762
378	9.8814E5	8.21286E5	6.86673E5	5.7548E5	5.72099E5	5.72298E5	5.62655E5	5.11704E5	4.319E5	6.53966E5	5.04267E5	1.68676E5	1.01389E5	1.2659E6	1.38754E7	2.45264E4	6741.6947	3979.81469	3378.87626	2185.90818	1894.16787	1707.33164
380	1.01465E6	8.42877E5	6.95406E5	6.03088E5	5.75372E5	5.92531E5	5.8432E5	5.35012E5	4.4986E5	5.08067E5	6.92897E5	1.81802E5	1.11914E5	1.67301E5	1.55095E7	5.37783E4	7495.85845	4184.08128	3314.23758	2245.82641	2000.50873	1764.19191
382	1.08483E6	8.98588E5	7.25716E5	6.19294E5	5.96862E5	6.11711E5	6.07392E5	5.52446E5	4.76091E5	4.46929E5	8.81509E5	1.97611E5	1.23431E5	9.61108E4	1.42935E7	6.25545E5	8857.34988	4448.09406	3293.31502	2236.24218	2076.53717	1736.51803
384	1.08186E6	8.98018E5	7.62606E5	6.32745E5	6.12823E5	6.28061E5	6.21278E5	5.80503E5	4.97842E5	4.26594E5	9.92539E5	2.1777E5	1.3359E5	8.99727E4	1.02057E7	3.10214E6	1.0877E4	4798.37294	3383.33035	2637.55807	2278.49428	1750.02742
386	1.09949E6	9.60931E5	7.69923E5	6.58349E5	6.2599E5	6.43757E5	6.45127E5	5.97777E5	5.15346E5	4.38314E5	9.79062E5	2.52381E5	1.44116E5	9.22935E4	4.76606E6	7.95192E6	1.44507E4	5312.09098	3821.51619	3001.23748	2156.64627	1849.83658
388	1.10334E6	9.74849E5	8.08095E5	6.79334E5	6.50409E5	6.52231E5	6.65486E5	6.15786E5	5.3481E5	4.47163E5	8.67148E5	3.11851E5	1.56133E5	9.54813E4	1.31439E6	1.23242E7	2.22637E4	6058.89616	3665.64203	3143.38339	2177.16223	1900.05409
390	1.16529E6	1.016E6	8.35635E5	6.88529E5	6.54424E5	6.76141E5	6.84403E5	6.42632E5	5.55442E5	4.58621E5	7.0426E5	4.16449E5	1.71375E5	1.05952E5	1.73316E5	1.45205E7	4.81759E4	6790.09869	4241.0672	2949.56235	2638.16171	1736.00684
392	1.20065E6	1.07789E6	8.73856E5	7.11598E5	6.67546E5	6.85285E5	7.04348E5	6.59087E5	5.73371E5	4.78984E5	5.6006E5	5.69281E5	1.83976E5	1.15154E5	8.91549E4	1.37141E7	6.50706E5	8588.03724	4303.37808	3340.41283	2319.23071	2011.13442
394	1.23569E6	1.08105E6	8.81211E5	7.24832E5	6.89123E5	7.09603E5	7.18952E5	6.74659E5	5.89783E5	4.98618E5	4.76268E5	7.3023E5	1.96226E5	1.26144E5	8.17889E4	1.01707E7	3.07954E6	9937.45022	4851.63239	3426.86997	2709.40631	1885.54955
396	1.26819E6	1.10399E6	9.03487E5	7.47504E5	7.00883E5	7.2119E5	7.28692E5	6.91881E5	6.06522E5	5.15824E5	4.47304E5	8.60412E5	2.16777E5	1.3656E5	8.25756E4	4.91787E6	7.71685E6	1.35571E4	4966.53261	3556.18761	2972.99005	2089.11665
398	1.27091E6	1.13983E6	9.35182E5	7.63098E5	7.0594E5	7.31621E5	7.4862E5	7.08582E5	6.23789E5	5.2834E5	4.50012E5	8.95284E5	2.39121E5	1.48895E5	8.73819E4	1.35551E6	1.17395E7	2.045E4	5430.93422	3706.17965	2989.29676	2145.20548
400	1.34734E6	1.17205E6	9.61922E5	7.79827E5	7.29461E5	7.39878E5	7.59792E5	7.25332E5	6.39977E5	5.48655E5	4.60699E5	8.31339E5	2.80858E5	1.61076E5	9.30376E4	1.75672E5	1.33756E7	4.25178E4	6503.70646	3805.14387	3062.13491	2188.1305
402	1.33434E6	1.19773E6	9.89864E5	8.03088E5	7.42418E5	7.57366E5	7.68598E5	7.40877E5	6.53422E5	5.61685E5	4.76016E5	7.07514E5	3.53631E5	1.73508E5	1.02768E5	8.03872E4	1.21846E7	5.24789E5	7548.81475	3948.77401	2921.89275	2489.39603
404	1.36327E6	1.219E6	1.01777E6	8.25392E5	7.47773E5	7.71939E5	7.85207E5	7.56018E5	6.70231E5	5.75114E5	4.83254E5	5.76483E5	4.67125E5	1.90019E5	1.12605E5	7.4258E4	8.58422E6	2.7553E6	9273.34722	4447.13708	3141.36594	2531.08172
406	1.40872E6	1.24576E6	1.04531E6	8.4559E5	7.71255E5	7.75635E5	7.96099E5	7.59754E5	6.85936E5	5.94879E5	4.99718E5	4.96219E5	6.00629E5	2.02738E5	1.22464E5	7.4919E4	3.97041E6	6.96489E6	1.18309E4	4813.9327	3128.5573	2556.62479
408	1.42634E6	1.27077E6	1.06982E6	8.61344E5	7.76178E5	7.90575E5	8.00878E5	7.74863E5	6.98309E5	6.11603E5	5.12161E5	4.51889E5	7.31123E5	2.16687E5	1.33523E5	7.73162E4	1.09615E6	1.09431E7	1.82508E4	5532.19318	3249.23499	2504.14489
410	1.4326E6	1.29923E6	1.07347E6	8.72545E5	7.91129E5	7.94509E5	8.10377E5	7.89557E5	7.05419E5	6.21909E5	5.27425E5	4.43521E5	8.01843E5	2.37712E5	1.42181E5	8.17048E4	1.25943E5	1.26297E7	3.54895E4	6038.42354	3173.99344	2462.72977
412	1.47121E6	1.31386E6	1.12424E6	8.93708E5	7.97048E5	8.02764E5	8.1589E5	7.87925E5	7.18951E5	6.33126E5	5.42908E5	4.5154E5	7.89662E5	2.64725E5	1.50245E5	8.79282E4	7.20482E4	1.16096E7	4.03789E5	7064.10135	3654.79607	2639.85152
414	1.50932E6	1.34903E6	1.11019E6	9.0307E5	8.08252E5	8.05104E5	8.22559E5	7.94254E5	7.22811E5	6.42866E5	5.57403E5	4.60486E5	7.17869E5	3.14941E5	1.63157E5	9.87811E4	6.5031E4	8.24835E6	2.18606E6	8280.15125	3935.93353	2518.41467
416	1.46981E6	1.36098E6	1.12558E6	9.24524E5	8.24629E5	8.13091E5	8.23091E5	8.00881E5	7.33518E5	6.52455E5	5.69735E5	4.71897E5	6.12899E5	3.97956E5	1.74324E5	1.05599E5	6.4436E4	3.81943E6	6.03362E6	1.16221E4	4217.43662	2508.76513
418	1.52796E6	1.36859E6	1.15512E6	9.4812E5	8.28759E5	8.24303E5	8.32046E5	8.05678E5	7.47257E5	6.66818E5	5.81515E5	4.83759E5	5.19161E5	5.03201E5	1.89827E5	1.15548E5	6.72624E4	1.00296E6	9.99597E6	1.70863E4	4503.98846	2984.80752
420	1.52397E6	1.39399E6	1.17897E6	9.57411E5	8.35367E5	8.18427E5	8.36245E5	8.128E5	7.48502E5	6.72053E5	5.93808E5	4.99943E5	4.61573E5	6.22159E5	1.9674E5	1.20925E5	7.07494E4	1.26557E5	1.1903E7	3.46546E4	5612.33855	2929.16421
422	1.54349E6	1.388E6	1.20014E6	9.68106E5	8.41885E5	8.27171E5	8.3246E5	8.12399E5	7.56267E5	6.87035E5	6.097E5	5.11068E5	4.38815E5	7.08461E5	2.10665E5	1.32014E5	7.82567E4	6.43052E4	1.11596E7	4.58381E5	6459.35194	3219.54211
424	1.52209E6	1.42941E6	1.22119E6	9.8748E5	8.50922E5	8.25915E5	8.30938E5	8.13999E5	7.67604E5	6.928E5	6.16052E5	5.21897E5	4.36245E5	7.32879E5	2.33044E5	1.40965E5	8.42875E4	5.78943E4	7.98463E6	2.35436E6	7518.41219	3757.07032
426	1.57344E6	1.41618E6	1.22695E6	1.00152E6	8.6572E5	8.31835E5	8.35327E5	8.14493E5	7.67918E5	6.97177E5	6.22043E5	5.34483E5	4.48304E5	6.88018E5	2.64319E5	1.49516E5	9.15543E4	5.75359E4	3.59732E6	6.26615E6	1.00388E4	3521.41223
428	1.57324E6	1.41689E6	1.24089E6	1.02205E6	8.72769E5	8.31461E5	8.25154E5	8.1209E5	7.68523E5	7.02101E5	6.34069E5	5.45841E5	4.56483E5	6.09198E5	3.22151E5	1.60264E5	9.84156E4	5.89409E4	8.99025E5	1.00264E7	1.62912E4	4300.6252
430	1.5287E6	1.42966E6	1.26264E6	1.01229E6	8.77467E5	8.3659E5	8.31888E5	8.12429E5	7.67172E5	7.10796E5	6.3991E5	5.55028E5	4.68339E5	5.21471E5	3.98237E5	1.69506E5	1.05484E5	6.21422E4	1.07932E5	1.15005E7	3.48003E4	4524.47315
432	1.53864E6	1.47934E6	1.26035E6	1.03126E6	8.83189E5	8.32638E5	8.30522E5	8.12694E5	7.69013E5	7.14418E5	6.4955E5	5.64874E5	4.74986E5	4.59824E5	4.91204E5	1.7991E5	1.12911E5	6.54293E4	5.70435E4	1.03082E7	4.51445E5	5559.71846
434	1.55456E6	1.44113E6	1.28065E6	1.05653E6	8.97488E5	8.37719E5	8.22738E5	8.08698E5	7.70408E5	7.20102E5	6.544E5	5.71771E5	4.84336E5	4.29413E5	5.71712E5	1.89239E5	1.20806E5	7.20645E4	5.26964E4	6.92622E6	2.27538E6	6972.85571
436	1.5487E6	1.45767E6	1.28009E6	1.05655E6	8.99484E5	8.37971E5	8.25864E5	8.05411E5	7.67736E5	7.21113E5	6.6111E5	5.81597E5	4.92227E5	4.20251E5	6.19553E5	2.03245E5	1.28527E5	7.82019E4	5.16945E4	3.10396E6	5.70083E6	9161.0504
438	1.58871E6	1.47039E6	1.29754E6	1.0599E6	8.99156E5	8.3817E5	8.15605E5	8.0109E5	7.65301E5	7.23962E5	6.63673E5	5.85715E5	5.0362E5	4.25252E5	6.12839E5	2.21253E5	1.36674E5	8.50957E4	5.26088E4	7.72817E5	9.16148E6	1.30545E4
440	1.58624E6	1.46742E6	1.28374E6	1.07084E6	9.05679E5	8.37062E5	8.05594E5	7.97513E5	7.62402E5	7.18838E5	6.65534E5	5.89282E5	5.08696E5	4.29488E5	5.6649E5	2.5314E5	1.42986E5	9.06263E4	5.56621E4	9.12753E4	1.081E7	2.35789E4
442	1.5695E6	1.47396E6	1.31284E6	1.08773E6	9.06631E5	8.27723E5	7.97226E5	7.96174E5	7.63911E5	7.19718E5	6.67355E5	5.94372E5	5.15843E5	4.38939E5	5.00644E5	3.01646E5	1.50122E5	9.70865E4	5.85552E4	5.28453E4	9.93316E6	2.56343E5
444	1.54385E6	1.47665E6	1.2998E6	1.07761E6	9.11298E5	8.3364E5	7.98203E5	7.86494E5	7.54295E5	7.19301E5	6.69923E5	5.96158E5	5.24E5	4.43015E5	4.36385E5	3.67738E5	1.56378E5	1.00781E5	6.23902E4	4.69537E4	6.86577E6	1.51884E6
446	1.56639E6	1.47952E6	1.32776E6	1.08642E6	9.10547E5	8.34287E5	7.92775E5	7.86484E5	7.48427E5	7.23316E5	6.70123E5	5.99684E5	5.2898E5	4.49292E5	3.91407E5	4.34673E5	1.66471E5	1.09267E5	6.83109E4	4.80019E4	3.07813E6	4.65316E6
448	1.54982E6	1.46179E6	1.32322E6	1.09986E6	9.17148E5	8.24689E5	7.95347E5	7.82387E5	7.49768E5	7.18191E5	6.71834E5	6.06691E5	5.32742E5	4.59081E5	3.73592E5	4.98244E5	1.75353E5	1.15804E5	7.327E4	4.80693E4	7.64477E5	8.17528E6
450	1.55159E6	1.46667E6	1.3179E6	1.09793E6	9.14191E5	8.27084E5	7.89294E5	7.73403E5	7.42105E5	7.15844E5	6.74142E5	6.07387E5	5.39905E5	4.62505E5	3.65632E5	5.26012E5	1.89175E5	1.22084E5	7.91053E4	5.07701E4	9.48715E4	1.01015E7
452	1.57008E6	1.46337E6	1.30657E6	1.11204E6	9.21168E5	8.24829E5	7.89068E5	7.6767E5	7.42546E5	7.14588E5	6.71303E5	6.11812E5	5.41033E5	4.70706E5	3.69999E5	5.14081E5	2.06402E5	1.26275E5	8.33348E4	5.42196E4	4.92534E4	9.42531E6
454	1.5386E6	1.45245E6	1.31029E6	1.10163E6	9.21665E5	8.14886E5	7.73739E5	7.5512E5	7.37373E5	7.05096E5	6.6468E5	6.10616E5	5.46406E5	4.76244E5	3.72179E5	4.71612E5	2.39264E5	1.32937E5	8.9009E4	5.78341E4	4.51173E4	6.56218E6
456	1.53534E6	1.43236E6	1.32377E6	1.11067E6	9.15035E5	8.13892E5	7.64381E5	7.48133E5	7.24548E5	7.02553E5	6.65102E5	6.1076E5	5.46957E5	4.78999E5	3.78641E5	4.08693E5	2.89723E5	1.3808E5	9.44175E4	6.09313E4	4.38204E4	2.88163E6
458	1.49649E6	1.44922E6	1.30151E6	1.11592E6	9.20611E5	8.12656E5	7.59059E5	7.39013E5	7.1708E5	6.93141E5	6.62064E5	6.06891E5	5.49849E5	4.8116E5	3.79686E5	3.61553E5	3.44081E5	1.43885E5	9.85509E4	6.57538E4	4.39072E4	7.09496E5
460	1.47173E6	1.42743E6	1.29971E6	1.10335E6	9.12167E5	8.05756E5	7.4924E5	7.38932E5	7.05313E5	6.89462E5	6.58925E5	6.06363E5	5.49786E5	4.85366E5	3.85566E5	3.24728E5	3.98099E5	1.52227E5	1.03379E5	7.04566E4	4.53186E4	8.86654E4
462	1.4863E6	1.43028E6	1.2869E6	1.10661E6	9.09796E5	8.04613E5	7.48124E5	7.18678E5	7.01373E5	6.85482E5	6.48317E5	6.0236E5	5.47464E5	4.83219E5	3.89247E5	3.12427E5	4.37007E5	1.58488E5	1.09427E5	7.38147E4	4.72096E4	4.44032E4
464	1.45441E6	1.42179E6	1.30922E6	1.10055E6	9.017E5	7.89531E5	7.39344E5	7.13888E5	6.91506E5	6.74492E5	6.44089E5	5.97102E5	5.44651E5	4.89674E5	3.91116E5	3.08128E5	4.41127E5	1.7026E5	1.14729E5	7.90937E4	5.01887E4	4.08316E4
466	1.49194E6	1.38055E6	1.27723E6	1.09972E6	8.99975E5	7.85713E5	7.30234E5	7.01706E5	6.84676E5	6.61024E5	6.38197E5	5.94116E5	5.45877E5	4.90303E5	3.9431E5	3.09989E5	4.18915E5	1.91063E5	1.18641E5	8.26479E4	5.37532E4	3.97055E4
468	1.6222E6	1.41589E6	1.28519E6	1.09195E6	9.02764E5	7.84119E5	7.24397E5	6.96954E5	6.81422E5	6.59462E5	6.33387E5	5.91591E5	5.43387E5	4.88138E5	3.94376E5	3.13458E5	3.74366E5	2.20936E5	1.23001E5	8.68846E4	5.67859E4	4.04002E4
470	2.25577E6	1.37176E6	1.26497E6	1.09025E6	8.97845E5	7.76958E5	7.09905E5	6.84134E5	6.6527E5	6.4745E5	6.27816E5	5.89364E5	5.37967E5	4.85111E5	3.98288E5	3.1283E5	3.2775E5	2.57074E5	1.24815E5	9.06453E4	5.95716E4	4.06056E4
472	3.6678E6	1.34673E6	1.25442E6	1.08611E6	8.93287E5	7.6569E5	7.04971E5	6.79975E5	6.59775E5	6.44294E5	6.21295E5	5.8222E5	5.3482E5	4.90141E5	4.00084E5	3.17715E5	2.9027E5	3.07312E5	1.29706E5	9.44315E4	6.43975E4	4.14942E4
474	6.19107E6	1.36334E6	1.25829E6	1.08532E6	8.93904E5	7.64806E5	7.01852E5	6.66477E5	6.46263E5	6.35904E5	6.12146E5	5.77548E5	5.35689E5	4.89501E5	4.00721E5	3.16645E5	2.69231E5	3.48648E5	1.35901E5	9.81517E4	6.79302E4	4.36608E4
476	9.73892E6	1.34825E6	1.22636E6	1.0751E6	8.8416E5	7.59675E5	6.88786E5	6.53714E5	6.43453E5	6.2554E5	6.01854E5	5.67258E5	5.31125E5	4.86393E5	3.98769E5	3.18279E5	2.56021E5	3.73888E5	1.4397E5	1.01009E5	6.98896E4	4.72868E4
478	1.40864E7	1.31666E6	1.22982E6	1.06016E6	8.69307E5	7.524E5	6.78498E5	6.42451E5	6.23153E5	6.1347E5	5.95315E5	5.61124E5	5.26045E5	4.79928E5	3.97418E5	3.18706E5	2.55507E5	3.70852E5	1.52847E5	1.03446E5	7.28705E4	4.84841E4
480	1.83723E7	1.31827E6	1.19926E6	1.05425E6	8.60935E5	7.43412E5	6.71941E5	6.4005E5	6.16572E5	6.01221E5	5.85062E5	5.53413E5	5.22279E5	4.75897E5	3.96116E5	3.20325E5	2.56902E5	3.53831E5	1.7256E5	1.06493E5	7.55398E4	5.25815E4
482	2.05126E7	1.27556E6	1.18176E6	1.04469E6	8.58364E5	7.3214E5	6.60759E5	6.24925E5	5.98284E5	5.89828E5	5.74665E5	5.48283E5	5.13609E5	4.72099E5	3.95986E5	3.19936E5	2.56859E5	3.09974E5	1.99759E5	1.10921E5	7.97349E4	5.38504E4
484	2.00152E7	1.27389E6	1.18189E6	1.02959E6	8.55948E5	7.22806E5	6.53356E5	6.09391E5	5.98091E5	5.8099E5	5.66108E5	5.37536E5	5.07513E5	4.73352E5	3.95977E5	3.21173E5	2.5733E5	2.67459E5	2.38645E5	1.13217E5	8.37015E4	5.83413E4
486	1.71982E7	1.28992E6	1.1716E6	1.02151E6	8.39235E5	7.12429E5	6.37772E5	6.00128E5	5.87414E5	5.67809E5	5.57667E5	5.32592E5	5.01208E5	4.66549E5	3.93458E5	3.18279E5	2.55828E5	2.38233E5	2.73478E5	1.15465E5	8.47222E4	6.07417E4
488	1.25537E7	1.56725E6	1.15049E6	1.00542E6	8.25657E5	7.09626E5	6.30548E5	5.93684E5	5.70196E5	5.60362E5	5.49704E5	5.18812E5	4.96407E5	4.57852E5	3.8773E5	3.20326E5	2.55917E5	2.19426E5	3.009E5	1.21848E5	8.74257E4	6.35165E4
490	7.89645E6	2.51295E6	1.14157E6	1.00333E6	8.18502E5	6.9801E5	6.26578E5	5.85259E5	5.69895E5	5.55504E5	5.42256E5	5.12818E5	4.84743E5	4.54599E5	3.85385E5	3.1619E5	2.55807E5	2.12736E5	3.15988E5	1.29497E5	8.87841E4	6.59094E4
492	4.04724E6	4.65755E6	1.11198E6	9.74959E5	8.21236E5	6.98914E5	6.13723E5	5.68144E5	5.49317E5	5.4085E5	5.28512E5	5.05941E5	4.78664E5	4.51649E5	3.81363E5	3.11461E5	2.54591E5	2.09092E5	3.13225E5	1.39121E5	9.17874E4	6.71963E4
494	2.09671E6	8.0241E6	1.0936E6	9.71582E5	8.11062E5	6.84052E5	6.03617E5	5.64408E5	5.39979E5	5.29753E5	5.1888E5	4.95955E5	4.71626E5	4.48379E5	3.75786E5	3.14864E5	2.55852E5	2.09889E5	2.916E5	1.5617E5	9.31583E4	6.84404E4
496	1.36872E6	1.27461E7	1.09968E6	9.58803E5	7.96111E5	6.69035E5	5.94808E5	5.48478E5	5.39218E5	5.20158E5	5.09168E5	4.83574E5	4.64955E5	4.36304E5	3.74413E5	3.10292E5	2.535E5	2.07191E5	2.55734E5	1.80492E5	9.60308E4	7.03572E4
498	1.29109E6	1.79188E7	1.07011E6	9.51562E5	7.84609E5	6.6195E5	5.86817E5	5.43093E5	5.20928E5	5.12271E5	4.97478E5	4.81322E5	4.56978E5	4.34957E5	3.71096E5	3.094E5	2.5273E5	2.07937E5	2.22123E5	2.07089E5	9.7327E4	7.18943E4
500	1.2501E6	2.22831E7	1.05182E6	9.41133E5	7.78515E5	6.5693E5	5.74432E5	5.31493E5	5.13234E5	4.99622E5	4.94333E5	4.71439E5	4.48762E5	4.28183E5	3.66922E5	3.09505E5	2.50949E5	2.07899E5	2.00214E5	2.38634E5	1.00409E5	7.412E4
502	1.18904E6	2.44496E7	1.03685E6	9.13542E5	7.71774E5	6.5054E5	5.71582E5	5.31987E5	5.01777E5	4.88123E5	4.78139E5	4.59179E5	4.42702E5	4.20596E5	3.61784E5	3.04278E5	2.50544E5	2.07896E5	1.80834E5	2.5923E5	1.01654E5	7.6187E4
504	1.19151E6	2.34488E7	1.03973E6	9.07578E5	7.6108E5	6.32937E5	5.59491E5	5.19346E5	4.90077E5	4.80746E5	4.71296E5	4.53315E5	4.36665E5	4.1445E5	3.56977E5	2.99594E5	2.47904E5	2.0372E5	1.73016E5	2.67335E5	1.09702E5	7.69111E4
506	1.1407E6	1.93982E7	1.06631E6	8.93469E5	7.44282E5	6.23734E5	5.50108E5	5.03143E5	4.83098E5	4.68565E5	4.63116E5	4.39383E5	4.2808E5	4.07296E5	3.54158E5	2.97313E5	2.48804E5	2.03329E5	1.68153E5	2.6128E5	1.19812E5	7.99236E4
508	1.1195E6	1.42973E7	1.37197E6	8.84445E5	7.30293E5	6.16604E5	5.39934E5	4.95043E5	4.7595E5	4.59872E5	4.49316E5	4.36428E5	4.21165E5	4.00222E5	3.49069E5	2.95624E5	2.45699E5	2.03536E5	1.7214E5	2.38909E5	1.3269E5	7.99042E4
510	1.16836E6	8.68918E6	2.65234E6	8.59555E5	7.15772E5	6.06259E5	5.28225E5	4.86433E5	4.5995E5	4.53035E5	4.39963E5	4.24931E5	4.0887E5	3.94799E5	3.40502E5	2.88225E5	2.41955E5	2.01067E5	1.68361E5	2.11137E5	1.53828E5	8.01472E4
512	1.28944E6	4.20026E6	5.48028E6	8.54185E5	7.11049E5	5.96348E5	5.18682E5	4.7983E5	4.5269E5	4.40205E5	4.35198E5	4.15851E5	4.01421E5	3.84327E5	3.3621E5	2.86176E5	2.4042E5	1.99004E5	1.68556E5	1.81829E5	1.76829E5	8.14089E4
514	1.44517E6	1.9231E6	9.75763E6	8.38481E5	6.92522E5	5.79993E5	5.17012E5	4.66876E5	4.4389E5	4.29335E5	4.23302E5	4.03933E5	3.93584E5	3.78129E5	3.2909E5	2.82597E5	2.38334E5	1.99314E5	1.63324E5	1.60044E5	1.98693E5	8.42112E4
516	1.67047E6	1.21302E6	1.50693E7	8.2118E5	6.8811E5	5.77287E5	5.01199E5	4.5831E5	4.36866E5	4.18632E5	4.1065E5	3.98034E5	3.86394E5	3.70746E5	3.25255E5	2.79923E5	2.3598E5	1.97773E5	1.64388E5	1.4696E5	2.17193E5	8.68558E4
518	2.05351E6	1.06963E6	2.08883E7	8.19308E5	6.78886E5	5.6305E5	4.8934E5	4.52745E5	4.26722E5	4.11393E5	4.03134E5	3.88894E5	3.77049E5	3.64456E5	3.16359E5	2.73114E5	2.30326E5	1.9431E5	1.64749E5	1.4233E5	2.20666E5	9.15559E4
520	2.49545E6	1.00473E6	2.54103E7	8.07675E5	6.66372E5	5.5513E5	4.81387E5	4.41732E5	4.15796E5	4.04439E5	3.90796E5	3.78576E5	3.70623E5	3.5264E5	3.13526E5	2.68077E5	2.30971E5	1.91441E5	1.59311E5	1.39535E5	2.12622E5	9.7917E4
522	2.73715E6	9.98977E5	2.69648E7	7.79082E5	6.51964E5	5.48698E5	4.74448E5	4.2937E5	4.04646E5	3.96929E5	3.87779E5	3.71161E5	3.60329E5	3.48163E5	3.07129E5	2.62276E5	2.26483E5	1.90651E5	1.60471E5	1.3632E5	1.95441E5	1.11048E5
524	2.97072E6	9.64443E5	2.48845E7	7.89528E5	6.44527E5	5.38286E5	4.63599E5	4.20556E5	4.00702E5	3.84478E5	3.74448E5	3.68383E5	3.51389E5	3.39344E5	3.00242E5	2.58508E5	2.19268E5	1.88669E5	1.57849E5	1.36449E5	1.69806E5	1.26714E5
526	3.05785E6	9.4853E5	2.02161E7	8.25106E5	6.33505E5	5.23398E5	4.57793E5	4.15284E5	3.90663E5	3.75654E5	3.65185E5	3.54E5	3.47175E5	3.33959E5	2.93682E5	2.52245E5	2.18279E5	1.85795E5	1.56726E5	1.33357E5	1.46981E5	1.4573E5
528	2.83828E6	9.19766E5	1.45367E7	1.22262E6	6.23675E5	5.20165E5	4.47478E5	4.04725E5	3.82797E5	3.69346E5	3.61423E5	3.48008E5	3.37948E5	3.28694E5	2.88763E5	2.49452E5	2.11389E5	1.84625E5	1.55775E5	1.33428E5	1.30505E5	1.61996E5
530	2.52722E6	8.82199E5	8.43719E6	2.69918E6	6.22174E5	5.03286E5	4.4333E5	3.95285E5	3.69787E5	3.54714E5	3.4805E5	3.37078E5	3.31535E5	3.14503E5	2.80939E5	2.45779E5	2.10785E5	1.80822E5	1.55634E5	1.31104E5	1.17386E5	1.7629E5
532	2.07715E6	9.12472E5	3.89007E6	6.0509E6	6.04693E5	5.04102E5	4.30014E5	3.83305E5	3.65471E5	3.51239E5	3.42493E5	3.32323E5	3.21664E5	3.1582E5	2.73983E5	2.37923E5	2.09991E5	1.78167E5	1.51483E5	1.28388E5	1.10122E5	1.81628E5
534	1.67656E6	9.55198E5	1.59701E6	1.12419E7	5.91226E5	4.8409E5	4.18634E5	3.77379E5	3.57324E5	3.43707E5	3.35626E5	3.23938E5	3.10062E5	2.99564E5	2.6927E5	2.35808E5	2.04925E5	1.7558E5	1.49725E5	1.2802E5	1.07961E5	1.75213E5
536	1.25616E6	1.14533E6	9.55468E5	1.7511E7	5.78646E5	4.7706E5	4.04855E5	3.73481E5	3.45967E5	3.30624E5	3.23173E5	3.12339E5	3.0702E5	2.96124E5	2.61378E5	2.3138E5	1.96314E5	1.70888E5	1.4691E5	1.26436E5	1.06128E5	1.61635E5
538	9.81803E5	1.38425E6	8.46397E5	2.35701E7	5.65754E5	4.64653E5	4.01578E5	3.5665E5	3.37102E5	3.26211E5	3.14699E5	3.02369E5	2.9439E5	2.88385E5	2.56351E5	2.24349E5	1.94307E5	1.68511E5	1.44122E5	1.2287E5	1.04488E5	1.37746E5
540	8.72575E5	1.73144E6	8.06871E5	2.79301E7	5.50977E5	4.55204E5	3.94472E5	3.53206E5	3.2798E5	3.14982E5	3.01215E5	2.95177E5	2.90256E5	2.79004E5	2.49985E5	2.17529E5	1.8982E5	1.66182E5	1.42408E5	1.20482E5	1.01001E5	1.1811E5
542	7.43899E5	2.12241E6	7.91813E5	2.89074E7	5.43152E5	4.44693E5	3.81833E5	3.42743E5	3.25308E5	3.1253E5	3.01547E5	2.89367E5	2.80769E5	2.71779E5	2.42149E5	2.13772E5	1.86206E5	1.60701E5	1.3872E5	1.19011E5	1.00961E5	1.01046E5
544	7.05757E5	2.50664E6	7.54616E5	2.63189E7	5.54752E5	4.45856E5	3.7611E5	3.35242E5	3.12399E5	3.01376E5	2.93781E5	2.80675E5	2.73663E5	2.68018E5	2.38321E5	2.09471E5	1.83319E5	1.60509E5	1.34218E5	1.17956E5	9.94081E4	9.16511E4
546	7.54667E5	2.8344E6	7.3273E5	2.11728E7	6.1056E5	4.31854E5	3.69519E5	3.29638E5	3.07144E5	2.89594E5	2.83448E5	2.72673E5	2.67863E5	2.59515E5	2.31644E5	2.03102E5	1.79012E5	1.53341E5	1.33207E5	1.1599E5	9.80975E4	8.68543E4
548	7.33146E5	2.96681E6	7.2238E5	1.473E7	1.12671E6	4.24461E5	3.62664E5	3.1914E5	2.97458E5	2.83576E5	2.76984E5	2.64446E5	2.62423E5	2.5273E5	2.24041E5	1.98359E5	1.75349E5	1.53338E5	1.30874E5	1.13993E5	9.57005E4	8.48049E4
550	6.93567E5	2.93862E6	7.06678E5	8.5184E6	2.89895E6	4.13013E5	3.54752E5	3.08481E5	2.89586E5	2.78242E5	2.67651E5	2.61093E5	2.5418E5	2.48102E5	2.17435E5	1.94713E5	1.69773E5	1.47612E5	1.2865E5	1.12092E5	9.39582E4	8.07099E4
552	7.00809E5	2.72979E6	6.99194E5	3.81077E6	6.65944E6	4.12987E5	3.41233E5	3.06219E5	2.80209E5	2.72487E5	2.6123E5	2.5201E5	2.44605E5	2.39352E5	2.13459E5	1.88502E5	1.66804E5	1.46027E5	1.28715E5	1.08916E5	9.33395E4	7.93123E4
554	6.58104E5	2.34663E6	6.97231E5	1.4608E6	1.21838E7	4.00158E5	3.42537E5	2.98476E5	2.76762E5	2.60419E5	2.54915E5	2.43563E5	2.39126E5	2.35554E5	2.08948E5	1.83507E5	1.62269E5	1.41039E5	1.24312E5	1.08148E5	9.33273E4	7.89249E4
556	6.61672E5	1.88409E6	7.20547E5	7.5918E5	1.86211E7	3.92748E5	3.28339E5	2.89641E5	2.69082E5	2.59559E5	2.47641E5	2.39108E5	2.30644E5	2.29401E5	2.01429E5	1.79244E5	1.58674E5	1.38199E5	1.22085E5	1.08891E5	8.93244E4	7.90869E4
558	6.27072E5	1.43947E6	8.3195E5	6.63691E5	2.49487E7	3.85797E5	3.19738E5	2.90402E5	2.62123E5	2.49183E5	2.41079E5	2.30215E5	2.29654E5	2.20998E5	1.9716E5	1.74786E5	1.5543E5	1.35073E5	1.17738E5	1.03925E5	8.64637E4	7.67255E4
560	6.23025E5	1.10648E6	1.0346E6	6.23435E5	2.92717E7	3.79379E5	3.13676E5	2.82298E5	2.58179E5	2.42963E5	2.36741E5	2.25566E5	2.21895E5	2.14577E5	1.94645E5	1.71943E5	1.50955E5	1.35888E5	1.18822E5	1.00197E5	8.66309E4	7.31384E4
562	6.00657E5	8.30496E5	1.26137E6	6.1114E5	3.01669E7	3.8005E5	3.03737E5	2.70118E5	2.45818E5	2.38953E5	2.25126E5	2.18281E5	2.14504E5	2.06079E5	1.88344E5	1.64924E5	1.4895E5	1.29581E5	1.15109E5	9.89222E4	8.50745E4	7.40023E4
564	5.99918E5	6.90055E5	1.66458E6	5.94137E5	2.72506E7	3.90455E5	3.02185E5	2.64231E5	2.40418E5	2.30178E5	2.23329E5	2.12924E5	2.06349E5	2.03675E5	1.82875E5	1.5953E5	1.4044E5	1.24841E5	1.08717E5	9.72589E4	8.30902E4	6.96303E4
566	5.80539E5	6.06146E5	2.07749E6	5.80758E5	2.17578E7	4.43401E5	2.98774E5	2.61723E5	2.34109E5	2.23744E5	2.14921E5	2.0492E5	2.02476E5	1.9739E5	1.76149E5	1.57583E5	1.37573E5	1.22823E5	1.08219E5	9.42924E4	7.97748E4	6.8858E4
568	5.62447E5	5.89556E5	2.38431E6	5.65266E5	1.4783E7	1.04915E6	2.91625E5	2.48455E5	2.28328E5	2.17825E5	2.08627E5	2.02057E5	1.96309E5	1.9289E5	1.72169E5	1.52774E5	1.34822E5	1.19665E5	1.03871E5	9.33597E4	7.97055E4	6.80466E4
570	5.87554E5	5.47823E5	2.66966E6	5.53868E5	8.21521E6	3.10981E6	2.85183E5	2.50707E5	2.23653E5	2.12919E5	2.0509E5	1.9549E5	1.90789E5	1.85397E5	1.66134E5	1.48486E5	1.32639E5	1.17937E5	1.03262E5	9.10938E4	7.80832E4	6.5742E4
572	5.89476E5	5.48481E5	2.7288E6	5.37235E5	3.56155E6	7.17881E6	2.84227E5	2.41595E5	2.1536E5	2.07593E5	1.96438E5	1.88563E5	1.85072E5	1.80155E5	1.60436E5	1.43756E5	1.28749E5	1.1498E5	9.91823E4	8.93937E4	7.62432E4	6.52853E4
574	5.45541E5	4.95971E5	2.6533E6	5.26065E5	1.21024E6	1.30601E7	2.75718E5	2.35277E5	2.14976E5	1.98609E5	1.89551E5	1.82089E5	1.79732E5	1.76173E5	1.57954E5	1.40454E5	1.2281E5	1.07877E5	9.76799E4	8.6761E4	7.24039E4	6.48588E4
576	5.21088E5	5.01808E5	2.38104E6	5.27735E5	5.95232E5	1.95316E7	2.69299E5	2.26159E5	2.08478E5	1.91028E5	1.87345E5	1.79402E5	1.76159E5	1.70501E5	1.50916E5	1.34741E5	1.21742E5	1.08135E5	9.47448E4	8.42967E4	7.12961E4	6.13696E4
578	5.47287E5	4.93972E5	2.01081E6	5.46206E5	5.1563E5	2.55137E7	2.69428E5	2.2052E5	2.00809E5	1.88112E5	1.79941E5	1.7649E5	1.69478E5	1.64475E5	1.4953E5	1.31316E5	1.17732E5	1.05002E5	9.0961E4	8.14208E4	7.10025E4	6.07266E4
580	5.22553E5	4.88594E5	1.61706E6	5.93275E5	4.94895E5	2.95601E7	2.69242E5	2.1641E5	1.9903E5	1.85928E5	1.72722E5	1.66189E5	1.67028E5	1.6021E5	1.45089E5	1.25559E5	1.15515E5	1.02512E5	9.05226E4	7.90495E4	6.86242E4	5.93193E4
582	5.23733E5	4.88764E5	1.20352E6	7.03487E5	4.6159E5	3.03004E7	2.64628E5	2.10089E5	1.94312E5	1.79274E5	1.70829E5	1.64596E5	1.59225E5	1.52893E5	1.39251E5	1.2463E5	1.11636E5	1.00157E5	8.71552E4	7.88282E4	6.62344E4	5.66343E4
584	5.23007E5	4.5276E5	9.17206E5	8.83781E5	4.7041E5	2.70537E7	2.72156E5	2.09494E5	1.87247E5	1.74606E5	1.638E5	1.56514E5	1.54133E5	1.5199E5	1.3543E5	1.1967E5	1.06546E5	9.70924E4	8.66911E4	7.65084E4	6.42268E4	5.5364E4
586	4.8518E5	4.49791E5	6.90403E5	1.15224E6	4.60793E5	2.09417E7	3.2767E5	2.05109E5	1.85056E5	1.7342E5	1.59274E5	1.53276E5	1.50702E5	1.44949E5	1.3029E5	1.16865E5	1.02887E5	9.50815E4	8.34259E4	7.29063E4	6.48193E4	5.41439E4
588	5.06586E5	4.40178E5	5.62014E5	1.49752E6	4.50199E5	1.3949E7	9.08393E5	2.02517E5	1.77536E5	1.66341E5	1.56495E5	1.48357E5	1.45257E5	1.42177E5	1.26349E5	1.13457E5	9.939E4	9.02689E4	8.08762E4	6.91179E4	6.21223E4	5.28527E4
590	4.74203E5	4.26496E5	4.89508E5	1.85248E6	4.48867E5	7.36747E6	3.06792E6	2.00598E5	1.7184E5	1.58593E5	1.50217E5	1.43276E5	1.39819E5	1.36881E5	1.21028E5	1.10101E5	9.85325E4	8.6788E4	7.94712E4	6.99718E4	5.89195E4	5.19324E4
592	5.1449E5	4.29445E5	4.6915E5	2.17459E6	4.46499E5	2.89541E6	7.47938E6	1.95863E5	1.70856E5	1.49869E5	1.46173E5	1.38393E5	1.35941E5	1.33124E5	1.19965E5	1.08056E5	9.51105E4	8.63898E4	7.59758E4	6.7162E4	5.93106E4	5.02812E4
594	4.78343E5	4.24389E5	4.55024E5	2.37095E6	4.35472E5	9.18318E5	1.37103E7	1.91487E5	1.63961E5	1.52116E5	1.4407E5	1.35696E5	1.32193E5	1.27598E5	1.14935E5	1.05439E5	9.41967E4	8.25519E4	7.30156E4	6.65507E4	5.61155E4	4.78368E4
596	4.96316E5	4.20069E5	4.44767E5	2.45364E6	4.42276E5	4.40929E5	2.0382E7	1.85679E5	1.626E5	1.45321E5	1.38736E5	1.30472E5	1.28862E5	1.25493E5	1.11937E5	1.0085E5	9.0301E4	7.95675E4	6.96825E4	6.29735E4	5.40181E4	4.61684E4
598	4.66811E5	4.28199E5	4.34005E5	2.34056E6	4.40129E5	3.88839E5	2.64507E7	1.861E5	1.54591E5	1.38626E5	1.34012E5	1.29303E5	1.24607E5	1.18938E5	1.07328E5	9.69275E4	8.56032E4	7.86168E4	6.90466E4	6.26132E4	5.31087E4	4.5917E4
600	4.66509E5	4.07511E5	4.34574E5	2.14591E6	4.62527E5	3.73805E5	3.00194E7	1.92072E5	1.51889E5	1.40767E5	1.33354E5	1.21925E5	1.20376E5	1.16042E5	1.05182E5	9.32663E4	8.3904E4	7.58193E4	6.60769E4	5.98819E4	5.23715E4	4.51767E4
