300	1.48903E5	1.1003E5	1.20284E5	2.72443E6	2.96911E5	2.28362E5	1.75915E7	6.54851E4	9232.94113	5526.02343	3670.1884	3400.29426	2438.04265	1882.60712	2222.60608	1423.99858	1283.52602	1212.91709	947.42507	950.01242	726.94623	872.01932
302	1.48195E5	1.1356E5	1.17489E5	1.79269E6	6.23903E5	1.64797E5	1.51351E7	7.04703E5	1.05257E4	5797.29071	4134.01439	3510.28688	2790.01707	2107.51836	1621.37809	1552.19337	1210.5646	1108.63447	982.88368	837.17768	933.68183	873.9712
304	1.47003E5	1.12994E5	1.22966E5	9.70734E5	1.21285E6	1.58793E5	9.50867E6	3.07059E6	1.27727E4	5288.91668	4301.6415	2819.16697	2646.6505	1853.76255	1577.23856	1531.15994	1239.04806	1798.98559	917.98533	988.47754	1131.07201	693.89752
306	1.56752E5	1.34169E5	1.28492E5	4.80676E5	1.99325E6	1.55706E5	4.03779E6	7.92509E6	1.36767E4	6175.15178	4635.28624	3035.44163	2631.82092	1959.55827	1693.97255	1378.24304	1317.97615	1031.09406	910.83789	647.16955	734.35451	748.54052
308	1.84136E5	1.22391E5	1.39198E5	2.6614E5	2.67528E6	1.57165E5	1.03956E6	1.36617E7	2.07538E4	7239.58453	4782.59565	3355.92473	2507.10627	2055.10264	1712.76687	1376.08597	1018.97549	829.48382	1149.60399	1187.44143	826.95369	837.60421
310	1.6473E5	1.31816E5	1.45929E5	2.06262E5	2.87585E6	1.75184E5	2.01504E5	1.64424E7	5.97878E4	7431.15228	4540.11707	3097.32278	2690.69585	2243.27176	1566.48844	1265.81336	1176.18048	1214.20521	1038.35772	698.60757	729.26317	833.73264
312	1.8599E5	1.33575E5	1.45921E5	2.02116E5	2.46185E6	2.48275E5	1.24876E5	1.43162E7	6.32408E5	8753.35188	4859.10978	3498.96402	2890.64074	1731.41704	1662.05477	1626.86357	1126.9329	946.35054	1018.50372	706.35493	1179.8487	587.00255
314	1.94002E5	1.35536E5	1.53453E5	1.9562E5	1.66136E6	5.00744E5	1.13626E5	8.63407E6	3.04079E6	1.09104E4	5067.42195	3662.54386	3176.72968	2334.50591	1551.92244	1464.31868	1385.89473	1065.31802	1146.8716	939.6353	801.46823	976.67464
316	1.8558E5	1.50484E5	1.68186E5	2.03772E5	9.41736E5	1.00266E6	1.08003E5	3.45502E6	7.54845E6	1.29006E4	5087.33825	3680.76196	2913.42306	2012.42749	1750.55065	1497.8991	888.46797	1104.80216	877.20174	700.57142	824.22609	938.82118
318	1.84807E5	1.49432E5	1.71529E5	2.0682E5	4.91308E5	1.6604E6	1.02002E5	8.57599E5	1.2217E7	1.88961E4	6173.11235	3618.25351	2968.38937	2218.02687	1873.68976	1440.63982	1196.6943	1044.52445	965.14417	786.15261	1125.99527	843.55225
320	1.98788E5	1.59811E5	1.72713E5	2.04138E5	3.02229E5	2.22896E6	1.01002E5	1.52514E5	1.42051E7	5.48809E4	6811.74668	3806.8481	3043.64738	2183.0892	1487.8386	1393.85588	1265.13662	915.68357	733.84466	868.2414	767.09225	673.69732
322	2.07409E5	1.64457E5	1.68934E5	2.10089E5	2.52201E5	2.37804E6	1.11597E5	9.83036E4	1.18952E7	5.87797E5	7881.41733	4581.03482	2834.33876	1986.09079	1646.48456	1329.33464	1051.92582	1203.49873	1017.81845	948.11955	737.37104	831.57322
324	2.01593E5	1.59376E5	1.76199E5	2.15141E5	2.4233E5	2.03597E6	1.75417E5	8.73218E4	7.08569E6	2.62459E6	8388.79502	4207.6751	2909.53608	2157.74725	1877.60676	1393.36843	1318.01841	936.82742	877.22589	647.20552	831.93635	954.87376
326	2.29497E5	1.6613E5	1.76654E5	2.25454E5	2.33019E5	1.43922E6	3.59485E5	8.30112E4	2.89722E6	6.4073E6	1.08293E4	4610.92363	2814.47946	2326.96207	1423.47577	1030.99481	984.99925	949.9919	977.6523	965.68046	797.11501	742.75137
328	2.35563E5	1.6672E5	1.89312E5	2.25375E5	2.3691E5	8.7945E5	7.17587E5	7.94632E4	7.68395E5	1.03009E7	1.603E4	4680.41223	2985.21375	2332.15597	1383.35261	1604.92008	1095.29378	1108.53546	703.45516	835.56611	604.72546	763.58015
330	2.28295E5	1.71067E5	1.8252E5	2.2645E5	2.45496E5	4.66109E5	1.24691E6	8.0185E4	1.42478E5	1.22152E7	4.31893E4	4900.03685	3067.99544	2468.53553	1736.60956	1514.18099	1355.42279	1042.70513	964.8787	640.63052	569.39804	949.99294
332	2.45291E5	1.78158E5	1.88293E5	2.29726E5	2.35877E5	2.85217E5	1.71314E6	8.34623E4	8.70918E4	1.05448E7	4.38953E5	5916.20875	3180.21555	2385.7082	1854.8837	1423.43503	1272.65331	984.78026	731.72374	767.45995	645.22615	649.3211
334	2.46246E5	1.82575E5	1.9285E5	2.30672E5	2.41569E5	2.17894E5	1.91264E6	8.92915E4	7.76643E4	6.6276E6	2.01842E6	7367.517	3507.28825	2740.77103	1586.07817	1424.14238	1053.16291	1092.21464	860.16624	764.05207	908.70391	777.14072
336	2.53022E5	1.81044E5	1.90705E5	2.30224E5	2.4024E5	2.06612E5	1.75721E6	1.30415E5	7.27875E4	2.80148E6	5.21326E6	8584.30105	3748.37636	2516.22508	1785.19161	1222.97683	1194.68512	836.25945	785.97212	728.55239	676.90666	775.1333
338	2.45262E5	1.92623E5	1.9376E5	2.28779E5	2.42312E5	2.04914E5	1.31607E6	2.51181E5	7.49722E4	7.71311E5	8.51302E6	1.31673E4	3956.39198	2920.80041	1684.1247	1196.11158	1119.6421	685.09056	747.16052	832.37744	769.73232	653.21333
340	2.7463E5	1.99714E5	1.94544E5	2.22957E5	2.44225E5	2.01016E5	8.02402E5	5.13298E5	7.51209E4	1.38522E5	1.01598E7	3.16438E4	4059.72747	2637.71595	1922.6168	1344.42062	1269.43685	807.65774	606.90561	567.59244	835.62664	858.1103
342	2.47109E5	2.03581E5	1.99951E5	2.23356E5	2.45516E5	2.04216E5	4.46962E5	8.91928E5	7.59307E4	8.1113E4	8.86588E6	3.25169E5	4563.29231	2841.85256	2148.62714	1448.98849	1023.45545	701.59933	774.72682	897.37248	587.53498	648.46026
344	2.67408E5	2.03503E5	1.99242E5	2.28599E5	2.44313E5	2.05992E5	2.44358E5	1.30429E6	8.00837E4	7.09033E4	5.44282E6	1.70571E6	5772.32577	3030.21434	1828.68759	1415.8599	1115.25591	868.50676	823.53657	798.63693	549.82406	714.04363
346	2.76385E5	2.2895E5	2.04683E5	2.25812E5	2.44449E5	2.05332E5	1.79309E5	1.52705E6	8.61648E4	7.08776E4	2.26063E6	4.28149E6	7139.37065	2959.59224	2284.95469	1367.66032	867.00186	893.12391	678.96924	841.73403	699.7786	650.44244
348	3.05494E5	2.15688E5	2.08955E5	2.22807E5	2.40277E5	2.05681E5	1.62434E5	1.4816E6	1.17246E5	7.34417E4	5.65079E5	7.22046E6	1.16136E4	3655.41536	1828.47663	1332.79996	1108.12256	861.81097	558.84753	633.45022	648.39458	433.8147
350	3.03549E5	2.22772E5	2.12954E5	2.22903E5	2.43417E5	2.14251E5	1.61798E5	1.17198E6	2.05197E5	7.71937E4	1.14419E5	8.45571E6	2.42965E4	3670.47933	2174.04588	1487.4484	1050.09536	954.13695	676.40016	576.75019	624.9614	630.44325
352	3.11945E5	2.30938E5	2.13153E5	2.27122E5	2.37576E5	2.12381E5	1.64042E5	7.6277E5	3.94478E5	8.09794E4	7.24824E4	7.29026E6	2.80533E5	4270.38564	2208.58194	1724.57256	1001.12106	1077.00567	852.96372	744.57587	658.77066	572.70661
354	3.02375E5	2.40114E5	2.15253E5	2.30305E5	2.40014E5	2.18101E5	1.71512E5	4.41345E5	6.6973E5	8.36058E4	6.63192E4	4.53172E6	1.30966E6	5011.44937	2213.51218	1556.38491	1143.17075	984.12381	682.2199	700.07278	629.44653	618.0391
356	3.13342E5	2.46586E5	2.22658E5	2.25838E5	2.39654E5	2.21602E5	1.77987E5	2.60923E5	9.81772E5	8.78416E4	6.63387E4	1.88236E6	3.48499E6	6156.98419	2668.64812	1620.60587	1110.10558	741.64754	755.49553	484.52581	475.87407	680.67495
358	3.31767E5	2.70928E5	2.27054E5	2.28776E5	2.33391E5	2.24427E5	1.80959E5	1.91048E5	1.19947E6	9.60301E4	7.03869E4	5.08698E5	5.90901E6	9851.70589	2533.89312	1574.80639	1314.09563	982.63922	613.27233	798.40477	596.88543	613.45669
360	3.35719E5	2.57447E5	2.25545E5	2.35203E5	2.39839E5	2.27889E5	1.87024E5	1.74176E5	1.21446E6	1.15137E5	7.5383E4	1.02759E5	7.18655E6	2.16742E4	2928.44542	1628.73025	1193.97372	752.34999	840.64299	542.96693	701.57431	659.75739
362	3.42071E5	2.69427E5	2.3511E5	2.34637E5	2.41038E5	2.27043E5	1.92644E5	1.76449E5	1.03411E6	1.68463E5	8.08031E4	6.52162E4	6.53406E6	2.21441E5	3290.90726	1604.09642	1316.53893	777.89513	646.75411	685.90454	637.61944	535.09872
364	3.69537E5	2.81728E5	2.38778E5	2.36174E5	2.4256E5	2.32266E5	2.02938E5	1.82783E5	7.4077E5	2.80808E5	8.39895E4	6.12211E4	4.29624E6	1.10965E6	4108.75146	1617.13181	1349.70633	1047.30107	773.11683	580.71678	687.92767	519.9872
366	3.73759E5	2.98851E5	2.56991E5	2.37324E5	2.46968E5	2.37618E5	2.04362E5	1.87187E5	4.69395E5	4.82931E5	9.05312E4	6.12282E4	1.80455E6	3.14472E6	5537.71672	1843.68966	1185.00029	955.07849	683.81607	554.15796	537.94329	530.41118
368	3.68557E5	3.0554E5	2.48269E5	2.47242E5	2.44886E5	2.40759E5	2.17004E5	1.96029E5	2.97914E5	7.28853E5	9.5352E4	6.44628E4	4.89055E5	5.35601E6	8081.35897	2133.46744	1398.2845	907.98292	641.86432	735.1786	584.19388	482.59509
370	3.85834E5	3.18128E5	2.62145E5	2.44087E5	2.45122E5	2.38958E5	2.29026E5	2.03375E5	2.25406E5	9.408E5	1.0337E5	7.00584E4	9.26046E4	6.53283E6	2.00813E4	2340.03671	1377.31348	1117.95213	820.45489	625.26058	500.05815	601.23921
372	3.93244E5	3.2504E5	2.74066E5	2.50394E5	2.47868E5	2.46012E5	2.3219E5	2.10062E5	2.0401E5	1.02037E6	1.18372E5	7.34744E4	5.93258E4	5.68502E6	2.13559E5	2667.54531	1560.5841	1181.24663	729.33295	739.60926	569.93582	629.79809
374	4.08289E5	3.33363E5	2.72983E5	2.5578E5	2.52748E5	2.49838E5	2.36843E5	2.22808E5	2.04823E5	9.17177E5	1.54764E5	7.82981E4	5.39646E4	3.52787E6	1.06452E6	3443.78149	1769.14513	1116.4496	879.48356	684.64419	653.41347	520.33669
376	4.01565E5	3.4745E5	2.83279E5	2.60678E5	2.56991E5	2.54355E5	2.41494E5	2.29565E5	2.05455E5	7.10078E5	2.34668E5	8.28622E4	5.3127E4	1.45787E6	2.7809E6	4701.60364	1884.88014	986.85771	970.63837	626.70846	507.2706	577.9113
378	4.20117E5	3.53061E5	2.94723E5	2.63369E5	2.58552E5	2.62046E5	2.50246E5	2.34552E5	2.11713E5	4.93899E5	3.7902E5	8.85333E4	5.49562E4	3.67441E5	4.64925E6	7304.31817	2065.72454	1272.26038	864.69365	623.86901	554.67064	542.70306
380	4.40761E5	3.66357E5	3.08046E5	2.67023E5	2.63521E5	2.62979E5	2.57206E5	2.4068E5	2.17692E5	3.28242E5	5.70146E5	9.3381E4	6.12301E4	7.78485E4	5.53704E6	1.64252E4	2252.24955	1121.56739	1002.19257	590.94169	503.29224	423.01163
382	4.514E5	3.84319E5	3.13407E5	2.79622E5	2.68716E5	2.69635E5	2.59798E5	2.53637E5	2.30385E5	2.52527E5	7.49929E5	1.01138E5	6.48433E4	5.41435E4	4.92095E6	1.64619E5	2445.9547	1060.28747	1141.13518	791.34506	610.7632	560.6221
384	4.59256E5	4.05213E5	3.22707E5	2.83041E5	2.71521E5	2.7613E5	2.75077E5	2.57364E5	2.33971E5	2.21229E5	8.55453E5	1.12242E5	7.16743E4	5.02629E4	3.18422E6	8.25009E5	3268.09551	1285.74375	878.0206	694.0446	525.41793	429.35084
386	4.82269E5	4.09131E5	3.36681E5	2.93465E5	2.82804E5	2.83079E5	2.75694E5	2.7003E5	2.42502E5	2.19597E5	8.33386E5	1.37621E5	7.62135E4	5.07096E4	1.34403E6	2.30617E6	4533.73997	1328.25332	956.62304	679.34652	663.91585	582.98644
388	4.7507E5	4.29221E5	3.42622E5	2.92405E5	2.81295E5	2.89605E5	2.83877E5	2.75243E5	2.52159E5	2.17778E5	7.03048E5	1.87363E5	7.97475E4	5.18057E4	3.77627E5	4.03084E6	6715.82702	1559.99815	1041.22076	967.52651	636.94243	634.80381
390	4.97583E5	4.282E5	3.55195E5	2.99954E5	2.90272E5	2.87495E5	2.89701E5	2.85139E5	2.59821E5	2.27873E5	5.2662E5	2.82243E5	8.69007E4	5.5593E4	7.58594E4	5.04989E6	1.54856E4	1999.20141	1199.8228	837.53271	634.03916	596.09008
392	5.18814E5	4.52559E5	3.69562E5	3.00813E5	2.9704E5	2.9759E5	2.99773E5	2.89479E5	2.61423E5	2.34717E5	3.7083E5	4.29031E5	9.24097E4	6.18712E4	4.92181E4	4.58202E6	1.75685E5	2200.58593	1015.47297	763.87915	631.87205	643.88291
394	5.36265E5	4.66513E5	3.79725E5	3.15552E5	2.98648E5	3.00802E5	3.01912E5	2.96194E5	2.70042E5	2.36864E5	2.76317E5	5.82978E5	9.88079E4	6.63632E4	4.52731E4	3.08161E6	8.4294E5	2970.8403	1209.84345	935.02494	834.23366	592.80132
396	5.38964E5	4.65827E5	3.82893E5	3.24322E5	3.068E5	3.05736E5	3.06088E5	3.03188E5	2.74862E5	2.43512E5	2.3437E5	7.09622E5	1.07047E5	7.16962E4	4.38697E4	1.33607E6	2.37889E6	3904.56798	1103.97258	1039.41449	707.13231	613.88394
398	5.26965E5	4.84695E5	3.97653E5	3.32403E5	3.11016E5	3.10175E5	3.13944E5	3.05686E5	2.80448E5	2.51322E5	2.26821E5	7.41525E5	1.21006E5	7.59732E4	4.53866E4	3.73172E5	3.96474E6	6144.88822	1356.67336	964.58747	852.61311	660.59938
400	5.58923E5	4.95198E5	4.045E5	3.42602E5	3.11714E5	3.14366E5	3.1763E5	3.1005E5	2.85859E5	2.57924E5	2.23928E5	6.68165E5	1.55599E5	7.98633E4	4.86435E4	7.24889E4	4.77906E6	1.29672E4	1768.67496	1071.05153	839.05376	809.68172
402	5.92489E5	5.11981E5	4.13234E5	3.47895E5	3.20455E5	3.23847E5	3.21237E5	3.19847E5	2.96962E5	2.60324E5	2.25773E5	5.27124E5	2.21243E5	8.69804E4	5.34875E4	4.48018E4	4.16311E6	1.34077E5	2072.27399	1201.14618	813.41089	611.21572
404	6.00771E5	5.23609E5	4.33414E5	3.50972E5	3.2595E5	3.23197E5	3.30884E5	3.16962E5	2.97998E5	2.67873E5	2.33434E5	3.87866E5	3.2268E5	9.36493E4	5.72327E4	4.01445E4	2.55464E6	7.00621E5	2669.90282	1216.37796	791.62006	684.20922
406	5.96107E5	5.241E5	4.29966E5	3.64263E5	3.32678E5	3.30181E5	3.33807E5	3.25856E5	3.06325E5	2.7432E5	2.38715E5	2.91413E5	4.54591E5	1.00765E5	6.2392E4	3.89626E4	1.04967E6	1.93507E6	3496.95187	1119.46424	768.87782	809.69592
408	6.1368E5	5.50614E5	4.48131E5	3.73494E5	3.35598E5	3.35554E5	3.35532E5	3.26471E5	3.06569E5	2.76077E5	2.45221E5	2.3832E5	5.7442E5	1.05867E5	6.63497E4	4.06681E4	2.72654E5	3.41411E6	5445.93685	1382.24622	902.37413	704.30879
410	6.41749E5	5.49728E5	4.5371E5	3.72146E5	3.40097E5	3.39097E5	3.34596E5	3.31195E5	3.08188E5	2.83799E5	2.48791E5	2.19452E5	6.41711E5	1.17928E5	7.05925E4	4.23823E4	5.63682E4	4.19199E6	1.13876E4	1852.28214	1107.86596	800.94151
412	5.96104E5	5.76727E5	4.70801E5	3.86765E5	3.46005E5	3.3765E5	3.40427E5	3.30073E5	3.15128E5	2.85953E5	2.52834E5	2.18747E5	6.24881E5	1.3999E5	7.66211E4	4.615E4	3.96076E4	3.70767E6	1.08756E5	2100.27152	907.53983	798.18574
414	6.43666E5	5.69601E5	4.73054E5	3.91847E5	3.55925E5	3.35675E5	3.4159E5	3.33817E5	3.12789E5	2.92656E5	2.60138E5	2.22799E5	5.42425E5	1.81247E5	7.88557E4	5.0716E4	3.59141E4	2.41401E6	5.72205E5	2628.39738	1044.77526	787.92222
416	6.47968E5	5.88371E5	4.90172E5	4.01339E5	3.53912E5	3.46867E5	3.41109E5	3.33722E5	3.17272E5	2.97878E5	2.64982E5	2.24234E5	4.27791E5	2.5362E5	8.48141E4	5.23909E4	3.56648E4	1.02504E6	1.66061E6	3290.30835	1319.97636	984.99112
418	6.61034E5	5.80673E5	4.94288E5	4.0111E5	3.61108E5	3.46045E5	3.39094E5	3.33219E5	3.19599E5	2.98144E5	2.69693E5	2.27845E5	3.22885E5	3.54382E5	9.05018E4	5.83125E4	3.61946E4	2.74297E5	3.01847E6	5737.98157	1252.49034	956.7123
420	6.57203E5	5.93065E5	5.04885E5	4.14704E5	3.64122E5	3.49931E5	3.47853E5	3.38418E5	3.23091E5	3.01213E5	2.73652E5	2.32989E5	2.5206E5	4.60549E5	9.67206E4	6.12804E4	3.79998E4	5.35872E4	3.83927E6	1.17731E4	1453.55175	769.87056
422	6.52388E5	6.12008E5	5.06672E5	4.23177E5	3.65198E5	3.5235E5	3.44588E5	3.36977E5	3.20303E5	3.05185E5	2.78007E5	2.38871E5	2.21879E5	5.47637E5	1.05443E5	6.36778E4	4.04871E4	3.58272E4	3.44014E6	1.27849E5	1813.33041	977.53166
424	6.5882E5	6.07547E5	5.08576E5	4.29884E5	3.70168E5	3.4905E5	3.43987E5	3.4204E5	3.2435E5	3.06679E5	2.80029E5	2.43241E5	2.13038E5	5.69834E5	1.18783E5	7.04289E4	4.43845E4	3.2614E4	2.24478E6	6.16336E5	2472.33863	906.27156
426	6.86132E5	6.15639E5	5.2457E5	4.28541E5	3.7062E5	3.56086E5	3.48986E5	3.37554E5	3.25226E5	3.06262E5	2.83758E5	2.45108E5	2.1222E5	5.26652E5	1.45044E5	7.50766E4	4.76467E4	3.14959E4	9.09061E5	1.74222E6	3304.1835	1120.08274
428	6.79584E5	6.18329E5	5.18192E5	4.31667E5	3.80276E5	3.56058E5	3.47089E5	3.39224E5	3.25909E5	3.08167E5	2.89526E5	2.53979E5	2.16637E5	4.31673E5	1.92725E5	7.88355E4	5.12061E4	3.22885E4	2.29263E5	3.00047E6	5369.20519	1311.03167
430	6.68617E5	6.26623E5	5.40856E5	4.43595E5	3.82857E5	3.56631E5	3.4022E5	3.40831E5	3.26292E5	3.09989E5	2.86516E5	2.53711E5	2.20728E5	3.33177E5	2.64295E5	8.31968E4	5.42088E4	3.39844E4	4.74755E4	3.56675E6	1.14588E4	1452.53888
432	6.86058E5	6.27322E5	5.49783E5	4.45625E5	3.80522E5	3.50709E5	3.44829E5	3.36132E5	3.2762E5	3.11349E5	2.92171E5	2.56852E5	2.22383E5	2.62541E5	3.49281E5	8.73706E4	5.83356E4	3.67356E4	3.11474E4	3.05352E6	1.19275E5	1818.35901
434	6.7829E5	6.11329E5	5.48098E5	4.48417E5	3.84923E5	3.57742E5	3.4507E5	3.37087E5	3.24269E5	3.13003E5	2.93389E5	2.63764E5	2.26287E5	2.23459E5	4.29045E5	9.32363E4	6.1689E4	4.00827E4	3.07198E4	1.86191E6	6.00013E5	2071.40832
436	6.78346E5	6.37318E5	5.46574E5	4.58069E5	3.86787E5	3.53378E5	3.41675E5	3.36739E5	3.24955E5	3.12716E5	2.94131E5	2.64619E5	2.29786E5	2.09001E5	4.74118E5	1.01816E5	6.62445E4	4.30571E4	2.98814E4	7.63466E5	1.57108E6	3240.93199
438	6.82115E5	6.35877E5	5.58024E5	4.60348E5	3.94101E5	3.54889E5	3.40717E5	3.33096E5	3.2347E5	3.11856E5	2.96199E5	2.63174E5	2.30844E5	2.05064E5	4.68589E5	1.15401E5	7.07114E4	4.69809E4	3.058E4	1.97868E5	2.69695E6	4570.06472
440	6.7917E5	6.60384E5	5.50315E5	4.67149E5	3.91009E5	3.53817E5	3.34349E5	3.29786E5	3.22126E5	3.12911E5	2.95118E5	2.66362E5	2.32968E5	2.0698E5	4.13366E5	1.43679E5	7.3338E4	4.95856E4	3.15335E4	4.15713E4	3.32416E6	8626.33289
442	6.89315E5	6.5092E5	5.61591E5	4.72103E5	3.9034E5	3.51157E5	3.35876E5	3.29524E5	3.20445E5	3.11432E5	2.97139E5	2.67828E5	2.38636E5	2.08224E5	3.4172E5	1.86057E5	7.63429E4	5.17627E4	3.36373E4	3.08485E4	2.89393E6	6.94358E4
444	6.58222E5	6.60441E5	5.71202E5	4.61918E5	3.96387E5	3.52424E5	3.36888E5	3.23557E5	3.15009E5	3.08439E5	2.95741E5	2.67086E5	2.38387E5	2.10868E5	2.67177E5	2.4708E5	8.14229E4	5.59062E4	3.59027E4	2.90308E4	1.81125E6	3.80745E5
446	6.79133E5	6.36935E5	5.67973E5	4.77935E5	3.98897E5	3.53628E5	3.33034E5	3.24688E5	3.11583E5	3.07897E5	2.95407E5	2.68493E5	2.4249E5	2.1288E5	2.18106E5	3.15399E5	8.4367E4	5.91224E4	3.82119E4	2.90903E4	7.37958E5	1.24049E6
448	7.03869E5	6.27405E5	5.75098E5	4.79823E5	3.97157E5	3.51558E5	3.28904E5	3.22396E5	3.14599E5	3.04425E5	2.9706E5	2.71167E5	2.42138E5	2.16105E5	1.91074E5	3.72029E5	9.13997E4	6.17837E4	4.11296E4	2.88233E4	1.92358E5	2.40237E6
450	6.58504E5	6.23592E5	5.56932E5	4.7993E5	4.01454E5	3.49238E5	3.28318E5	3.17946E5	3.10307E5	3.04875E5	2.95153E5	2.70222E5	2.452E5	2.19656E5	1.83409E5	3.99802E5	1.0034E5	6.59525E4	4.4695E4	3.02175E4	3.94152E4	3.18033E6
452	6.79502E5	6.25521E5	5.6959E5	4.84775E5	4.01015E5	3.50335E5	3.26253E5	3.15246E5	3.0734E5	3.03673E5	2.93055E5	2.71302E5	2.4702E5	2.20042E5	1.80434E5	3.8678E5	1.17184E5	6.86371E4	4.93342E4	3.08175E4	2.85718E4	2.93923E6
454	6.73433E5	6.31242E5	5.63957E5	4.81297E5	3.99675E5	3.46399E5	3.22383E5	3.12312E5	3.07175E5	2.9985E5	2.87811E5	2.68284E5	2.45276E5	2.21644E5	1.81915E5	3.34974E5	1.45486E5	7.17519E4	5.11503E4	3.32159E4	2.7288E4	1.88044E6
456	6.54083E5	6.2381E5	5.67964E5	4.87874E5	4.04108E5	3.45898E5	3.18364E5	3.10661E5	3.02115E5	2.9575E5	2.86927E5	2.68864E5	2.45657E5	2.24297E5	1.84289E5	2.73518E5	1.90782E5	7.46281E4	5.26209E4	3.59264E4	2.54813E4	7.58734E5
458	6.68982E5	6.22153E5	5.68681E5	4.90017E5	4.01597E5	3.46794E5	3.16638E5	3.07227E5	3.003E5	2.92839E5	2.83974E5	2.66474E5	2.44702E5	2.26297E5	1.82513E5	2.18009E5	2.43107E5	7.74354E4	5.60326E4	3.79656E4	2.60009E4	1.7919E5
460	6.54054E5	6.16406E5	5.56918E5	4.80853E5	3.95504E5	3.42888E5	3.14389E5	3.02188E5	2.93072E5	2.89888E5	2.78447E5	2.67667E5	2.47356E5	2.22794E5	1.85523E5	1.80247E5	2.98148E5	8.08951E4	5.82342E4	4.11919E4	2.63103E4	3.68795E4
462	6.2862E5	6.1563E5	5.66739E5	4.81283E5	3.95857E5	3.3885E5	3.1063E5	2.98884E5	2.94388E5	2.8812E5	2.78393E5	2.63391E5	2.44904E5	2.22151E5	1.84364E5	1.6269E5	3.34295E5	8.74888E4	6.13504E4	4.24713E4	2.85384E4	2.48381E4
464	6.47793E5	6.24996E5	5.5665E5	4.82042E5	3.96124E5	3.39478E5	3.0654E5	2.92902E5	2.86923E5	2.81277E5	2.78558E5	2.61182E5	2.43007E5	2.25501E5	1.86067E5	1.56627E5	3.37745E5	9.63906E4	6.41791E4	4.64534E4	2.9971E4	2.43206E4
466	6.50675E5	6.18163E5	5.5667E5	4.74372E5	3.94359E5	3.41896E5	3.0483E5	2.9294E5	2.84554E5	2.80231E5	2.76513E5	2.57054E5	2.44251E5	2.26139E5	1.85997E5	1.53726E5	3.09756E5	1.14091E5	6.47994E4	4.82834E4	3.09796E4	2.3109E4
468	7.80525E5	6.06319E5	5.45617E5	4.7428E5	3.89988E5	3.35718E5	3.03482E5	2.86478E5	2.82783E5	2.76631E5	2.70909E5	2.55716E5	2.4045E5	2.26133E5	1.88943E5	1.53299E5	2.67201E5	1.39528E5	6.69799E4	4.9361E4	3.22454E4	2.30139E4
470	1.18861E6	6.03108E5	5.46253E5	4.74923E5	3.95547E5	3.32088E5	3.00214E5	2.83363E5	2.76593E5	2.74127E5	2.67168E5	2.51675E5	2.37101E5	2.22105E5	1.88457E5	1.54059E5	2.15413E5	1.77837E5	6.94683E4	5.03254E4	3.43886E4	2.33434E4
472	2.11211E6	5.87296E5	5.39432E5	4.7178E5	3.8883E5	3.27843E5	2.97476E5	2.7811E5	2.72752E5	2.6908E5	2.64389E5	2.49608E5	2.3755E5	2.21039E5	1.8794E5	1.55334E5	1.73975E5	2.2448E5	7.11332E4	5.3407E4	3.66744E4	2.38644E4
474	3.63752E6	5.92991E5	5.45891E5	4.69057E5	3.92902E5	3.27027E5	2.90688E5	2.80968E5	2.65642E5	2.64985E5	2.62968E5	2.47724E5	2.36066E5	2.20855E5	1.91059E5	1.55588E5	1.49765E5	2.64038E5	7.51772E4	5.55691E4	3.84132E4	2.4629E4
476	5.90198E6	5.76139E5	5.33484E5	4.56324E5	3.86666E5	3.21346E5	2.85117E5	2.70124E5	2.66678E5	2.63094E5	2.56177E5	2.43035E5	2.34178E5	2.1944E5	1.8714E5	1.54835E5	1.37019E5	2.88174E5	7.93103E4	5.8064E4	4.01041E4	2.53646E4
478	8.72458E6	5.7263E5	5.2301E5	4.56806E5	3.76331E5	3.2363E5	2.85802E5	2.66475E5	2.55728E5	2.54224E5	2.50998E5	2.39644E5	2.29641E5	2.16122E5	1.86017E5	1.5445E5	1.335E5	2.8736E5	8.90766E4	5.72645E4	4.0432E4	2.76105E4
480	1.1194E7	5.68249E5	5.24977E5	4.55685E5	3.80439E5	3.1422E5	2.81613E5	2.61261E5	2.54156E5	2.50099E5	2.42658E5	2.3509E5	2.2653E5	2.15809E5	1.85278E5	1.54682E5	1.29423E5	2.61532E5	1.05177E5	5.91672E4	4.16997E4	2.8706E4
482	1.24431E7	5.64182E5	5.08909E5	4.44806E5	3.74313E5	3.13001E5	2.74202E5	2.6046E5	2.50213E5	2.45137E5	2.42279E5	2.31888E5	2.22374E5	2.12985E5	1.858E5	1.52629E5	1.2846E5	2.19642E5	1.3263E5	6.11942E4	4.38005E4	3.05323E4
484	1.18932E7	5.59057E5	5.16844E5	4.49747E5	3.7138E5	3.1014E5	2.73882E5	2.55938E5	2.43202E5	2.40888E5	2.36492E5	2.27433E5	2.21655E5	2.09368E5	1.83315E5	1.52249E5	1.28702E5	1.74622E5	1.66966E5	6.17837E4	4.51267E4	3.2149E4
486	1.01939E7	5.92791E5	5.0375E5	4.4418E5	3.61271E5	3.08086E5	2.69029E5	2.50645E5	2.42108E5	2.37762E5	2.31967E5	2.25897E5	2.15336E5	2.07599E5	1.81889E5	1.51499E5	1.27453E5	1.42878E5	2.01267E5	6.46281E4	4.57943E4	3.35875E4
488	7.43221E6	7.55564E5	4.93163E5	4.33772E5	3.62413E5	3.0292E5	2.64121E5	2.45704E5	2.37072E5	2.31365E5	2.29162E5	2.18964E5	2.14585E5	2.06893E5	1.80209E5	1.52365E5	1.29786E5	1.20805E5	2.3092E5	6.76731E4	4.8279E4	3.44991E4
490	4.5123E6	1.34385E6	4.93837E5	4.27028E5	3.58713E5	2.9554E5	2.58729E5	2.39454E5	2.33058E5	2.28882E5	2.25494E5	2.14958E5	2.11285E5	2.0357E5	1.78728E5	1.4939E5	1.25873E5	1.12419E5	2.44236E5	7.31367E4	4.8026E4	3.48508E4
492	2.25331E6	2.6137E6	4.8647E5	4.26695E5	3.49116E5	2.94704E5	2.53655E5	2.38785E5	2.26684E5	2.24641E5	2.20679E5	2.09234E5	2.07366E5	2.00811E5	1.73959E5	1.49031E5	1.25994E5	1.07805E5	2.38872E5	8.16144E4	4.91124E4	3.59306E4
494	1.10497E6	4.60005E6	4.65706E5	4.17499E5	3.49372E5	2.8948E5	2.51299E5	2.34129E5	2.20302E5	2.20649E5	2.15848E5	2.08526E5	2.02897E5	1.97774E5	1.74085E5	1.48822E5	1.2502E5	1.07171E5	2.14342E5	9.78002E4	5.01946E4	3.61602E4
496	6.67494E5	7.32303E6	4.68324E5	4.12572E5	3.43249E5	2.87267E5	2.53347E5	2.2993E5	2.16981E5	2.14124E5	2.10151E5	2.02391E5	2.01255E5	1.94316E5	1.71278E5	1.45789E5	1.23923E5	1.0662E5	1.79357E5	1.22126E5	5.0621E4	3.76708E4
498	6.24849E5	1.01332E7	4.63425E5	4.02231E5	3.41299E5	2.82006E5	2.46401E5	2.23951E5	2.16221E5	2.1127E5	2.07682E5	2.01126E5	1.96091E5	1.91139E5	1.69831E5	1.44796E5	1.23892E5	1.04735E5	1.46368E5	1.48132E5	5.23129E4	3.875E4
500	6.18087E5	1.25132E7	4.65828E5	4.0483E5	3.37805E5	2.76962E5	2.45204E5	2.21154E5	2.10862E5	2.1023E5	2.05008E5	1.96691E5	1.93803E5	1.87395E5	1.6586E5	1.43389E5	1.23576E5	1.05832E5	1.18768E5	1.7639E5	5.32695E4	3.91805E4
502	5.7468E5	1.35083E7	4.59092E5	3.9487E5	3.34003E5	2.71807E5	2.38207E5	2.1534E5	2.06466E5	2.04066E5	2.02601E5	1.92582E5	1.86916E5	1.86933E5	1.64826E5	1.42644E5	1.22845E5	1.05071E5	1.02175E5	1.96193E5	5.49603E4	3.93844E4
504	5.7214E5	1.2776E7	4.66042E5	3.91643E5	3.23985E5	2.71723E5	2.33558E5	2.16844E5	2.0429E5	1.99258E5	1.94989E5	1.87468E5	1.85821E5	1.83204E5	1.62536E5	1.40105E5	1.21687E5	1.04393E5	9.44943E4	2.07202E5	6.03688E4	4.00711E4
506	5.49092E5	1.05132E7	4.74673E5	3.82534E5	3.23825E5	2.64542E5	2.31079E5	2.09822E5	1.98646E5	1.93107E5	1.90783E5	1.84173E5	1.81942E5	1.7699E5	1.57921E5	1.38079E5	1.20426E5	1.02644E5	9.03034E4	1.98459E5	6.93032E4	4.03425E4
508	5.69599E5	7.65406E6	6.57682E5	3.81411E5	3.16312E5	2.62526E5	2.2364E5	2.06281E5	1.96742E5	1.88293E5	1.86082E5	1.82214E5	1.78347E5	1.76796E5	1.5608E5	1.34475E5	1.18028E5	1.01936E5	8.86833E4	1.76126E5	8.38273E4	4.13583E4
510	6.17402E5	4.54036E6	1.34848E6	3.71184E5	3.14062E5	2.58028E5	2.21515E5	2.03792E5	1.92497E5	1.85634E5	1.82492E5	1.78728E5	1.75796E5	1.72118E5	1.52665E5	1.35093E5	1.15098E5	1.00642E5	8.7448E4	1.45957E5	1.01961E5	4.13312E4
512	7.37093E5	2.16663E6	2.88136E6	3.65315E5	3.05889E5	2.53307E5	2.17615E5	2.02125E5	1.85716E5	1.82178E5	1.79134E5	1.71905E5	1.70652E5	1.67657E5	1.50045E5	1.32463E5	1.14053E5	1.00272E5	8.61386E4	1.1754E5	1.25285E5	4.26755E4
514	9.18568E5	9.96615E5	5.13251E6	3.61638E5	3.02681E5	2.49952E5	2.14814E5	1.90716E5	1.85496E5	1.76359E5	1.74411E5	1.69214E5	1.65888E5	1.66083E5	1.48331E5	1.30792E5	1.1357E5	9.74217E4	8.54654E4	9.44201E4	1.47343E5	4.38028E4
516	1.26821E6	6.0068E5	7.86419E6	3.62447E5	3.01367E5	2.4427E5	2.15237E5	1.88007E5	1.7905E5	1.74504E5	1.69002E5	1.63822E5	1.61236E5	1.60376E5	1.44631E5	1.28534E5	1.12359E5	9.67922E4	8.33576E4	8.17206E4	1.62578E5	4.52964E4
518	1.6391E6	5.32356E5	1.0797E7	3.48926E5	2.96326E5	2.43005E5	2.05752E5	1.85569E5	1.76151E5	1.7076E5	1.64566E5	1.61091E5	1.59177E5	1.56278E5	1.4167E5	1.2703E5	1.0974E5	9.43801E4	8.21097E4	7.56748E4	1.69712E5	4.95697E4
520	2.01263E6	4.93308E5	1.29579E7	3.44008E5	2.86462E5	2.36343E5	2.01509E5	1.80834E5	1.71009E5	1.68798E5	1.60265E5	1.57305E5	1.54225E5	1.53034E5	1.38896E5	1.22484E5	1.07564E5	9.33986E4	8.11583E4	7.26248E4	1.61468E5	5.60755E4
522	2.34986E6	4.75253E5	1.36144E7	3.39704E5	2.77706E5	2.31539E5	1.99301E5	1.76074E5	1.68005E5	1.59866E5	1.56869E5	1.5311E5	1.524E5	1.49932E5	1.35759E5	1.20007E5	1.06691E5	9.31788E4	7.98769E4	7.02129E4	1.44714E5	6.80734E4
524	2.65102E6	4.85506E5	1.23547E7	3.40685E5	2.72672E5	2.23306E5	1.96294E5	1.73039E5	1.64557E5	1.6033E5	1.54873E5	1.49954E5	1.47435E5	1.45932E5	1.33877E5	1.17879E5	1.0454E5	9.04959E4	7.88305E4	6.96745E4	1.19858E5	8.47935E4
526	2.63913E6	4.5614E5	1.00847E7	3.64052E5	2.67933E5	2.25496E5	1.89853E5	1.71205E5	1.62129E5	1.54124E5	1.50499E5	1.46159E5	1.44843E5	1.41479E5	1.28714E5	1.15595E5	1.02316E5	8.90644E4	7.81899E4	6.84449E4	9.57248E4	1.02009E5
528	2.51869E6	4.34375E5	7.11349E6	5.76393E5	2.64764E5	2.21478E5	1.86276E5	1.67725E5	1.56638E5	1.48564E5	1.48045E5	1.41413E5	1.4076E5	1.40217E5	1.28128E5	1.12197E5	1.00812E5	8.95096E4	7.68466E4	6.70565E4	7.62913E4	1.20219E5
530	2.16256E6	4.34909E5	4.14599E6	1.3462E6	2.58091E5	2.17164E5	1.83476E5	1.6552E5	1.57362E5	1.46498E5	1.43031E5	1.38325E5	1.35501E5	1.35442E5	1.23928E5	1.10335E5	9.71001E4	8.65396E4	7.54546E4	6.54893E4	6.56026E4	1.34025E5
532	1.79706E6	4.70768E5	1.90804E6	2.96662E6	2.56425E5	2.11091E5	1.7958E5	1.62575E5	1.52625E5	1.4626E5	1.38582E5	1.33254E5	1.3279E5	1.34548E5	1.20085E5	1.06765E5	9.48457E4	8.38099E4	7.33187E4	6.40029E4	5.88438E4	1.41135E5
534	1.26074E6	5.59432E5	7.90464E5	5.47291E6	2.55492E5	2.04448E5	1.78476E5	1.57805E5	1.4904E5	1.38328E5	1.37644E5	1.33173E5	1.28089E5	1.27984E5	1.1837E5	1.05922E5	9.54153E4	8.10762E4	7.40337E4	6.32942E4	5.54708E4	1.37104E5
536	8.62469E5	7.63109E5	4.80146E5	8.43003E6	2.42997E5	1.99529E5	1.70997E5	1.53884E5	1.39556E5	1.35375E5	1.33668E5	1.27667E5	1.28272E5	1.23478E5	1.1592E5	1.03033E5	9.16297E4	8.25064E4	7.22258E4	6.1679E4	5.44292E4	1.19588E5
538	5.72763E5	1.02265E6	4.21494E5	1.12858E7	2.41182E5	1.99698E5	1.69503E5	1.51724E5	1.40836E5	1.32136E5	1.29245E5	1.25043E5	1.23558E5	1.23849E5	1.14136E5	1.01338E5	8.93831E4	7.87309E4	6.97687E4	6.05156E4	5.40654E4	9.67336E4
540	4.14942E5	1.39741E6	4.06884E5	1.33244E7	2.39601E5	1.98277E5	1.6149E5	1.45859E5	1.37418E5	1.30988E5	1.24354E5	1.21472E5	1.19272E5	1.1933E5	1.09484E5	9.73614E4	8.66754E4	7.7851E4	6.88713E4	5.93202E4	5.14776E4	7.69458E4
542	3.53414E5	1.86701E6	3.86807E5	1.35828E7	2.41285E5	1.89024E5	1.58711E5	1.44106E5	1.3227E5	1.27987E5	1.22371E5	1.19222E5	1.16297E5	1.1648E5	1.06184E5	9.565E4	8.50171E4	7.68384E4	6.77936E4	5.86211E4	5.06121E4	5.98565E4
544	3.60117E5	2.30258E6	3.66318E5	1.2055E7	2.40249E5	1.87771E5	1.57887E5	1.4117E5	1.3082E5	1.24739E5	1.19913E5	1.14751E5	1.12998E5	1.13764E5	1.03974E5	9.10683E4	8.38876E4	7.42561E4	6.64213E4	5.74638E4	4.92373E4	5.11214E4
546	3.52954E5	2.65279E6	3.53694E5	9.61342E6	2.74298E5	1.78019E5	1.52306E5	1.35588E5	1.23427E5	1.19733E5	1.14999E5	1.12776E5	1.10294E5	1.10524E5	1.0041E5	8.94769E4	8.24833E4	7.26399E4	6.35526E4	5.773E4	4.88178E4	4.51053E4
548	3.18648E5	2.82075E6	3.42587E5	6.58423E6	5.42542E5	1.78088E5	1.54378E5	1.34394E5	1.20744E5	1.16143E5	1.13268E5	1.09936E5	1.06555E5	1.07253E5	9.5155E4	9.06199E4	7.9749E4	7.08491E4	6.45102E4	5.68978E4	4.7713E4	4.24894E4
550	3.09034E5	2.76843E6	3.22249E5	3.7532E6	1.38035E6	1.75872E5	1.48035E5	1.29193E5	1.21117E5	1.15284E5	1.09911E5	1.05584E5	1.02959E5	1.04479E5	9.69655E4	8.5487E4	7.69232E4	7.06999E4	6.19483E4	5.54732E4	4.57842E4	4.13843E4
552	2.94197E5	2.48494E6	3.29229E5	1.69896E6	3.05118E6	1.73386E5	1.42981E5	1.29199E5	1.19623E5	1.12093E5	1.07841E5	1.03393E5	1.00787E5	9.96229E4	9.33985E4	8.47013E4	7.70918E4	6.74382E4	6.13589E4	5.29079E4	4.52119E4	4.01371E4
554	2.98332E5	2.12442E6	3.31944E5	6.77962E5	5.51185E6	1.67363E5	1.40057E5	1.23962E5	1.15345E5	1.08248E5	1.02503E5	1.00607E5	9.82677E4	9.9839E4	9.02614E4	7.93701E4	7.3938E4	6.66583E4	5.84203E4	5.24534E4	4.48173E4	3.86692E4
556	2.82678E5	1.62832E6	3.91071E5	3.89127E5	8.29821E6	1.62645E5	1.39615E5	1.23077E5	1.10124E5	1.06339E5	1.01289E5	9.77354E4	9.62602E4	9.71807E4	8.78008E4	7.82399E4	7.14669E4	6.45529E4	5.86747E4	5.14947E4	4.35238E4	3.94011E4
558	2.71371E5	1.17479E6	5.04158E5	3.40063E5	1.10434E7	1.66728E5	1.35462E5	1.17142E5	1.07939E5	1.01616E5	1.00341E5	9.46455E4	9.25245E4	9.2231E4	8.43948E4	7.73548E4	6.96497E4	6.37572E4	5.56783E4	4.89808E4	4.17218E4	3.74585E4
560	2.74028E5	7.66023E5	7.22727E5	3.13735E5	1.28803E7	1.60363E5	1.32623E5	1.17181E5	1.08969E5	1.0002E5	9.54772E4	9.32364E4	8.94372E4	9.20555E4	8.43256E4	7.56415E4	6.84753E4	6.20073E4	5.46199E4	4.8308E4	4.17913E4	3.618E4
562	2.64412E5	5.25257E5	1.0155E6	2.88895E5	1.31216E7	1.59151E5	1.28493E5	1.12425E5	1.02385E5	9.63055E4	9.33912E4	8.87655E4	8.89142E4	8.80823E4	7.9321E4	7.30945E4	6.57822E4	5.97721E4	5.4615E4	4.69642E4	4.10368E4	3.49769E4
564	2.69921E5	3.5765E5	1.41255E6	2.86697E5	1.15691E7	1.65204E5	1.26571E5	1.1049E5	9.83538E4	9.32499E4	9.02124E4	8.70036E4	8.52417E4	8.41131E4	7.7687E4	7.09154E4	6.42944E4	5.81072E4	5.2504E4	4.77744E4	4.04454E4	3.41891E4
566	2.62996E5	2.88752E5	1.8188E6	2.79603E5	9.10914E6	2.00374E5	1.21153E5	1.09929E5	9.76032E4	9.1674E4	8.96632E4	8.42965E4	8.38093E4	8.20839E4	7.53429E4	6.82874E4	6.24857E4	5.71318E4	5.13419E4	4.60651E4	3.91286E4	3.2832E4
568	2.55383E5	2.75002E5	2.21203E6	2.7412E5	6.07657E6	4.65871E5	1.21784E5	1.07564E5	9.75724E4	9.02093E4	8.53052E4	8.37127E4	7.95081E4	8.03945E4	7.49932E4	6.62656E4	6.13252E4	5.49716E4	4.90019E4	4.44575E4	3.80049E4	3.28859E4
570	2.59204E5	2.68436E5	2.50327E6	2.61768E5	3.35249E6	1.32957E6	1.17517E5	9.9774E4	9.29326E4	8.63864E4	8.20548E4	7.96028E4	7.94781E4	7.97819E4	7.19027E4	6.48841E4	5.84724E4	5.4017E4	4.71138E4	4.16289E4	3.57609E4	3.24255E4
572	2.69554E5	2.54851E5	2.62257E6	2.52835E5	1.46199E6	3.01853E6	1.1482E5	1.01412E5	9.06038E4	8.56359E4	8.27667E4	7.77806E4	7.53915E4	7.45866E4	6.99087E4	6.32736E4	5.75483E4	5.20316E4	4.64693E4	4.23572E4	3.68271E4	3.05614E4
574	2.62042E5	2.23508E5	2.49988E6	2.52748E5	5.66398E5	5.38832E6	1.16065E5	9.95114E4	8.7718E4	8.26385E4	7.82445E4	7.45352E4	7.31695E4	7.35319E4	6.64654E4	6.15046E4	5.55015E4	5.04652E4	4.68822E4	4.0745E4	3.52956E4	2.93413E4
576	2.2794E5	2.19219E5	2.23266E6	2.54287E5	3.07543E5	8.10024E6	1.1191E5	9.37084E4	8.50724E4	8.10354E4	7.59265E4	7.21019E4	6.9704E4	6.93322E4	6.48375E4	6.10407E4	5.44085E4	4.84772E4	4.47891E4	3.91152E4	3.39968E4	2.99013E4
578	2.42322E5	2.05516E5	1.81265E6	2.70839E5	2.73372E5	1.05989E7	1.09138E5	9.46319E4	8.36095E4	7.62656E4	7.46798E4	7.23054E4	6.96932E4	6.73188E4	6.23235E4	5.71328E4	5.24135E4	4.90282E4	4.40816E4	3.85958E4	3.41165E4	2.86721E4
580	2.44323E5	2.0206E5	1.43704E6	3.37432E5	2.56893E5	1.23223E7	1.10166E5	8.81935E4	7.93974E4	7.35307E4	7.15273E4	6.85026E4	6.85889E4	6.86558E4	6.27748E4	5.64358E4	4.9951E4	4.59575E4	4.15372E4	3.74896E4	3.27367E4	2.78436E4
582	2.44229E5	2.10863E5	9.9333E5	4.60461E5	2.37661E5	1.24062E7	1.12339E5	8.50538E4	7.85086E4	7.21913E4	6.85551E4	6.48948E4	6.53505E4	6.24355E4	5.89003E4	5.23797E4	4.92745E4	4.53126E4	3.98876E4	3.56648E4	3.24287E4	2.65107E4
584	2.39623E5	2.12596E5	6.54644E5	6.49511E5	2.35205E5	1.08392E7	1.16089E5	8.79949E4	7.69392E4	7.08197E4	6.64209E4	6.61919E4	6.34438E4	6.29006E4	5.75623E4	5.14335E4	4.79683E4	4.29774E4	3.77843E4	3.41747E4	2.93083E4	2.64251E4
586	2.24439E5	1.92354E5	4.35149E5	9.40023E5	2.32704E5	8.38858E6	1.44865E5	8.58442E4	7.2783E4	6.81042E4	6.45322E4	6.08647E4	6.09417E4	5.99836E4	5.52358E4	5.14733E4	4.62474E4	4.22063E4	3.83385E4	3.48977E4	2.97772E4	2.65112E4
588	1.9612E5	1.83662E5	3.08509E5	1.30889E6	2.26075E5	5.47315E6	3.84666E5	8.46834E4	7.45804E4	6.86388E4	6.16199E4	5.97733E4	5.86102E4	5.85887E4	5.33547E4	4.92927E4	4.55914E4	4.17064E4	3.64192E4	3.33642E4	2.94031E4	2.48091E4
590	2.26084E5	1.90335E5	2.44609E5	1.69123E6	2.24986E5	2.90345E6	1.22729E6	8.21411E4	7.35019E4	6.59543E4	6.06316E4	5.87368E4	5.75445E4	5.64696E4	5.04036E4	4.7326E4	4.32155E4	4.01446E4	3.69099E4	3.25385E4	2.80008E4	2.45511E4
592	2.31538E5	1.85835E5	2.18667E5	2.02672E6	2.22479E5	1.20512E6	2.94727E6	7.79368E4	7.0361E4	6.46243E4	6.15565E4	5.64684E4	5.62557E4	5.48396E4	4.87889E4	4.54362E4	4.1344E4	3.87208E4	3.40198E4	3.21072E4	2.71027E4	2.37404E4
594	2.3598E5	1.89259E5	2.08695E5	2.24562E6	2.19755E5	4.37246E5	5.26834E6	7.70999E4	6.85274E4	6.37783E4	5.69854E4	5.45457E4	5.31438E4	5.27464E4	4.85972E4	4.45502E4	3.95471E4	3.82045E4	3.4005E4	3.06746E4	2.47883E4	2.24412E4
596	1.8998E5	1.93605E5	1.95535E5	2.29284E6	2.26746E5	2.5321E5	7.93953E6	7.76103E4	6.50668E4	6.13395E4	5.75017E4	5.3796E4	5.20731E4	5.12344E4	4.60675E4	4.29045E4	3.96799E4	3.62199E4	3.26698E4	3.00386E4	2.45591E4	2.26223E4
598	2.08341E5	1.89932E5	2.00805E5	2.20179E6	2.17427E5	2.11375E5	1.02777E7	7.69882E4	6.54306E4	5.93684E4	5.45054E4	5.17015E4	5.06983E4	4.84086E4	4.73507E4	4.22617E4	3.74894E4	3.42441E4	3.26244E4	2.93758E4	2.47613E4	2.16848E4
600	2.39814E5	1.84063E5	1.94261E5	1.95294E6	2.24006E5	1.99723E5	1.16402E7	7.94528E4	6.36839E4	5.82948E4	5.20457E4	4.91409E4	4.839E4	4.80329E4	4.40898E4	3.98305E4	3.91002E4	3.45943E4	3.1209E4	2.81119E4	2.57417E4	2.17654E4
