300	2.90497E5	1.73107E5	2.02068E5	2.60713E6	4.23473E5	3.75595E5	4.42016E7	1.99587E5	2.69604E4	1.62493E4	1.13958E4	8638.07458	7374.21921	6814.0718	5932.1328	5137.52734	4301.27545	3646.90508	3325.87917	2786.94013	2705.67739	2322.97115
302	2.92126E5	2.095E5	2.08388E5	1.76998E6	7.41211E5	2.53297E5	3.86386E7	2.28771E6	3.15872E4	1.76778E4	1.27243E4	9791.66701	7423.74039	6363.51906	5748.7945	4799.89691	4149.08015	3654.25299	3462.79384	3017.38793	3061.20571	2111.89884
304	3.43037E5	2.00629E5	2.18739E5	1.02537E6	1.32277E6	2.42238E5	2.5165E7	9.74134E6	3.59599E4	1.81538E4	1.25029E4	9871.38349	7818.12148	6145.0381	5554.90408	4467.76693	3769.09343	3299.034	3325.29006	3086.75319	3001.05321	2404.66909
306	3.19207E5	1.97075E5	2.28654E5	5.82207E5	2.0548E6	2.38369E5	1.1027E7	2.3225E7	4.6396E4	1.97082E4	1.32668E4	9666.31441	7274.84154	6002.68893	5698.10505	4630.02325	3908.56514	3784.89872	3415.97695	2876.82141	2799.09699	2450.99932
308	3.56756E5	2.18107E5	2.34741E5	4.00393E5	2.72278E6	2.41617E5	2.64345E6	3.70643E7	6.55814E4	2.05776E4	1.47237E4	1.02052E4	7523.61863	6750.34376	5541.79603	4605.71078	4295.14586	3806.92538	3445.94619	3094.31148	2527.89593	2619.45679
310	3.47379E5	2.27829E5	2.48042E5	3.51767E5	2.8584E6	2.57421E5	3.51245E5	4.26962E7	1.87661E5	2.40517E4	1.42282E4	1.09603E4	7889.7505	6964.1788	5640.21406	4356.63375	3986.93682	3540.37414	3270.56666	2794.0601	2841.79245	2457.96098
312	3.51543E5	2.34304E5	2.63715E5	3.46012E5	2.46266E6	3.52206E5	1.96866E5	3.77037E7	2.10031E6	2.61375E4	1.57516E4	1.06866E4	7939.44826	6769.92346	5593.99338	4893.07915	3776.40568	3442.28154	3312.60233	3233.25035	2849.4732	2500.28052
314	3.54205E5	2.4648E5	2.74874E5	3.49879E5	1.69456E6	6.10128E5	1.70115E5	2.39505E7	9.6903E6	3.02578E4	1.51849E4	1.2199E4	8388.68063	6611.87904	5768.65027	4630.69399	3926.47957	3249.11739	2846.88747	2794.35619	2917.97391	2339.85079
316	3.9072E5	2.47189E5	2.82387E5	3.54495E5	1.03238E6	1.09522E6	1.61702E5	9.86886E6	2.25162E7	4.16805E4	1.71829E4	1.17073E4	8279.52608	7269.22969	5054.76398	4593.1821	3890.95474	3816.93944	3449.51885	3132.28636	2857.87186	2686.2184
318	3.72647E5	2.65752E5	2.98245E5	3.60024E5	6.40764E5	1.74676E6	1.59261E5	2.25382E6	3.36296E7	6.08333E4	1.85754E4	1.20863E4	9287.99623	6147.8874	5401.81361	4776.75245	3945.4808	3256.23326	3494.06218	2929.62498	2678.60827	2698.1749
320	3.89874E5	2.66642E5	2.99785E5	3.72357E5	4.77085E5	2.26346E6	1.62547E5	2.78765E5	3.75121E7	1.74695E5	2.07385E4	1.29643E4	9409.59604	7243.62941	5762.14915	4808.84212	3947.12519	3482.54605	3267.51854	2902.54034	2710.46354	2446.00005
322	4.17949E5	2.82724E5	3.13889E5	3.70859E5	4.26044E5	2.37003E6	1.80825E5	1.61749E5	3.21784E7	1.96419E6	2.30517E4	1.3461E4	9626.36304	6929.23997	5529.22078	4681.5988	3703.6357	3467.89557	3232.55394	2807.02611	2950.17663	2483.21865
324	4.03608E5	2.76479E5	3.12502E5	3.66679E5	4.11688E5	2.04017E6	2.46235E5	1.39685E5	2.04937E7	8.3845E6	2.77172E4	1.42123E4	9220.4226	7075.99146	5264.66213	4238.93013	3774.36064	3689.0296	3226.79393	2944.62645	2745.85923	2166.0563
326	4.27227E5	3.07503E5	3.29368E5	3.88172E5	4.18066E5	1.46505E6	4.33489E5	1.30726E5	8.56321E6	1.91629E7	3.59379E4	1.51234E4	9734.61582	7330.19054	5736.25353	4248.03289	3470.01819	3256.22439	3079.88333	2934.51794	2772.03576	2401.4061
328	4.57593E5	3.13391E5	3.30198E5	3.91122E5	4.15995E5	9.39178E5	8.00094E5	1.33923E5	2.09177E6	2.83242E7	5.4522E4	1.61671E4	1.04206E4	7587.91508	5982.18443	4909.62077	4080.67996	3340.39895	3052.98554	2637.37752	2311.03115	2079.59347
330	4.8537E5	3.1904E5	3.33746E5	3.9884E5	4.24577E5	5.7591E5	1.31858E6	1.39718E5	2.5485E5	3.20747E7	1.4868E5	1.75179E4	1.09536E4	8301.2377	5768.09043	4514.83864	3594.48567	2797.68644	2698.39239	2789.32264	2393.02223	2293.45858
332	4.82434E5	3.41358E5	3.5133E5	4.05133E5	4.30441E5	4.25578E5	1.76683E6	1.42011E5	1.44122E5	2.84588E7	1.6193E6	2.05211E4	1.11992E4	8544.56396	6355.20071	4261.82798	3987.35849	3290.17552	2871.27049	2985.05906	2444.29618	2353.33334
334	4.92376E5	3.24443E5	3.45689E5	4.07978E5	4.24768E5	3.74043E5	1.94362E6	1.53302E5	1.26603E5	1.9203E7	7.03754E6	2.42497E4	1.15839E4	9453.12522	5899.46847	4680.69287	4044.03797	3250.67616	2628.25816	2688.15893	2490.94478	1883.1731
336	5.01835E5	3.67775E5	3.57697E5	4.09498E5	4.358E5	3.65222E5	1.7683E6	2.04327E5	1.21043E5	8.42514E6	1.6427E7	2.9836E4	1.22606E4	9281.5316	6508.42452	4609.24499	3555.34409	3035.77951	2859.07829	2885.91417	2136.01538	2074.45582
338	5.10774E5	3.62002E5	3.67008E5	4.10026E5	4.45411E5	3.75199E5	1.34888E6	3.28959E5	1.25452E5	2.16346E6	2.41953E7	4.27598E4	1.39417E4	8948.19455	6579.82757	4474.40137	3929.82512	3194.16785	2815.97151	2657.67265	2548.10426	2224.6948
340	5.23549E5	3.67916E5	3.639E5	4.07881E5	4.46088E5	3.80937E5	8.74914E5	6.06682E5	1.29069E5	2.56239E5	2.72517E7	1.14707E5	1.51161E4	9145.03672	7032.76476	4836.22059	3514.77158	3629.16568	2940.23845	2402.76642	2446.96764	1938.91155
342	5.39238E5	3.82911E5	3.66376E5	4.09892E5	4.33007E5	3.83667E5	5.45073E5	9.79425E5	1.33901E5	1.35643E5	2.42272E7	1.29065E6	1.71244E4	1.01496E4	7441.06376	4705.99072	3665.956	3244.94279	2467.11629	2129.20051	2389.96878	2070.4828
344	5.44601E5	4.05169E5	3.8746E5	4.12694E5	4.41844E5	3.93381E5	3.6949E5	1.38861E6	1.41877E5	1.16932E5	1.60749E7	6.27392E6	2.12192E4	1.0202E4	7587.04827	4765.82028	3821.48867	2970.98698	2838.10197	2693.56347	2339.64828	2034.37677
346	5.60943E5	4.03692E5	3.8738E5	4.18062E5	4.37326E5	3.99686E5	3.22502E5	1.58718E6	1.52865E5	1.17108E5	7.17881E6	1.41764E7	2.59985E4	1.11607E4	7014.91025	5461.71364	3648.15003	2818.38126	2604.15731	2677.53638	2115.29639	2114.76783
348	5.95413E5	4.21856E5	4.04091E5	4.21951E5	4.46621E5	4.06855E5	3.17E5	1.51342E6	1.95068E5	1.22009E5	1.69552E6	2.08758E7	3.87533E4	1.17655E4	7652.30674	5380.32911	3860.98364	2993.10176	2608.84585	2304.7684	2087.40056	1887.49522
350	5.7801E5	4.40519E5	4.03482E5	4.28732E5	4.49791E5	4.13562E5	3.27478E5	1.22274E6	2.92043E5	1.30917E5	2.26173E5	2.29024E7	8.54553E4	1.34063E4	7927.40339	5229.37036	3988.07719	3175.79277	2765.41417	2580.21545	2322.38618	1699.99737
352	6.07491E5	4.54805E5	4.10001E5	4.28777E5	4.49025E5	4.21062E5	3.37805E5	8.29176E5	4.83109E5	1.40744E5	1.25446E5	2.02651E7	1.10293E6	1.49632E4	7729.57335	5918.42477	3837.50312	3120.02641	2655.84382	2249.10992	2105.86381	1863.8303
354	6.23552E5	4.72102E5	4.20646E5	4.29769E5	4.47157E5	4.24918E5	3.43702E5	5.54712E5	7.61643E5	1.50249E5	1.15961E5	1.39115E7	4.93824E6	1.82267E4	8342.05164	5572.2065	4066.18191	3071.76105	2213.7931	2366.65977	2210.79863	1693.34335
356	6.50476E5	4.76353E5	4.31267E5	4.38497E5	4.5326E5	4.30278E5	3.56765E5	3.96133E5	1.07245E6	1.64155E5	1.15601E5	6.23854E6	1.18479E7	2.33874E4	9001.82793	6326.54622	4366.7908	2750.63372	2859.72391	2372.55645	2132.78126	1857.23482
358	6.68976E5	5.10489E5	4.52872E5	4.42185E5	4.57748E5	4.38591E5	3.7277E5	3.44145E5	1.28208E6	1.78933E5	1.25093E5	1.60767E6	1.77593E7	3.48493E4	9575.83699	6074.17356	4602.96523	2927.40501	2542.85537	2170.50304	2079.68769	1793.68744
360	6.97726E5	5.33446E5	4.67474E5	4.51533E5	4.62798E5	4.49219E5	3.92167E5	3.34997E5	1.2925E6	2.06278E5	1.3356E5	2.09838E5	2.01725E7	7.70819E4	1.09545E4	6181.73595	4623.22153	3113.78249	2644.73865	2332.04036	1828.62339	1916.50409
362	7.18717E5	5.6024E5	4.91674E5	4.6602E5	4.66237E5	4.61638E5	4.00877E5	3.46978E5	1.12096E6	2.66194E5	1.45944E5	1.18418E5	1.8576E7	9.04984E5	1.30811E4	6770.52018	4659.25413	3494.64574	2647.894	2532.83022	2031.3899	1799.53124
364	7.43057E5	5.76115E5	5.01699E5	4.6781E5	4.78355E5	4.68616E5	4.13933E5	3.63015E5	8.45222E5	3.89382E5	1.5761E5	1.08769E5	1.33496E7	4.48344E6	1.50736E4	6568.24974	4965.26586	3534.37176	2565.95605	2519.0995	2011.78059	1907.1552
366	7.36945E5	5.99049E5	5.13746E5	4.80827E5	4.79116E5	4.7783E5	4.32081E5	3.80891E5	5.98633E5	6.0081E5	1.67032E5	1.11665E5	6.12016E6	1.1127E7	1.93106E4	7645.38066	4960.74021	3757.50929	2500.58222	2505.13673	2161.22364	1792.51479
368	7.73536E5	6.36465E5	5.39844E5	4.88913E5	4.94397E5	4.88646E5	4.49092E5	3.99669E5	4.5329E5	8.46094E5	1.83132E5	1.18999E5	1.58742E6	1.65367E7	2.92946E4	8255.37437	5173.21769	3908.84748	2814.99502	2208.20834	2005.15912	1521.20442
370	8.24209E5	6.55558E5	5.57061E5	5.00645E5	4.97532E5	5.01574E5	4.64838E5	4.17872E5	3.9535E5	1.05836E6	2.00938E5	1.28929E5	1.90234E5	1.86045E7	7.21875E4	9743.84819	5381.23734	3953.51218	2827.7367	2346.12011	2178.74122	1875.65519
372	8.29623E5	6.74459E5	5.71678E5	5.23235E5	5.09474E5	5.06723E5	4.76069E5	4.38168E5	3.90416E5	1.12589E6	2.24148E5	1.38636E5	1.06744E5	1.6712E7	8.93332E5	1.11996E4	5540.09572	3975.66492	3084.1981	2431.87884	2022.16057	1868.33578
374	8.69843E5	7.0918E5	5.91138E5	5.24767E5	5.15679E5	5.13858E5	4.94537E5	4.57051E5	3.98095E5	1.03227E6	2.68522E5	1.48316E5	9.81578E4	1.14511E7	4.27281E6	1.35581E4	5570.44562	4294.88729	2915.1915	2481.80525	2086.11833	1982.25178
376	8.80535E5	7.5833E5	6.21951E5	5.43247E5	5.23941E5	5.30054E5	5.13471E5	4.72202E5	4.14617E5	8.47269E5	3.59932E5	1.6242E5	9.91951E4	5.15565E6	9.89222E6	1.74168E4	6177.6578	4139.52477	3275.98713	2526.21096	1995.96791	1700.24048
378	9.43319E5	7.81429E5	6.38808E5	5.5622E5	5.35822E5	5.39006E5	5.26014E5	4.89403E5	4.29207E5	6.44598E5	5.13336E5	1.75989E5	1.05978E5	1.23262E6	1.45727E7	2.68806E4	7032.76679	4014.81261	3398.38907	2545.03839	2017.16213	1834.20363
380	9.33895E5	8.12159E5	6.54241E5	5.66852E5	5.51768E5	5.5506E5	5.37896E5	5.10099E5	4.47975E5	5.0518E5	7.06177E5	1.90904E5	1.15992E5	1.60982E5	1.62196E7	6.19173E4	8476.44605	4510.40296	3882.38102	2503.51436	2164.17738	1663.49804
382	9.90966E5	8.35069E5	6.89019E5	5.88613E5	5.69666E5	5.69242E5	5.6709E5	5.30459E5	4.73233E5	4.47304E5	8.88275E5	2.06068E5	1.27581E5	1.0017E5	1.48342E7	7.22294E5	9259.69059	4843.97631	3570.39301	2590.91877	2084.30944	1815.88747
384	1.00897E6	8.72504E5	7.09552E5	6.06445E5	5.82762E5	5.85632E5	5.80174E5	5.54905E5	4.90945E5	4.3602E5	9.894E5	2.29178E5	1.38171E5	9.28744E4	1.05602E7	3.5173E6	1.14969E4	5433.08448	3710.76194	2924.61309	2081.9677	1761.55298
386	1.0053E6	8.91166E5	7.4181E5	6.23331E5	5.93851E5	6.03831E5	5.91546E5	5.74437E5	5.09812E5	4.43816E5	9.74577E5	2.64447E5	1.50094E5	9.67948E4	4.83713E6	8.6526E6	1.58355E4	5965.09584	3822.24353	2833.35247	1896.69365	1753.67486
388	1.03417E6	9.3201E5	7.52466E5	6.41285E5	6.14581E5	6.17848E5	6.12079E5	5.97614E5	5.33723E5	4.55322E5	8.60082E5	3.23318E5	1.6686E5	1.02452E5	1.26999E6	1.30439E7	2.41029E4	6804.61377	3784.93972	3429.52788	2430.28372	1899.02462
390	1.0878E6	9.54134E5	7.87942E5	6.69127E5	6.2628E5	6.27465E5	6.3035E5	6.11665E5	5.5116E5	4.73237E5	7.00499E5	4.31612E5	1.8016E5	1.13139E5	1.66074E5	1.50957E7	5.5831E4	7626.76767	4301.38295	3497.21208	2317.15391	2038.16908
392	1.11706E6	9.92899E5	8.21779E5	6.82114E5	6.39959E5	6.42621E5	6.51415E5	6.34759E5	5.72846E5	4.93153E5	5.64763E5	5.88581E5	1.95852E5	1.25818E5	9.35984E4	1.3997E7	7.80118E5	8984.46117	4475.77482	3901.48028	2538.70539	2016.19556
394	1.16018E6	1.03375E6	8.39526E5	7.04404E5	6.45016E5	6.60011E5	6.62184E5	6.47152E5	5.87163E5	5.07171E5	4.88723E5	7.51397E5	2.13937E5	1.37041E5	8.82374E4	1.02304E7	3.52865E6	1.13563E4	4665.19219	3614.32659	2786.68708	2033.43813
396	1.22605E6	1.07431E6	8.62712E5	7.25105E5	6.57303E5	6.71052E5	6.78506E5	6.71039E5	6.05564E5	5.23925E5	4.65146E5	8.77275E5	2.31069E5	1.497E5	8.84017E4	4.79201E6	8.49617E6	1.48916E4	5293.67628	3585.74595	2947.1707	2005.40056
398	1.24241E6	1.08995E6	9.02422E5	7.39894E5	6.83208E5	6.85525E5	6.95765E5	6.83956E5	6.22844E5	5.4437E5	4.6826E5	9.03313E5	2.5818E5	1.62162E5	9.35289E4	1.26107E6	1.24514E7	2.25633E4	5750.11486	3750.74143	3221.60866	2077.11772
400	1.25797E6	1.11963E6	9.29427E5	7.57234E5	7.03974E5	6.97912E5	7.12877E5	6.96835E5	6.43731E5	5.65627E5	4.82783E5	8.41882E5	2.99473E5	1.75378E5	1.02223E5	1.58275E5	1.38739E7	4.84391E4	6983.41526	4035.75924	3029.30551	2279.68615
402	1.31386E6	1.16779E6	9.43135E5	7.7921E5	7.15768E5	7.19752E5	7.24003E5	7.124E5	6.60235E5	5.8355E5	4.96223E5	7.14852E5	3.77381E5	1.91608E5	1.12296E5	8.67437E4	1.24821E7	6.07281E5	7993.41107	4246.36316	3041.87088	2419.93139
404	1.3296E6	1.17829E6	9.80812E5	8.06632E5	7.31428E5	7.31851E5	7.36455E5	7.31593E5	6.78825E5	6.02605E5	5.17238E5	5.95348E5	4.92346E5	2.07203E5	1.23806E5	8.05547E4	8.60615E6	3.0386E6	9989.78804	4974.54432	2968.46013	2544.29963
406	1.35541E6	1.22048E6	1.01451E6	8.25116E5	7.45491E5	7.43054E5	7.5649E5	7.37982E5	6.93959E5	6.18065E5	5.33961E5	5.21922E5	6.25897E5	2.23292E5	1.34929E5	8.05156E4	3.88222E6	7.38191E6	1.28292E4	5160.93649	3068.67432	2714.89019
408	1.37301E6	1.23539E6	1.01602E6	8.39076E5	7.59355E5	7.49274E5	7.55676E5	7.48627E5	7.02428E5	6.35257E5	5.5134E5	4.80241E5	7.50378E5	2.3833E5	1.45346E5	8.53041E4	9.38352E5	1.13847E7	2.01623E4	5783.03661	3542.32064	2863.96292
410	1.397E6	1.26526E6	1.04977E6	8.54014E5	7.73147E5	7.59404E5	7.66171E5	7.62924E5	7.14176E5	6.47482E5	5.64008E5	4.76082E5	8.23059E5	2.60373E5	1.56439E5	9.11828E4	1.20575E5	1.30011E7	4.07469E4	6673.97476	3702.88741	2654.6283
412	1.41402E6	1.27458E6	1.09014E6	8.83918E5	7.85302E5	7.73638E5	7.78072E5	7.75203E5	7.24017E5	6.59417E5	5.78287E5	4.86958E5	8.1054E5	2.91775E5	1.70013E5	9.9588E4	7.64896E4	1.19005E7	4.76394E5	7591.36756	3362.24923	2557.2744
414	1.4396E6	1.27991E6	1.09028E6	8.9657E5	7.93543E5	7.68579E5	7.89192E5	7.79546E5	7.39908E5	6.72591E5	5.94019E5	5.0048E5	7.39924E5	3.42628E5	1.80602E5	1.07352E5	7.19919E4	8.46091E6	2.45856E6	9489.45088	4046.31902	2521.2155
416	1.46501E6	1.32548E6	1.12249E6	9.09292E5	8.14753E5	7.89894E5	7.8315E5	7.85727E5	7.49417E5	6.85386E5	6.11696E5	5.12372E5	6.38951E5	4.22884E5	1.96172E5	1.17859E5	7.21038E4	3.89305E6	6.53288E6	1.25952E4	4342.76903	2828.82955
418	1.46195E6	1.34595E6	1.13824E6	9.35956E5	8.24885E5	7.89988E5	7.97428E5	7.94398E5	7.55878E5	6.94619E5	6.23572E5	5.2555E5	5.51139E5	5.32333E5	2.06301E5	1.26612E5	7.58337E4	9.82973E5	1.04893E7	1.96293E4	5032.96858	2777.93176
420	1.46858E6	1.33788E6	1.15983E6	9.47284E5	8.34131E5	7.99582E5	7.98435E5	8.00202E5	7.63735E5	7.12407E5	6.37836E5	5.3938E5	4.97173E5	6.46556E5	2.20902E5	1.36292E5	8.01749E4	1.22228E5	1.23466E7	3.91325E4	6140.07757	2957.74393
422	1.50707E6	1.37246E6	1.18702E6	9.72601E5	8.43303E5	8.05739E5	8.04741E5	7.97349E5	7.68406E5	7.18871E5	6.50141E5	5.5509E5	4.7757E5	7.32355E5	2.39801E5	1.46662E5	8.83106E4	7.03908E4	1.13851E7	5.24895E5	6802.22641	3389.3086
424	1.52132E6	1.38566E6	1.19334E6	9.83453E5	8.60604E5	8.1273E5	8.07209E5	8.02078E5	7.72684E5	7.24825E5	6.54198E5	5.69367E5	4.78742E5	7.57543E5	2.59883E5	1.57905E5	9.55075E4	6.52997E4	8.04085E6	2.59295E6	8478.10498	3929.39132
426	1.50481E6	1.40943E6	1.20425E6	1.00496E6	8.63888E5	8.14068E5	8.07413E5	8.08433E5	7.8229E5	7.32793E5	6.64969E5	5.75827E5	4.88442E5	7.20561E5	2.96159E5	1.71501E5	1.05798E5	6.59151E4	3.52893E6	6.76332E6	1.14517E4	3840.75623
428	1.5378E6	1.42767E6	1.2285E6	1.0185E6	8.74085E5	8.15364E5	8.04762E5	8.02676E5	7.83404E5	7.3926E5	6.78048E5	5.88143E5	4.99442E5	6.43285E5	3.51653E5	1.81538E5	1.14518E5	6.81169E4	8.48295E5	1.05015E7	1.72521E4	4406.75506
430	1.53268E6	1.40891E6	1.25429E6	1.03009E6	8.73817E5	8.1725E5	8.11626E5	8.1162E5	7.86097E5	7.42581E5	6.83051E5	5.97276E5	5.11446E5	5.58194E5	4.2902E5	1.9265E5	1.22035E5	7.25599E4	1.05266E5	1.19695E7	3.93226E4	5104.59991
432	1.51962E6	1.46008E6	1.2602E6	1.04507E6	8.94823E5	8.26409E5	8.08362E5	8.07286E5	7.88571E5	7.52777E5	6.96998E5	6.07088E5	5.22195E5	4.98164E5	5.19815E5	2.04829E5	1.32433E5	7.82447E4	6.39232E4	1.06332E7	4.95827E5	5846.53766
434	1.55907E6	1.48336E6	1.26535E6	1.06516E6	8.92512E5	8.36478E5	8.02753E5	8.12203E5	7.94928E5	7.51298E5	7.00502E5	6.18357E5	5.33609E5	4.72594E5	6.05054E5	2.17773E5	1.40961E5	8.6407E4	5.9977E4	7.00583E6	2.49428E6	7797.54641
436	1.57087E6	1.44499E6	1.27891E6	1.06901E6	9.09223E5	8.31696E5	8.06819E5	8.04782E5	7.84255E5	7.57032E5	7.02219E5	6.29343E5	5.43001E5	4.64184E5	6.50472E5	2.31719E5	1.50726E5	9.3667E4	6.06852E4	2.99268E6	6.13636E6	9874.83335
438	1.57705E6	1.45951E6	1.28654E6	1.07793E6	9.03781E5	8.32007E5	8.06035E5	8.07181E5	7.86663E5	7.53521E5	7.09881E5	6.32561E5	5.49849E5	4.69171E5	6.47126E5	2.55379E5	1.60611E5	1.02249E5	6.3583E4	6.92494E5	9.60223E6	1.4394E4
440	1.61318E6	1.47537E6	1.28764E6	1.06982E6	9.11731E5	8.24624E5	7.98873E5	7.97091E5	7.83235E5	7.56222E5	7.14825E5	6.37247E5	5.6023E5	4.77381E5	6.01837E5	2.87538E5	1.69613E5	1.0884E5	6.64672E4	8.7961E4	1.11204E7	2.8125E4
442	1.58366E6	1.44212E6	1.29617E6	1.09374E6	9.14417E5	8.26174E5	7.94904E5	7.92402E5	7.77424E5	7.52392E5	7.13638E5	6.46034E5	5.64072E5	4.8748E5	5.33939E5	3.37074E5	1.79067E5	1.17336E5	7.28301E4	6.11476E4	1.00086E7	3.05527E5
444	1.60091E6	1.46732E6	1.31385E6	1.10965E6	9.2519E5	8.31108E5	7.93682E5	7.8867E5	7.74276E5	7.55281E5	7.13914E5	6.4494E5	5.73626E5	4.92311E5	4.74833E5	4.00327E5	1.87046E5	1.2304E5	7.87056E4	5.71112E4	6.70409E6	1.74728E6
446	1.55511E6	1.47734E6	1.30572E6	1.10758E6	9.22318E5	8.30553E5	7.9113E5	7.85061E5	7.71368E5	7.51692E5	7.14933E5	6.48444E5	5.78536E5	5.02773E5	4.32378E5	4.73363E5	1.97131E5	1.33491E5	8.43414E4	5.66364E4	2.91392E6	5.09044E6
448	1.54986E6	1.49286E6	1.2972E6	1.12226E6	9.30987E5	8.29334E5	7.86176E5	7.82193E5	7.7097E5	7.52066E5	7.18108E5	6.52493E5	5.83534E5	5.07556E5	4.15528E5	5.32142E5	2.12001E5	1.40382E5	9.15434E4	6.02217E4	7.08478E5	8.61472E6
450	1.55018E6	1.46876E6	1.31997E6	1.11494E6	9.31602E5	8.23822E5	7.84531E5	7.71396E5	7.69653E5	7.4903E5	7.18552E5	6.55363E5	5.88096E5	5.17235E5	4.14462E5	5.59617E5	2.26403E5	1.49938E5	9.88549E4	6.49719E4	9.30259E4	1.04048E7
452	1.54436E6	1.49898E6	1.33011E6	1.12408E6	9.27921E5	8.28505E5	7.85003E5	7.68135E5	7.61977E5	7.45787E5	7.09165E5	6.56027E5	5.92017E5	5.20825E5	4.15616E5	5.51847E5	2.48053E5	1.57497E5	1.05493E5	6.89687E4	5.70825E4	9.59389E6
454	1.50067E6	1.45771E6	1.32281E6	1.11665E6	9.32674E5	8.21476E5	7.78477E5	7.61629E5	7.54054E5	7.38874E5	7.11775E5	6.53847E5	5.98426E5	5.2753E5	4.20516E5	5.05606E5	2.83593E5	1.64945E5	1.13592E5	7.36894E4	5.30393E4	6.53835E6
456	1.51283E6	1.45271E6	1.3129E6	1.12518E6	9.33512E5	8.1699E5	7.65145E5	7.52126E5	7.47672E5	7.30044E5	7.06501E5	6.54756E5	5.8891E5	5.29702E5	4.23901E5	4.53964E5	3.28961E5	1.73456E5	1.20145E5	7.87369E4	5.29181E4	2.7679E6
458	1.53375E6	1.45379E6	1.31836E6	1.13163E6	9.34719E5	8.13205E5	7.58552E5	7.45333E5	7.3927E5	7.24416E5	6.95712E5	6.50165E5	5.98254E5	5.36022E5	4.28235E5	4.03763E5	3.83728E5	1.78649E5	1.2524E5	8.3558E4	5.37838E4	6.55047E5
460	1.52241E6	1.44239E6	1.30407E6	1.11609E6	9.30811E5	8.15601E5	7.48777E5	7.43272E5	7.27392E5	7.17775E5	6.98204E5	6.52631E5	5.97921E5	5.39239E5	4.3304E5	3.71748E5	4.40667E5	1.87761E5	1.32165E5	8.9E4	5.6977E4	8.55316E4
462	1.46494E6	1.44219E6	1.30783E6	1.11615E6	9.27929E5	8.07766E5	7.51135E5	7.28136E5	7.2068E5	7.11075E5	6.90427E5	6.49313E5	5.97682E5	5.40834E5	4.3947E5	3.58885E5	4.76495E5	1.98075E5	1.38073E5	9.51465E4	6.06778E4	5.18166E4
464	1.50145E6	1.43449E6	1.3055E6	1.11393E6	9.26773E5	8.07056E5	7.39464E5	7.1936E5	7.14717E5	7.05113E5	6.82136E5	6.42759E5	5.91616E5	5.41586E5	4.40582E5	3.5594E5	4.80368E5	2.10104E5	1.44652E5	9.99074E4	6.36585E4	4.78733E4
466	1.45276E6	1.39586E6	1.30685E6	1.10911E6	9.27398E5	7.99265E5	7.34583E5	7.13608E5	7.07218E5	6.98525E5	6.77554E5	6.3692E5	5.91777E5	5.39146E5	4.46798E5	3.6006E5	4.58204E5	2.29723E5	1.48162E5	1.05858E5	6.75399E4	4.74751E4
468	1.68358E6	1.41033E6	1.28613E6	1.09887E6	9.23092E5	7.95242E5	7.30726E5	7.04976E5	6.93503E5	6.8437E5	6.68396E5	6.35752E5	5.9E5	5.4341E5	4.47502E5	3.61213E5	4.14738E5	2.61547E5	1.53001E5	1.10647E5	7.16045E4	4.80479E4
470	2.27731E6	1.38312E6	1.28299E6	1.10961E6	9.11432E5	7.85786E5	7.18344E5	6.9126E5	6.8392E5	6.74934E5	6.63917E5	6.26114E5	5.85757E5	5.41662E5	4.4733E5	3.62418E5	3.68246E5	3.02948E5	1.59603E5	1.15309E5	7.61575E4	4.99965E4
472	3.74305E6	1.38899E6	1.25579E6	1.09273E6	9.15026E5	7.84902E5	7.142E5	6.88803E5	6.74324E5	6.64278E5	6.53618E5	6.17712E5	5.84192E5	5.35912E5	4.51843E5	3.64419E5	3.37104E5	3.4969E5	1.62622E5	1.20149E5	8.08215E4	5.081E4
474	6.30343E6	1.35678E6	1.25554E6	1.09089E6	9.12099E5	7.85176E5	7.04876E5	6.80658E5	6.66302E5	6.64421E5	6.44645E5	6.15385E5	5.76655E5	5.34608E5	4.49625E5	3.66975E5	3.14027E5	3.90516E5	1.68691E5	1.25248E5	8.54524E4	5.40584E4
476	9.83303E6	1.36586E6	1.25158E6	1.07141E6	9.07878E5	7.6694E5	6.96888E5	6.61095E5	6.58495E5	6.55114E5	6.36954E5	6.08342E5	5.72169E5	5.3468E5	4.47485E5	3.66195E5	3.04503E5	4.1298E5	1.76847E5	1.28273E5	8.7521E4	5.68471E4
478	1.43459E7	1.32271E6	1.24652E6	1.07787E6	8.9089E5	7.60513E5	6.83521E5	6.56522E5	6.43469E5	6.40441E5	6.29005E5	5.97897E5	5.66028E5	5.29403E5	4.48825E5	3.67021E5	2.99926E5	4.10408E5	1.86312E5	1.28769E5	9.01533E4	5.97976E4
480	1.85906E7	1.30041E6	1.21029E6	1.05267E6	8.83099E5	7.58102E5	6.77882E5	6.44524E5	6.33467E5	6.22811E5	6.11298E5	5.88117E5	5.57938E5	5.24449E5	4.44033E5	3.67237E5	3.01946E5	3.85478E5	2.07225E5	1.33662E5	9.41214E4	6.3234E4
482	2.06552E7	1.30134E6	1.19812E6	1.04849E6	8.71469E5	7.46273E5	6.72591E5	6.36664E5	6.2379E5	6.19349E5	6.02407E5	5.81529E5	5.49754E5	5.18442E5	4.41622E5	3.66433E5	3.01477E5	3.49941E5	2.33979E5	1.38523E5	9.8148E4	6.73766E4
484	2.0079E7	1.30297E6	1.1831E6	1.03886E6	8.61764E5	7.31868E5	6.55889E5	6.2053E5	6.094E5	6.05897E5	5.95697E5	5.71093E5	5.43217E5	5.16512E5	4.39616E5	3.69148E5	3.01465E5	3.06157E5	2.69956E5	1.40227E5	1.02543E5	7.03796E4
486	1.70287E7	1.30096E6	1.17218E6	1.0196E6	8.65953E5	7.31249E5	6.45883E5	6.15869E5	6.0505E5	5.94072E5	5.86452E5	5.62431E5	5.35759E5	5.07551E5	4.36574E5	3.62602E5	3.01349E5	2.7769E5	3.05757E5	1.45197E5	1.04227E5	7.3719E4
488	1.2461E7	1.58597E6	1.16548E6	1.01786E6	8.4763E5	7.25447E5	6.45408E5	6.03001E5	5.91633E5	5.84147E5	5.74954E5	5.5033E5	5.30367E5	5.03579E5	4.33002E5	3.61562E5	3.02702E5	2.59719E5	3.38124E5	1.5082E5	1.08008E5	7.6976E4
490	7.6067E6	2.57875E6	1.13732E6	1.00491E6	8.35264E5	7.10213E5	6.29806E5	5.90901E5	5.78448E5	5.72011E5	5.59859E5	5.4448E5	5.22181E5	4.98602E5	4.28513E5	3.64868E5	3.03463E5	2.52115E5	3.50838E5	1.5619E5	1.09673E5	7.93777E4
492	3.91125E6	4.76807E6	1.13186E6	9.89138E5	8.31291E5	7.05191E5	6.31325E5	5.87461E5	5.68593E5	5.61224E5	5.54142E5	5.31577E5	5.08311E5	4.85807E5	4.25126E5	3.58277E5	3.01708E5	2.48943E5	3.41317E5	1.68938E5	1.12099E5	8.13826E4
494	1.94461E6	8.33761E6	1.11298E6	9.70949E5	8.20228E5	6.9251E5	6.16617E5	5.73832E5	5.57644E5	5.48405E5	5.41801E5	5.22584E5	5.04551E5	4.82875E5	4.17895E5	3.55338E5	2.98093E5	2.49295E5	3.20896E5	1.84231E5	1.13465E5	8.34227E4
496	1.37077E6	1.32038E7	1.0836E6	9.63604E5	8.08167E5	6.81273E5	6.02879E5	5.6418E5	5.4122E5	5.38965E5	5.30981E5	5.12159E5	4.92127E5	4.76016E5	4.13683E5	3.54705E5	2.96045E5	2.49368E5	2.87333E5	2.09139E5	1.16818E5	8.59368E4
498	1.30683E6	1.83564E7	1.06678E6	9.5159E5	8.0187E5	6.76861E5	5.93732E5	5.63665E5	5.30976E5	5.2791E5	5.1845E5	5.07653E5	4.87302E5	4.71963E5	4.12758E5	3.50874E5	2.94829E5	2.469E5	2.54083E5	2.37508E5	1.17146E5	8.68535E4
500	1.26955E6	2.26213E7	1.07757E6	9.36023E5	7.86668E5	6.64535E5	5.89324E5	5.45139E5	5.21959E5	5.22426E5	5.15069E5	4.94073E5	4.8012E5	4.60518E5	4.08841E5	3.45176E5	2.94768E5	2.47396E5	2.29462E5	2.64184E5	1.20297E5	9.14467E4
502	1.21528E6	2.46147E7	1.06044E6	9.24176E5	7.73914E5	6.59627E5	5.72574E5	5.3954E5	5.14533E5	5.079E5	5.048E5	4.88309E5	4.72337E5	4.50262E5	4.0186E5	3.44062E5	2.93021E5	2.47118E5	2.15623E5	2.85762E5	1.26085E5	9.14445E4
504	1.19874E6	2.34841E7	1.05402E6	9.09518E5	7.66436E5	6.48314E5	5.7735E5	5.28736E5	5.09002E5	4.96414E5	4.94629E5	4.78142E5	4.62445E5	4.50579E5	3.92616E5	3.4145E5	2.90347E5	2.42731E5	2.05217E5	2.94452E5	1.30169E5	9.21852E4
506	1.20766E6	1.94509E7	1.07327E6	9.08531E5	7.58079E5	6.39108E5	5.61262E5	5.18115E5	4.96743E5	4.89354E5	4.81728E5	4.69132E5	4.51294E5	4.38312E5	3.88089E5	3.35379E5	2.8763E5	2.44127E5	2.05547E5	2.86545E5	1.41143E5	9.44724E4
508	1.16185E6	1.4207E7	1.40557E6	8.7916E5	7.42245E5	6.26381E5	5.51247E5	5.08244E5	4.81241E5	4.80828E5	4.68997E5	4.55507E5	4.45712E5	4.29761E5	3.83124E5	3.3089E5	2.83677E5	2.39499E5	2.03682E5	2.65824E5	1.54582E5	9.58601E4
510	1.24393E6	8.55568E6	2.75447E6	8.69719E5	7.30353E5	6.14882E5	5.45246E5	4.9988E5	4.76657E5	4.66737E5	4.58727E5	4.43514E5	4.33598E5	4.23665E5	3.73339E5	3.26542E5	2.81414E5	2.36362E5	2.03731E5	2.34394E5	1.76149E5	9.67611E4
512	1.32036E6	4.05376E6	5.70704E6	8.58882E5	7.21003E5	6.12381E5	5.2812E5	4.87804E5	4.66897E5	4.51895E5	4.5227E5	4.36819E5	4.25584E5	4.15716E5	3.67525E5	3.19417E5	2.76832E5	2.34092E5	1.99794E5	2.09559E5	1.97175E5	9.84887E4
514	1.46465E6	1.88463E6	1.0042E7	8.45873E5	7.15275E5	6.02952E5	5.17994E5	4.77462E5	4.54945E5	4.45743E5	4.3519E5	4.27116E5	4.16992E5	4.10747E5	3.63306E5	3.17914E5	2.72304E5	2.3272E5	1.98351E5	1.86923E5	2.19813E5	1.01293E5
516	1.70089E6	1.20849E6	1.56233E7	8.27681E5	6.91794E5	5.86402E5	5.13769E5	4.67902E5	4.46908E5	4.36795E5	4.25515E5	4.197E5	4.07741E5	3.99828E5	3.55221E5	3.08299E5	2.69109E5	2.30663E5	1.95709E5	1.74631E5	2.34001E5	1.01894E5
518	2.00937E6	1.12232E6	2.13173E7	8.17156E5	6.89999E5	5.72289E5	4.99553E5	4.58729E5	4.37387E5	4.23508E5	4.20314E5	4.1026E5	3.98444E5	3.90759E5	3.48636E5	3.06791E5	2.68587E5	2.30536E5	1.93549E5	1.68991E5	2.39431E5	1.07284E5
520	2.4631E6	1.04867E6	2.58171E7	8.12044E5	6.74473E5	5.70463E5	4.95345E5	4.4689E5	4.27148E5	4.16908E5	4.05162E5	3.96876E5	3.93766E5	3.79981E5	3.41326E5	2.99269E5	2.6263E5	2.25629E5	1.94519E5	1.6572E5	2.33226E5	1.15914E5
522	2.77458E6	1.01458E6	2.7282E7	7.93466E5	6.64406E5	5.65684E5	4.84689E5	4.39379E5	4.17598E5	4.07645E5	4.02789E5	3.92442E5	3.8391E5	3.72683E5	3.33341E5	2.97582E5	2.58986E5	2.24501E5	1.91915E5	1.628E5	2.14259E5	1.27011E5
524	2.98741E6	9.73673E5	2.50673E7	7.94375E5	6.49134E5	5.46842E5	4.67302E5	4.35583E5	4.10106E5	3.95165E5	3.89415E5	3.79375E5	3.72986E5	3.6288E5	3.26196E5	2.87265E5	2.54817E5	2.2199E5	1.84989E5	1.62557E5	1.88779E5	1.41883E5
526	2.95835E6	9.41591E5	2.04354E7	8.15089E5	6.42493E5	5.37311E5	4.62789E5	4.26793E5	3.95856E5	3.85787E5	3.82698E5	3.71626E5	3.62246E5	3.60191E5	3.20347E5	2.82924E5	2.48151E5	2.15622E5	1.85342E5	1.58519E5	1.67809E5	1.60132E5
528	2.80726E6	9.37169E5	1.4624E7	1.23987E6	6.27233E5	5.32865E5	4.60896E5	4.18027E5	3.93556E5	3.77551E5	3.69222E5	3.61216E5	3.51999E5	3.52169E5	3.14633E5	2.82107E5	2.45422E5	2.13428E5	1.83157E5	1.57755E5	1.49048E5	1.77018E5
530	2.53612E6	9.21991E5	8.46396E6	2.80037E6	6.17657E5	5.13525E5	4.4496E5	4.01631E5	3.80323E5	3.65884E5	3.61655E5	3.50708E5	3.47847E5	3.41266E5	3.0593E5	2.70735E5	2.40688E5	2.11717E5	1.81541E5	1.55095E5	1.37833E5	1.91227E5
532	2.11511E6	9.42821E5	3.87311E6	6.1954E6	6.01471E5	5.11717E5	4.41274E5	3.99868E5	3.72705E5	3.62406E5	3.50781E5	3.42267E5	3.40022E5	3.30762E5	3.00063E5	2.67608E5	2.34839E5	2.07626E5	1.77973E5	1.5028E5	1.31042E5	1.95456E5
534	1.66561E6	1.00307E6	1.5548E6	1.15054E7	5.90938E5	4.96676E5	4.30266E5	3.89337E5	3.62945E5	3.52793E5	3.4323E5	3.33796E5	3.2751E5	3.24116E5	2.9132E5	2.59096E5	2.33219E5	2.00964E5	1.75798E5	1.49778E5	1.27602E5	1.8743E5
536	1.26443E6	1.14862E6	9.42306E5	1.78652E7	5.92915E5	4.88299E5	4.18222E5	3.76761E5	3.53576E5	3.45205E5	3.32366E5	3.2556E5	3.16302E5	3.153E5	2.84188E5	2.54132E5	2.25128E5	1.99285E5	1.72858E5	1.46132E5	1.25923E5	1.74658E5
538	1.05081E6	1.41361E6	8.58449E5	2.40883E7	5.75219E5	4.74672E5	4.05462E5	3.64074E5	3.45839E5	3.36063E5	3.26764E5	3.15283E5	3.13033E5	3.0572E5	2.77128E5	2.46672E5	2.19699E5	1.95039E5	1.67918E5	1.46189E5	1.24004E5	1.53331E5
540	9.12392E5	1.77465E6	7.99033E5	2.85576E7	5.62636E5	4.67766E5	3.99384E5	3.59975E5	3.3689E5	3.25045E5	3.17319E5	3.09977E5	3.0318E5	2.99362E5	2.68268E5	2.42444E5	2.14995E5	1.90849E5	1.65743E5	1.42125E5	1.21615E5	1.33966E5
542	7.58029E5	2.14713E6	7.7082E5	2.93854E7	5.60371E5	4.60044E5	3.94641E5	3.48194E5	3.29432E5	3.16107E5	3.0883E5	2.97973E5	2.9285E5	2.92113E5	2.61496E5	2.34931E5	2.11167E5	1.85669E5	1.60715E5	1.43273E5	1.2077E5	1.17047E5
544	7.48818E5	2.58984E6	7.53404E5	2.65074E7	5.56324E5	4.46506E5	3.78396E5	3.42512E5	3.21377E5	3.08809E5	2.99004E5	2.90727E5	2.85648E5	2.84151E5	2.56798E5	2.30949E5	2.06104E5	1.8123E5	1.57959E5	1.39104E5	1.16848E5	1.05193E5
546	7.13937E5	2.83762E6	7.36148E5	2.12167E7	6.13194E5	4.38381E5	3.76249E5	3.34805E5	3.08856E5	3.02892E5	2.93638E5	2.84989E5	2.82088E5	2.74807E5	2.46894E5	2.21813E5	1.9868E5	1.7711E5	1.55523E5	1.38974E5	1.15061E5	9.93208E4
548	7.11754E5	3.00332E6	7.05228E5	1.4568E7	1.19181E6	4.28551E5	3.67222E5	3.31241E5	3.00432E5	2.89963E5	2.80177E5	2.78997E5	2.7057E5	2.69264E5	2.45219E5	2.19177E5	1.97412E5	1.75422E5	1.55867E5	1.32822E5	1.12831E5	9.47588E4
550	7.00684E5	2.96276E6	6.89153E5	8.3152E6	3.09515E6	4.25525E5	3.58712E5	3.19996E5	2.99063E5	2.84738E5	2.78163E5	2.69633E5	2.66165E5	2.60498E5	2.38396E5	2.11194E5	1.90386E5	1.69758E5	1.48806E5	1.31075E5	1.10379E5	9.4604E4
552	6.97213E5	2.69574E6	6.71326E5	3.60754E6	7.10446E6	4.15198E5	3.49213E5	3.14812E5	2.93184E5	2.7956E5	2.69476E5	2.63179E5	2.57614E5	2.5599E5	2.31446E5	2.06816E5	1.84958E5	1.64787E5	1.46489E5	1.29356E5	1.09455E5	9.33577E4
554	6.42841E5	2.3152E6	6.55213E5	1.34992E6	1.2827E7	4.11105E5	3.40246E5	3.0832E5	2.80095E5	2.72377E5	2.64925E5	2.53293E5	2.49883E5	2.4591E5	2.24909E5	2.0083E5	1.83164E5	1.61535E5	1.44515E5	1.25038E5	1.05141E5	9.24817E4
556	6.46897E5	1.85657E6	7.03061E5	7.34644E5	1.93394E7	4.01187E5	3.36681E5	2.98528E5	2.74307E5	2.66362E5	2.52741E5	2.47106E5	2.44925E5	2.42273E5	2.18138E5	1.98548E5	1.78326E5	1.60565E5	1.41818E5	1.21368E5	1.04001E5	8.97221E4
558	6.27295E5	1.41383E6	8.12374E5	6.47135E5	2.56207E7	3.91568E5	3.27609E5	2.93086E5	2.66174E5	2.57316E5	2.50985E5	2.40613E5	2.3725E5	2.3106E5	2.13289E5	1.9307E5	1.72972E5	1.55936E5	1.36192E5	1.18252E5	1.00834E5	8.68698E4
560	6.15129E5	1.06077E6	1.00303E6	6.20142E5	2.97462E7	3.83372E5	3.15037E5	2.85758E5	2.62968E5	2.56301E5	2.43867E5	2.34098E5	2.3157E5	2.27527E5	2.07317E5	1.85188E5	1.668E5	1.49216E5	1.33992E5	1.19473E5	1.00377E5	8.63146E4
562	6.43354E5	8.06889E5	1.27274E6	5.80237E5	3.05816E7	3.90244E5	3.17418E5	2.79159E5	2.58114E5	2.43756E5	2.39521E5	2.27849E5	2.23875E5	2.20108E5	1.97374E5	1.82779E5	1.62515E5	1.47062E5	1.3147E5	1.15363E5	9.91509E4	8.34481E4
564	6.11042E5	6.47527E5	1.65541E6	5.65637E5	2.73802E7	3.88206E5	3.05709E5	2.70227E5	2.5176E5	2.37894E5	2.25665E5	2.2156E5	2.17813E5	2.12681E5	1.93841E5	1.76187E5	1.59115E5	1.43367E5	1.28367E5	1.13224E5	9.68666E4	8.30485E4
566	6.36757E5	6.03428E5	2.01784E6	5.53794E5	2.17035E7	4.63805E5	3.03012E5	2.62991E5	2.42225E5	2.2723E5	2.21078E5	2.11556E5	2.09534E5	2.09042E5	1.87429E5	1.70745E5	1.5449E5	1.40256E5	1.23339E5	1.10751E5	9.3304E4	8.02236E4
568	5.88038E5	5.72174E5	2.3809E6	5.36429E5	1.46579E7	1.11722E6	2.96265E5	2.58094E5	2.3932E5	2.23714E5	2.16682E5	2.07358E5	2.0461E5	2.04139E5	1.86812E5	1.65052E5	1.50388E5	1.38015E5	1.2335E5	1.0761E5	9.09191E4	7.8072E4
570	5.27861E5	5.41225E5	2.61861E6	5.26033E5	8.01878E6	3.32199E6	2.94565E5	2.49151E5	2.29003E5	2.19858E5	2.11212E5	2.02986E5	1.97808E5	1.96644E5	1.78709E5	1.64284E5	1.45808E5	1.31769E5	1.19354E5	1.05178E5	9.17804E4	7.73649E4
572	5.33754E5	5.14888E5	2.68475E6	5.13795E5	3.35123E6	7.56684E6	2.90222E5	2.47245E5	2.28138E5	2.10178E5	2.06263E5	1.9361E5	1.91314E5	1.91243E5	1.77439E5	1.58249E5	1.4389E5	1.288E5	1.14501E5	1.00675E5	8.84352E4	7.6355E4
574	5.53085E5	4.9733E5	2.56385E6	5.00317E5	1.16248E6	1.36448E7	2.85208E5	2.37898E5	2.18322E5	2.05356E5	1.98941E5	1.92838E5	1.86141E5	1.84969E5	1.67672E5	1.50744E5	1.36674E5	1.23699E5	1.12761E5	9.88484E4	8.45001E4	7.36292E4
576	5.37271E5	4.8335E5	2.32595E6	4.95258E5	5.90437E5	2.02717E7	2.77464E5	2.33863E5	2.10855E5	1.98143E5	1.92211E5	1.83045E5	1.79656E5	1.77492E5	1.64089E5	1.46255E5	1.35602E5	1.2101E5	1.08813E5	9.57022E4	8.30023E4	7.20148E4
578	5.39529E5	4.62208E5	1.92256E6	5.01384E5	5.17758E5	2.64312E7	2.67324E5	2.22862E5	2.08236E5	1.92195E5	1.86844E5	1.80605E5	1.74334E5	1.73959E5	1.59332E5	1.41822E5	1.33458E5	1.1622E5	1.03262E5	9.40949E4	8.14546E4	7.04292E4
580	5.2998E5	4.36904E5	1.54457E6	5.6595E5	4.89441E5	3.05287E7	2.68006E5	2.24597E5	1.99246E5	1.87141E5	1.80799E5	1.70664E5	1.67289E5	1.68225E5	1.51395E5	1.40537E5	1.25792E5	1.14653E5	1.00985E5	9.15633E4	7.93334E4	6.77182E4
582	4.9294E5	4.49932E5	1.14432E6	6.70935E5	4.67888E5	3.09473E7	2.7365E5	2.2041E5	1.94035E5	1.84942E5	1.7606E5	1.69199E5	1.65425E5	1.65507E5	1.4725E5	1.36188E5	1.22288E5	1.11839E5	1.00573E5	9.06088E4	7.79551E4	6.6805E4
584	5.00151E5	4.46104E5	8.55385E5	8.67204E5	4.62623E5	2.74065E7	2.80321E5	2.13693E5	1.9516E5	1.79963E5	1.69613E5	1.62979E5	1.59456E5	1.5675E5	1.44059E5	1.29898E5	1.16846E5	1.10446E5	9.57297E4	8.4632E4	7.61921E4	6.3653E4
586	5.24121E5	4.1187E5	6.42442E5	1.11895E6	4.58717E5	2.13289E7	3.3918E5	2.09862E5	1.8693E5	1.73738E5	1.64471E5	1.55717E5	1.52395E5	1.51993E5	1.40424E5	1.27489E5	1.1591E5	1.05444E5	9.44337E4	8.241E4	7.2486E4	6.32282E4
588	4.94454E5	4.46231E5	5.1568E5	1.45585E6	4.44823E5	1.4074E7	9.87903E5	2.07475E5	1.78443E5	1.67638E5	1.61192E5	1.54669E5	1.47761E5	1.47078E5	1.35304E5	1.239E5	1.12757E5	1.04325E5	8.89121E4	8.08696E4	7.01975E4	6.13696E4
590	4.64981E5	4.39688E5	4.5938E5	1.81678E6	4.49401E5	7.335E6	3.32767E6	2.01617E5	1.7573E5	1.65556E5	1.56244E5	1.46849E5	1.46791E5	1.41377E5	1.29522E5	1.18551E5	1.08511E5	9.76617E4	8.82837E4	7.92056E4	6.74547E4	5.9458E4
592	4.88834E5	4.22304E5	4.46197E5	2.13413E6	4.39733E5	2.77323E6	8.11985E6	1.99705E5	1.69376E5	1.61401E5	1.49187E5	1.42456E5	1.40524E5	1.37625E5	1.25635E5	1.12959E5	1.03892E5	9.50825E4	8.60798E4	7.65915E4	6.62242E4	5.71531E4
594	4.79883E5	4.0915E5	4.24965E5	2.35973E6	4.35616E5	8.61347E5	1.4519E7	1.97082E5	1.67114E5	1.55902E5	1.46782E5	1.39733E5	1.36609E5	1.33243E5	1.23182E5	1.08815E5	1.01112E5	9.17103E4	8.52577E4	7.31346E4	6.4151E4	5.60915E4
596	4.39386E5	4.06371E5	4.11442E5	2.41217E6	4.3561E5	4.39666E5	2.15615E7	1.97567E5	1.64579E5	1.50177E5	1.42425E5	1.34434E5	1.29584E5	1.30303E5	1.18855E5	1.09584E5	1.00282E5	8.96511E4	8.26762E4	7.28435E4	6.15354E4	5.46098E4
598	4.72898E5	3.94643E5	4.17923E5	2.30237E6	4.44821E5	3.84767E5	2.77506E7	1.91125E5	1.58576E5	1.4391E5	1.41237E5	1.2992E5	1.2874E5	1.28174E5	1.14209E5	1.04932E5	9.43271E4	8.81231E4	7.81556E4	6.90145E4	6.21365E4	5.31748E4
600	4.8381E5	4.00021E5	4.03318E5	2.06636E6	4.32631E5	3.65558E5	3.12301E7	1.98082E5	1.59195E5	1.41336E5	1.3447E5	1.28304E5	1.25705E5	1.2411E5	1.09686E5	1.0284E5	9.22567E4	8.24728E4	7.64583E4	6.67918E4	6.10292E4	5.1026E4
