300	1.60697E5	1.22257E5	1.40453E5	2.66299E6	3.31106E5	2.3827E5	1.69018E7	6.20993E4	9349.99928	5947.35179	3805.70197	3111.33821	2335.77126	2527.55365	1770.85161	876.43941	1207.81461	1006.60794	1077.00658	711.89635	882.56956	743.45263
302	1.85997E5	1.35705E5	1.48019E5	1.76504E6	6.61098E5	1.75885E5	1.45848E7	6.74097E5	1.05579E4	6347.31642	4074.83834	2778.90787	2647.88586	1741.19648	2036.5792	1553.92116	1343.07326	1070.66027	1085.75198	1139.55911	896.62251	898.88933
304	1.75478E5	1.42287E5	1.56295E5	9.96375E5	1.22828E6	1.68862E5	9.19104E6	2.92126E6	1.20195E4	6112.05392	4747.93374	2964.58532	2288.61786	2229.41235	1776.54662	1375.60739	1408.92225	1100.97683	1210.80545	959.45962	682.73176	820.85502
306	1.9823E5	1.48042E5	1.63164E5	5.06053E5	1.99875E6	1.70097E5	3.91434E6	7.6242E6	1.4325E4	6386.3044	4047.49389	2567.26768	2344.7696	2157.39824	1870.42706	1381.37188	1277.594	1004.03564	1154.29433	985.40825	902.38409	765.95008
308	1.92681E5	1.5874E5	1.71281E5	3.05376E5	2.67255E6	1.74045E5	1.01104E6	1.32553E7	2.15944E4	7097.35106	4429.56284	3411.82646	2565.2179	2133.11378	1757.37766	1022.15805	1406.53808	1230.96967	1103.03392	955.76333	885.64427	759.79422
310	1.86554E5	1.56887E5	1.86012E5	2.50199E5	2.84641E6	1.90243E5	1.98398E5	1.60266E7	5.68357E4	6994.72557	4769.35494	3368.88188	2395.8463	1910.97039	1644.12047	1678.26514	1230.42657	1138.2711	1034.45714	971.88719	910.3358	624.92151
312	2.01869E5	1.61789E5	1.80795E5	2.42331E5	2.44304E6	2.703E5	1.27797E5	1.39634E7	6.29127E5	9380.23373	4487.61158	3348.38918	2449.92378	1981.44342	1724.10083	1430.34776	1140.99749	1000.88533	898.62741	746.58326	833.17298	806.52335
314	2.34759E5	1.66363E5	1.91893E5	2.44291E5	1.66263E6	5.34814E5	1.16083E5	8.45127E6	2.99825E6	1.056E4	5112.71264	3523.65375	2661.11509	2421.0369	1800.11308	1373.36645	1129.51443	1348.54722	995.82458	1246.59773	975.34781	781.89253
316	2.1794E5	1.58891E5	1.98478E5	2.4222E5	9.5942E5	1.01969E6	1.14066E5	3.39306E6	7.56107E6	1.18532E4	5637.43239	3440.89701	2403.24074	1701.13674	1651.37444	1335.57385	1144.95388	1180.17079	967.52661	897.14879	638.17395	1137.38672
318	2.27075E5	1.85893E5	2.08321E5	2.47372E5	5.34978E5	1.65581E6	1.1437E5	8.40727E5	1.21626E7	1.81926E4	5273.43222	4101.61055	2499.1358	1794.15479	1465.16906	1380.0026	1012.91164	816.77926	894.66741	900.0928	938.44621	1117.67673
320	2.32397E5	1.92366E5	2.12536E5	2.53724E5	3.45644E5	2.22506E6	1.19287E5	1.54343E5	1.40536E7	5.102E4	5855.77018	3850.35157	2722.11761	1684.30593	1836.7755	1308.91273	1076.39973	965.44008	960.41979	1017.33191	801.39667	697.64404
322	2.4158E5	1.80443E5	2.14637E5	2.54971E5	2.98527E5	2.34844E6	1.3034E5	1.05355E5	1.17501E7	5.27074E5	7143.57433	3977.81592	2815.88942	2293.13149	1788.32105	1563.66821	1109.97861	797.04672	907.59075	924.87248	843.17092	842.87126
324	2.47224E5	1.86313E5	2.17281E5	2.5807E5	2.871E5	2.01426E6	1.92215E5	9.11241E4	7.0761E6	2.34764E6	8689.27896	4176.50156	3064.83503	2260.99132	1747.99252	1539.41607	1026.49608	1180.21153	874.18009	899.73115	661.62605	837.43523
326	2.40614E5	1.95092E5	2.33338E5	2.69476E5	2.85843E5	1.44529E6	3.79028E5	9.03675E4	2.84712E6	5.89811E6	1.06253E4	4905.67847	3124.78462	2515.81572	1850.24379	1425.02013	1071.56062	1288.77207	939.80598	800.27459	1103.86994	889.13806
328	2.65832E5	2.0304E5	2.22011E5	2.79832E5	2.86515E5	8.78657E5	7.44292E5	8.9977E4	7.32565E5	9.67009E6	1.48428E4	4924.22392	2961.4858	2356.90177	1570.64119	1358.59201	1022.21187	1128.08096	900.22914	848.73902	832.2622	651.43001
330	2.75474E5	2.24889E5	2.30691E5	2.79427E5	2.88575E5	4.86782E5	1.26641E6	9.19099E4	1.36688E5	1.16018E7	4.05343E4	4942.70335	2803.73944	2854.02762	1611.01502	1458.35767	1103.42446	1076.44316	878.07091	956.32495	826.03066	869.26358
332	2.68428E5	2.15098E5	2.40941E5	2.79291E5	2.8707E5	3.24694E5	1.72742E6	9.16972E4	8.73124E4	1.00398E7	4.21854E5	5495.93089	3186.79641	2424.96801	1489.63517	1503.36392	1098.48934	1097.82747	903.53546	713.31671	764.93961	935.86735
334	2.78157E5	2.28986E5	2.35887E5	2.84019E5	2.90126E5	2.65381E5	1.91667E6	1.02642E5	8.01299E4	6.219E6	1.93098E6	6395.07879	3275.7318	2456.81243	1735.91379	1504.8317	1270.85098	929.45304	894.68506	760.05622	777.21449	643.89833
336	2.79306E5	2.21721E5	2.52538E5	2.8356E5	2.93531E5	2.54335E5	1.75142E6	1.43298E5	7.98606E4	2.58195E6	4.94544E6	8415.00155	3626.88358	2619.32863	1892.94023	1165.88316	1112.74046	861.44436	798.03191	814.0923	959.05086	888.74467
338	3.02253E5	2.39391E5	2.54883E5	2.90783E5	2.93261E5	2.51403E5	1.32159E6	2.6856E5	8.18805E4	7.04142E5	8.08842E6	1.3189E4	4191.56063	2618.60872	1964.4096	1242.98011	904.09372	1029.27222	721.33565	749.47886	764.22322	678.24246
340	3.18779E5	2.53684E5	2.58949E5	2.91403E5	2.97239E5	2.58554E5	8.19772E5	5.37721E5	8.4524E4	1.32839E5	9.64525E6	3.19961E4	4286.87787	2994.11944	2025.20495	1439.54992	1000.94503	934.38497	989.30519	543.15059	801.39781	710.24844
342	3.32601E5	2.65762E5	2.57115E5	2.84153E5	3.02048E5	2.54797E5	4.75478E5	9.12765E5	8.71164E4	8.38342E4	8.37777E6	3.17593E5	4587.98372	2593.4719	2273.58637	1307.46689	1079.18537	1064.27606	912.63659	647.52953	743.01995	651.65238
344	3.39765E5	2.71646E5	2.61144E5	2.83232E5	2.97383E5	2.60494E5	2.82823E5	1.32848E6	9.17887E4	7.65491E4	5.12523E6	1.60994E6	5501.56347	2967.20043	1794.75039	1353.93504	926.85278	821.90109	695.39782	643.213	735.88756	557.04407
346	3.29999E5	2.71889E5	2.59557E5	2.8263E5	3.02415E5	2.62589E5	2.24869E5	1.5375E6	1.02794E5	7.53029E4	2.15129E6	4.04467E6	7130.62976	3123.06262	1842.12622	1709.07122	1148.45068	887.5035	972.78036	950.08167	702.92435	604.88598
348	3.54725E5	2.86423E5	2.68196E5	2.82945E5	3.02868E5	2.67358E5	2.11091E5	1.47693E6	1.36497E5	8.121E4	5.3524E5	6.81796E6	1.09906E4	2936.67654	1983.62835	1577.37787	1046.58434	838.97061	750.71158	877.54112	831.85882	783.25562
350	3.5946E5	2.94401E5	2.7381E5	2.89456E5	3.0115E5	2.72135E5	2.12188E5	1.17523E6	2.22966E5	8.55247E4	1.14976E5	8.06541E6	2.27146E4	3588.46483	2196.83726	1355.7705	1007.40698	751.96164	572.24731	588.36248	485.85078	685.10435
352	3.59105E5	3.01148E5	2.76329E5	2.90733E5	3.06466E5	2.78936E5	2.20886E5	7.82411E5	4.12655E5	9.23883E4	7.65919E4	6.92793E6	2.64132E5	4327.44588	2198.39441	1514.02303	1089.35245	678.56739	662.70898	727.06721	718.25428	431.60276
354	3.92883E5	3.19552E5	2.86353E5	2.98492E5	3.07448E5	2.80341E5	2.23779E5	4.80821E5	6.88175E5	9.86155E4	7.38088E4	4.35187E6	1.23692E6	4441.26869	2185.23745	1442.90735	1024.76514	823.02692	770.56905	860.18952	692.93363	497.69226
356	3.94041E5	3.21846E5	2.97749E5	2.96148E5	3.03845E5	2.84056E5	2.31233E5	3.04342E5	9.96736E5	1.07125E5	7.5189E4	1.82964E6	3.32672E6	6062.95207	2305.75748	1607.30485	1117.49319	900.73826	647.51522	692.17835	479.37438	649.85685
358	4.03559E5	3.45137E5	2.97102E5	2.99498E5	3.12821E5	2.95847E5	2.40653E5	2.39336E5	1.20951E6	1.15594E5	8.1303E4	4.89523E5	5.66573E6	9126.5713	2426.58828	1545.0683	1045.12457	849.74312	739.08211	798.08917	646.23967	621.56267
360	4.17673E5	3.48213E5	3.12677E5	3.02539E5	3.12597E5	3.00362E5	2.53636E5	2.20122E5	1.23473E6	1.36876E5	8.80803E4	1.04581E5	6.88162E6	2.02324E4	2608.575	1770.3473	1341.02233	838.36314	717.96931	801.72709	725.40822	519.54846
362	4.39734E5	3.67223E5	3.17714E5	3.12211E5	3.16026E5	3.04298E5	2.59634E5	2.25854E5	1.06062E6	1.90337E5	9.53367E4	7.34169E4	6.1653E6	2.13418E5	3155.91108	1620.64092	1371.92398	862.86192	799.95778	757.31805	640.04241	603.6902
364	4.50113E5	3.68316E5	3.3143E5	3.12434E5	3.13739E5	3.06755E5	2.70894E5	2.35633E5	7.74744E5	3.07472E5	1.0402E5	6.88447E4	3.99059E6	1.08518E6	3741.27949	1729.09726	1201.27759	922.68364	729.98534	658.24211	699.36168	506.32012
366	4.68704E5	4.08576E5	3.39878E5	3.23527E5	3.19993E5	3.09965E5	2.80455E5	2.46606E5	5.04414E5	5.17191E5	1.08634E5	7.11327E4	1.6699E6	3.03355E6	5194.56686	1822.62932	1281.81615	970.53456	658.7075	696.82978	681.79761	576.81267
368	4.92201E5	4.18597E5	3.55592E5	3.29206E5	3.26427E5	3.23009E5	2.88227E5	2.54762E5	3.39341E5	7.53598E5	1.18642E5	7.60289E4	4.56962E5	5.11552E6	7881.18775	1966.72231	1215.11347	1059.496	648.88668	737.02311	591.13152	558.65566
370	4.9402E5	4.218E5	3.56466E5	3.33208E5	3.3391E5	3.22469E5	2.98088E5	2.69517E5	2.71034E5	9.74451E5	1.30339E5	8.34983E4	9.3418E4	6.16387E6	1.92144E4	2219.59361	1384.39527	971.91263	902.56425	523.94314	629.22803	564.75143
372	4.98118E5	4.58921E5	3.81787E5	3.35486E5	3.37967E5	3.28856E5	3.08665E5	2.7906E5	2.5774E5	1.04237E6	1.4725E5	9.12661E4	6.67764E4	5.33404E6	1.9836E5	2545.89205	1540.58809	1045.88543	802.42984	616.20599	623.73341	498.99355
374	5.17694E5	4.54985E5	3.89477E5	3.4541E5	3.42686E5	3.34721E5	3.20026E5	2.91768E5	2.59052E5	9.51443E5	1.86141E5	9.83645E4	6.18188E4	3.28449E6	9.79967E5	3225.06488	1245.91143	1004.30291	984.79089	712.07062	644.63815	606.98214
376	5.58186E5	4.85551E5	3.99375E5	3.5202E5	3.43135E5	3.41746E5	3.25189E5	3.00692E5	2.64944E5	7.45209E5	2.68371E5	1.04323E5	6.46657E4	1.35963E6	2.56079E6	4535.10821	1626.76354	1222.17786	935.54226	716.88047	545.3296	506.27617
378	5.52796E5	4.96349E5	4.11105E5	3.60927E5	3.5142E5	3.47599E5	3.39755E5	3.11947E5	2.76968E5	5.33821E5	4.15489E5	1.12904E5	6.76497E4	3.4373E5	4.36328E6	6913.44799	1868.20549	1202.07702	1003.70422	579.57879	567.11253	572.31023
380	5.87757E5	5.05754E5	4.35733E5	3.70263E5	3.56536E5	3.52065E5	3.46422E5	3.17232E5	2.87605E5	3.84469E5	6.04231E5	1.20399E5	7.44886E4	7.97561E4	5.22272E6	1.66692E4	2040.45371	1165.87898	883.17042	672.36613	574.82383	608.65227
382	6.11081E5	5.45753E5	4.40864E5	3.85948E5	3.65247E5	3.65257E5	3.58881E5	3.38484E5	2.99163E5	3.07473E5	7.88084E5	1.3096E5	8.21765E4	6.07861E4	4.61071E6	1.63316E5	2362.03541	1258.274	851.66128	782.38502	656.99983	607.21865
384	6.30581E5	5.59532E5	4.49469E5	3.8678E5	3.74012E5	3.77735E5	3.68889E5	3.46926E5	3.09326E5	2.86678E5	8.94704E5	1.44895E5	9.04482E4	5.84433E4	2.93025E6	8.06404E5	3119.70284	1322.47913	983.78167	770.6214	513.71146	436.61057
386	6.43397E5	5.7761E5	4.77686E5	3.93285E5	3.79423E5	3.77971E5	3.76863E5	3.6238E5	3.23975E5	2.84039E5	8.74393E5	1.73404E5	9.7872E4	5.92239E4	1.24076E6	2.21111E6	4281.59995	1323.42631	1176.11745	805.39122	767.87345	557.26076
388	6.66619E5	5.98987E5	4.84578E5	4.15309E5	3.85352E5	3.91319E5	3.87272E5	3.73203E5	3.32188E5	2.90838E5	7.51192E5	2.25341E5	1.03288E5	6.41136E4	3.52231E5	3.77935E6	6539.38434	1563.2713	1073.39297	652.00293	691.09064	616.87491
390	6.91812E5	6.24662E5	5.09779E5	4.24416E5	3.92945E5	3.98733E5	3.96571E5	3.84018E5	3.44135E5	2.9553E5	5.7955E5	3.29168E5	1.14247E5	7.05035E4	7.91041E4	4.70489E6	1.48878E4	1773.75851	1121.45057	872.86899	624.89762	542.52207
392	6.86455E5	6.42848E5	5.25496E5	4.31697E5	3.96504E5	4.02457E5	4.03673E5	3.94215E5	3.53418E5	3.06509E5	4.26617E5	4.7586E5	1.22692E5	7.75967E4	5.54909E4	4.26102E6	1.65913E5	2131.6203	1209.9984	819.8176	706.99037	698.15648
394	7.119E5	6.55418E5	5.30838E5	4.45497E5	4.11858E5	4.10011E5	4.16881E5	4.00905E5	3.62881E5	3.19166E5	3.42813E5	6.3512E5	1.32785E5	8.54239E4	5.33553E4	2.861E6	7.51688E5	2759.87541	1230.11556	902.63477	841.82532	616.62062
396	7.48507E5	6.71491E5	5.52726E5	4.53555E5	4.15998E5	4.20833E5	4.21349E5	4.12266E5	3.73519E5	3.28728E5	3.03738E5	7.56704E5	1.43571E5	9.36768E4	5.35959E4	1.22816E6	2.0593E6	3818.04285	1399.39434	1067.67525	771.23758	592.73849
398	7.94442E5	6.95141E5	5.69514E5	4.66921E5	4.28219E5	4.27408E5	4.28123E5	4.19175E5	3.81525E5	3.39509E5	2.97228E5	7.87873E5	1.61197E5	9.91139E4	5.75517E4	3.47817E5	3.50315E6	5916.11998	1586.33404	883.33298	831.82255	678.77797
400	7.83574E5	6.94849E5	5.85464E5	4.76189E5	4.35413E5	4.39801E5	4.41771E5	4.28418E5	3.96248E5	3.48637E5	3.04611E5	7.26141E5	1.96646E5	1.08517E5	6.20027E4	7.32715E4	4.24708E6	1.22286E4	1894.35302	1129.28676	921.21279	729.71519
402	8.28952E5	7.35726E5	6.08359E5	4.82441E5	4.45954E5	4.40699E5	4.4456E5	4.31225E5	4.06047E5	3.58233E5	3.09569E5	5.93318E5	2.65303E5	1.18036E5	6.94944E4	5.01211E4	3.6979E6	1.2329E5	2078.69225	1157.55452	754.10834	647.24187
404	8.36453E5	7.50326E5	6.12901E5	4.98888E5	4.57895E5	4.52593E5	4.54159E5	4.41129E5	4.12464E5	3.65381E5	3.1581E5	4.58785E5	3.72743E5	1.26091E5	7.55012E4	4.86572E4	2.28892E6	6.42419E5	2691.37312	1305.36526	799.20038	662.69958
406	8.14056E5	7.54713E5	6.37625E5	5.05955E5	4.65087E5	4.60479E5	4.62724E5	4.45538E5	4.1753E5	3.77711E5	3.26381E5	3.63535E5	4.97458E5	1.35382E5	8.12241E4	4.9544E4	9.47943E5	1.74907E6	3634.19788	1348.8288	795.64885	821.75995
408	8.53938E5	7.7536E5	6.41542E5	5.22012E5	4.7119E5	4.63746E5	4.62777E5	4.52326E5	4.28195E5	3.83432E5	3.36561E5	3.11276E5	6.22803E5	1.46121E5	8.87792E4	5.19424E4	2.56545E5	3.09825E6	5315.65079	1465.18289	766.29758	907.89099
410	8.66759E5	8.01384E5	6.4775E5	5.38365E5	4.829E5	4.72615E5	4.64498E5	4.61432E5	4.35015E5	3.94391E5	3.46477E5	3.00483E5	6.90454E5	1.59626E5	9.61882E4	5.50912E4	5.73444E4	3.78514E6	1.06182E4	1793.46916	995.58317	791.59763
412	9.00668E5	8.12342E5	6.81174E5	5.50768E5	4.8562E5	4.76307E5	4.71863E5	4.65049E5	4.41702E5	3.98303E5	3.54682E5	3.00995E5	6.86666E5	1.85746E5	1.01956E5	5.95912E4	4.4777E4	3.36682E6	9.67538E4	1938.8753	874.38248	754.03235
414	8.68604E5	8.27662E5	6.89883E5	5.60546E5	4.97003E5	4.8234E5	4.79948E5	4.68421E5	4.44931E5	4.08425E5	3.59569E5	3.07267E5	6.07149E5	2.29876E5	1.09866E5	6.61529E4	4.24865E4	2.18398E6	5.0995E5	2477.54808	1114.95352	774.06754
416	8.97998E5	8.29535E5	7.07869E5	5.73706E5	5.05372E5	4.81296E5	4.78585E5	4.69192E5	4.49462E5	4.13102E5	3.69174E5	3.14312E5	4.95949E5	3.05513E5	1.18279E5	7.27278E4	4.30413E4	9.31596E5	1.51288E6	3616.83557	1202.64431	832.57494
418	8.97925E5	8.3496E5	7.17067E5	5.81287E5	5.06129E5	4.90044E5	4.85421E5	4.76645E5	4.53336E5	4.16636E5	3.75768E5	3.23087E5	3.95322E5	4.09648E5	1.24451E5	7.86172E4	4.50129E4	2.55346E5	2.77816E6	5339.54648	1366.30707	1001.75774
420	9.17437E5	8.51926E5	7.32202E5	6.01184E5	5.1959E5	4.96507E5	4.89161E5	4.78922E5	4.5593E5	4.22269E5	3.85917E5	3.27813E5	3.32753E5	5.19944E5	1.32122E5	8.42456E4	4.74573E4	5.67656E4	3.54566E6	1.07617E4	1387.62139	999.78231
422	9.13737E5	8.56949E5	7.38949E5	6.00866E5	5.2262E5	4.99303E5	4.84969E5	4.80968E5	4.59025E5	4.28333E5	3.95498E5	3.39633E5	3.03963E5	6.08121E5	1.44673E5	8.97609E4	5.29591E4	4.03716E4	3.18649E6	1.08862E5	1889.94312	1036.42368
424	9.5681E5	8.74742E5	7.54867E5	6.17436E5	5.34368E5	4.97107E5	4.87904E5	4.80377E5	4.61332E5	4.35575E5	3.98149E5	3.46529E5	2.99515E5	6.29249E5	1.61556E5	9.64505E4	5.76452E4	3.88757E4	2.06775E6	5.40828E5	2511.08517	1075.41673
426	9.38235E5	8.99848E5	7.6864E5	6.19303E5	5.38624E5	5.04296E5	4.91235E5	4.83829E5	4.63179E5	4.36846E5	4.03367E5	3.5401E5	3.02568E5	5.88099E5	1.8993E5	1.03313E5	6.37369E4	3.98967E4	8.40836E5	1.52713E6	3658.91641	997.91567
428	9.72381E5	8.87825E5	7.81384E5	6.36056E5	5.42066E5	5.0518E5	4.91999E5	4.83423E5	4.63824E5	4.38923E5	4.08488E5	3.62125E5	3.0625E5	4.99399E5	2.39503E5	1.1107E5	6.84308E4	4.04583E4	2.14602E5	2.67208E6	4786.1693	1220.09316
430	9.64783E5	8.9442E5	7.82286E5	6.4259E5	5.52902E5	5.05557E5	4.86782E5	4.83616E5	4.68964E5	4.3991E5	4.10648E5	3.6612E5	3.13658E5	4.10845E5	3.11681E5	1.16606E5	7.42562E4	4.23808E4	4.86566E4	3.19692E6	1.04887E4	1388.3677
432	9.72331E5	9.20734E5	7.99161E5	6.51956E5	5.56798E5	5.01747E5	4.86525E5	4.8361E5	4.67348E5	4.44856E5	4.14401E5	3.69482E5	3.2263E5	3.40085E5	4.01639E5	1.23816E5	8.07091E4	4.71183E4	3.62567E4	2.73032E6	1.03462E5	1942.17707
434	1.00093E6	9.07446E5	8.02007E5	6.66278E5	5.60085E5	5.12353E5	4.93709E5	4.85414E5	4.68915E5	4.46415E5	4.25912E5	3.75741E5	3.25543E5	3.03546E5	4.82779E5	1.31428E5	8.48905E4	5.15997E4	3.63401E4	1.63208E6	5.17199E5	2224.60583
436	9.91597E5	9.3167E5	8.14116E5	6.73624E5	5.64827E5	5.14238E5	4.89724E5	4.81912E5	4.70595E5	4.4506E5	4.24072E5	3.78999E5	3.31811E5	2.9203E5	5.27604E5	1.41531E5	8.94025E4	5.60627E4	3.61725E4	6.71668E5	1.36461E6	2964.93386
438	9.65329E5	9.30374E5	8.17532E5	6.77023E5	5.63937E5	5.14762E5	4.871E5	4.76774E5	4.66027E5	4.49312E5	4.2385E5	3.83686E5	3.36065E5	2.92885E5	5.25001E5	1.58206E5	9.57777E4	6.1159E4	3.79022E4	1.81549E5	2.34361E6	4817.00433
440	9.68255E5	9.29377E5	8.11389E5	6.85451E5	5.77485E5	5.13594E5	4.85853E5	4.72611E5	4.62718E5	4.47814E5	4.31067E5	3.86266E5	3.44449E5	2.9565E5	4.74478E5	1.89256E5	1.01154E5	6.57055E4	4.0236E4	4.33652E4	2.8739E6	7915.14297
442	9.28881E5	9.45094E5	8.35736E5	6.90507E5	5.78837E5	5.08242E5	4.86841E5	4.68728E5	4.59894E5	4.49434E5	4.2577E5	3.90113E5	3.44845E5	2.99464E5	4.04722E5	2.32761E5	1.08814E5	6.90282E4	4.24177E4	3.49342E4	2.52462E6	6.46066E4
444	1.01514E6	9.44905E5	8.28561E5	7.00903E5	5.80784E5	5.11537E5	4.76511E5	4.69652E5	4.60844E5	4.46881E5	4.31105E5	3.93094E5	3.5207E5	3.06832E5	3.3547E5	2.95502E5	1.11231E5	7.41514E4	4.62283E4	3.37567E4	1.578E6	3.43773E5
446	9.51774E5	9.23901E5	8.26754E5	7.01865E5	5.7389E5	5.07052E5	4.78411E5	4.69112E5	4.61517E5	4.43569E5	4.29359E5	3.94817E5	3.5638E5	3.09111E5	2.87387E5	3.63293E5	1.17107E5	7.75852E4	4.94679E4	3.44783E4	6.60809E5	1.07002E6
448	9.52813E5	9.47066E5	8.22552E5	7.12221E5	5.88907E5	5.14837E5	4.7976E5	4.64117E5	4.59587E5	4.44107E5	4.28438E5	3.95892E5	3.58471E5	3.15495E5	2.65754E5	4.22485E5	1.26276E5	8.29861E4	5.43021E4	3.44942E4	1.73983E5	2.03665E6
450	9.97189E5	9.39974E5	8.46033E5	7.14347E5	5.86542E5	5.1796E5	4.7733E5	4.5719E5	4.52596E5	4.41802E5	4.31386E5	3.94211E5	3.59409E5	3.18742E5	2.60246E5	4.49934E5	1.37166E5	8.93133E4	5.86843E4	3.69433E4	4.107E4	2.63526E6
452	9.87132E5	9.35122E5	8.27482E5	7.12282E5	5.91083E5	5.10691E5	4.6994E5	4.60943E5	4.46317E5	4.41785E5	4.23756E5	4.00588E5	3.63057E5	3.21864E5	2.58871E5	4.38649E5	1.56533E5	9.29035E4	6.27479E4	3.92434E4	3.13065E4	2.39807E6
454	9.7852E5	9.18442E5	8.42225E5	7.18662E5	5.90594E5	5.06218E5	4.65904E5	4.51628E5	4.42162E5	4.3561E5	4.24296E5	3.98342E5	3.68228E5	3.26176E5	2.61074E5	3.92667E5	1.88859E5	9.83086E4	6.70736E4	4.30005E4	3.009E4	1.52339E6
456	9.65905E5	9.21093E5	8.44662E5	7.16942E5	5.90464E5	5.0877E5	4.67909E5	4.50982E5	4.39397E5	4.29538E5	4.20899E5	3.91566E5	3.66611E5	3.26888E5	2.60081E5	3.31634E5	2.34568E5	1.03714E5	7.04362E4	4.59084E4	3.07532E4	6.07677E5
458	9.55453E5	9.34564E5	8.36089E5	7.22628E5	5.88015E5	5.05025E5	4.59642E5	4.46467E5	4.39228E5	4.29501E5	4.15434E5	3.97812E5	3.66228E5	3.2863E5	2.64097E5	2.8037E5	2.90332E5	1.07055E5	7.58992E4	4.82731E4	3.1657E4	1.60724E5
460	9.68055E5	9.1522E5	8.38678E5	7.11762E5	5.87434E5	5.00226E5	4.57857E5	4.34841E5	4.2962E5	4.26212E5	4.15705E5	3.89089E5	3.65899E5	3.30741E5	2.69232E5	2.44775E5	3.41836E5	1.11897E5	7.91102E4	5.37317E4	3.38289E4	3.80508E4
462	9.4503E5	9.15551E5	8.38827E5	7.11109E5	5.92958E5	4.97575E5	4.50524E5	4.34018E5	4.29553E5	4.21146E5	4.13266E5	3.89071E5	3.66073E5	3.33697E5	2.71017E5	2.25671E5	3.76797E5	1.19157E5	8.20406E4	5.65078E4	3.50828E4	2.87726E4
464	9.17963E5	9.25164E5	8.24158E5	7.09768E5	5.84501E5	4.94793E5	4.49494E5	4.2386E5	4.21077E5	4.1387E5	4.07222E5	3.90977E5	3.63028E5	3.33768E5	2.71138E5	2.23436E5	3.8092E5	1.28698E5	8.63088E4	5.88969E4	3.73374E4	2.79438E4
466	9.3983E5	9.12112E5	8.32881E5	7.13344E5	5.89729E5	4.96647E5	4.46157E5	4.26935E5	4.15922E5	4.14132E5	4.02733E5	3.81776E5	3.61611E5	3.31206E5	2.75523E5	2.23837E5	3.5735E5	1.47816E5	8.90189E4	6.27551E4	3.8645E4	2.7551E4
468	1.05387E6	8.92716E5	8.16644E5	7.06936E5	5.80114E5	4.91085E5	4.3734E5	4.17815E5	4.09627E5	4.02867E5	3.97899E5	3.76956E5	3.58721E5	3.30445E5	2.75197E5	2.2506E5	3.11233E5	1.7406E5	9.36325E4	6.50706E4	4.24782E4	2.88281E4
470	1.42527E6	8.92124E5	8.17323E5	7.04737E5	5.82204E5	4.87782E5	4.32627E5	4.13499E5	4.00588E5	4.01587E5	3.94032E5	3.78678E5	3.59039E5	3.32303E5	2.73979E5	2.25105E5	2.64688E5	2.13696E5	9.59144E4	6.89221E4	4.52357E4	2.85668E4
472	2.30164E6	8.72653E5	8.13707E5	7.0392E5	5.74918E5	4.85999E5	4.3321E5	4.12977E5	4.03168E5	3.94616E5	3.89248E5	3.70757E5	3.55573E5	3.32284E5	2.77955E5	2.24052E5	2.25447E5	2.59207E5	9.90087E4	7.18511E4	4.84781E4	3.05073E4
474	3.72095E6	8.83498E5	7.94441E5	7.04978E5	5.73586E5	4.75481E5	4.34429E5	4.06053E5	3.94125E5	3.87583E5	3.86138E5	3.68689E5	3.5526E5	3.34613E5	2.78318E5	2.29186E5	2.00579E5	3.01391E5	1.02962E5	7.52552E4	5.02408E4	3.24816E4
476	5.79816E6	8.64825E5	7.91252E5	6.87182E5	5.75234E5	4.78554E5	4.18288E5	3.97138E5	3.9163E5	3.83833E5	3.79205E5	3.67042E5	3.52532E5	3.29807E5	2.77508E5	2.26757E5	1.91349E5	3.26106E5	1.09751E5	7.76455E4	5.30676E4	3.35093E4
478	8.38664E6	8.5526E5	7.85861E5	6.84137E5	5.62023E5	4.69367E5	4.1816E5	3.89952E5	3.79219E5	3.77722E5	3.73634E5	3.57942E5	3.41996E5	3.24482E5	2.74706E5	2.27539E5	1.88542E5	3.26155E5	1.19713E5	7.93459E4	5.50252E4	3.60902E4
480	1.07634E7	8.44012E5	7.77853E5	6.7398E5	5.62063E5	4.65844E5	4.11558E5	3.85703E5	3.7543E5	3.69244E5	3.64799E5	3.5352E5	3.36565E5	3.26382E5	2.7598E5	2.239E5	1.87712E5	2.98355E5	1.34961E5	8.20206E4	5.77209E4	3.73344E4
482	1.18429E7	8.2276E5	7.76796E5	6.70794E5	5.52285E5	4.56804E5	4.08633E5	3.78182E5	3.68985E5	3.62247E5	3.55881E5	3.48624E5	3.37737E5	3.19648E5	2.70329E5	2.25859E5	1.84591E5	2.60309E5	1.61963E5	8.55157E4	5.84669E4	4.05963E4
484	1.13817E7	8.44575E5	7.71861E5	6.55525E5	5.52051E5	4.57207E5	3.98269E5	3.76151E5	3.60657E5	3.60054E5	3.5322E5	3.40472E5	3.29406E5	3.15531E5	2.70719E5	2.26113E5	1.86069E5	2.16352E5	1.97837E5	8.54183E4	6.19301E4	4.20318E4
486	9.73843E6	8.3217E5	7.50619E5	6.60883E5	5.42022E5	4.45585E5	3.94881E5	3.68667E5	3.55572E5	3.48103E5	3.47336E5	3.35721E5	3.27576E5	3.14552E5	2.69749E5	2.24727E5	1.85015E5	1.84506E5	2.34389E5	8.8522E4	6.29534E4	4.47228E4
488	7.14141E6	9.64023E5	7.2801E5	6.54963E5	5.37912E5	4.466E5	3.86372E5	3.60492E5	3.50459E5	3.44503E5	3.4057E5	3.29392E5	3.22789E5	3.08766E5	2.66841E5	2.24898E5	1.8439E5	1.66401E5	2.60728E5	9.21225E4	6.38017E4	4.51445E4
490	4.37366E6	1.5191E6	7.35905E5	6.44339E5	5.3217E5	4.383E5	3.82231E5	3.4855E5	3.42556E5	3.37001E5	3.31878E5	3.24431E5	3.17891E5	3.09149E5	2.64449E5	2.22311E5	1.85441E5	1.58337E5	2.78303E5	9.78094E4	6.56261E4	4.74801E4
492	2.34181E6	2.70384E6	7.1627E5	6.36837E5	5.26362E5	4.37197E5	3.72404E5	3.50558E5	3.353E5	3.31857E5	3.29404E5	3.19417E5	3.14597E5	3.0061E5	2.6317E5	2.19496E5	1.83034E5	1.56469E5	2.7278E5	1.08288E5	6.77496E4	4.85128E4
494	1.25725E6	4.48945E6	7.1264E5	6.23683E5	5.26021E5	4.30331E5	3.74418E5	3.42371E5	3.2999E5	3.23103E5	3.23485E5	3.1096E5	3.08232E5	2.95691E5	2.59811E5	2.18937E5	1.82396E5	1.53238E5	2.50487E5	1.25016E5	6.84658E4	5.0379E4
496	9.05383E5	6.9972E6	6.89529E5	6.17962E5	5.14215E5	4.23999E5	3.6501E5	3.36665E5	3.2084E5	3.21898E5	3.15257E5	3.04548E5	3.03012E5	2.92452E5	2.56829E5	2.18034E5	1.82283E5	1.5365E5	2.13756E5	1.47698E5	6.92743E4	5.08544E4
498	8.81531E5	9.59225E6	6.94804E5	6.09313E5	5.06425E5	4.18075E5	3.59703E5	3.28444E5	3.2003E5	3.13788E5	3.065E5	2.995E5	2.94876E5	2.88997E5	2.52514E5	2.14855E5	1.82355E5	1.50365E5	1.81359E5	1.75525E5	7.19623E4	5.21592E4
500	8.21427E5	1.18339E7	6.74785E5	6.0495E5	5.02607E5	4.11334E5	3.53556E5	3.25562E5	3.14875E5	3.05748E5	3.07056E5	2.94816E5	2.91694E5	2.82818E5	2.48492E5	2.13418E5	1.82506E5	1.51141E5	1.53193E5	2.03738E5	7.35472E4	5.37186E4
502	7.90144E5	1.28645E7	6.76767E5	5.87919E5	4.94652E5	4.05095E5	3.49396E5	3.23114E5	3.04259E5	3.01407E5	2.95899E5	2.88363E5	2.87646E5	2.782E5	2.45485E5	2.1076E5	1.79659E5	1.49765E5	1.3703E5	2.25585E5	7.68971E4	5.48688E4
504	7.85698E5	1.22279E7	6.69683E5	5.84053E5	4.85753E5	3.96386E5	3.41158E5	3.13147E5	3.01569E5	2.94749E5	2.92912E5	2.82768E5	2.80945E5	2.74231E5	2.43351E5	2.07367E5	1.77259E5	1.49368E5	1.29413E5	2.33771E5	8.06717E4	5.57699E4
506	7.79198E5	1.00945E7	6.87375E5	5.81551E5	4.79486E5	3.96539E5	3.4262E5	3.11014E5	2.95667E5	2.88102E5	2.84787E5	2.78139E5	2.77744E5	2.67796E5	2.39157E5	2.05607E5	1.75269E5	1.49139E5	1.27407E5	2.25959E5	9.01021E4	5.60532E4
508	7.86313E5	7.467E6	8.44444E5	5.64198E5	4.71685E5	3.89021E5	3.3129E5	3.0114E5	2.89249E5	2.83274E5	2.79356E5	2.71433E5	2.69869E5	2.68128E5	2.35631E5	2.01658E5	1.73446E5	1.47461E5	1.2442E5	2.04982E5	1.05243E5	5.68823E4
510	8.10745E5	4.59316E6	1.47814E6	5.4854E5	4.58784E5	3.80723E5	3.27325E5	2.97708E5	2.82416E5	2.75124E5	2.73833E5	2.66046E5	2.64526E5	2.5992E5	2.28341E5	1.98649E5	1.71821E5	1.44361E5	1.24128E5	1.71568E5	1.24472E5	5.79413E4
512	9.22936E5	2.28724E6	2.89218E6	5.43591E5	4.56443E5	3.74688E5	3.27473E5	2.93231E5	2.76354E5	2.72669E5	2.65885E5	2.60611E5	2.58863E5	2.56858E5	2.24584E5	1.97172E5	1.6833E5	1.43396E5	1.23968E5	1.46536E5	1.44531E5	5.91495E4
514	1.12356E6	1.15093E6	4.94921E6	5.38681E5	4.51003E5	3.68858E5	3.12499E5	2.83898E5	2.69401E5	2.6726E5	2.62006E5	2.54324E5	2.54022E5	2.48684E5	2.20956E5	1.92854E5	1.66234E5	1.43382E5	1.21741E5	1.23648E5	1.69494E5	6.04798E4
516	1.39326E6	7.93568E5	7.54147E6	5.28491E5	4.37857E5	3.61388E5	3.08828E5	2.79366E5	2.66831E5	2.59585E5	2.55417E5	2.47321E5	2.46191E5	2.41168E5	2.17739E5	1.91905E5	1.6499E5	1.4036E5	1.18508E5	1.10806E5	1.84248E5	6.2202E4
518	1.74792E6	7.12394E5	1.02649E7	5.22622E5	4.38896E5	3.59155E5	3.02578E5	2.72814E5	2.5996E5	2.54266E5	2.45764E5	2.44917E5	2.40389E5	2.3619E5	2.13062E5	1.87612E5	1.61707E5	1.39459E5	1.18089E5	1.05949E5	1.90134E5	6.64326E4
520	2.15304E6	6.80955E5	1.23584E7	5.09935E5	4.24033E5	3.50709E5	2.97831E5	2.68849E5	2.54955E5	2.44137E5	2.43811E5	2.3718E5	2.36792E5	2.34479E5	2.07967E5	1.84141E5	1.60379E5	1.37399E5	1.16168E5	1.01462E5	1.85239E5	7.47994E4
522	2.49789E6	6.55397E5	1.30478E7	5.07784E5	4.16181E5	3.44116E5	2.93563E5	2.64667E5	2.50258E5	2.42182E5	2.39831E5	2.31244E5	2.29435E5	2.26659E5	2.05216E5	1.79246E5	1.58594E5	1.3737E5	1.16311E5	1.00536E5	1.64421E5	8.58902E4
524	2.70445E6	6.57541E5	1.19887E7	5.0152E5	4.03674E5	3.41486E5	2.85759E5	2.59747E5	2.42603E5	2.34369E5	2.30767E5	2.27456E5	2.24133E5	2.24551E5	2.0127E5	1.75779E5	1.54022E5	1.34437E5	1.14319E5	9.69716E4	1.41122E5	1.02612E5
526	2.7915E6	6.36211E5	9.7229E6	5.14065E5	3.99834E5	3.27211E5	2.7858E5	2.49904E5	2.37763E5	2.31843E5	2.254E5	2.21173E5	2.20321E5	2.16527E5	1.9557E5	1.71318E5	1.51006E5	1.31603E5	1.1277E5	9.77981E4	1.16626E5	1.20642E5
528	2.57997E6	6.05893E5	6.95347E6	7.22777E5	3.9275E5	3.2599E5	2.78186E5	2.47034E5	2.31635E5	2.24867E5	2.18785E5	2.1718E5	2.1364E5	2.13226E5	1.89644E5	1.7104E5	1.50352E5	1.29627E5	1.11271E5	9.45325E4	9.85189E4	1.36881E5
530	2.27483E6	6.11937E5	4.09975E6	1.4252E6	3.90472E5	3.15357E5	2.68104E5	2.43012E5	2.27997E5	2.18997E5	2.14846E5	2.11299E5	2.08639E5	2.08468E5	1.8763E5	1.66563E5	1.45962E5	1.28158E5	1.08675E5	9.25051E4	8.8066E4	1.49963E5
532	1.91977E6	6.32556E5	2.02394E6	2.94024E6	3.75004E5	3.09151E5	2.66174E5	2.33067E5	2.22393E5	2.13785E5	2.08242E5	2.05505E5	2.04341E5	2.02831E5	1.82833E5	1.6156E5	1.42755E5	1.25197E5	1.08836E5	9.19322E4	8.00589E4	1.57915E5
534	1.40668E6	7.16269E5	9.3558E5	5.27695E6	3.72472E5	3.05257E5	2.55458E5	2.26414E5	2.13571E5	2.07057E5	2.04352E5	1.98817E5	1.99291E5	1.9692E5	1.78577E5	1.57256E5	1.40083E5	1.23527E5	1.05773E5	9.15004E4	7.73605E4	1.50394E5
536	9.88983E5	9.18086E5	6.24015E5	8.12506E6	3.64411E5	2.94718E5	2.5515E5	2.29476E5	2.10495E5	2.05842E5	1.99831E5	1.91928E5	1.91371E5	1.94206E5	1.74053E5	1.53868E5	1.37925E5	1.19815E5	1.04956E5	9.01812E4	7.52547E4	1.33995E5
538	7.06195E5	1.15485E6	5.59151E5	1.07921E7	3.6221E5	2.91477E5	2.44344E5	2.23691E5	2.06397E5	1.9853E5	1.92089E5	1.88669E5	1.84443E5	1.86806E5	1.69309E5	1.51462E5	1.34029E5	1.18638E5	1.01712E5	8.80721E4	7.3692E4	1.14008E5
540	5.59581E5	1.54006E6	5.39866E5	1.27074E7	3.57736E5	2.8582E5	2.40126E5	2.10892E5	1.99699E5	1.90992E5	1.87758E5	1.84729E5	1.81135E5	1.81259E5	1.64491E5	1.47167E5	1.30654E5	1.15061E5	1.00393E5	8.49826E4	7.36194E4	9.33372E4
542	5.4408E5	1.96077E6	5.01405E5	1.3094E7	3.49996E5	2.82858E5	2.29509E5	2.02817E5	1.97491E5	1.89082E5	1.81687E5	1.76242E5	1.77454E5	1.7793E5	1.59084E5	1.41319E5	1.26908E5	1.12927E5	9.78565E4	8.45665E4	7.15905E4	7.72012E4
544	4.8144E5	2.35073E6	5.03274E5	1.16584E7	3.41401E5	2.67596E5	2.27263E5	2.05703E5	1.88218E5	1.83669E5	1.78856E5	1.76572E5	1.73686E5	1.73615E5	1.56684E5	1.38134E5	1.25578E5	1.1071E5	9.57057E4	8.39453E4	6.75716E4	6.65247E4
546	4.79373E5	2.66195E6	4.73321E5	9.21218E6	3.80729E5	2.6765E5	2.25666E5	1.99946E5	1.86055E5	1.78431E5	1.73275E5	1.70497E5	1.70001E5	1.68774E5	1.52814E5	1.35313E5	1.21468E5	1.06689E5	9.33697E4	8.09595E4	6.86272E4	6.0454E4
548	4.39654E5	2.83667E6	4.51345E5	6.37371E6	6.2688E5	2.6178E5	2.19762E5	1.98538E5	1.80628E5	1.73121E5	1.69903E5	1.6284E5	1.62838E5	1.62243E5	1.4961E5	1.31471E5	1.19112E5	1.04767E5	9.37043E4	7.90718E4	6.76717E4	5.73215E4
550	4.3058E5	2.77651E6	4.55266E5	3.71204E6	1.4232E6	2.54423E5	2.21318E5	1.92416E5	1.79912E5	1.71294E5	1.61803E5	1.58679E5	1.58625E5	1.57987E5	1.45018E5	1.29609E5	1.16336E5	1.01431E5	8.97749E4	7.99121E4	6.72439E4	5.80212E4
552	4.26886E5	2.53115E6	4.38175E5	1.76086E6	3.02101E6	2.51209E5	2.1117E5	1.8494E5	1.73179E5	1.65988E5	1.60737E5	1.56093E5	1.51064E5	1.51548E5	1.41683E5	1.2492E5	1.12591E5	1.01149E5	8.74176E4	7.56631E4	6.47029E4	5.61643E4
554	4.1531E5	2.20134E6	4.54027E5	7.92267E5	5.33138E6	2.45854E5	2.05338E5	1.77872E5	1.62413E5	1.62037E5	1.53495E5	1.50693E5	1.52558E5	1.48598E5	1.37037E5	1.22166E5	1.08974E5	9.9027E4	8.66536E4	7.63839E4	6.29878E4	5.57713E4
556	4.37867E5	1.67346E6	4.87702E5	4.93105E5	7.99646E6	2.41374E5	2.01055E5	1.7511E5	1.65331E5	1.55482E5	1.51841E5	1.47382E5	1.45272E5	1.46088E5	1.31171E5	1.19132E5	1.06392E5	9.67357E4	8.35148E4	7.36409E4	6.32391E4	5.30867E4
558	3.97574E5	1.26871E6	6.15087E5	4.34156E5	1.0616E7	2.38687E5	1.98144E5	1.69055E5	1.58807E5	1.52599E5	1.46928E5	1.433E5	1.41984E5	1.40437E5	1.28869E5	1.14909E5	1.04112E5	9.6301E4	8.20902E4	7.04492E4	6.18877E4	5.14712E4
560	3.73173E5	8.48136E5	8.27127E5	4.07894E5	1.24282E7	2.31629E5	1.88432E5	1.7179E5	1.5494E5	1.46953E5	1.42176E5	1.38875E5	1.37424E5	1.36265E5	1.26822E5	1.11349E5	1.00102E5	9.24038E4	7.90993E4	6.944E4	5.99825E4	5.04534E4
562	3.51781E5	6.22015E5	1.089E6	3.95504E5	1.26865E7	2.28995E5	1.88085E5	1.65764E5	1.51157E5	1.47035E5	1.36291E5	1.34541E5	1.33574E5	1.32491E5	1.22113E5	1.09925E5	9.83754E4	8.8451E4	7.61233E4	6.78321E4	5.72818E4	4.93101E4
564	3.79917E5	4.44442E5	1.49091E6	3.77763E5	1.12287E7	2.25579E5	1.82173E5	1.6216E5	1.45928E5	1.38112E5	1.37998E5	1.30261E5	1.3176E5	1.3046E5	1.17314E5	1.05754E5	9.7594E4	8.61414E4	7.53322E4	6.68839E4	5.69581E4	4.91995E4
566	3.57195E5	3.91922E5	1.88051E6	3.63573E5	8.80223E6	2.57712E5	1.83193E5	1.54923E5	1.41466E5	1.35187E5	1.30706E5	1.28076E5	1.25314E5	1.2484E5	1.15785E5	1.0449E5	9.29658E4	8.56001E4	7.41329E4	6.51037E4	5.4656E4	4.70865E4
568	3.28311E5	3.70583E5	2.26434E6	3.65257E5	5.95872E6	5.16582E5	1.75261E5	1.48456E5	1.36334E5	1.32983E5	1.27227E5	1.23753E5	1.21147E5	1.20424E5	1.10109E5	1.01437E5	9.14018E4	8.16303E4	7.24778E4	6.29635E4	5.464E4	4.6038E4
570	3.30486E5	3.62677E5	2.52012E6	3.49438E5	3.30962E6	1.35931E6	1.71449E5	1.48754E5	1.35916E5	1.26776E5	1.20869E5	1.1861E5	1.18042E5	1.17633E5	1.07619E5	9.83819E4	8.7846E4	7.90767E4	7.04659E4	6.18995E4	5.42367E4	4.6046E4
572	3.22787E5	3.42777E5	2.62326E6	3.42506E5	1.48582E6	2.99E6	1.64598E5	1.41397E5	1.33953E5	1.24588E5	1.1956E5	1.17919E5	1.15415E5	1.13818E5	1.02443E5	9.68824E4	8.51945E4	7.66781E4	6.86922E4	6.11643E4	5.24371E4	4.48623E4
574	3.27559E5	3.11143E5	2.47847E6	3.36632E5	6.12379E5	5.29074E6	1.63111E5	1.4415E5	1.26901E5	1.21291E5	1.14774E5	1.1157E5	1.08318E5	1.11045E5	1.00834E5	9.16395E4	8.25543E4	7.47538E4	6.55657E4	5.89358E4	5.0114E4	4.28544E4
576	3.52526E5	3.28906E5	2.23155E6	3.4057E5	3.76956E5	7.8699E6	1.59087E5	1.35369E5	1.25083E5	1.15526E5	1.13952E5	1.091E5	1.08112E5	1.06359E5	9.91499E4	8.92356E4	8.10915E4	7.12643E4	6.53531E4	5.74874E4	5.02727E4	4.03389E4
578	3.13043E5	3.13397E5	1.88388E6	3.60522E5	3.43849E5	1.0251E7	1.59771E5	1.32042E5	1.2498E5	1.14052E5	1.10028E5	1.06172E5	1.0533E5	1.01883E5	9.49905E4	8.626E4	7.82349E4	7.11662E4	6.36457E4	5.71828E4	4.89189E4	4.13755E4
580	2.98883E5	2.94519E5	1.47095E6	4.19376E5	3.20752E5	1.19106E7	1.53416E5	1.33538E5	1.18494E5	1.12374E5	1.04211E5	1.01955E5	1.02426E5	9.95542E4	9.1546E4	8.31251E4	7.41957E4	6.95535E4	6.11267E4	5.56107E4	4.77158E4	3.8546E4
582	2.94142E5	2.99508E5	1.03778E6	5.31299E5	3.10899E5	1.20248E7	1.54432E5	1.26178E5	1.16379E5	1.07619E5	1.03233E5	9.95916E4	9.92127E4	1.00282E5	8.88246E4	8.03114E4	7.38695E4	6.76795E4	5.89233E4	5.25571E4	4.7075E4	4.00225E4
584	3.02038E5	2.89736E5	7.39602E5	7.46525E5	3.04666E5	1.05468E7	1.58327E5	1.22578E5	1.13366E5	1.05949E5	1.01033E5	9.51576E4	9.49259E4	9.33892E4	8.42471E4	7.7868E4	7.24612E4	6.50244E4	5.75078E4	5.12593E4	4.50676E4	3.82297E4
586	3.0528E5	2.64784E5	5.03813E5	1.02537E6	3.04644E5	8.10742E6	1.86147E5	1.20355E5	1.092E5	1.0342E5	9.56995E4	9.29417E4	9.01786E4	9.1765E4	8.2998E4	7.43809E4	6.7937E4	6.21605E4	5.57934E4	5.08089E4	4.27576E4	3.8199E4
588	2.74338E5	2.85559E5	3.77952E5	1.35488E6	2.87671E5	5.30675E6	4.18525E5	1.19251E5	1.04528E5	9.73038E4	9.36745E4	9.09774E4	8.9113E4	8.89536E4	7.95628E4	7.30888E4	6.57127E4	6.23519E4	5.48131E4	4.86696E4	4.18801E4	3.63922E4
590	2.7737E5	2.67087E5	3.21514E5	1.71956E6	2.92624E5	2.81581E6	1.25553E6	1.1489E5	1.05537E5	9.39019E4	9.16456E4	8.82138E4	8.64753E4	8.87402E4	7.80255E4	7.11816E4	6.42888E4	5.72558E4	5.36811E4	4.58549E4	4.02977E4	3.47665E4
592	2.93186E5	2.66539E5	3.01855E5	2.07452E6	2.94055E5	1.18908E6	2.91071E6	1.12536E5	9.83741E4	9.44079E4	8.97211E4	8.34867E4	8.21791E4	7.91047E4	7.5086E4	6.74418E4	6.32612E4	5.59028E4	5.18317E4	4.39766E4	3.99698E4	3.41877E4
594	3.00693E5	2.58171E5	2.85814E5	2.29051E6	2.92144E5	4.66455E5	5.21867E6	1.11495E5	9.48706E4	8.88574E4	8.33566E4	8.07698E4	8.01545E4	8.09727E4	7.36003E4	6.56779E4	6.13943E4	5.47104E4	4.91723E4	4.61914E4	3.88476E4	3.31677E4
596	2.73823E5	2.5318E5	2.82331E5	2.36109E6	2.87785E5	2.8358E5	7.80145E6	1.08779E5	9.42217E4	8.78916E4	8.28044E4	7.81017E4	7.64682E4	7.74188E4	6.94603E4	6.37725E4	5.92108E4	5.21717E4	4.74999E4	4.29333E4	3.75049E4	3.16299E4
598	3.02921E5	2.48522E5	2.75667E5	2.22177E6	2.92169E5	2.58857E5	1.00117E7	1.0704E5	9.02422E4	8.65181E4	8.16945E4	7.6166E4	7.76556E4	7.62255E4	6.93733E4	6.16603E4	5.9152E4	5.13823E4	4.50097E4	4.18096E4	3.43035E4	3.15644E4
600	2.81462E5	2.5686E5	2.67155E5	1.97793E6	2.95678E5	2.43565E5	1.14657E7	1.04008E5	9.36746E4	8.16613E4	7.81092E4	7.40186E4	7.317E4	7.44931E4	6.70995E4	5.94423E4	5.70747E4	5.04992E4	4.62477E4	4.11859E4	3.52024E4	2.98261E4
