300	2.82385E5	1.78352E5	1.93544E5	2.64048E6	4.60246E5	3.43087E5	3.18876E7	1.32276E5	1.96604E4	1.30132E4	8807.04823	6626.37991	5124.12433	4075.60895	4294.13456	3506.6217	2844.62079	2666.95585	2095.16508	2201.4572	1884.21795	1575.58839
302	3.14322E5	1.88507E5	2.14083E5	1.80418E6	7.74178E5	2.42493E5	2.79421E7	1.49069E6	2.19178E4	1.23174E4	9550.82183	6821.01867	5511.37707	4452.94851	4100.56909	3543.25682	3254.32999	2459.9379	2420.66437	2174.81061	1921.35877	1903.06785
304	3.3283E5	2.03549E5	2.32648E5	1.06492E6	1.35886E6	2.39363E5	1.8007E7	6.45934E6	2.60402E4	1.26696E4	9514.09063	6558.80176	5542.8127	5268.04094	3902.61965	3491.73409	2868.93917	2699.04547	2547.89246	2582.34417	2097.02786	1712.08939
306	3.30107E5	2.17608E5	2.43714E5	6.19161E5	2.08451E6	2.40518E5	7.89065E6	1.60585E7	3.29139E4	1.48482E4	1.02694E4	6998.33129	5305.16095	4462.83279	4189.21905	3662.49865	3008.57188	2501.50939	2466.51192	2282.01842	1813.80382	1783.40723
308	3.36394E5	2.32912E5	2.57461E5	4.46829E5	2.73823E6	2.49991E5	1.96509E6	2.66601E7	4.57395E4	1.40825E4	1.07138E4	7002.32289	5695.50818	4713.44492	4202.33236	3829.80385	2748.27298	2485.94161	2371.79285	2366.59014	2348.73991	1666.71907
310	3.71747E5	2.22731E5	2.70278E5	3.98388E5	2.86552E6	2.76749E5	3.02346E5	3.1546E7	1.28139E5	1.74594E4	1.06273E4	7766.63697	5560.40654	4862.88185	3956.92781	3364.84456	2912.13517	2725.99847	2377.81831	2332.14563	1460.76303	1896.5098
312	4.21998E5	2.38952E5	2.79054E5	3.89693E5	2.49384E6	3.65685E5	1.72754E5	2.77061E7	1.43958E6	1.92884E4	1.09355E4	7680.05007	5728.13648	4906.58732	3822.13537	3223.28494	2783.24077	2548.80158	2382.12711	2540.22262	1951.00091	1633.02347
314	4.06093E5	2.54248E5	2.91379E5	3.9725E5	1.73871E6	6.34257E5	1.62734E5	1.73483E7	6.67411E6	2.18299E4	1.17647E4	7885.56493	5841.36651	4675.15582	3629.96349	3247.83257	2855.64142	2787.8896	2449.0046	1985.94381	1895.40169	1532.00274
316	4.09851E5	2.72392E5	3.13531E5	4.02362E5	1.09906E6	1.10541E6	1.57339E5	7.15059E6	1.60863E7	2.73971E4	1.16061E4	8706.4639	5894.44343	5182.78591	3995.40367	3365.1262	2921.42436	2559.03131	2432.35255	1821.51536	2045.38686	1704.799
318	3.94659E5	2.83925E5	3.22746E5	4.08944E5	6.84549E5	1.73435E6	1.58192E5	1.72834E6	2.48305E7	4.12206E4	1.36452E4	8324.39672	6132.26983	5394.53827	4043.88976	3162.52372	3083.40266	2328.6515	1802.97372	2040.97805	1959.5927	1992.78649
320	4.30339E5	2.95778E5	3.27827E5	4.2088E5	5.32299E5	2.27336E6	1.64509E5	2.37423E5	2.81624E7	1.19695E5	1.43517E4	8932.0674	6571.88453	4777.92959	3987.4427	3634.69032	2935.26188	2587.83406	2206.41846	2146.76879	1895.30918	1830.30501
322	4.58945E5	3.01827E5	3.39494E5	4.30276E5	4.87261E5	2.38647E6	1.86867E5	1.43603E5	2.41145E7	1.27733E6	1.52913E4	9202.07245	7158.86435	5237.24081	3721.51364	3365.95498	2811.02475	2291.61373	2145.84313	2078.95631	1897.96638	1665.31466
324	4.69919E5	3.29356E5	3.71509E5	4.26397E5	4.79945E5	2.08254E6	2.6594E5	1.30602E5	1.52045E7	5.58603E6	1.88307E4	1.00043E4	7256.81141	5265.96298	4256.20328	3826.11762	2846.84416	2602.85512	2278.65575	2111.79896	1671.29336	1994.83471
326	5.01858E5	3.4419E5	3.77473E5	4.41302E5	4.70652E5	1.52237E6	4.4992E5	1.34742E5	6.38804E6	1.3359E7	2.44691E4	9950.12974	7480.70274	5308.53139	3945.78244	3241.87334	2702.78231	2388.42873	2043.18769	2030.67427	1548.74354	1648.13872
328	5.00963E5	3.47501E5	3.93057E5	4.63147E5	4.88512E5	1.01163E6	8.04817E5	1.3694E5	1.61495E6	2.08434E7	3.62475E4	1.13706E4	6911.03687	5360.63928	4152.81816	3553.83516	2773.2099	2234.48377	1919.15738	2123.59271	1812.37836	1501.27037
330	5.22846E5	3.79551E5	3.94703E5	4.69703E5	5.01662E5	6.51947E5	1.3067E6	1.46671E5	2.31138E5	2.43428E7	9.12544E4	1.28307E4	6994.45341	5768.92373	4040.45277	3807.40614	2844.671	2785.96917	2273.96318	2060.71294	2006.89747	1695.16401
332	5.78994E5	3.79891E5	4.06768E5	4.83305E5	5.04323E5	4.91176E5	1.75502E6	1.52396E5	1.33546E5	2.1506E7	1.03383E6	1.45701E4	8117.30593	5576.38855	4423.87899	3285.63967	2697.6909	2280.57123	2206.93331	1683.86374	1914.52397	1913.08562
334	5.55847E5	3.98291E5	4.14869E5	4.77243E5	5.00101E5	4.38863E5	1.94668E6	1.68798E5	1.27054E5	1.42111E7	4.74017E6	1.67922E4	8126.41706	6445.17706	4178.03517	3425.6215	2494.60467	2406.1492	2085.60707	1850.03298	1565.98579	1730.00641
336	5.82469E5	3.97915E5	4.22963E5	4.73065E5	5.08878E5	4.32497E5	1.8007E6	2.23405E5	1.27566E5	6.18843E6	1.15916E7	2.1672E4	8768.46644	6560.08	4265.8991	3288.48829	2848.21884	2382.45047	2181.56272	1873.13568	1708.75282	1586.18242
338	6.04559E5	4.18693E5	4.46309E5	4.91738E5	5.07089E5	4.40956E5	1.41086E6	3.46321E5	1.31354E5	1.66919E6	1.79601E7	3.03276E4	9556.62921	6159.50315	4372.13427	3671.02056	2669.47198	2425.0269	1933.68992	2001.33052	1997.27009	1759.08865
340	6.43675E5	4.37856E5	4.35513E5	4.86631E5	5.20944E5	4.43311E5	9.32575E5	6.30525E5	1.37034E5	2.36844E5	2.08166E7	7.84945E4	1.14988E4	6372.56108	4701.19936	3428.07367	2863.82356	2391.12276	2184.52943	1658.46585	1571.00275	1587.90853
342	6.41074E5	4.60714E5	4.49207E5	4.95784E5	5.24627E5	4.54179E5	6.01031E5	9.9465E5	1.43505E5	1.25559E5	1.85188E7	8.2567E5	1.20205E4	6936.62751	5301.81127	3493.23457	2653.93343	2207.31066	1761.88546	1839.43622	1762.41824	1575.78833
344	6.95234E5	4.65905E5	4.654E5	5.00963E5	5.30622E5	4.61903E5	4.29369E5	1.39397E6	1.58308E5	1.17411E5	1.20624E7	4.12187E6	1.43778E4	7504.77173	4976.34833	3471.3749	2385.1086	2395.36051	2172.80609	1632.71866	1262.55233	1566.33871
346	6.78279E5	4.89619E5	4.62647E5	5.07181E5	5.23581E5	4.75399E5	3.75426E5	1.61026E6	1.74066E5	1.23339E5	5.30881E6	9.90592E6	1.77215E4	7821.35826	5039.53075	3709.8164	2549.15395	2171.9068	1906.118	1736.4437	1575.17086	1395.13465
348	6.87995E5	5.11857E5	4.89303E5	5.10569E5	5.35342E5	4.76007E5	3.81029E5	1.56132E6	2.19528E5	1.32829E5	1.28944E6	1.55339E7	2.59421E4	8251.46095	5378.24789	3764.67962	2729.25099	2194.56994	2085.55102	1812.39423	1585.23942	1312.5735
350	7.16111E5	5.25418E5	4.84043E5	5.14314E5	5.33017E5	4.92371E5	3.85732E5	1.2754E6	3.10681E5	1.40771E5	2.0067E5	1.76547E7	5.71511E4	9279.44502	5220.58458	4055.0583	2451.72563	2157.33702	2176.00508	1842.82251	1337.82233	1455.81499
352	7.39868E5	5.55082E5	5.07376E5	5.09647E5	5.34575E5	4.98701E5	3.98653E5	8.93237E5	5.1284E5	1.53223E5	1.21861E5	1.55248E7	7.24667E5	1.03723E4	5678.57466	4025.69958	2929.81015	2562.09127	1880.7508	1956.52797	1655.39998	1408.90957
354	7.77436E5	5.53362E5	5.10505E5	5.2372E5	5.32854E5	5.04619E5	4.11649E5	6.15114E5	7.90751E5	1.64246E5	1.17438E5	1.03618E7	3.36121E6	1.28217E4	5813.84791	4029.55285	2995.96603	2071.9738	1926.37285	1771.62092	1584.26406	1466.02554
356	7.74947E5	5.76554E5	5.30472E5	5.23399E5	5.40156E5	5.16373E5	4.26828E5	4.54729E5	1.0987E6	1.79539E5	1.21187E5	4.5256E6	8.46092E6	1.68542E4	6105.59509	4074.09201	2936.58522	2216.79245	1886.13531	1538.42081	1352.67394	1387.54612
358	8.01583E5	6.1503E5	5.49812E5	5.34503E5	5.47808E5	5.25677E5	4.44844E5	4.0112E5	1.31051E6	1.97581E5	1.30341E5	1.18826E6	1.3387E7	2.37431E4	6822.39251	3995.98124	2864.53692	2473.91101	1790.80427	1787.40603	1472.61531	1497.21381
360	8.276E5	6.44567E5	5.69854E5	5.44338E5	5.5829E5	5.42681E5	4.66133E5	3.95892E5	1.33377E6	2.3304E5	1.45113E5	1.89152E5	1.55927E7	5.52249E4	7813.86456	4628.13213	3493.18657	2457.50113	1837.55075	1535.51739	1625.67257	1224.08279
362	8.37857E5	6.71108E5	5.83253E5	5.62926E5	5.61695E5	5.52814E5	4.78283E5	4.09161E5	1.16877E6	2.93599E5	1.59256E5	1.16339E5	1.42384E7	6.23304E5	9037.1968	4764.76813	3284.79341	2342.97858	1846.49026	1711.81236	1274.18238	1282.08602
364	8.93361E5	7.06481E5	5.92276E5	5.66057E5	5.75488E5	5.62597E5	4.97131E5	4.31021E5	9.01888E5	4.18331E5	1.73891E5	1.11563E5	9.88384E6	3.10173E6	1.0464E4	4985.33421	3286.38668	2523.60131	1856.26311	1610.97554	1296.95629	1388.99701
366	9.02377E5	7.38816E5	6.29468E5	5.97288E5	5.84256E5	5.7178E5	5.2398E5	4.53219E5	6.5786E5	6.29194E5	1.90033E5	1.16647E5	4.43282E6	8.05911E6	1.40813E4	5713.33763	3334.04365	2685.37354	1803.69335	1723.59702	1562.31469	1245.82824
368	9.29006E5	7.66533E5	6.52142E5	5.97641E5	5.9163E5	5.86971E5	5.41546E5	4.77374E5	5.09263E5	8.79553E5	2.05511E5	1.27841E5	1.20729E6	1.25432E7	2.03617E4	5796.70785	3290.58859	2773.82941	1995.54742	1814.51429	1415.4815	1251.76481
370	9.94021E5	8.00369E5	6.75747E5	6.17111E5	6.02434E5	6.07718E5	5.61987E5	5.01776E5	4.58383E5	1.09415E6	2.27179E5	1.39958E5	1.73649E5	1.44713E7	5.02943E4	6992.73913	3887.15444	2901.64964	1953.06441	1721.85597	1580.36047	1404.84853
372	1.03802E6	8.51664E5	7.09625E5	6.35166E5	6.20907E5	6.16705E5	5.85433E5	5.19832E5	4.54626E5	1.17226E6	2.53005E5	1.53858E5	1.04141E5	1.28803E7	6.15459E5	7592.1803	3868.85985	2795.01025	1929.02836	1798.47114	1390.53243	1195.08122
374	1.00412E6	8.57164E5	7.22082E5	6.47136E5	6.33787E5	6.22753E5	6.0064E5	5.46609E5	4.67856E5	1.08644E6	3.07183E5	1.66418E5	1.01315E5	8.5868E6	2.95716E6	9777.99949	4082.12941	2944.1756	1865.33531	1853.29415	1463.86462	1458.37082
376	1.08345E6	9.09185E5	7.523E5	6.7035E5	6.45901E5	6.46128E5	6.1816E5	5.69826E5	4.93049E5	9.01726E5	3.96765E5	1.81144E5	1.0416E5	3.73834E6	7.08079E6	1.25443E4	4295.87584	2814.82073	2361.51965	1905.3059	1524.48225	1510.31718
378	1.09474E6	9.6625E5	7.83744E5	6.91068E5	6.53095E5	6.62513E5	6.51205E5	6.01683E5	5.14918E5	7.09262E5	5.54282E5	1.97801E5	1.11916E5	9.15637E5	1.09794E7	1.89058E4	4724.22585	3045.56908	2512.5506	1726.83677	1309.06314	1377.71444
380	1.15497E6	9.65411E5	8.18755E5	6.99277E5	6.76682E5	6.77809E5	6.69333E5	6.2202E5	5.33849E5	5.73425E5	7.46097E5	2.1499E5	1.25798E5	1.43641E5	1.25219E7	4.22142E4	5689.29	3303.6329	2617.12086	1834.42438	1537.63356	1341.64452
382	1.21092E6	1.03344E6	8.42215E5	7.29268E5	6.96146E5	6.98867E5	6.99895E5	6.54786E5	5.63833E5	5.19107E5	9.24701E5	2.31067E5	1.40307E5	9.81873E4	1.13653E7	4.86021E5	6488.79348	3289.1803	2424.30027	1812.95617	1784.72531	1319.41104
384	1.24679E6	1.0595E6	8.81541E5	7.55788E5	7.0975E5	7.24765E5	7.26443E5	6.77814E5	5.8895E5	5.07763E5	1.04307E6	2.56887E5	1.51859E5	9.5465E4	7.85047E6	2.48918E6	8527.27484	3786.87004	2527.97261	1979.23056	1583.41383	1526.28091
386	1.28837E6	1.12011E6	9.07165E5	7.72061E5	7.4088E5	7.46874E5	7.41909E5	7.07096E5	6.14504E5	5.20833E5	1.03379E6	2.9394E5	1.69685E5	1.00842E5	3.53636E6	6.42005E6	1.10945E4	3819.66211	2742.04353	2229.10153	1589.77445	1443.73584
388	1.34389E6	1.1438E6	9.54648E5	7.9537E5	7.55711E5	7.69682E5	7.67189E5	7.29133E5	6.40984E5	5.39426E5	9.25605E5	3.57298E5	1.84406E5	1.08389E5	9.92634E5	1.01209E7	1.69015E4	4554.60125	2934.27235	2354.10795	1826.14735	1432.69606
390	1.36678E6	1.18966E6	9.90394E5	8.30626E5	7.83457E5	7.90943E5	7.96539E5	7.60486E5	6.73939E5	5.65576E5	7.72219E5	4.70037E5	2.00639E5	1.21338E5	1.54585E5	1.19528E7	4.02189E4	5326.78733	3075.68058	2746.88014	1595.53118	1362.90976
392	1.37053E6	1.2384E6	1.02804E6	8.51743E5	7.88795E5	8.11282E5	8.13662E5	7.89169E5	6.98322E5	5.86239E5	6.37138E5	6.34364E5	2.21328E5	1.33918E5	9.13949E4	1.10013E7	5.1955E5	6766.3897	3460.97064	2782.24516	1658.85031	1486.10512
394	1.46021E6	1.28409E6	1.0521E6	8.7127E5	8.14427E5	8.2919E5	8.42482E5	8.14345E5	7.17743E5	6.11934E5	5.64189E5	7.9585E5	2.40704E5	1.51517E5	9.00409E4	7.89032E6	2.36291E6	8437.18	3792.83891	2858.01524	2038.762	1657.16309
396	1.49873E6	1.33148E6	1.0967E6	9.11605E5	8.48004E5	8.48277E5	8.5813E5	8.39005E5	7.45593E5	6.34671E5	5.43155E5	9.28622E5	2.63263E5	1.65322E5	9.32923E4	3.64566E6	6.00928E6	1.10075E4	3887.81606	2766.66966	2243.87956	1632.57825
398	1.54005E6	1.34929E6	1.12861E6	9.33162E5	8.59066E5	8.70418E5	8.78895E5	8.58267E5	7.69442E5	6.62891E5	5.51871E5	9.59674E5	2.9303E5	1.81077E5	9.9845E4	9.97186E5	9.33963E6	1.68957E4	4336.22205	2582.28093	2045.45127	1788.05839
400	1.55919E6	1.39887E6	1.15981E6	9.68385E5	8.82658E5	8.93039E5	9.04808E5	8.86151E5	7.97113E5	6.87175E5	5.7506E5	9.02915E5	3.40862E5	1.98957E5	1.11755E5	1.49219E5	1.08058E7	3.60281E4	4894.68229	2722.88226	2358.39315	1730.62619
402	1.64941E6	1.46821E6	1.20565E6	1.00276E6	9.14418E5	9.20897E5	9.2919E5	9.04304E5	8.2608E5	7.10699E5	5.99958E5	7.95456E5	4.20407E5	2.15334E5	1.22483E5	8.53746E4	9.65968E6	4.87105E5	6506.47357	2966.76469	2368.03183	1825.80602
404	1.67145E6	1.49184E6	1.23962E6	1.02312E6	9.41782E5	9.4086E5	9.48838E5	9.30568E5	8.48372E5	7.39902E5	6.21824E5	6.76035E5	5.37536E5	2.36138E5	1.38889E5	8.18808E4	6.44608E6	2.31534E6	7560.10977	3491.35028	2260.09092	1944.03692
406	1.72067E6	1.52577E6	1.28787E6	1.05975E6	9.66217E5	9.61197E5	9.68956E5	9.47686E5	8.70246E5	7.67548E5	6.49451E5	6.0368E5	6.7622E5	2.53019E5	1.50127E5	8.48201E4	2.82594E6	5.67011E6	9327.65451	3688.06665	2579.75598	2273.77799
408	1.73689E6	1.55088E6	1.29771E6	1.09143E6	9.8222E5	9.80031E5	9.826E5	9.66539E5	8.96294E5	7.89278E5	6.68919E5	5.70785E5	8.09909E5	2.73801E5	1.62382E5	9.14075E4	7.0746E5	8.85991E6	1.47644E4	4215.85393	2603.55971	2193.75922
410	1.81551E6	1.57839E6	1.33348E6	1.11813E6	1.00296E6	9.93425E5	9.99134E5	9.87807E5	9.12664E5	8.08021E5	6.94011E5	5.70832E5	8.85819E5	2.96865E5	1.78673E5	9.9938E4	1.09225E5	1.0223E7	3.01963E4	4708.26152	2544.37726	2291.72724
412	1.82051E6	1.6404E6	1.36728E6	1.14544E6	1.02851E6	1.0027E6	1.01249E6	1.00065E6	9.30342E5	8.29734E5	7.09672E5	5.80128E5	8.78251E5	3.33107E5	1.91279E5	1.10455E5	7.50576E4	9.17516E6	3.39838E5	5581.17575	2819.61209	2100.16046
414	1.82289E6	1.63907E6	1.41747E6	1.16285E6	1.03652E6	1.02165E6	1.01978E6	1.01094E6	9.45271E5	8.4795E5	7.34657E5	6.01092E5	8.08997E5	3.88829E5	2.07354E5	1.18333E5	7.26929E4	6.29708E6	1.75218E6	7037.79373	2893.11341	2108.80495
416	1.85545E6	1.68963E6	1.43555E6	1.18753E6	1.05716E6	1.02983E6	1.03632E6	1.01873E6	9.65367E5	8.69591E5	7.55628E5	6.19587E5	7.12099E5	4.72065E5	2.20226E5	1.29857E5	7.45006E4	2.83141E6	4.76107E6	9225.18121	3261.32248	2369.6443
418	1.92366E6	1.69328E6	1.46026E6	1.21503E6	1.07226E6	1.0428E6	1.03679E6	1.03285E6	9.75201E5	8.86712E5	7.71442E5	6.37368E5	6.30945E5	5.85218E5	2.32483E5	1.42703E5	8.08705E4	7.36941E5	7.96332E6	1.38665E4	3809.98264	2557.9716
420	1.92284E6	1.73203E6	1.47448E6	1.23272E6	1.08851E6	1.0495E6	1.04346E6	1.03281E6	9.88039E5	9.02838E5	7.88003E5	6.56653E5	5.79128E5	7.02738E5	2.52415E5	1.53513E5	8.64253E4	1.09511E5	9.57619E6	2.93628E4	4352.06204	2340.43626
422	1.93324E6	1.76055E6	1.51643E6	1.25364E6	1.09731E6	1.05964E6	1.05568E6	1.0452E6	9.90228E5	9.149E5	8.04977E5	6.72895E5	5.65086E5	7.93011E5	2.72812E5	1.65541E5	9.54335E4	6.76759E4	8.7726E6	3.72725E5	5199.75194	2689.50966
424	1.98198E6	1.76139E6	1.52184E6	1.26878E6	1.12063E6	1.06647E6	1.05161E6	1.04665E6	1.00041E6	9.27879E5	8.22414E5	6.91528E5	5.63771E5	8.25826E5	2.95908E5	1.76547E5	1.03668E5	6.53144E4	6.05304E6	1.82206E6	6390.83027	2674.90775
426	1.9496E6	1.76813E6	1.56314E6	1.29145E6	1.13048E6	1.06608E6	1.05662E6	1.04895E6	1.01029E6	9.35126E5	8.41159E5	7.02898E5	5.79984E5	7.83666E5	3.30325E5	1.90791E5	1.12492E5	6.66936E4	2.61624E6	4.85925E6	8674.97469	3057.48429
428	1.97022E6	1.82565E6	1.58073E6	1.31694E6	1.15053E6	1.07498E6	1.05329E6	1.05779E6	1.01159E6	9.46801E5	8.48718E5	7.21123E5	5.93718E5	7.06402E5	3.88903E5	2.02139E5	1.24574E5	7.09993E4	6.44532E5	7.85857E6	1.28475E4	3330.55563
430	2.0137E6	1.81536E6	1.56932E6	1.32574E6	1.14913E6	1.07964E6	1.05304E6	1.04859E6	1.02194E6	9.57881E5	8.63027E5	7.37403E5	6.05921E5	6.29519E5	4.69561E5	2.14538E5	1.3298E5	7.68102E4	9.48412E4	9.12947E6	2.79816E4	3972.04253
432	1.97643E6	1.81356E6	1.60693E6	1.33543E6	1.1614E6	1.08928E6	1.05505E6	1.05467E6	1.02159E6	9.61641E5	8.72897E5	7.4914E5	6.23837E5	5.70752E5	5.61751E5	2.2858E5	1.43224E5	8.23269E4	6.07141E4	8.00217E6	3.46434E5	4933.77655
434	1.95926E6	1.8239E6	1.61741E6	1.36389E6	1.17841E6	1.08364E6	1.05405E6	1.05565E6	1.02432E6	9.66295E5	8.83566E5	7.65129E5	6.36205E5	5.43245E5	6.44138E5	2.42892E5	1.52948E5	9.12303E4	5.86818E4	5.13736E6	1.7176E6	5970.43142
436	1.96199E6	1.85675E6	1.62462E6	1.37234E6	1.17257E6	1.08967E6	1.0596E6	1.05258E6	1.02819E6	9.74246E5	8.94775E5	7.72399E5	6.4816E5	5.42104E5	6.91807E5	2.58387E5	1.63955E5	9.90042E4	6.09429E4	2.17221E6	4.35176E6	7693.90666
438	2.00283E6	1.85883E6	1.64472E6	1.38011E6	1.18662E6	1.08696E6	1.05391E6	1.04891E6	1.02831E6	9.76658E5	8.95956E5	7.791E5	6.58419E5	5.48661E5	6.94357E5	2.81745E5	1.73714E5	1.07866E5	6.39605E4	5.44764E5	7.08614E6	1.09346E4
440	1.99513E6	1.84065E6	1.65594E6	1.38987E6	1.18538E6	1.07784E6	1.03785E6	1.04058E6	1.02345E6	9.78588E5	9.06571E5	7.88394E5	6.68793E5	5.57402E5	6.56041E5	3.14615E5	1.83744E5	1.15607E5	6.77981E4	8.21937E4	8.41259E6	2.00894E4
442	1.95258E6	1.84083E6	1.6396E6	1.39199E6	1.18472E6	1.08097E6	1.03687E6	1.03141E6	1.01428E6	9.77003E5	9.05176E5	7.97205E5	6.82589E5	5.71097E5	5.87972E5	3.6674E5	1.94194E5	1.23072E5	7.27397E4	5.66818E4	7.58343E6	2.10615E5
444	1.94348E6	1.86624E6	1.66094E6	1.40104E6	1.18428E6	1.07956E6	1.03027E6	1.02407E6	1.01812E6	9.73931E5	9.07673E5	8.00073E5	6.88252E5	5.78272E5	5.28423E5	4.30851E5	2.02563E5	1.31584E5	7.94623E4	5.547E4	5.04045E6	1.17344E6
446	1.96822E6	1.85388E6	1.66839E6	1.4091E6	1.18357E6	1.08026E6	1.02132E6	1.02078E6	1.00674E6	9.76058E5	9.13545E5	8.06342E5	6.93885E5	5.8786E5	4.85028E5	5.01837E5	2.13484E5	1.39919E5	8.66068E4	5.61534E4	2.20038E6	3.51737E6
448	1.96127E6	1.84499E6	1.66221E6	1.41577E6	1.19935E6	1.07475E6	1.01766E6	1.00987E6	1.00224E6	9.69955E5	9.12865E5	8.07028E5	7.04178E5	5.91137E5	4.69145E5	5.65255E5	2.26885E5	1.47414E5	9.41462E4	5.92007E4	5.52908E5	6.28392E6
450	1.98389E6	1.83715E6	1.66624E6	1.41169E6	1.2003E6	1.07028E6	1.00654E6	1.01002E6	1.00133E6	9.71248E5	9.09139E5	8.17682E5	7.08011E5	6.03656E5	4.67806E5	5.93018E5	2.42235E5	1.57378E5	1.0044E5	6.30501E4	8.38399E4	7.88023E6
452	2.00603E6	1.86603E6	1.65411E6	1.42513E6	1.1978E6	1.06882E6	1.00066E6	9.94561E5	9.89117E5	9.64545E5	9.07955E5	8.18385E5	7.16902E5	6.12509E5	4.75266E5	5.84914E5	2.6787E5	1.67078E5	1.09642E5	6.83896E4	5.20515E4	7.31959E6
454	1.93595E6	1.85572E6	1.66666E6	1.41971E6	1.18679E6	1.06652E6	9.92748E5	9.94934E5	9.81042E5	9.57337E5	9.03644E5	8.13559E5	7.16377E5	6.17522E5	4.80866E5	5.43598E5	3.03644E5	1.74135E5	1.17064E5	7.25086E4	4.96512E4	4.89503E6
456	1.97283E6	1.83617E6	1.65283E6	1.42997E6	1.19346E6	1.05667E6	9.9016E5	9.70979E5	9.63322E5	9.48595E5	8.95731E5	8.10322E5	7.16681E5	6.21749E5	4.85619E5	4.88795E5	3.53651E5	1.82786E5	1.21711E5	7.82327E4	5.15394E4	2.0682E6
458	1.93037E6	1.81348E6	1.62846E6	1.42453E6	1.18423E6	1.04587E6	9.77307E5	9.67336E5	9.53452E5	9.3984E5	8.93843E5	8.07409E5	7.19337E5	6.29816E5	4.9312E5	4.43633E5	4.1052E5	1.90965E5	1.30831E5	8.53723E4	5.31143E4	4.98905E5
460	1.88899E6	1.81621E6	1.65544E6	1.40986E6	1.18439E6	1.05049E6	9.58771E5	9.47051E5	9.49402E5	9.29017E5	8.90913E5	8.08973E5	7.17941E5	6.34634E5	4.91933E5	4.13966E5	4.63954E5	1.9826E5	1.36182E5	9.21597E4	5.60001E4	7.65276E4
462	1.85013E6	1.81692E6	1.61971E6	1.40319E6	1.18658E6	1.03772E6	9.49679E5	9.38813E5	9.30114E5	9.15627E5	8.79104E5	8.08269E5	7.19218E5	6.30437E5	5.02027E5	3.96476E5	5.01335E5	2.08308E5	1.45079E5	9.95619E4	5.9375E4	4.70325E4
464	1.82917E6	1.77999E6	1.64215E6	1.3956E6	1.17623E6	1.02757E6	9.42374E5	9.22668E5	9.24394E5	9.02715E5	8.72447E5	7.9787E5	7.18644E5	6.33869E5	5.04795E5	3.95821E5	5.07545E5	2.23537E5	1.49989E5	1.03288E5	6.43845E4	4.59246E4
466	1.87825E6	1.76054E6	1.6175E6	1.40241E6	1.16559E6	1.01734E6	9.35391E5	9.15578E5	9.09397E5	8.97901E5	8.66304E5	7.95193E5	7.17647E5	6.36397E5	5.06862E5	4.01061E5	4.84583E5	2.44274E5	1.55841E5	1.08265E5	6.79369E4	4.60898E4
468	1.99652E6	1.73549E6	1.61823E6	1.38535E6	1.16351E6	1.0058E6	9.23938E5	9.05676E5	8.96338E5	8.87803E5	8.56983E5	7.92858E5	7.116E5	6.40569E5	5.13591E5	4.01427E5	4.47309E5	2.75602E5	1.61783E5	1.12955E5	7.26701E4	4.82407E4
470	2.44786E6	1.74703E6	1.60267E6	1.38485E6	1.16243E6	9.99879E5	9.17897E5	8.95249E5	8.86106E5	8.78482E5	8.46554E5	7.77678E5	7.1124E5	6.39783E5	5.12516E5	4.0719E5	3.99419E5	3.1492E5	1.67667E5	1.17723E5	7.68379E4	4.95609E4
472	3.51736E6	1.69382E6	1.57816E6	1.37697E6	1.15357E6	9.93557E5	9.03075E5	8.72832E5	8.68543E5	8.65458E5	8.34272E5	7.78347E5	7.06733E5	6.34921E5	5.20538E5	4.10097E5	3.66829E5	3.63331E5	1.72061E5	1.22203E5	8.18524E4	5.21715E4
474	5.38324E6	1.69168E6	1.55812E6	1.35366E6	1.14445E6	9.84519E5	8.96521E5	8.6499E5	8.58154E5	8.47962E5	8.23663E5	7.70285E5	7.04002E5	6.35665E5	5.18966E5	4.124E5	3.45875E5	4.04639E5	1.79175E5	1.29082E5	8.74267E4	5.53262E4
476	8.01962E6	1.67821E6	1.54431E6	1.35115E6	1.13496E6	9.7258E5	8.82334E5	8.55709E5	8.48006E5	8.36978E5	8.13649E5	7.5857E5	6.96979E5	6.31814E5	5.15647E5	4.13425E5	3.36429E5	4.31013E5	1.87514E5	1.32976E5	9.12904E4	5.81386E4
478	1.14208E7	1.66629E6	1.53942E6	1.3415E6	1.12981E6	9.63902E5	8.65878E5	8.38201E5	8.3296E5	8.21254E5	8.00839E5	7.49394E5	6.84783E5	6.2837E5	5.15836E5	4.14875E5	3.34794E5	4.35205E5	1.99722E5	1.36761E5	9.48099E4	6.19694E4
480	1.45157E7	1.62863E6	1.51977E6	1.31701E6	1.10475E6	9.45595E5	8.55585E5	8.27882E5	8.12481E5	8.08718E5	7.86877E5	7.35783E5	6.80539E5	6.2501E5	5.15005E5	4.15038E5	3.34225E5	4.07764E5	2.203E5	1.4194E5	1.00077E5	6.5191E4
482	1.60914E7	1.6443E6	1.50552E6	1.30108E6	1.10524E6	9.41002E5	8.38727E5	8.14561E5	7.98966E5	7.92215E5	7.70985E5	7.2222E5	6.74266E5	6.1669E5	5.11895E5	4.15663E5	3.33059E5	3.69793E5	2.47172E5	1.44829E5	1.01683E5	7.10244E4
484	1.56509E7	1.58805E6	1.47482E6	1.28974E6	1.09011E6	9.28216E5	8.26394E5	7.97151E5	7.84438E5	7.746E5	7.58565E5	7.18767E5	6.6776E5	6.10557E5	5.10181E5	4.16435E5	3.36292E5	3.33438E5	2.83065E5	1.49066E5	1.07121E5	7.42956E4
486	1.33509E7	1.57623E6	1.44761E6	1.28461E6	1.07245E6	9.1876E5	8.17519E5	7.80687E5	7.70014E5	7.63048E5	7.44345E5	7.06846E5	6.55349E5	6.07278E5	5.08118E5	4.15168E5	3.36808E5	2.99695E5	3.2424E5	1.54322E5	1.10364E5	7.66833E4
488	1.00961E7	1.80329E6	1.43097E6	1.25382E6	1.05792E6	8.9608E5	8.03915E5	7.74505E5	7.54559E5	7.47011E5	7.34811E5	6.88116E5	6.46813E5	6.01817E5	5.1124E5	4.14976E5	3.359E5	2.82653E5	3.50666E5	1.59848E5	1.14055E5	8.14008E4
490	6.45095E6	2.5379E6	1.40916E6	1.24461E6	1.04361E6	8.9647E5	7.88227E5	7.5626E5	7.36958E5	7.30629E5	7.18493E5	6.79466E5	6.3562E5	5.95729E5	5.01485E5	4.137E5	3.37143E5	2.75984E5	3.65862E5	1.65404E5	1.15811E5	8.31559E4
492	3.66904E6	4.14913E6	1.38395E6	1.23587E6	1.02549E6	8.78178E5	7.86675E5	7.36729E5	7.27633E5	7.16774E5	7.00042E5	6.65771E5	6.28258E5	5.87398E5	4.93249E5	4.10032E5	3.33548E5	2.75767E5	3.5867E5	1.79785E5	1.18148E5	8.63905E4
494	2.186E6	6.66301E6	1.36203E6	1.21061E6	1.02041E6	8.63308E5	7.67423E5	7.26626E5	7.11304E5	7.05829E5	6.88748E5	6.53937E5	6.18021E5	5.76905E5	4.89799E5	4.09885E5	3.31412E5	2.74136E5	3.40714E5	1.98316E5	1.21144E5	8.79547E4
496	1.65721E6	1.02534E7	1.3338E6	1.18516E6	9.99427E5	8.49271E5	7.54668E5	7.15863E5	6.98384E5	6.90782E5	6.70308E5	6.43916E5	6.09025E5	5.74677E5	4.85663E5	4.056E5	3.35404E5	2.74385E5	3.06282E5	2.19508E5	1.24892E5	9.16824E4
498	1.58948E6	1.40055E7	1.33188E6	1.17832E6	9.90946E5	8.34736E5	7.41709E5	6.98819E5	6.83508E5	6.74134E5	6.63721E5	6.32878E5	5.978E5	5.65896E5	4.8057E5	4.0375E5	3.32423E5	2.72754E5	2.71799E5	2.49417E5	1.28542E5	9.31951E4
500	1.51914E6	1.72251E7	1.29997E6	1.16655E6	9.80026E5	8.24795E5	7.29929E5	6.87589E5	6.68636E5	6.62583E5	6.48622E5	6.2039E5	5.86921E5	5.60452E5	4.78304E5	4.00565E5	3.31759E5	2.74971E5	2.47612E5	2.77863E5	1.3039E5	9.69859E4
502	1.48926E6	1.85132E7	1.28516E6	1.13126E6	9.62563E5	8.10525E5	7.23329E5	6.72149E5	6.57603E5	6.49242E5	6.35727E5	6.10285E5	5.85887E5	5.49392E5	4.73049E5	3.93446E5	3.29606E5	2.71277E5	2.32475E5	3.01209E5	1.34523E5	9.67988E4
504	1.46789E6	1.76444E7	1.2746E6	1.13378E6	9.49117E5	8.09875E5	7.07608E5	6.59377E5	6.45058E5	6.36494E5	6.24182E5	5.99496E5	5.70072E5	5.42089E5	4.63961E5	3.95142E5	3.28678E5	2.69107E5	2.26276E5	3.0918E5	1.42068E5	9.91439E4
506	1.40268E6	1.47688E7	1.29776E6	1.11357E6	9.40214E5	7.94789E5	6.91528E5	6.5043E5	6.29275E5	6.16007E5	6.06032E5	5.87801E5	5.5516E5	5.31787E5	4.57381E5	3.88238E5	3.22523E5	2.68594E5	2.21707E5	3.01078E5	1.50755E5	1.01549E5
508	1.39863E6	1.10217E7	1.54537E6	1.09458E6	9.17384E5	7.77874E5	6.79415E5	6.36088E5	6.15498E5	6.1301E5	5.96487E5	5.7143E5	5.49507E5	5.24269E5	4.49527E5	3.86554E5	3.22801E5	2.68641E5	2.25059E5	2.81433E5	1.6549E5	1.03655E5
510	1.47765E6	6.80494E6	2.49444E6	1.07227E6	9.03865E5	7.67013E5	6.75687E5	6.23018E5	6.03546E5	5.97888E5	5.82231E5	5.62103E5	5.38019E5	5.08607E5	4.44609E5	3.77486E5	3.17406E5	2.69502E5	2.21159E5	2.51511E5	1.85324E5	1.05545E5
512	1.49771E6	3.54256E6	4.63062E6	1.05478E6	8.88783E5	7.4828E5	6.59179E5	6.10771E5	5.90369E5	5.7643E5	5.68325E5	5.46954E5	5.21493E5	5.02631E5	4.34738E5	3.6978E5	3.16228E5	2.62447E5	2.21776E5	2.24768E5	2.10838E5	1.07067E5
514	1.70238E6	1.89064E6	7.76102E6	1.04641E6	8.76352E5	7.37066E5	6.44488E5	5.99128E5	5.69899E5	5.66501E5	5.56753E5	5.31461E5	5.14145E5	4.94052E5	4.29241E5	3.64007E5	3.12153E5	2.58331E5	2.18071E5	2.03036E5	2.30995E5	1.09349E5
516	1.93236E6	1.37862E6	1.1678E7	1.00706E6	8.64069E5	7.25373E5	6.28429E5	5.88921E5	5.62591E5	5.51065E5	5.4522E5	5.18322E5	5.05153E5	4.82077E5	4.22242E5	3.63082E5	3.09409E5	2.58205E5	2.17557E5	1.90915E5	2.46708E5	1.11614E5
518	2.20643E6	1.31665E6	1.58717E7	9.98552E5	8.43095E5	7.12434E5	6.21934E5	5.64252E5	5.47624E5	5.42197E5	5.27413E5	5.10765E5	4.92467E5	4.74988E5	4.13917E5	3.58709E5	3.05533E5	2.59068E5	2.13873E5	1.83436E5	2.51295E5	1.16751E5
520	2.56753E6	1.20986E6	1.90947E7	9.8435E5	8.24416E5	6.9808E5	6.04175E5	5.60055E5	5.41641E5	5.23423E5	5.19293E5	5.00149E5	4.82674E5	4.62364E5	4.0701E5	3.52036E5	2.96417E5	2.54953E5	2.13413E5	1.79759E5	2.44472E5	1.24468E5
522	2.91288E6	1.19264E6	1.99531E7	9.5824E5	8.05866E5	6.85784E5	6.0327E5	5.50491E5	5.26891E5	5.15162E5	5.0259E5	4.84283E5	4.69887E5	4.51473E5	3.99066E5	3.42943E5	2.97287E5	2.51809E5	2.11818E5	1.7966E5	2.26672E5	1.35774E5
524	3.11362E6	1.16201E6	1.84275E7	9.55107E5	7.90024E5	6.68373E5	5.78132E5	5.32065E5	5.20853E5	5.02818E5	4.93217E5	4.7425E5	4.59062E5	4.46349E5	3.91529E5	3.36731E5	2.91306E5	2.49856E5	2.0698E5	1.76279E5	2.02519E5	1.51631E5
526	3.13757E6	1.12187E6	1.50668E7	9.70359E5	7.86009E5	6.5071E5	5.7595E5	5.23348E5	4.99641E5	4.93848E5	4.80586E5	4.66637E5	4.50828E5	4.34811E5	3.85528E5	3.30584E5	2.87135E5	2.43491E5	2.05008E5	1.73647E5	1.78938E5	1.72624E5
528	2.96284E6	1.0905E6	1.0896E7	1.30463E6	7.70412E5	6.46692E5	5.55589E5	5.16541E5	4.89899E5	4.77097E5	4.69056E5	4.54119E5	4.4156E5	4.24328E5	3.76234E5	3.26506E5	2.82489E5	2.39841E5	2.0376E5	1.72792E5	1.61451E5	1.88563E5
530	2.6035E6	1.08403E6	6.49779E6	2.4198E6	7.41784E5	6.24879E5	5.4811E5	5.07865E5	4.75079E5	4.6572E5	4.57727E5	4.43547E5	4.2659E5	4.14004E5	3.63134E5	3.18591E5	2.77001E5	2.37994E5	2.01204E5	1.70691E5	1.49596E5	2.02105E5
532	2.19623E6	1.10322E6	3.22073E6	4.84836E6	7.29311E5	6.16194E5	5.33903E5	4.90867E5	4.70581E5	4.53996E5	4.47739E5	4.34013E5	4.2039E5	4.05985E5	3.58157E5	3.14673E5	2.70994E5	2.32023E5	1.9785E5	1.69506E5	1.43618E5	2.08203E5
534	1.82758E6	1.20482E6	1.52103E6	8.65531E6	7.20456E5	6.04581E5	5.2769E5	4.80168E5	4.52143E5	4.41119E5	4.36282E5	4.20768E5	4.0736E5	3.989E5	3.499E5	3.08788E5	2.67188E5	2.29263E5	1.96779E5	1.6634E5	1.42474E5	1.99778E5
536	1.41554E6	1.3103E6	1.06327E6	1.31197E7	7.10976E5	5.94579E5	5.11967E5	4.65183E5	4.44437E5	4.2777E5	4.21379E5	4.06909E5	3.99105E5	3.87228E5	3.43465E5	3.01695E5	2.59273E5	2.2404E5	1.96601E5	1.64358E5	1.37315E5	1.8434E5
538	1.17747E6	1.56255E6	9.83987E5	1.75054E7	6.97245E5	5.77477E5	5.03712E5	4.5603E5	4.31542E5	4.17571E5	4.12327E5	3.98073E5	3.87755E5	3.78544E5	3.32659E5	2.92471E5	2.57129E5	2.19202E5	1.90284E5	1.63914E5	1.33638E5	1.64609E5
540	1.00335E6	1.86772E6	9.36483E5	2.07115E7	6.79143E5	5.66997E5	4.85305E5	4.43446E5	4.20603E5	4.11715E5	4.00456E5	3.8375E5	3.79133E5	3.64989E5	3.26414E5	2.8661E5	2.50337E5	2.16728E5	1.86815E5	1.61895E5	1.33492E5	1.42218E5
542	9.3054E5	2.26274E6	9.09303E5	2.12035E7	6.75774E5	5.60538E5	4.76715E5	4.33514E5	4.09594E5	3.96486E5	3.86877E5	3.78669E5	3.63051E5	3.61023E5	3.21331E5	2.76413E5	2.41067E5	2.1338E5	1.8422E5	1.56861E5	1.33619E5	1.26093E5
544	9.21606E5	2.62502E6	8.68579E5	1.91627E7	6.58051E5	5.40151E5	4.63094E5	4.21884E5	3.97628E5	3.87406E5	3.77959E5	3.62285E5	3.5729E5	3.48884E5	3.06627E5	2.72031E5	2.401E5	2.06819E5	1.78672E5	1.53715E5	1.28434E5	1.14855E5
546	8.63035E5	2.90616E6	8.64913E5	1.54385E7	7.01598E5	5.29672E5	4.58161E5	4.11063E5	3.89413E5	3.74554E5	3.7123E5	3.54983E5	3.43909E5	3.41398E5	3.01254E5	2.6566E5	2.35347E5	2.05188E5	1.75719E5	1.54894E5	1.29148E5	1.09142E5
548	8.40784E5	3.03121E6	8.40935E5	1.0691E7	1.13685E6	5.17996E5	4.46552E5	4.03307E5	3.79211E5	3.66116E5	3.58358E5	3.43944E5	3.39081E5	3.29107E5	2.93444E5	2.60027E5	2.28767E5	1.97274E5	1.75367E5	1.51653E5	1.26665E5	1.07341E5
550	8.32435E5	2.96342E6	7.95301E5	6.2486E6	2.51466E6	5.06383E5	4.33276E5	3.93877E5	3.727E5	3.60507E5	3.48064E5	3.34897E5	3.28351E5	3.20412E5	2.8961E5	2.53551E5	2.21872E5	1.96462E5	1.68654E5	1.43752E5	1.22771E5	1.06381E5
552	7.99436E5	2.74637E6	7.86897E5	2.96575E6	5.27283E6	4.99349E5	4.19055E5	3.83768E5	3.62071E5	3.48441E5	3.42739E5	3.26766E5	3.19561E5	3.13211E5	2.78013E5	2.44805E5	2.18047E5	1.89872E5	1.66368E5	1.44621E5	1.22527E5	1.02241E5
554	7.58761E5	2.38482E6	7.92577E5	1.30697E6	9.26334E6	4.91072E5	4.1371E5	3.77469E5	3.53845E5	3.34011E5	3.28303E5	3.16009E5	3.1149E5	3.04142E5	2.72088E5	2.41963E5	2.1139E5	1.90359E5	1.63317E5	1.42086E5	1.19281E5	1.01491E5
556	7.52806E5	1.95521E6	8.08915E5	8.20326E5	1.3867E7	4.80681E5	4.09481E5	3.69507E5	3.38782E5	3.33801E5	3.2517E5	3.08397E5	3.04097E5	2.96538E5	2.64595E5	2.3491E5	2.07896E5	1.83779E5	1.60984E5	1.40728E5	1.16567E5	9.82118E4
558	7.60725E5	1.53443E6	9.22235E5	7.40738E5	1.83737E7	4.62174E5	3.97536E5	3.55764E5	3.30228E5	3.21427E5	3.15252E5	2.99581E5	2.96139E5	2.86904E5	2.58357E5	2.30902E5	2.02236E5	1.80751E5	1.55598E5	1.36308E5	1.14885E5	9.86185E4
560	7.03889E5	1.19315E6	1.11029E6	7.17657E5	2.14274E7	4.61351E5	3.92733E5	3.43741E5	3.27363E5	3.09942E5	3.0506E5	2.95529E5	2.86408E5	2.79618E5	2.49855E5	2.20408E5	1.9889E5	1.7407E5	1.50892E5	1.33747E5	1.13271E5	9.54442E4
562	7.26457E5	9.44727E5	1.37653E6	6.91591E5	2.18757E7	4.60095E5	3.79823E5	3.39035E5	3.11864E5	3.00045E5	2.92149E5	2.82489E5	2.76713E5	2.71371E5	2.46326E5	2.19081E5	1.92558E5	1.71314E5	1.47083E5	1.30513E5	1.10294E5	9.36177E4
564	6.91716E5	7.5837E5	1.72469E6	6.6502E5	1.955E7	4.53472E5	3.66821E5	3.25589E5	3.07439E5	2.92824E5	2.89178E5	2.72794E5	2.66324E5	2.63902E5	2.3673E5	2.10008E5	1.87069E5	1.65434E5	1.4446E5	1.24198E5	1.07635E5	9.01564E4
566	7.02507E5	7.00415E5	2.11575E6	6.41435E5	1.55571E7	5.00953E5	3.59489E5	3.1928E5	2.94866E5	2.84793E5	2.74037E5	2.6417E5	2.60278E5	2.58146E5	2.26696E5	2.04851E5	1.83671E5	1.61507E5	1.43683E5	1.23858E5	1.05564E5	8.8901E4
568	6.44458E5	6.43584E5	2.43313E6	6.33114E5	1.04998E7	9.58173E5	3.55231E5	3.09233E5	2.91567E5	2.74653E5	2.66453E5	2.59457E5	2.51631E5	2.45157E5	2.26065E5	1.99729E5	1.77615E5	1.59058E5	1.38587E5	1.2135E5	1.02574E5	8.8071E4
570	6.84366E5	6.48243E5	2.69658E6	6.13103E5	5.88332E6	2.47954E6	3.46342E5	3.05488E5	2.83911E5	2.70535E5	2.57379E5	2.53211E5	2.46035E5	2.40368E5	2.16997E5	1.95662E5	1.70407E5	1.53485E5	1.36382E5	1.18181E5	1.00834E5	8.74156E4
572	6.43444E5	5.96136E5	2.7312E6	6.01616E5	2.62565E6	5.45007E6	3.37781E5	2.99328E5	2.75522E5	2.62136E5	2.55768E5	2.40395E5	2.38356E5	2.35625E5	2.08864E5	1.87631E5	1.66834E5	1.48353E5	1.32223E5	1.16104E5	1.00202E5	8.32417E4
574	6.29072E5	5.71867E5	2.63471E6	5.82282E5	1.0298E6	9.7151E6	3.27767E5	2.89945E5	2.68295E5	2.51263E5	2.47146E5	2.38564E5	2.29329E5	2.26017E5	2.04803E5	1.80113E5	1.64507E5	1.44873E5	1.27562E5	1.10549E5	9.51605E4	8.20203E4
576	6.13104E5	5.77017E5	2.37416E6	5.86023E5	6.12328E5	1.43872E7	3.22631E5	2.76087E5	2.56217E5	2.49943E5	2.42496E5	2.28104E5	2.224E5	2.20698E5	1.97392E5	1.76891E5	1.59438E5	1.42093E5	1.25275E5	1.10195E5	9.4661E4	7.99535E4
578	5.8817E5	5.74945E5	2.00914E6	6.00903E5	5.78296E5	1.87675E7	3.16169E5	2.71531E5	2.51255E5	2.42174E5	2.28489E5	2.2038E5	2.16793E5	2.11827E5	1.90947E5	1.7179E5	1.55173E5	1.37735E5	1.19075E5	1.0675E5	8.95283E4	7.98987E4
580	6.05984E5	5.33185E5	1.59437E6	6.51633E5	5.54274E5	2.16883E7	3.13962E5	2.65454E5	2.43713E5	2.3213E5	2.222E5	2.16167E5	2.10709E5	2.07736E5	1.86825E5	1.67941E5	1.50057E5	1.34263E5	1.18703E5	1.05459E5	9.03348E4	7.66564E4
582	5.94321E5	5.17839E5	1.22285E6	7.75279E5	5.37418E5	2.19921E7	3.04846E5	2.56113E5	2.37412E5	2.24962E5	2.13918E5	2.07551E5	2.01964E5	1.97915E5	1.83044E5	1.63922E5	1.43916E5	1.30064E5	1.14394E5	1.00727E5	8.80687E4	7.45335E4
584	5.75929E5	5.15551E5	9.15077E5	9.45445E5	5.22787E5	1.93937E7	3.15337E5	2.53613E5	2.29929E5	2.162E5	2.12046E5	2.01384E5	1.9761E5	1.95577E5	1.74875E5	1.5876E5	1.4017E5	1.28893E5	1.12631E5	9.89336E4	8.37618E4	7.3277E4
586	5.61742E5	4.8667E5	6.98538E5	1.22999E6	5.22235E5	1.50293E7	3.5863E5	2.44573E5	2.28641E5	2.13343E5	2.03391E5	1.97199E5	1.91967E5	1.85254E5	1.70546E5	1.54314E5	1.35305E5	1.21436E5	1.09336E5	9.59782E4	8.36084E4	7.11396E4
588	5.34197E5	4.98725E5	6.04116E5	1.54884E6	5.13853E5	9.95061E6	8.18749E5	2.44308E5	2.1752E5	2.05342E5	1.98758E5	1.89701E5	1.83206E5	1.79998E5	1.68508E5	1.48308E5	1.31925E5	1.19036E5	1.04759E5	9.27381E4	7.96042E4	6.82095E4
590	5.88548E5	4.73479E5	5.23721E5	1.89264E6	5.09875E5	5.34431E6	2.45447E6	2.34492E5	2.07706E5	1.94754E5	1.9205E5	1.82366E5	1.77662E5	1.7416E5	1.60028E5	1.45308E5	1.25835E5	1.14112E5	1.0196E5	8.93248E4	7.98501E4	6.70175E4
592	5.46685E5	4.79109E5	5.16435E5	2.19E6	5.05526E5	2.18809E6	5.69319E6	2.34413E5	2.04502E5	1.92384E5	1.88136E5	1.80877E5	1.72794E5	1.68865E5	1.51381E5	1.37009E5	1.23913E5	1.12119E5	9.99308E4	8.75862E4	7.61286E4	6.55673E4
594	5.71719E5	4.60608E5	4.8715E5	2.39809E6	5.02378E5	8.03405E5	1.01384E7	2.28252E5	2.02264E5	1.89024E5	1.76363E5	1.72062E5	1.67008E5	1.62492E5	1.47724E5	1.33378E5	1.20471E5	1.05224E5	9.61846E4	8.54915E4	7.20871E4	6.1592E4
596	5.00702E5	4.64772E5	4.82766E5	2.45118E6	5.0457E5	4.70463E5	1.50896E7	2.20691E5	1.96994E5	1.83593E5	1.70661E5	1.68003E5	1.62184E5	1.60236E5	1.42272E5	1.27249E5	1.18036E5	1.03483E5	9.26992E4	8.41642E4	7.26411E4	6.17323E4
598	5.00585E5	4.78339E5	4.61221E5	2.34799E6	4.8616E5	4.27509E5	1.9377E7	2.13493E5	1.89003E5	1.73428E5	1.70996E5	1.62788E5	1.56039E5	1.56587E5	1.40153E5	1.25108E5	1.12773E5	1.00906E5	9.07913E4	8.02271E4	6.93183E4	6.1561E4
600	5.40878E5	4.36895E5	4.6671E5	2.09405E6	5.17575E5	4.06686E5	2.20806E7	2.19734E5	1.84532E5	1.71975E5	1.68709E5	1.53974E5	1.53975E5	1.48456E5	1.38103E5	1.23761E5	1.08233E5	9.9436E4	8.8274E4	7.85994E4	6.77306E4	5.83795E4
