300	2.12469E5	1.43822E5	1.44914E5	2.53269E6	3.60644E5	2.97036E5	2.66089E7	1.08505E5	1.58196E4	1.03985E4	7605.58028	5461.56447	3666.0826	4028.80715	2987.19399	2846.48966	2428.94533	2003.13777	1571.51987	1660.67637	1839.15909	1282.09556
302	2.26143E5	1.47824E5	1.63469E5	1.70223E6	6.91043E5	2.10063E5	2.31691E7	1.18136E6	1.7946E4	1.02621E4	7741.75139	5195.92607	4072.30269	4229.55865	3249.43304	2727.18653	2270.33046	2121.84573	1959.14226	1611.5604	1487.69194	1225.23618
304	2.45956E5	1.6253E5	1.71877E5	9.54064E5	1.26113E6	2.04238E5	1.48496E7	5.12611E6	2.15352E4	9681.09258	7377.70788	5353.56612	4188.76162	3534.57092	3416.47813	2376.14138	2051.12174	1975.02379	1862.19296	2009.07164	1628.57077	1239.33914
306	2.44793E5	1.83131E5	1.78896E5	5.20013E5	1.97632E6	2.07939E5	6.40164E6	1.30083E7	2.62904E4	1.15692E4	7275.58803	5680.89729	4536.91175	3729.33067	3049.89608	2090.68825	1976.79479	1762.37976	1783.29044	1544.00249	1530.22131	1473.07573
308	2.75199E5	1.70636E5	1.98032E5	3.31516E5	2.62475E6	2.0688E5	1.60817E6	2.19527E7	3.66E4	1.13716E4	8276.24888	5516.83011	4542.31315	3909.12101	3344.58114	2632.93771	2399.34746	1932.3408	1314.94552	1742.26005	1547.65149	1341.85546
310	2.54253E5	1.78631E5	2.05624E5	2.86424E5	2.78182E6	2.30631E5	2.59858E5	2.61726E7	1.01248E5	1.32074E4	8241.45376	5655.90914	4654.76654	3897.58414	3173.57918	2512.09515	2056.0818	2082.27678	2016.50538	1561.7327	1049.2231	1415.81322
312	2.72094E5	1.99826E5	2.14444E5	2.83775E5	2.40427E6	3.1303E5	1.56601E5	2.29625E7	1.1298E6	1.49737E4	7819.32746	6372.45652	4465.4975	4127.15015	3132.09314	2468.77119	2222.79137	1893.39888	1696.63705	1493.19799	1501.41276	1309.22709
314	2.99411E5	2.0467E5	2.31618E5	2.85501E5	1.63891E6	5.66467E5	1.47808E5	1.41474E7	5.3375E6	1.70099E4	8427.92553	6660.02219	4840.99725	3682.08549	3872.92583	2538.79585	2064.16592	2152.91597	1606.21127	1522.01735	1399.69669	1250.46953
316	2.86417E5	2.19636E5	2.39587E5	2.80464E5	9.92117E5	1.0494E6	1.46159E5	5.80584E6	1.30572E7	2.19821E4	9676.10162	6545.56457	4824.70838	3795.01504	3215.58908	2590.56153	2256.29122	1793.03874	1671.33244	1821.99698	1345.81883	1226.32379
318	3.02315E5	2.34387E5	2.49562E5	2.91763E5	5.71754E5	1.65908E6	1.41152E5	1.41921E6	2.04431E7	3.21001E4	1.01696E4	7063.14665	4701.1617	3797.74214	3542.77047	2289.84366	2257.51385	1772.67394	1671.27857	1544.95465	1350.08419	1222.13137
320	3.01738E5	2.39876E5	2.6605E5	2.95789E5	4.00526E5	2.18737E6	1.51755E5	2.14708E5	2.34351E7	9.08676E4	1.11034E4	6743.6844	5068.87291	4304.73474	3070.35112	2375.74728	2462.06712	2041.81784	1675.73346	1326.88917	1390.69467	1274.42618
322	3.0917E5	2.46906E5	2.64252E5	3.03169E5	3.61592E5	2.3294E6	1.66118E5	1.26844E5	1.99893E7	9.77342E5	1.32828E4	7306.85712	5675.3499	4012.98067	3150.29961	2654.39172	2091.90568	1870.92936	1666.11918	1782.95864	1209.65179	1340.75167
324	3.20827E5	2.71925E5	2.84608E5	3.15682E5	3.54875E5	1.99721E6	2.39092E5	1.18753E5	1.24013E7	4.33854E6	1.56261E4	7273.10769	5985.61409	3752.80506	2810.11776	2519.00948	2154.81865	2016.14529	1815.61532	1373.96016	1422.8367	1574.86939
326	3.30006E5	2.62326E5	2.84743E5	3.15813E5	3.43616E5	1.4451E6	4.20439E5	1.19719E5	5.15172E6	1.06083E7	1.84287E4	7926.12723	5335.92832	4258.9595	2854.77274	2215.17431	1940.80807	2003.8146	1475.46748	1255.60735	1341.50278	1345.28817
328	3.67187E5	2.80825E5	2.90224E5	3.22638E5	3.54169E5	9.19509E5	7.75626E5	1.22021E5	1.31604E6	1.70091E7	2.7735E4	9084.62221	6333.40355	4092.55973	3171.22355	2807.56124	2018.37268	2024.40551	1610.11921	1359.73287	1293.87265	1346.51121
330	3.78859E5	3.01594E5	2.98837E5	3.36858E5	3.5186E5	5.60473E5	1.27971E6	1.30975E5	1.98715E5	2.00835E7	7.07755E4	1.01715E4	5778.94282	4472.49017	3104.20117	2470.87389	1888.51727	1602.98084	1559.59684	1653.17808	1474.8868	1113.56009
332	3.84711E5	3.10328E5	3.20824E5	3.50777E5	3.66214E5	4.00099E5	1.72736E6	1.35219E5	1.18208E5	1.76836E7	7.94396E5	1.10382E4	6339.75516	5136.67751	3351.11546	2592.86157	2146.11317	1817.40231	1424.52802	1460.30417	1475.41652	982.20714
334	3.88046E5	3.10065E5	3.14521E5	3.45049E5	3.65538E5	3.47117E5	1.92219E6	1.49295E5	1.08906E5	1.14183E7	3.69919E6	1.33209E4	6422.7014	4865.25235	3141.94022	2637.75592	2349.26688	1635.57261	1493.94397	1406.28778	1192.2298	1171.75425
336	4.06495E5	3.17255E5	3.20556E5	3.47538E5	3.75749E5	3.4185E5	1.76103E6	1.98938E5	1.11811E5	4.87648E6	9.34602E6	1.72298E4	6820.65652	5181.1646	3388.21253	2725.9093	1886.66081	1870.26796	1677.57269	1530.93131	1354.8152	995.42484
338	4.09342E5	3.24063E5	3.40875E5	3.58366E5	3.77959E5	3.46602E5	1.36565E6	3.2449E5	1.1717E5	1.322E6	1.48009E7	2.42991E4	7421.48288	5260.18173	3648.35369	2437.82454	2204.02168	1768.29824	1673.23312	1514.55079	1345.88088	1099.70276
340	4.62449E5	3.57933E5	3.49003E5	3.60542E5	3.86901E5	3.52746E5	8.85158E5	6.00065E5	1.23288E5	1.98842E5	1.72808E7	6.25597E4	8575.93315	5549.04151	3784.46271	2502.06791	2277.25716	1839.46644	1507.30355	1360.98911	1335.9832	1097.13149
342	4.7448E5	3.74358E5	3.59486E5	3.74436E5	3.94141E5	3.63474E5	5.63118E5	9.73673E5	1.29476E5	1.12567E5	1.52718E7	6.59733E5	9058.82724	5393.50439	3887.68244	2504.41334	2237.78632	1627.70599	1221.50507	1417.98803	1108.04431	1001.61527
344	4.89025E5	3.88957E5	3.73299E5	3.69308E5	3.98015E5	3.74966E5	3.8814E5	1.3712E6	1.43464E5	1.05588E5	9.74658E6	3.28753E6	1.13897E4	5732.56132	4097.61062	2627.71237	1919.8855	1743.74883	1487.74971	1374.81876	1221.12528	1221.66949
346	5.06868E5	4.09093E5	3.75292E5	3.85462E5	4.08088E5	3.91128E5	3.36473E5	1.58025E6	1.58533E5	1.10651E5	4.21715E6	7.99581E6	1.40265E4	5924.7195	4135.36836	2432.7623	1973.99615	1852.07879	1584.1548	1225.84644	1148.43882	1208.85798
348	5.20432E5	4.23525E5	3.91758E5	3.89945E5	4.12138E5	3.91591E5	3.32574E5	1.52303E6	2.0163E5	1.21151E5	1.03609E6	1.28113E7	2.07884E4	6816.82862	4041.68074	2711.81104	1696.4307	1632.70872	1535.62064	1252.93143	1097.72313	1061.3945
350	5.5526E5	4.51002E5	3.97758E5	4.01082E5	4.22936E5	4.02451E5	3.42267E5	1.23974E6	2.97659E5	1.30656E5	1.76827E5	1.46962E7	4.55422E4	7104.42052	4194.04064	3249.83742	1929.30887	1786.88794	1489.15291	1282.96611	1310.20751	1240.70091
352	5.98601E5	4.71818E5	4.22331E5	4.13661E5	4.32562E5	4.18265E5	3.55582E5	8.71672E5	4.93512E5	1.46557E5	1.14301E5	1.28282E7	5.65059E5	8383.68699	4153.47707	3353.83519	1821.01935	1682.0226	1503.36528	1032.71909	1122.99367	1097.71622
354	6.29059E5	4.86568E5	4.36965E5	4.27704E5	4.36522E5	4.26972E5	3.71358E5	5.85852E5	7.77537E5	1.57677E5	1.11458E5	8.37857E6	2.60811E6	1.00031E4	4477.29259	2939.66126	2095.89184	1543.55549	1325.01877	1396.75028	1013.14679	957.62878
356	6.34897E5	5.15141E5	4.54175E5	4.32728E5	4.47023E5	4.41782E5	3.90557E5	4.30977E5	1.08143E6	1.73625E5	1.17972E5	3.58926E6	6.73435E6	1.27557E4	4859.78224	3101.24355	2382.7544	1706.46798	1423.39412	1265.86758	1165.9925	1075.30338
358	6.45049E5	5.62874E5	4.70525E5	4.50351E5	4.54205E5	4.5496E5	4.10287E5	3.79781E5	1.29221E6	1.91737E5	1.31573E5	9.33697E5	1.09372E7	1.85227E4	5278.86122	3169.76255	2525.7036	1505.68829	1418.17275	1246.90661	1097.72491	833.17803
360	7.20751E5	5.60137E5	5.04767E5	4.65587E5	4.63765E5	4.68861E5	4.27643E5	3.81883E5	1.32338E6	2.26337E5	1.45815E5	1.64944E5	1.29895E7	4.04344E4	5487.98552	3014.83588	2359.72854	1765.05333	1357.19274	1133.65843	1087.40248	983.55176
362	7.14589E5	6.09121E5	5.18192E5	4.83591E5	4.8142E5	4.88209E5	4.43909E5	3.94865E5	1.16012E6	2.8761E5	1.58367E5	1.10264E5	1.1811E7	4.69937E5	7070.32042	3475.50965	2573.56232	1786.22383	1473.79688	1219.31243	1138.24187	1026.86698
364	7.47032E5	6.50446E5	5.4186E5	4.8888E5	4.95567E5	5.03722E5	4.67232E5	4.13535E5	8.95775E5	4.15251E5	1.74844E5	1.1011E5	8.06162E6	2.38548E6	8140.37596	3941.72541	2876.88432	1776.66714	1551.53459	1206.47079	1072.93589	1007.46777
366	7.75359E5	6.93061E5	5.75736E5	5.16137E5	5.0675E5	5.17499E5	4.90156E5	4.3199E5	6.45766E5	6.28402E5	1.90676E5	1.18373E5	3.52392E6	6.37468E6	1.11368E4	3967.75899	2581.14635	1952.85576	1428.20296	1107.57715	1087.98984	1026.51956
368	8.06903E5	7.29983E5	6.08408E5	5.37771E5	5.22801E5	5.3147E5	5.10176E5	4.59086E5	5.02114E5	8.73272E5	2.07401E5	1.2938E5	9.48589E5	1.02496E7	1.65339E4	4333.30038	2624.39087	1876.27772	1561.89563	1293.36119	1033.14416	1053.57426
370	8.61991E5	7.64442E5	6.29616E5	5.53331E5	5.4108E5	5.56371E5	5.32137E5	4.88599E5	4.5064E5	1.09691E6	2.27319E5	1.43406E5	1.52181E5	1.19971E7	3.95303E4	5020.0945	2793.70053	2355.31364	1455.83115	1296.30622	1133.37754	1171.05492
372	9.32332E5	7.71461E5	6.59609E5	5.72038E5	5.52518E5	5.67852E5	5.58327E5	5.08133E5	4.48256E5	1.16448E6	2.56593E5	1.55931E5	1.00456E5	1.06164E7	4.60278E5	6181.82339	3097.01617	2144.20423	1442.2906	1531.25085	1010.94303	1182.45209
374	9.23701E5	8.28969E5	6.97682E5	6.03228E5	5.75229E5	5.8603E5	5.8358E5	5.36874E5	4.63441E5	1.08081E6	3.06863E5	1.69092E5	9.75491E4	6.94618E6	2.23403E6	7231.11407	3370.22135	2040.00756	1684.54584	1375.43564	1145.82544	1215.52802
376	1.01718E6	8.50647E5	7.12267E5	6.15393E5	5.88858E5	6.01125E5	5.98093E5	5.57253E5	4.86153E5	9.0187E5	3.96994E5	1.84554E5	1.02381E5	2.99908E6	5.56987E6	9988.92521	3574.53912	2171.87774	1776.78043	1292.84058	1201.86947	927.43849
378	1.03487E6	8.99017E5	7.51442E5	6.35658E5	6.03565E5	6.2172E5	6.20648E5	5.83502E5	5.02399E5	7.09144E5	5.5358E5	1.98573E5	1.14069E5	7.50395E5	8.9263E6	1.51907E4	4014.43437	2319.50942	1952.76311	1561.42922	1169.55827	1125.02505
380	1.10271E6	9.66344E5	7.77358E5	6.63079E5	6.30911E5	6.45049E5	6.50813E5	6.12637E5	5.27464E5	5.795E5	7.49453E5	2.19202E5	1.2549E5	1.31602E5	1.03933E7	3.26126E4	4562.24895	2689.99364	2030.87359	1355.17268	1087.30133	1091.69585
382	1.12988E6	9.92677E5	8.29878E5	6.93779E5	6.5806E5	6.63222E5	6.76736E5	6.44918E5	5.58892E5	5.19318E5	9.37733E5	2.35887E5	1.4085E5	9.36259E4	9.38681E6	3.5962E5	5428.50727	2567.99593	1897.46797	1452.97963	1221.71904	961.39531
384	1.15257E6	1.02503E6	8.64528E5	7.1078E5	6.75858E5	6.93417E5	7.06542E5	6.71334E5	5.8282E5	5.06518E5	1.04784E6	2.62223E5	1.54027E5	9.31551E4	6.3364E6	1.81504E6	6578.00803	2496.58222	1734.03923	1724.47381	1410.07653	1135.90214
386	1.21407E6	1.07168E6	8.86139E5	7.43804E5	6.9975E5	7.04482E5	7.27321E5	6.98634E5	6.12243E5	5.19747E5	1.03669E6	2.98777E5	1.68879E5	1.00014E5	2.77959E6	4.86458E6	9331.05547	3313.7631	2164.83625	1753.30624	1293.4332	1237.54951
388	1.22941E6	1.13012E6	9.26748E5	7.66906E5	7.11906E5	7.31184E5	7.44126E5	7.25931E5	6.33495E5	5.38637E5	9.32755E5	3.62219E5	1.86296E5	1.07865E5	7.78084E5	7.9822E6	1.37855E4	3250.06713	2250.05517	1894.16019	1222.53799	1112.08239
390	1.32311E6	1.17949E6	9.74415E5	7.98005E5	7.35559E5	7.60415E5	7.72796E5	7.56684E5	6.64964E5	5.62828E5	7.77882E5	4.74927E5	2.02813E5	1.21367E5	1.3574E5	9.67787E6	3.20405E4	3895.95097	2362.04808	2015.84369	1426.60085	1283.09874
392	1.3409E6	1.24273E6	9.90901E5	8.18199E5	7.55373E5	7.79054E5	7.9679E5	7.7688E5	6.88106E5	5.88026E5	6.38896E5	6.35863E5	2.22977E5	1.35814E5	8.63706E4	8.92195E6	3.95189E5	5026.31176	2698.63746	1958.46156	1483.57673	1368.98632
394	1.39071E6	1.24836E6	1.03548E6	8.43104E5	7.76866E5	7.95827E5	8.17503E5	8.07091E5	7.1499E5	6.07714E5	5.719E5	7.98585E5	2.39138E5	1.50603E5	8.64339E4	6.28399E6	1.83211E6	6137.4948	2631.35458	1994.25849	1646.18804	1370.52958
396	1.47866E6	1.3321E6	1.06853E6	8.7643E5	7.98717E5	8.23332E5	8.46555E5	8.29164E5	7.41155E5	6.3061E5	5.48511E5	9.26152E5	2.62284E5	1.66516E5	9.09096E4	2.86033E6	4.7792E6	8664.66282	2906.95912	2171.08752	1817.04761	1446.64463
398	1.48623E6	1.32339E6	1.11309E6	9.03565E5	8.12028E5	8.29619E5	8.68734E5	8.49107E5	7.60996E5	6.54511E5	5.50452E5	9.64581E5	2.90241E5	1.81588E5	9.88971E4	7.85567E5	7.62401E6	1.28966E4	3296.91728	2064.84269	1871.2587	1241.77934
400	1.54411E6	1.38554E6	1.14409E6	9.18666E5	8.32635E5	8.56056E5	8.80964E5	8.66846E5	7.85228E5	6.73879E5	5.67623E5	8.98822E5	3.38721E5	1.97687E5	1.10946E5	1.28402E5	8.93249E6	2.75029E4	4009.56085	2007.99651	1855.6411	1431.47927
402	1.58181E6	1.4299E6	1.1825E6	9.49514E5	8.53808E5	8.69034E5	9.03533E5	8.90313E5	8.095E5	6.9723E5	5.86552E5	7.90648E5	4.14964E5	2.1521E5	1.22152E5	8.1613E4	7.90358E6	3.19828E5	4313.48656	2401.80744	1913.12298	1496.94448
404	1.6036E6	1.48039E6	1.21738E6	9.74063E5	8.82067E5	8.91349E5	9.19877E5	9.11644E5	8.31261E5	7.20771E5	6.0989E5	6.68008E5	5.30402E5	2.32742E5	1.37225E5	8.01285E4	5.13919E6	1.63333E6	5926.48025	2590.68426	2106.09039	1608.74037
406	1.65355E6	1.49831E6	1.23747E6	1.00546E6	8.97365E5	9.02129E5	9.40595E5	9.25693E5	8.49466E5	7.41617E5	6.29226E5	5.89727E5	6.7431E5	2.51766E5	1.49267E5	8.40263E4	2.19698E6	4.24886E6	7711.6114	2835.84016	1759.13054	1713.07643
408	1.68348E6	1.51878E6	1.26552E6	1.02381E6	9.16095E5	9.15079E5	9.45321E5	9.43999E5	8.69543E5	7.64476E5	6.50623E5	5.58854E5	7.98742E5	2.71302E5	1.63603E5	8.85925E4	5.49049E5	6.99215E6	1.18375E4	3436.17109	1932.38722	1645.97811
410	1.7234E6	1.55971E6	1.29634E6	1.04323E6	9.27885E5	9.30625E5	9.63561E5	9.56383E5	8.85105E5	7.73469E5	6.69683E5	5.54839E5	8.71376E5	2.94442E5	1.76317E5	9.84174E4	9.70941E4	8.26727E6	2.26931E4	3704.97732	2169.53858	1675.26349
412	1.75375E6	1.60004E6	1.33877E6	1.06918E6	9.47087E5	9.33181E5	9.79331E5	9.71726E5	9.04494E5	7.98861E5	6.86366E5	5.66769E5	8.70692E5	3.29747E5	1.88323E5	1.06919E5	7.10181E4	7.41545E6	2.44862E5	4460.43122	2314.82192	1709.31922
414	1.78775E6	1.62989E6	1.35685E6	1.07985E6	9.48661E5	9.48359E5	9.7739E5	9.78312E5	9.14936E5	8.11821E5	7.04359E5	5.82399E5	8.01971E5	3.813E5	2.03635E5	1.18617E5	7.05994E4	4.99812E6	1.29038E6	5702.16797	2371.53213	1611.1484
416	1.80233E6	1.6388E6	1.37783E6	1.10928E6	9.73266E5	9.63063E5	9.90246E5	9.89554E5	9.24903E5	8.32066E5	7.26026E5	5.9884E5	7.0454E5	4.67602E5	2.1869E5	1.28975E5	7.49467E4	2.19186E6	3.66672E6	7581.06628	2744.27622	1597.56636
418	1.86423E6	1.68166E6	1.4142E6	1.13721E6	9.83793E5	9.65937E5	9.9476E5	9.97776E5	9.38429E5	8.49556E5	7.41438E5	6.16913E5	6.17427E5	5.75515E5	2.36582E5	1.42873E5	7.87638E4	5.78456E5	6.35167E6	1.16663E4	2862.39091	1921.97339
420	1.83916E6	1.71432E6	1.431E6	1.15047E6	9.99383E5	9.77703E5	1.00466E6	1.00714E6	9.51663E5	8.65077E5	7.56432E5	6.3528E5	5.69475E5	7.01894E5	2.52989E5	1.53199E5	8.672E4	9.84086E4	7.80278E6	2.3818E4	3299.36772	1832.67363
422	1.88242E6	1.71719E6	1.46808E6	1.18023E6	1.01327E6	9.75801E5	1.00815E6	1.01672E6	9.62302E5	8.76587E5	7.80907E5	6.52199E5	5.51646E5	7.87939E5	2.71025E5	1.65853E5	9.50439E4	6.35646E4	7.11861E6	2.81207E5	4165.97716	2130.2357
424	1.87776E6	1.73643E6	1.46641E6	1.19249E6	1.02045E6	9.90478E5	1.00302E6	1.02498E6	9.81196E5	8.86153E5	7.93139E5	6.68231E5	5.53244E5	8.17633E5	2.92612E5	1.77154E5	1.03006E5	6.27425E4	4.83516E6	1.39144E6	4972.61085	2118.00234
426	1.89423E6	1.77077E6	1.49568E6	1.21282E6	1.04154E6	9.8955E5	1.01152E6	1.02147E6	9.74328E5	8.97769E5	8.00546E5	6.84726E5	5.66957E5	7.83822E5	3.28456E5	1.90713E5	1.13436E5	6.36822E4	2.07373E6	3.80583E6	7399.76892	2357.00771
428	1.89391E6	1.77499E6	1.53147E6	1.23018E6	1.04288E6	9.96847E5	1.01316E6	1.02993E6	9.82396E5	9.10347E5	8.20466E5	7.00984E5	5.82025E5	7.08216E5	3.85306E5	2.03042E5	1.23573E5	7.02628E4	5.19748E5	6.30012E6	1.06478E4	2791.68093
430	1.88349E6	1.77376E6	1.53198E6	1.23265E6	1.05596E6	1.01159E6	1.01754E6	1.0234E6	9.82066E5	9.19464E5	8.27728E5	7.13119E5	5.9296E5	6.26379E5	4.65857E5	2.1606E5	1.34118E5	7.51877E4	8.62994E4	7.41532E6	2.20602E4	3426.22895
432	1.93561E6	1.77465E6	1.56049E6	1.25526E6	1.06987E6	1.01356E6	1.01674E6	1.02511E6	9.90667E5	9.27564E5	8.39611E5	7.29349E5	6.1179E5	5.67414E5	5.58102E5	2.28378E5	1.43209E5	8.2124E4	5.77256E4	6.46897E6	2.55515E5	3853.93736
434	1.93505E6	1.82116E6	1.57496E6	1.28839E6	1.07496E6	1.0086E6	1.01503E6	1.02258E6	9.91075E5	9.32692E5	8.48658E5	7.39367E5	6.23989E5	5.43209E5	6.45538E5	2.40657E5	1.54465E5	8.9825E4	5.74492E4	4.07082E6	1.30428E6	4731.53078
436	1.89463E6	1.82223E6	1.59693E6	1.29707E6	1.0901E6	1.01458E6	1.00756E6	1.0211E6	9.95006E5	9.37728E5	8.55111E5	7.54043E5	6.37433E5	5.32695E5	6.91774E5	2.58595E5	1.64554E5	9.84767E4	6.00611E4	1.70582E6	3.39568E6	6173.63153
438	1.93005E6	1.83111E6	1.59865E6	1.30865E6	1.0934E6	1.01617E6	1.00716E6	1.01938E6	9.88855E5	9.42493E5	8.67196E5	7.62795E5	6.49039E5	5.41473E5	6.97106E5	2.80611E5	1.741E5	1.07146E5	6.19694E4	4.37242E5	5.65918E6	8929.12489
440	1.93417E6	1.80215E6	1.5938E6	1.31594E6	1.09993E6	1.00993E6	1.00776E6	1.01138E6	9.88685E5	9.38493E5	8.73586E5	7.65052E5	6.55686E5	5.51217E5	6.55038E5	3.13373E5	1.84965E5	1.14842E5	6.73549E4	7.43277E4	6.83169E6	1.65872E4
442	1.92786E6	1.81191E6	1.60908E6	1.32326E6	1.10532E6	1.0153E6	1.00046E6	1.00571E6	9.86438E5	9.4376E5	8.75038E5	7.7583E5	6.65764E5	5.59376E5	5.92056E5	3.65401E5	1.9524E5	1.22364E5	7.3677E4	5.32837E4	6.14986E6	1.54684E5
444	1.90404E6	1.84794E6	1.61952E6	1.33078E6	1.10736E6	1.00796E6	9.88558E5	1.00063E6	9.82958E5	9.42825E5	8.79547E5	7.81369E5	6.72864E5	5.69717E5	5.30413E5	4.3197E5	2.06121E5	1.32271E5	7.87464E4	5.33062E4	4.05404E6	8.91302E5
446	1.9201E6	1.851E6	1.61623E6	1.3316E6	1.11128E6	1.02272E6	9.94059E5	9.9676E5	9.776E5	9.35969E5	8.76733E5	7.84741E5	6.83073E5	5.81431E5	4.87627E5	5.03769E5	2.15233E5	1.40363E5	8.57332E4	5.54035E4	1.75889E6	2.73957E6
448	1.91262E6	1.82855E6	1.64483E6	1.35012E6	1.10451E6	1.01433E6	9.85622E5	9.84924E5	9.78998E5	9.41403E5	8.79326E5	7.92479E5	6.9531E5	5.89244E5	4.7322E5	5.65118E5	2.25019E5	1.48825E5	9.40566E4	5.75069E4	4.55826E5	4.99212E6
450	1.94468E6	1.85512E6	1.62383E6	1.35178E6	1.12185E6	1.00647E6	9.81892E5	9.85531E5	9.71965E5	9.35353E5	8.91408E5	8.02301E5	7.04919E5	5.99677E5	4.67425E5	5.98038E5	2.41863E5	1.56747E5	1.01107E5	6.20624E4	7.57615E4	6.36202E6
452	1.91654E6	1.83852E6	1.63692E6	1.36162E6	1.12362E6	1.01155E6	9.74048E5	9.66307E5	9.67362E5	9.35452E5	8.84092E5	8.05108E5	7.06064E5	6.09063E5	4.77027E5	5.87928E5	2.6711E5	1.67558E5	1.08957E5	6.62832E4	4.97711E4	5.84082E6
454	1.93971E6	1.81445E6	1.63397E6	1.37847E6	1.13126E6	1.00822E6	9.66414E5	9.65461E5	9.58008E5	9.31825E5	8.85732E5	8.04013E5	7.08223E5	6.15504E5	4.81398E5	5.4828E5	3.02934E5	1.71842E5	1.16077E5	7.15696E4	4.84692E4	3.88019E6
456	1.85052E6	1.80887E6	1.63394E6	1.36035E6	1.12802E6	1.00183E6	9.62008E5	9.54832E5	9.40661E5	9.23655E5	8.76978E5	8.00478E5	7.09817E5	6.17418E5	4.86902E5	4.91028E5	3.53999E5	1.80974E5	1.2165E5	7.77516E4	4.99475E4	1.59341E6
458	1.85207E6	1.80032E6	1.63432E6	1.37167E6	1.12545E6	9.98528E5	9.46174E5	9.52567E5	9.37105E5	9.08604E5	8.6996E5	8.0101E5	7.14303E5	6.24726E5	4.92069E5	4.44896E5	4.08826E5	1.89705E5	1.28657E5	8.25618E4	5.21252E4	3.91076E5
460	1.80941E6	1.79496E6	1.61477E6	1.37713E6	1.13588E6	9.90425E5	9.42227E5	9.30081E5	9.23343E5	9.01833E5	8.68804E5	7.98185E5	7.11664E5	6.30662E5	4.98255E5	4.15997E5	4.65762E5	1.98075E5	1.33754E5	8.91079E4	5.49936E4	6.74348E4
462	1.89418E6	1.77287E6	1.61843E6	1.3583E6	1.12508E6	9.92634E5	9.33194E5	9.26934E5	9.11885E5	8.9724E5	8.60862E5	7.92403E5	7.16346E5	6.34862E5	5.00355E5	4.01986E5	5.01426E5	2.10309E5	1.43207E5	9.67665E4	5.78932E4	4.52911E4
464	1.82517E6	1.76688E6	1.60725E6	1.35955E6	1.1335E6	9.80172E5	9.25146E5	9.11756E5	9.04574E5	8.85072E5	8.54765E5	7.92647E5	7.11905E5	6.36914E5	5.08689E5	4.00655E5	5.08604E5	2.2162E5	1.48579E5	1.02406E5	6.31261E4	4.40491E4
466	1.83358E6	1.75077E6	1.57902E6	1.36254E6	1.11452E6	9.73971E5	9.18088E5	8.96341E5	8.96221E5	8.80532E5	8.46958E5	7.89172E5	7.12876E5	6.33002E5	5.11515E5	4.02381E5	4.89216E5	2.42891E5	1.55654E5	1.0712E5	6.59095E4	4.53456E4
468	1.93835E6	1.75439E6	1.58301E6	1.35551E6	1.13157E6	9.74239E5	9.02127E5	8.85889E5	8.82125E5	8.73452E5	8.41436E5	7.79623E5	7.1232E5	6.35668E5	5.13018E5	4.07287E5	4.42323E5	2.73097E5	1.59671E5	1.11609E5	7.1297E4	4.66973E4
470	2.32985E6	1.71985E6	1.58178E6	1.35403E6	1.10755E6	9.6829E5	9.01759E5	8.80805E5	8.65668E5	8.58183E5	8.32359E5	7.76418E5	7.08402E5	6.38173E5	5.18334E5	4.06263E5	4.00023E5	3.19113E5	1.64546E5	1.16195E5	7.60873E4	4.87532E4
472	3.30636E6	1.71073E6	1.56228E6	1.35495E6	1.10894E6	9.58322E5	8.87813E5	8.67517E5	8.63749E5	8.49444E5	8.24411E5	7.71795E5	7.08842E5	6.39559E5	5.16901E5	4.1235E5	3.66149E5	3.62166E5	1.71999E5	1.23169E5	8.19322E4	5.16338E4
474	4.86977E6	1.68806E6	1.55579E6	1.34989E6	1.10229E6	9.55107E5	8.81482E5	8.5509E5	8.52149E5	8.3551E5	8.14734E5	7.61628E5	7.0345E5	6.35162E5	5.20488E5	4.16309E5	3.45805E5	4.05135E5	1.77759E5	1.27577E5	8.5334E4	5.37599E4
476	7.20244E6	1.64954E6	1.53708E6	1.34242E6	1.09512E6	9.49183E5	8.74327E5	8.43341E5	8.36428E5	8.28037E5	8.07229E5	7.56723E5	6.94578E5	6.35805E5	5.22968E5	4.16726E5	3.33225E5	4.33912E5	1.86385E5	1.32645E5	9.08693E4	5.7114E4
478	9.98674E6	1.65117E6	1.51401E6	1.31358E6	1.08885E6	9.41396E5	8.6146E5	8.28796E5	8.17394E5	8.09358E5	7.87378E5	7.40602E5	6.88481E5	6.28367E5	5.22789E5	4.1566E5	3.33602E5	4.33432E5	1.99788E5	1.35821E5	9.45293E4	6.05739E4
480	1.2653E7	1.64839E6	1.50549E6	1.30099E6	1.0744E6	9.18099E5	8.41739E5	8.11883E5	7.99579E5	7.96245E5	7.78796E5	7.34283E5	6.84402E5	6.27007E5	5.18277E5	4.17613E5	3.36231E5	4.09627E5	2.15424E5	1.40411E5	9.80158E4	6.59598E4
482	1.393E7	1.5923E6	1.50676E6	1.29348E6	1.06851E6	9.19798E5	8.31052E5	8.03664E5	7.93564E5	7.83512E5	7.67644E5	7.2246E5	6.72047E5	6.22549E5	5.19444E5	4.19436E5	3.37932E5	3.69048E5	2.45498E5	1.44583E5	1.02061E5	6.94213E4
484	1.36823E7	1.56583E6	1.46279E6	1.27758E6	1.05307E6	9.08473E5	8.21192E5	7.86909E5	7.72103E5	7.66504E5	7.48068E5	7.11175E5	6.69536E5	6.1796E5	5.14418E5	4.15689E5	3.37836E5	3.32067E5	2.83216E5	1.4805E5	1.05075E5	7.25381E4
486	1.16927E7	1.58108E6	1.43501E6	1.26444E6	1.05128E6	8.88832E5	8.11395E5	7.7602E5	7.61718E5	7.52199E5	7.42218E5	6.97758E5	6.62248E5	6.09599E5	5.11941E5	4.16212E5	3.38132E5	3.00402E5	3.19946E5	1.51823E5	1.09568E5	7.71521E4
488	8.78041E6	1.7737E6	1.42396E6	1.2496E6	1.03537E6	8.84087E5	8.05426E5	7.63278E5	7.46666E5	7.39711E5	7.30112E5	6.92382E5	6.48072E5	6.06923E5	5.06207E5	4.1571E5	3.37493E5	2.80867E5	3.51531E5	1.58801E5	1.14143E5	7.91927E4
490	5.72772E6	2.37185E6	1.42198E6	1.2328E6	1.01828E6	8.75278E5	7.89831E5	7.53456E5	7.34093E5	7.24318E5	7.1174E5	6.79515E5	6.416E5	5.97825E5	5.05592E5	4.13028E5	3.3704E5	2.75257E5	3.66045E5	1.6698E5	1.15157E5	8.22476E4
492	3.34437E6	3.7781E6	1.38955E6	1.23514E6	1.01701E6	8.66771E5	7.79117E5	7.413E5	7.19654E5	7.14107E5	6.98111E5	6.67599E5	6.29108E5	5.90206E5	4.99058E5	4.13089E5	3.36277E5	2.73836E5	3.60436E5	1.78319E5	1.17583E5	8.61863E4
494	2.0713E6	5.84749E6	1.36977E6	1.19974E6	1.01363E6	8.46662E5	7.59642E5	7.2269E5	7.09224E5	7.01368E5	6.88267E5	6.55081E5	6.22599E5	5.84523E5	4.96884E5	4.08227E5	3.35697E5	2.71613E5	3.39453E5	1.9407E5	1.21002E5	8.72288E4
496	1.63549E6	8.89627E6	1.33742E6	1.18868E6	9.85776E5	8.36839E5	7.49949E5	7.12312E5	6.97589E5	6.85876E5	6.78736E5	6.44242E5	6.13078E5	5.74203E5	4.89318E5	4.09071E5	3.34792E5	2.72038E5	3.06792E5	2.20708E5	1.23657E5	9.0532E4
498	1.51809E6	1.2041E7	1.32681E6	1.16955E6	9.83388E5	8.34061E5	7.44479E5	6.98257E5	6.86978E5	6.70328E5	6.63308E5	6.34994E5	6.03021E5	5.687E5	4.82011E5	4.05949E5	3.34998E5	2.73535E5	2.75074E5	2.49209E5	1.24443E5	9.45161E4
500	1.48982E6	1.48268E7	1.31402E6	1.14915E6	9.75841E5	8.1576E5	7.23281E5	6.86653E5	6.70474E5	6.60053E5	6.52209E5	6.2499E5	5.9046E5	5.61858E5	4.78114E5	4.0294E5	3.33267E5	2.70475E5	2.49888E5	2.77936E5	1.29751E5	9.53311E4
502	1.44112E6	1.58779E7	1.30067E6	1.14337E6	9.59257E5	8.04264E5	7.23297E5	6.78488E5	6.55426E5	6.53839E5	6.38252E5	6.11218E5	5.83219E5	5.53074E5	4.71677E5	3.9963E5	3.29496E5	2.70883E5	2.32842E5	3.00489E5	1.34017E5	9.86508E4
504	1.42654E6	1.52617E7	1.27681E6	1.12174E6	9.37175E5	8.03507E5	7.11532E5	6.59432E5	6.40551E5	6.35835E5	6.27126E5	6.00244E5	5.71159E5	5.49435E5	4.6989E5	3.94935E5	3.27809E5	2.7086E5	2.25819E5	3.07539E5	1.39232E5	9.96408E4
506	1.41577E6	1.27836E7	1.29385E6	1.10426E6	9.31563E5	7.86405E5	6.90861E5	6.48329E5	6.32151E5	6.22314E5	6.1059E5	5.85355E5	5.59802E5	5.36057E5	4.63935E5	3.89177E5	3.28624E5	2.69446E5	2.23101E5	2.98344E5	1.48759E5	1.00309E5
508	1.39731E6	9.59229E6	1.50291E6	1.09159E6	9.30465E5	7.82125E5	6.85257E5	6.36633E5	6.19205E5	6.05395E5	5.9267E5	5.77729E5	5.54286E5	5.24064E5	4.57785E5	3.8362E5	3.2465E5	2.68436E5	2.23766E5	2.79753E5	1.63179E5	1.01782E5
510	1.41383E6	6.02187E6	2.27352E6	1.06879E6	9.04122E5	7.6566E5	6.68716E5	6.30664E5	6.04437E5	5.89725E5	5.86993E5	5.61553E5	5.4318E5	5.15475E5	4.4617E5	3.79908E5	3.21921E5	2.66639E5	2.20373E5	2.50831E5	1.84038E5	1.02843E5
512	1.47779E6	3.17622E6	4.04802E6	1.04924E6	8.78986E5	7.44394E5	6.62323E5	6.11629E5	5.92163E5	5.77101E5	5.70844E5	5.51438E5	5.31135E5	5.05333E5	4.40047E5	3.74443E5	3.17537E5	2.63446E5	2.19191E5	2.24019E5	2.09363E5	1.06269E5
514	1.72333E6	1.82689E6	6.69649E6	1.02346E6	8.65781E5	7.32563E5	6.40713E5	5.93122E5	5.79984E5	5.63941E5	5.57574E5	5.39454E5	5.21995E5	4.98004E5	4.31885E5	3.6899E5	3.14043E5	2.62278E5	2.16571E5	2.02276E5	2.2988E5	1.08029E5
516	1.95093E6	1.34908E6	1.0011E7	1.01232E6	8.49645E5	7.29283E5	6.36917E5	5.91276E5	5.69324E5	5.58634E5	5.44183E5	5.25029E5	5.07581E5	4.85442E5	4.29081E5	3.63984E5	3.10806E5	2.61523E5	2.14843E5	1.87504E5	2.44235E5	1.08771E5
518	2.25116E6	1.26285E6	1.35106E7	9.90887E5	8.44182E5	7.08676E5	6.25659E5	5.7563E5	5.47743E5	5.39076E5	5.33274E5	5.16609E5	4.96518E5	4.77429E5	4.17962E5	3.59106E5	3.05184E5	2.58344E5	2.15056E5	1.81963E5	2.53818E5	1.14371E5
520	2.57908E6	1.22235E6	1.62763E7	9.90197E5	8.28429E5	6.92372E5	6.12684E5	5.58647E5	5.36245E5	5.32603E5	5.17945E5	5.01497E5	4.83034E5	4.67909E5	4.12726E5	3.52858E5	3.03055E5	2.53434E5	2.13421E5	1.79942E5	2.43113E5	1.2507E5
522	2.87544E6	1.18658E6	1.70977E7	9.68234E5	8.08673E5	6.84635E5	6.05319E5	5.52533E5	5.3071E5	5.14912E5	5.10271E5	4.92973E5	4.7614E5	4.59664E5	4.03136E5	3.49919E5	2.98616E5	2.51398E5	2.10503E5	1.77606E5	2.22832E5	1.35835E5
524	3.08052E6	1.16719E6	1.57906E7	9.4458E5	7.97178E5	6.70102E5	5.91749E5	5.39498E5	5.14566E5	5.06925E5	5.00685E5	4.81491E5	4.64869E5	4.49393E5	3.90755E5	3.3993E5	2.92267E5	2.50558E5	2.10356E5	1.75588E5	2.01403E5	1.50392E5
526	3.08407E6	1.12203E6	1.28724E7	9.69545E5	7.81694E5	6.5943E5	5.76901E5	5.30109E5	5.07037E5	4.93339E5	4.83698E5	4.68403E5	4.55279E5	4.39299E5	3.85802E5	3.33275E5	2.87498E5	2.46657E5	2.043E5	1.7369E5	1.77688E5	1.68916E5
528	2.95085E6	1.12039E6	9.3055E6	1.2426E6	7.82169E5	6.42815E5	5.62112E5	5.13662E5	4.94724E5	4.7717E5	4.66887E5	4.57519E5	4.43012E5	4.28639E5	3.80044E5	3.30241E5	2.8457E5	2.43125E5	2.03766E5	1.76312E5	1.59195E5	1.86325E5
530	2.63644E6	1.07222E6	5.62315E6	2.19115E6	7.52923E5	6.37336E5	5.51152E5	5.05428E5	4.79534E5	4.72158E5	4.54724E5	4.4739E5	4.32861E5	4.1751E5	3.69098E5	3.21646E5	2.77473E5	2.3819E5	2.0018E5	1.70006E5	1.46857E5	1.99194E5
532	2.20266E6	1.11086E6	2.87114E6	4.21014E6	7.40641E5	6.23411E5	5.36043E5	4.95092E5	4.73392E5	4.61236E5	4.45523E5	4.37642E5	4.22836E5	4.07752E5	3.63644E5	3.16359E5	2.73658E5	2.3357E5	1.97403E5	1.69026E5	1.42973E5	2.05017E5
534	1.78895E6	1.16272E6	1.49104E6	7.38914E6	7.28352E5	6.14752E5	5.34607E5	4.80528E5	4.57773E5	4.45343E5	4.32545E5	4.20524E5	4.12666E5	4.02675E5	3.55218E5	3.10608E5	2.69524E5	2.31217E5	1.96926E5	1.69014E5	1.37992E5	1.99972E5
536	1.418E6	1.34058E6	1.07118E6	1.10919E7	7.09259E5	5.99086E5	5.2098E5	4.71938E5	4.46747E5	4.39062E5	4.24404E5	4.14504E5	4.02864E5	3.90732E5	3.43852E5	3.04452E5	2.66146E5	2.2704E5	1.93385E5	1.63554E5	1.35582E5	1.845E5
538	1.17801E6	1.58272E6	9.87638E5	1.48608E7	6.96045E5	5.79894E5	5.00913E5	4.58878E5	4.37586E5	4.24056E5	4.15005E5	4.06496E5	3.90962E5	3.82548E5	3.3698E5	2.95693E5	2.57449E5	2.21678E5	1.91071E5	1.60934E5	1.33978E5	1.63693E5
540	1.04227E6	1.89528E6	9.46122E5	1.75458E7	6.81731E5	5.72535E5	4.94192E5	4.44447E5	4.23863E5	4.08678E5	4.0008E5	3.88653E5	3.75363E5	3.71414E5	3.28002E5	2.89723E5	2.52407E5	2.17288E5	1.85387E5	1.58888E5	1.33607E5	1.4312E5
542	9.37918E5	2.25146E6	9.21353E5	1.80976E7	6.70868E5	5.56049E5	4.80509E5	4.39124E5	4.11921E5	4.0545E5	3.9148E5	3.81021E5	3.72792E5	3.59763E5	3.21388E5	2.82897E5	2.4474E5	2.15005E5	1.81527E5	1.55547E5	1.2943E5	1.27926E5
544	8.52848E5	2.66022E6	8.82011E5	1.61922E7	6.62582E5	5.39464E5	4.72562E5	4.24888E5	4.03837E5	3.92296E5	3.80776E5	3.71862E5	3.59553E5	3.53241E5	3.10257E5	2.71583E5	2.3937E5	2.08211E5	1.83015E5	1.5289E5	1.27562E5	1.16972E5
546	8.43112E5	2.89801E6	8.60322E5	1.29684E7	7.08526E5	5.40416E5	4.62738E5	4.10768E5	3.87949E5	3.79894E5	3.70258E5	3.59337E5	3.53061E5	3.41188E5	3.08354E5	2.6684E5	2.37291E5	2.0777E5	1.74863E5	1.51659E5	1.25335E5	1.0866E5
548	8.56191E5	3.05135E6	8.20596E5	9.06219E6	1.03994E6	5.24342E5	4.5351E5	4.0647E5	3.79485E5	3.71999E5	3.6286E5	3.50366E5	3.42335E5	3.32824E5	2.97514E5	2.62027E5	2.32763E5	2.01461E5	1.74048E5	1.48752E5	1.22272E5	1.05668E5
550	8.12738E5	2.9597E6	8.14217E5	5.37585E6	2.14343E6	5.14849E5	4.41732E5	3.97517E5	3.71605E5	3.59636E5	3.51871E5	3.40578E5	3.32967E5	3.21169E5	2.90958E5	2.55689E5	2.26918E5	1.95442E5	1.67227E5	1.4674E5	1.21444E5	1.05299E5
552	7.81251E5	2.80257E6	7.94226E5	2.64189E6	4.38612E6	5.01729E5	4.29182E5	3.88079E5	3.62744E5	3.49052E5	3.43738E5	3.30495E5	3.26357E5	3.16624E5	2.82117E5	2.49234E5	2.20181E5	1.89785E5	1.67332E5	1.41726E5	1.21162E5	1.02228E5
554	7.79339E5	2.37696E6	7.89453E5	1.23878E6	7.69554E6	4.89099E5	4.12731E5	3.73372E5	3.55583E5	3.39706E5	3.29677E5	3.17972E5	3.144E5	3.03323E5	2.7658E5	2.42893E5	2.13659E5	1.89928E5	1.63599E5	1.37571E5	1.17952E5	9.95544E4
556	7.24162E5	1.94031E6	8.11228E5	8.1104E5	1.15126E7	4.78928E5	4.10084E5	3.71563E5	3.47185E5	3.32267E5	3.2255E5	3.072E5	3.07258E5	2.98347E5	2.69993E5	2.35448E5	2.09633E5	1.85477E5	1.57631E5	1.36048E5	1.15728E5	9.75234E4
558	7.34421E5	1.52276E6	9.2519E5	7.4102E5	1.53267E7	4.68287E5	4.01626E5	3.59064E5	3.36476E5	3.21926E5	3.14643E5	3.06414E5	2.97014E5	2.90871E5	2.57343E5	2.29763E5	2.04095E5	1.81322E5	1.55274E5	1.36282E5	1.11221E5	9.74197E4
560	7.64887E5	1.19636E6	1.10312E6	7.0116E5	1.79834E7	4.5943E5	3.93387E5	3.53299E5	3.27865E5	3.12386E5	3.03077E5	2.96176E5	2.90639E5	2.82307E5	2.52983E5	2.22299E5	1.98623E5	1.74625E5	1.53893E5	1.32078E5	1.11885E5	9.53626E4
562	6.9489E5	9.24505E5	1.37591E6	6.6837E5	1.83919E7	4.6087E5	3.76586E5	3.41419E5	3.19691E5	3.0699E5	2.99477E5	2.86428E5	2.81028E5	2.76688E5	2.4633E5	2.14759E5	1.95269E5	1.70879E5	1.50358E5	1.28368E5	1.10579E5	9.22922E4
564	6.90096E5	7.64518E5	1.7128E6	6.45599E5	1.64509E7	4.45468E5	3.69321E5	3.34607E5	3.13029E5	3.0106E5	2.88974E5	2.77983E5	2.70686E5	2.68452E5	2.37433E5	2.12789E5	1.88369E5	1.65954E5	1.46519E5	1.2725E5	1.06215E5	8.89075E4
566	6.6551E5	6.91308E5	2.07186E6	6.39898E5	1.30974E7	4.87029E5	3.58254E5	3.25135E5	2.97858E5	2.87532E5	2.84368E5	2.67536E5	2.65142E5	2.5773E5	2.32908E5	2.05422E5	1.8187E5	1.61105E5	1.41362E5	1.24532E5	1.06152E5	8.88899E4
568	6.54197E5	6.65192E5	2.42989E6	6.18377E5	8.92845E6	8.61556E5	3.56302E5	3.10636E5	3.00227E5	2.78598E5	2.73666E5	2.62781E5	2.57686E5	2.52456E5	2.26746E5	2.01071E5	1.80589E5	1.5828E5	1.37115E5	1.18564E5	1.02523E5	8.66065E4
570	6.26696E5	6.33646E5	2.71641E6	6.04719E5	5.046E6	2.11171E6	3.43765E5	3.01795E5	2.8133E5	2.71224E5	2.63201E5	2.57285E5	2.48624E5	2.43332E5	2.2094E5	1.94444E5	1.74201E5	1.53543E5	1.34801E5	1.17979E5	1.00051E5	8.40208E4
572	6.29006E5	6.08463E5	2.73472E6	5.92031E5	2.30477E6	4.53921E6	3.34768E5	2.96372E5	2.72674E5	2.59375E5	2.55793E5	2.46589E5	2.41503E5	2.3693E5	2.11501E5	1.89216E5	1.70911E5	1.48313E5	1.30883E5	1.15481E5	9.66898E4	8.31389E4
574	5.66912E5	5.70841E5	2.62312E6	5.77474E5	9.66169E5	8.0524E6	3.33065E5	2.87656E5	2.62881E5	2.54433E5	2.46264E5	2.36624E5	2.34262E5	2.26357E5	2.04591E5	1.81065E5	1.64698E5	1.43076E5	1.29516E5	1.13384E5	9.45537E4	8.15589E4
576	5.65561E5	5.71128E5	2.35686E6	5.61846E5	5.95757E5	1.19623E7	3.17581E5	2.8008E5	2.60386E5	2.48852E5	2.3821E5	2.32374E5	2.22069E5	2.19312E5	1.96633E5	1.78975E5	1.57897E5	1.41272E5	1.23569E5	1.09212E5	9.43629E4	7.83503E4
578	5.46754E5	5.54966E5	1.97541E6	5.83819E5	5.48202E5	1.55968E7	3.17105E5	2.72881E5	2.52836E5	2.39788E5	2.33258E5	2.23016E5	2.20871E5	2.14081E5	1.94035E5	1.72468E5	1.54278E5	1.37725E5	1.21759E5	1.07299E5	9.04228E4	7.69454E4
580	5.76722E5	5.26329E5	1.6098E6	6.2353E5	5.24641E5	1.81032E7	3.11953E5	2.68759E5	2.40843E5	2.31821E5	2.27683E5	2.196E5	2.13404E5	2.05399E5	1.89233E5	1.67893E5	1.49096E5	1.33462E5	1.17882E5	1.04444E5	8.97935E4	7.55756E4
582	5.38638E5	5.42263E5	1.20124E6	7.25165E5	5.0218E5	1.83107E7	3.10169E5	2.60345E5	2.41479E5	2.27665E5	2.19778E5	2.12044E5	2.04483E5	1.99395E5	1.83045E5	1.5989E5	1.43633E5	1.30816E5	1.13563E5	1.01744E5	8.68199E4	7.4668E4
584	5.33388E5	5.21487E5	9.2477E5	9.2597E5	4.95742E5	1.61607E7	3.0799E5	2.55424E5	2.32941E5	2.21655E5	2.12661E5	2.00381E5	2.03488E5	1.97283E5	1.7709E5	1.55539E5	1.43724E5	1.25633E5	1.11671E5	1.00068E5	8.43959E4	7.21571E4
586	5.35607E5	4.87631E5	7.02745E5	1.17284E6	4.7766E5	1.25133E7	3.39175E5	2.47697E5	2.27168E5	2.13384E5	2.05602E5	1.96909E5	1.93154E5	1.87844E5	1.69136E5	1.558E5	1.37081E5	1.22264E5	1.08867E5	9.41607E4	8.24458E4	6.97009E4
588	5.29185E5	4.90479E5	5.70744E5	1.52446E6	4.70381E5	8.23838E6	7.14505E5	2.42373E5	2.20807E5	2.07549E5	1.98385E5	1.89013E5	1.85777E5	1.82766E5	1.65676E5	1.47429E5	1.33173E5	1.19518E5	1.05659E5	9.00627E4	7.9972E4	6.72546E4
590	4.96249E5	4.6265E5	5.29777E5	1.84786E6	4.75878E5	4.41535E6	2.01922E6	2.34751E5	2.13502E5	2.00463E5	1.93291E5	1.85333E5	1.79662E5	1.76546E5	1.58382E5	1.40563E5	1.29191E5	1.143E5	1.01943E5	9.17655E4	7.74375E4	6.56251E4
592	5.07824E5	4.74558E5	4.92581E5	2.15217E6	4.65655E5	1.84808E6	4.64568E6	2.28988E5	2.07367E5	1.96171E5	1.88449E5	1.78505E5	1.73732E5	1.72656E5	1.54337E5	1.38721E5	1.22951E5	1.11446E5	9.98248E4	8.59923E4	7.51695E4	6.53564E4
594	4.82405E5	4.71989E5	4.7732E5	2.3346E6	4.63595E5	7.27931E5	8.26701E6	2.28032E5	2.00995E5	1.88621E5	1.82041E5	1.74341E5	1.69724E5	1.65469E5	1.48875E5	1.34548E5	1.23362E5	1.10316E5	9.65177E4	8.42843E4	7.20192E4	6.33783E4
596	5.18125E5	4.4928E5	4.61861E5	2.38204E6	4.54929E5	4.40852E5	1.23146E7	2.22973E5	1.93654E5	1.83668E5	1.73132E5	1.66512E5	1.63474E5	1.59955E5	1.45785E5	1.27385E5	1.15978E5	1.05265E5	9.46077E4	8.16489E4	7.04161E4	6.06733E4
598	4.90781E5	4.50633E5	4.44344E5	2.29268E6	4.5708E5	4.055E5	1.59191E7	2.15747E5	1.90448E5	1.76938E5	1.6721E5	1.62808E5	1.57677E5	1.55276E5	1.40019E5	1.26809E5	1.11567E5	1.04128E5	9.06844E4	8.04101E4	6.92898E4	5.97757E4
600	4.84995E5	4.18561E5	4.39433E5	2.05875E6	4.46842E5	3.80449E5	1.81278E7	2.12963E5	1.88311E5	1.72334E5	1.62554E5	1.56447E5	1.52298E5	1.48072E5	1.36995E5	1.22045E5	1.09873E5	9.89857E4	8.90193E4	7.59921E4	6.59803E4	5.88045E4
