300	3.32114E5	2.22216E5	2.22484E5	2.61282E6	4.13937E5	4.60688E5	5.70963E7	2.67836E5	3.67604E4	2.21314E4	1.4941E4	1.14204E4	1.0028E4	8266.91598	6960.02161	6263.15244	4856.83164	5072.81069	4366.44468	4112.22949	3532.11943	3551.76273
302	3.56924E5	2.33983E5	2.29555E5	1.74685E6	7.2045E5	2.84358E5	5.04374E7	3.06343E6	4.35163E4	2.44429E4	1.70227E4	1.16976E4	9922.99136	8778.82466	7294.44352	6740.85882	5194.70904	4893.60831	4422.77802	4234.19662	3661.95026	3349.14548
304	3.78226E5	2.22819E5	2.38611E5	1.00492E6	1.30142E6	2.59669E5	3.3399E7	1.31706E7	5.08046E4	2.63279E4	1.72645E4	1.1607E4	1.09655E4	8550.6589	7204.40743	6266.1138	5186.58494	5002.18386	4376.54437	3707.15338	3855.91652	3426.55691
306	3.69911E5	2.40834E5	2.3976E5	5.62005E5	2.04562E6	2.44354E5	1.4875E7	3.08353E7	6.38644E4	2.57522E4	1.88233E4	1.2275E4	9983.61646	8774.14605	7097.43917	5821.17984	5406.32746	4949.54927	4293.06924	4126.96726	3836.41074	3221.01667
308	3.93071E5	2.67892E5	2.59725E5	3.76526E5	2.69087E6	2.52542E5	3.58311E6	4.76757E7	9.1805E4	2.87636E4	1.89137E4	1.35186E4	1.03494E4	9372.66463	7282.09425	5771.77289	5372.04156	4632.24662	4362.54739	4116.00165	3609.80271	3604.5712
310	4.08458E5	2.50472E5	2.64084E5	3.41418E5	2.83076E6	2.67769E5	4.48647E5	5.41483E7	2.68282E5	3.33762E4	1.97465E4	1.41549E4	1.05442E4	9182.28906	7523.67457	6036.49308	5433.09037	4651.82519	4704.71452	4253.57089	3779.30845	3230.80863
312	3.92474E5	2.58013E5	2.72387E5	3.27651E5	2.42087E6	3.54448E5	2.32097E5	4.83418E7	2.98698E6	3.699E4	2.07827E4	1.35653E4	1.13246E4	8555.97671	7752.99454	6275.82385	5410.27478	4738.06258	4586.95132	3976.83028	3237.99198	2722.37126
314	4.52224E5	2.61592E5	2.88576E5	3.34454E5	1.66408E6	6.11624E5	2.00435E5	3.17152E7	1.33928E7	4.39421E4	2.15493E4	1.62688E4	1.10505E4	9546.13273	7423.31951	6279.72111	5146.99992	4971.86514	4376.87415	4224.61763	3703.55204	3380.56607
316	4.25436E5	2.94808E5	2.94719E5	3.44824E5	1.00592E6	1.11123E6	1.87791E5	1.3545E7	2.97164E7	5.39802E4	2.35004E4	1.61529E4	1.08277E4	9170.85899	7552.77777	5661.666	5036.11929	4965.7747	4486.10114	3675.77076	3428.48542	3831.61119
318	4.48058E5	2.94284E5	3.06775E5	3.50108E5	6.18027E5	1.74025E6	1.85091E5	3.09236E6	4.25037E7	8.15333E4	2.6508E4	1.67932E4	1.0989E4	9312.79875	7780.37326	6061.02521	5318.04933	4747.27695	4244.68284	4055.30757	3811.01208	3289.86703
320	4.29676E5	3.13791E5	3.15811E5	3.58626E5	4.41652E5	2.26233E6	1.83542E5	3.4381E5	4.66214E7	2.37018E5	2.91124E4	1.7047E4	1.24929E4	9602.45412	7232.27266	6125.29222	5008.91378	4188.78116	4197.76044	3800.22208	3987.28778	3065.6747
322	4.53681E5	3.11979E5	3.12772E5	3.60885E5	4.08931E5	2.37003E6	2.04147E5	1.91663E5	4.04001E7	2.61458E6	3.24274E4	1.83438E4	1.30282E4	1.02371E4	7610.88516	5965.89347	5088.50138	4217.20772	4205.93815	3750.62356	3598.17029	3106.35916
324	4.31154E5	3.09201E5	3.16246E5	3.61548E5	3.87851E5	2.05103E6	2.67435E5	1.62545E5	2.65711E7	1.1115E7	3.78768E4	1.92295E4	1.38627E4	1.05063E4	7517.59516	6106.09277	4992.77008	4649.52361	4290.51557	3843.59195	3004.54802	3029.59752
326	4.92858E5	3.10481E5	3.30709E5	3.71462E5	3.94004E5	1.47313E6	4.5403E5	1.555E5	1.13725E7	2.46345E7	4.92607E4	2.00407E4	1.3812E4	9960.88414	7490.53273	6626.12762	5123.21198	4191.26982	4184.61386	4247.25558	3234.15057	2846.35442
328	4.93503E5	3.36297E5	3.34036E5	3.81383E5	4.03221E5	9.42841E5	8.18562E5	1.53313E5	2.79855E6	3.51341E7	7.05638E4	2.19235E4	1.4391E4	1.00467E4	7405.46586	6168.29077	5052.33527	4483.10992	4496.8035	3507.38105	3036.88	2958.68928
330	5.17425E5	3.38839E5	3.52616E5	3.79651E5	4.03908E5	5.88725E5	1.32819E6	1.53813E5	3.18681E5	3.89365E7	2.06422E5	2.38501E4	1.50217E4	1.05484E4	8087.12455	6179.70547	5350.76617	4300.23721	3993.30128	3730.02756	3334.05585	2971.729
332	5.25093E5	3.50547E5	3.44829E5	3.85579E5	4.07819E5	4.23514E5	1.77519E6	1.57769E5	1.6927E5	3.49513E7	2.21554E6	2.6943E4	1.54542E4	1.18547E4	7985.92169	6311.62503	5107.19763	4513.74522	4057.70313	3743.47759	3033.0534	2796.27702
334	5.68198E5	3.66098E5	3.54183E5	3.84418E5	4.17177E5	3.77927E5	1.95729E6	1.6939E5	1.4253E5	2.45367E7	9.31176E6	3.25132E4	1.57343E4	1.11296E4	7876.71259	5683.03671	5261.30801	4026.43779	3797.25833	3227.5785	3460.87631	2848.91552
336	5.43172E5	3.70131E5	3.57932E5	3.91622E5	4.16336E5	3.68002E5	1.77742E6	2.18904E5	1.40379E5	1.13518E7	2.07229E7	4.08888E4	1.67049E4	1.27851E4	8556.05906	6151.30546	5093.06182	4482.91398	3593.79561	3381.36485	3249.37703	2666.51306
338	5.66715E5	3.73229E5	3.65984E5	4.07827E5	4.1338E5	3.72022E5	1.35526E6	3.56965E5	1.38642E5	2.96694E6	2.94884E7	6.08913E4	1.81859E4	1.25449E4	8266.07257	6158.35237	4917.32679	4165.77061	3696.46337	3395.52385	3356.72302	2500.31672
340	5.69906E5	4.03871E5	3.59706E5	3.97429E5	4.27587E5	3.86365E5	8.87065E5	6.28679E5	1.42224E5	3.2971E5	3.25958E7	1.58384E5	2.11232E4	1.27044E4	9289.9874	5940.47497	5034.52136	4200.32015	3631.24737	3224.29659	3006.95989	2924.00514
342	6.26301E5	4.19366E5	3.87309E5	4.00609E5	4.18855E5	3.83906E5	5.6524E5	9.97194E5	1.47704E5	1.56113E5	2.94524E7	1.7351E6	2.35508E4	1.30945E4	9115.25702	6129.55789	4861.83893	4570.83945	3506.6125	3562.10987	3101.67136	2585.09901
344	6.39152E5	4.24816E5	3.90066E5	4.05372E5	4.33692E5	3.9359E5	3.96798E5	1.41561E6	1.57079E5	1.36616E5	2.03187E7	8.21987E6	2.7498E4	1.35336E4	9845.0165	6528.81466	5170.04689	4127.15074	3564.91996	3060.12227	3120.10127	2442.92346
346	6.15189E5	4.58647E5	3.93305E5	4.01235E5	4.32755E5	4.03225E5	3.47443E5	1.60711E6	1.736E5	1.3201E5	9.30391E6	1.77557E7	3.47504E4	1.5213E4	9967.38267	6507.11217	4983.69694	4190.00967	3309.1734	3269.05801	3303.86337	2761.80313
348	6.69621E5	4.55604E5	4.03346E5	4.25102E5	4.38285E5	4.16837E5	3.45421E5	1.53017E6	2.11079E5	1.38856E5	2.14538E6	2.50806E7	5.21624E4	1.62098E4	9784.3382	6808.73867	5069.47718	3981.62624	3633.42197	3188.96346	2813.01516	2449.47696
350	6.8025E5	4.67793E5	4.17453E5	4.23372E5	4.3767E5	4.22534E5	3.53099E5	1.23407E6	3.07021E5	1.45144E5	2.64393E5	2.71466E7	1.18874E5	1.82926E4	1.01935E4	7374.17817	4836.89884	3862.86798	3231.73248	3263.0748	2785.25158	2492.6335
352	6.94097E5	4.99455E5	4.37525E5	4.3319E5	4.51038E5	4.33983E5	3.6384E5	8.55557E5	5.05413E5	1.53981E5	1.44881E5	2.42591E7	1.54981E6	2.12416E4	1.01845E4	7809.02636	5130.51886	4419.68131	3633.22118	3174.61455	2699.34283	2462.1316
354	7.16901E5	5.26112E5	4.45974E5	4.36383E5	4.53844E5	4.36546E5	3.79426E5	5.78807E5	7.80649E5	1.65105E5	1.32047E5	1.73045E7	6.64405E6	2.48866E4	1.11263E4	7613.47257	5028.02231	4171.27874	3322.14393	3080.73307	2749.35892	2505.5103
356	7.27665E5	5.3476E5	4.66172E5	4.4382E5	4.55288E5	4.46244E5	3.89955E5	4.28403E5	1.08952E6	1.80457E5	1.32394E5	8.06036E6	1.50205E7	3.14658E4	1.13822E4	7882.76891	5866.95041	4220.3948	3321.41065	2829.55025	2424.89976	2464.42953
358	7.58623E5	5.74371E5	4.71143E5	4.5198E5	4.67187E5	4.55646E5	4.05493E5	3.75441E5	1.30176E6	1.98682E5	1.4125E5	2.08599E6	2.13266E7	4.70905E4	1.26682E4	8067.52462	5794.33382	3945.05967	3473.99127	3220.33967	2588.33578	2373.35137
360	7.78483E5	5.88411E5	4.87608E5	4.63674E5	4.66843E5	4.70702E5	4.19291E5	3.72853E5	1.31808E6	2.25704E5	1.49818E5	2.58372E5	2.35827E7	1.05679E5	1.4664E4	7967.26529	6213.17247	4161.33914	3578.87036	2970.74635	2530.77198	2262.57832
362	7.93787E5	6.15433E5	5.16099E5	4.77005E5	4.79083E5	4.74791E5	4.38977E5	3.84909E5	1.14427E6	2.87196E5	1.63717E5	1.35999E5	2.19377E7	1.27274E6	1.68248E4	8826.39808	6114.5516	4249.78886	3319.94156	3293.17905	2553.90063	2275.16993
364	8.5581E5	6.48532E5	5.35831E5	4.87513E5	4.89646E5	4.9461E5	4.57826E5	4.0142E5	8.74183E5	4.14591E5	1.73969E5	1.24857E5	1.63307E7	6.00627E6	2.00918E4	9111.21697	6371.85645	4453.63656	3411.1522	3246.60865	2845.24051	2436.85807
366	8.74112E5	6.69893E5	5.51324E5	5.0223E5	5.00322E5	5.05454E5	4.71897E5	4.2196E5	6.30853E5	6.19142E5	1.89464E5	1.26185E5	7.83307E6	1.39352E7	2.62465E4	9436.70033	6451.09192	4815.21999	3597.2067	2774.54856	2440.31441	2401.42598
368	8.85608E5	6.96591E5	5.77132E5	5.1972E5	5.12262E5	5.12134E5	4.91247E5	4.39348E5	4.86227E5	8.75763E5	2.05848E5	1.32971E5	2.07303E6	1.96648E7	3.79633E4	1.11874E4	6888.52538	5157.14193	3641.8592	2876.83509	2569.52301	2250.46883
370	8.98403E5	7.4138E5	5.95689E5	5.33271E5	5.20194E5	5.31149E5	5.11336E5	4.65601E5	4.31642E5	1.08591E6	2.23669E5	1.45316E5	2.29873E5	2.16154E7	9.52206E4	1.22059E4	7044.88882	5640.13207	3613.50915	3188.15901	2575.46866	2254.37024
372	9.37666E5	7.64757E5	6.20156E5	5.45225E5	5.3974E5	5.42029E5	5.29935E5	4.79638E5	4.29851E5	1.1563E6	2.47052E5	1.53935E5	1.23662E5	1.96551E7	1.15087E6	1.4438E4	6738.90528	5684.77132	3739.16703	3248.10215	2814.7385	2171.01362
374	1.00118E6	7.80624E5	6.47888E5	5.62467E5	5.4411E5	5.54821E5	5.44483E5	4.9794E5	4.36441E5	1.06517E6	2.97655E5	1.66695E5	1.1205E5	1.40227E7	5.41155E6	1.68439E4	7600.83034	5243.05768	4145.76541	3321.62932	2725.19321	2217.38304
376	9.74147E5	8.21754E5	6.88359E5	5.84904E5	5.55595E5	5.66295E5	5.61304E5	5.23896E5	4.50118E5	8.76898E5	3.88052E5	1.78646E5	1.11659E5	6.54227E6	1.20712E7	2.27451E4	8267.38436	5238.3306	3892.01412	3074.69073	2740.14396	2171.98038
378	1.05569E6	8.65901E5	6.9242E5	5.96341E5	5.71932E5	5.77928E5	5.80663E5	5.44757E5	4.73775E5	6.77309E5	5.42753E5	1.92155E5	1.17413E5	1.55973E6	1.7099E7	3.38613E4	9036.05046	5944.68921	4667.60615	3153.36977	2707.42	2365.03906
380	1.0755E6	9.01475E5	7.2206E5	6.18394E5	5.90225E5	5.96193E5	5.93818E5	5.59885E5	4.93275E5	5.44793E5	7.35852E5	2.08318E5	1.26824E5	1.9106E5	1.86963E7	7.78428E4	1.01482E4	6210.70994	4872.47291	3140.6936	2705.97038	2240.59842
382	1.09334E6	9.2809E5	7.46069E5	6.37977E5	6.01886E5	6.12866E5	6.26837E5	5.83711E5	5.21665E5	4.88504E5	9.21808E5	2.24733E5	1.39413E5	1.1288E5	1.73724E7	9.45959E5	1.23538E4	6444.12866	4845.12457	3451.15419	2558.02157	2196.25224
384	1.15433E6	9.70794E5	7.74729E5	6.60265E5	6.27059E5	6.32008E5	6.42791E5	6.12661E5	5.41446E5	4.73086E5	1.02787E6	2.49216E5	1.51316E5	1.04386E5	1.29082E7	4.49859E6	1.51285E4	7042.85319	4726.97296	3518.73298	2865.30158	2264.87458
386	1.19554E6	1.00239E6	8.23305E5	6.77026E5	6.43474E5	6.52463E5	6.61422E5	6.32084E5	5.60017E5	4.83397E5	1.00408E6	2.83354E5	1.63768E5	1.04362E5	6.27482E6	1.05949E7	2.03021E4	7637.61935	4849.5111	3824.60586	2931.5201	2453.21003
388	1.21259E6	1.05507E6	8.53853E5	7.04413E5	6.48514E5	6.64837E5	6.75254E5	6.49649E5	5.78173E5	4.99041E5	8.90376E5	3.47346E5	1.77718E5	1.10505E5	1.71817E6	1.53575E7	3.13892E4	8016.63501	5193.20619	4463.52658	2890.28605	2299.94132
390	1.24861E6	1.10102E6	8.68938E5	7.22844E5	6.70198E5	6.80309E5	6.95055E5	6.76196E5	6.01052E5	5.15315E5	7.39404E5	4.53623E5	1.96536E5	1.21576E5	2.09072E5	1.74216E7	7.47273E4	9552.72435	5090.54764	4625.40847	2873.08498	2614.23624
392	1.29293E6	1.10661E6	9.09813E5	7.35677E5	6.85941E5	7.00716E5	7.15132E5	6.92296E5	6.23003E5	5.32212E5	5.95952E5	6.11741E5	2.09614E5	1.3211E5	1.05782E5	1.64649E7	1.00335E6	1.18658E4	5783.61928	4541.55395	3509.22745	2694.3924
394	1.31768E6	1.13177E6	9.35039E5	7.58207E5	7.03054E5	7.10747E5	7.28356E5	7.10569E5	6.39696E5	5.53139E5	5.24501E5	7.67483E5	2.28603E5	1.46004E5	9.63168E4	1.25537E7	4.46761E6	1.43698E4	6594.54248	4614.65626	3432.0069	2551.59615
396	1.32621E6	1.19066E6	9.53766E5	7.85368E5	7.19545E5	7.27151E5	7.42751E5	7.30205E5	6.573E5	5.72488E5	4.98649E5	8.95392E5	2.45205E5	1.58184E5	9.49557E4	6.21409E6	1.0303E7	1.91717E4	7160.84368	4835.27982	3826.83494	2688.24494
398	1.35639E6	1.19564E6	9.92693E5	8.02707E5	7.40696E5	7.44108E5	7.54615E5	7.39235E5	6.78444E5	5.90898E5	5.04059E5	9.29026E5	2.70381E5	1.70262E5	1.01473E5	1.68939E6	1.45475E7	2.87153E4	7980.1799	5042.65576	4158.29512	2418.71623
400	1.40486E6	1.22334E6	1.02524E6	8.21746E5	7.44602E5	7.56597E5	7.77555E5	7.57037E5	6.94687E5	6.07625E5	5.16646E5	8.64277E5	3.14833E5	1.86442E5	1.08959E5	1.98448E5	1.60227E7	6.30955E4	8835.31369	5205.28093	3878.98885	3028.4338
402	1.4228E6	1.25368E6	1.04419E6	8.46591E5	7.72901E5	7.65343E5	7.8812E5	7.75194E5	7.14633E5	6.25261E5	5.30417E5	7.40701E5	3.88663E5	2.00704E5	1.18261E5	9.68027E4	1.46939E7	7.97114E5	1.02617E4	5447.72642	4069.36197	2945.1336
404	1.45756E6	1.29499E6	1.08711E6	8.68246E5	7.78746E5	7.76852E5	7.97195E5	7.91095E5	7.26352E5	6.43099E5	5.47189E5	6.17429E5	5.01286E5	2.15046E5	1.29417E5	8.6666E4	1.05725E7	3.93784E6	1.28836E4	5761.35002	4077.19901	3116.45186
406	1.46175E6	1.35088E6	1.0993E6	8.9342E5	7.9822E5	7.91147E5	8.14774E5	8.03081E5	7.41414E5	6.56759E5	5.66608E5	5.41091E5	6.36315E5	2.30989E5	1.41374E5	8.63515E4	4.99878E6	9.13868E6	1.64663E4	6274.80854	4032.95661	3307.88652
408	1.49215E6	1.35021E6	1.11957E6	8.96083E5	8.03288E5	7.97645E5	8.20045E5	8.11977E5	7.56669E5	6.72009E5	5.78094E5	5.02467E5	7.6406E5	2.50922E5	1.5015E5	8.97837E4	1.22643E6	1.3515E7	2.59862E4	7222.4382	4149.05425	3581.42369
410	1.50875E6	1.39618E6	1.14452E6	9.22596E5	8.17573E5	8.11294E5	8.29656E5	8.2653E5	7.70359E5	6.87591E5	5.95097E5	4.98478E5	8.33157E5	2.72093E5	1.63378E5	9.44159E4	1.41399E5	1.5131E7	5.34819E4	8362.57699	4176.433	3358.37211
412	1.54711E6	1.39348E6	1.15982E6	9.37269E5	8.34248E5	8.16341E5	8.35956E5	8.32781E5	7.77221E5	7.01509E5	6.1055E5	5.07008E5	8.26182E5	3.00552E5	1.74629E5	1.04511E5	8.41166E4	1.39911E7	6.36877E5	9752.56546	4517.13319	3347.25631
414	1.56359E6	1.4317E6	1.18402E6	9.61752E5	8.41422E5	8.29119E5	8.41536E5	8.40398E5	7.8827E5	7.1103E5	6.25036E5	5.16051E5	7.49878E5	3.51769E5	1.87499E5	1.10809E5	7.72665E4	1.02963E7	3.23083E6	1.18414E4	5075.37242	3373.37969
416	1.60669E6	1.43623E6	1.21049E6	9.74746E5	8.50826E5	8.40528E5	8.48185E5	8.4448E5	7.95463E5	7.2499E5	6.37596E5	5.32552E5	6.49862E5	4.33812E5	2.01088E5	1.22152E5	7.64723E4	4.95645E6	8.19102E6	1.54897E4	5615.75068	3581.85403
418	1.57375E6	1.45176E6	1.22964E6	1.00028E6	8.66683E5	8.47721E5	8.50986E5	8.53325E5	8.04E5	7.34991E5	6.53454E5	5.4885E5	5.61943E5	5.41652E5	2.12315E5	1.30031E5	7.7064E4	1.28703E6	1.25315E7	2.44894E4	5967.93714	3658.33695
420	1.61984E6	1.50101E6	1.26621E6	1.00627E6	8.70427E5	8.47998E5	8.6492E5	8.5819E5	8.11424E5	7.41556E5	6.68329E5	5.61145E5	5.09328E5	6.57421E5	2.2543E5	1.39215E5	8.33179E4	1.47145E5	1.44511E7	5.0898E4	7288.41909	3703.62847
422	1.64025E6	1.49386E6	1.29189E6	1.03149E6	8.81918E5	8.51094E5	8.62939E5	8.63038E5	8.21697E5	7.60198E5	6.71489E5	5.7503E5	4.91022E5	7.41042E5	2.41098E5	1.49005E5	8.92002E4	7.43576E4	1.33984E7	6.85287E5	8495.50177	4196.36988
424	1.64067E6	1.50839E6	1.29169E6	1.04964E6	8.94479E5	8.58287E5	8.57409E5	8.6389E5	8.21512E5	7.59625E5	6.89681E5	5.84405E5	4.88691E5	7.68612E5	2.60406E5	1.61359E5	9.64838E4	6.73744E4	9.76951E6	3.32979E6	1.03016E4	4516.91289
426	1.66435E6	1.5148E6	1.31846E6	1.05742E6	9.10787E5	8.63503E5	8.64106E5	8.62799E5	8.2806E5	7.70943E5	6.94718E5	5.97989E5	5.02858E5	7.25472E5	2.98565E5	1.71766E5	1.05408E5	6.65572E4	4.45852E6	8.34459E6	1.3868E4	4768.76287
428	1.63483E6	1.52623E6	1.31875E6	1.07124E6	9.06018E5	8.66449E5	8.6674E5	8.65458E5	8.30221E5	7.73997E5	7.01272E5	6.10262E5	5.07432E5	6.5084E5	3.51756E5	1.81207E5	1.13105E5	6.79049E4	1.05329E6	1.25812E7	2.21961E4	5436.45369
430	1.69268E6	1.55993E6	1.34492E6	1.08724E6	9.21813E5	8.65663E5	8.6374E5	8.69007E5	8.32037E5	7.7912E5	7.1078E5	6.17602E5	5.21564E5	5.64662E5	4.28932E5	1.92659E5	1.21765E5	7.23216E4	1.17463E5	1.40804E7	4.75923E4	6239.97356
432	1.67495E6	1.57366E6	1.33872E6	1.10737E6	9.31996E5	8.71019E5	8.66238E5	8.64633E5	8.32147E5	7.84984E5	7.15891E5	6.29801E5	5.30691E5	5.03806E5	5.19634E5	2.0379E5	1.30239E5	7.75814E4	6.66077E4	1.25996E7	6.6957E5	7272.30743
434	1.71018E6	1.58147E6	1.35348E6	1.12313E6	9.37693E5	8.75034E5	8.5989E5	8.62714E5	8.3414E5	7.82703E5	7.2904E5	6.40261E5	5.43596E5	4.77173E5	6.02969E5	2.16165E5	1.37778E5	8.30727E4	6.06624E4	8.54115E6	3.3192E6	9009.129
436	1.70441E6	1.56418E6	1.37538E6	1.13031E6	9.4487E5	8.76069E5	8.66207E5	8.58348E5	8.3392E5	7.90408E5	7.30592E5	6.44944E5	5.51993E5	4.69999E5	6.44426E5	2.28758E5	1.47443E5	9.08685E4	5.96424E4	3.77639E6	7.74849E6	1.20406E4
438	1.67599E6	1.56868E6	1.38007E6	1.14494E6	9.50095E5	8.7157E5	8.55541E5	8.58961E5	8.30785E5	7.92824E5	7.32935E5	6.5478E5	5.55062E5	4.75499E5	6.44534E5	2.47021E5	1.57508E5	9.61207E4	6.15314E4	9.02986E5	1.16E7	1.78652E4
440	1.66901E6	1.56936E6	1.39067E6	1.14522E6	9.58119E5	8.71524E5	8.60328E5	8.51255E5	8.26464E5	7.91234E5	7.38223E5	6.55842E5	5.66207E5	4.82242E5	5.99597E5	2.84513E5	1.65184E5	1.03632E5	6.43975E4	1.01909E5	1.31959E7	3.34354E4
442	1.68284E6	1.57446E6	1.38634E6	1.14214E6	9.52598E5	8.72879E5	8.49883E5	8.42454E5	8.24327E5	7.88473E5	7.40386E5	6.59202E5	5.75159E5	4.85702E5	5.36224E5	3.29799E5	1.71779E5	1.10879E5	6.6947E4	6.2818E4	1.20083E7	3.842E5
444	1.62879E6	1.58042E6	1.40062E6	1.15705E6	9.6437E5	8.69148E5	8.46914E5	8.42906E5	8.17947E5	7.92388E5	7.39744E5	6.625E5	5.80162E5	4.94642E5	4.70742E5	3.94492E5	1.79222E5	1.16515E5	7.31957E4	5.56659E4	8.28424E6	2.15738E6
446	1.65424E6	1.58035E6	1.38754E6	1.15908E6	9.63833E5	8.70817E5	8.44432E5	8.32554E5	8.17465E5	7.86962E5	7.39472E5	6.68505E5	5.83263E5	5.01363E5	4.28191E5	4.64329E5	1.87971E5	1.23811E5	7.92179E4	5.48179E4	3.64605E6	6.21246E6
448	1.74094E6	1.57174E6	1.40294E6	1.16954E6	9.64924E5	8.78517E5	8.36705E5	8.32062E5	8.09026E5	7.81293E5	7.42319E5	6.73423E5	5.89005E5	5.08071E5	4.11149E5	5.23192E5	2.01255E5	1.32228E5	8.49312E4	5.6734E4	8.67844E5	1.0297E7
450	1.64274E6	1.55022E6	1.40164E6	1.1841E6	9.71785E5	8.71394E5	8.3133E5	8.17807E5	8.1378E5	7.81559E5	7.42035E5	6.72304E5	5.98957E5	5.18169E5	4.10065E5	5.51744E5	2.1387E5	1.39417E5	9.14905E4	5.8298E4	1.02281E5	1.22807E7
452	1.64022E6	1.58291E6	1.42148E6	1.19287E6	9.78043E5	8.6952E5	8.29091E5	8.17324E5	8.00974E5	7.74078E5	7.37839E5	6.75191E5	6.01476E5	5.24557E5	4.0815E5	5.42282E5	2.35787E5	1.48831E5	9.67023E4	6.23378E4	5.76545E4	1.14392E7
454	1.67838E6	1.56511E6	1.41588E6	1.20044E6	9.82287E5	8.62023E5	8.23453E5	8.14426E5	7.9567E5	7.74184E5	7.31161E5	6.70786E5	6.01782E5	5.28813E5	4.14098E5	4.97058E5	2.68464E5	1.53168E5	1.02953E5	6.51846E4	5.12668E4	8.10097E6
456	1.60131E6	1.56393E6	1.4063E6	1.17831E6	9.85101E5	8.62581E5	8.13815E5	8.0172E5	7.88608E5	7.64114E5	7.32701E5	6.728E5	6.03767E5	5.33086E5	4.20442E5	4.39116E5	3.18452E5	1.57625E5	1.08027E5	7.02182E4	5.02423E4	3.56327E6
458	1.60399E6	1.56219E6	1.40563E6	1.18155E6	9.66508E5	8.60066E5	8.08745E5	7.94823E5	7.81337E5	7.60603E5	7.31727E5	6.68318E5	6.06186E5	5.33721E5	4.25425E5	3.92368E5	3.7377E5	1.65099E5	1.13818E5	7.5923E4	4.96651E4	8.63766E5
460	1.6099E6	1.53468E6	1.40049E6	1.18753E6	9.76821E5	8.5154E5	8.05591E5	7.84062E5	7.69082E5	7.5402E5	7.23019E5	6.68657E5	6.10251E5	5.36223E5	4.28913E5	3.60536E5	4.25268E5	1.73497E5	1.19837E5	8.04721E4	5.25552E4	1.00506E5
462	1.63512E6	1.51917E6	1.40043E6	1.1764E6	9.81906E5	8.47952E5	7.94735E5	7.75294E5	7.61794E5	7.42631E5	7.20521E5	6.60819E5	6.04473E5	5.3908E5	4.29802E5	3.46976E5	4.587E5	1.81922E5	1.25474E5	8.6307E4	5.49738E4	5.17688E4
464	1.61356E6	1.50479E6	1.39742E6	1.17221E6	9.72773E5	8.42943E5	7.84732E5	7.65843E5	7.50116E5	7.42883E5	7.13776E5	6.61774E5	6.04058E5	5.41015E5	4.38111E5	3.43319E5	4.64297E5	1.94024E5	1.31266E5	9.03347E4	5.80023E4	4.75355E4
466	1.58862E6	1.49206E6	1.37631E6	1.18067E6	9.77391E5	8.36132E5	7.85198E5	7.57094E5	7.42689E5	7.29166E5	7.0216E5	6.5351E5	5.97547E5	5.38914E5	4.35215E5	3.42512E5	4.41811E5	2.13421E5	1.36238E5	9.45743E4	6.18213E4	4.61262E4
468	1.82781E6	1.48845E6	1.36271E6	1.17008E6	9.65233E5	8.41344E5	7.68907E5	7.45745E5	7.33912E5	7.17136E5	6.97434E5	6.50771E5	5.98619E5	5.43239E5	4.40205E5	3.49307E5	4.02616E5	2.43112E5	1.403E5	9.97477E4	6.58483E4	4.64273E4
470	2.58784E6	1.47874E6	1.34628E6	1.16796E6	9.58165E5	8.31053E5	7.67147E5	7.35967E5	7.19468E5	7.11582E5	6.85586E5	6.45918E5	5.9304E5	5.40365E5	4.39706E5	3.50205E5	3.55873E5	2.84655E5	1.46151E5	1.03656E5	6.90694E4	4.65333E4
472	4.51116E6	1.45823E6	1.35118E6	1.14592E6	9.55131E5	8.25111E5	7.62365E5	7.30141E5	7.13657E5	7.05465E5	6.79909E5	6.3891E5	5.91548E5	5.43958E5	4.43752E5	3.51747E5	3.22367E5	3.27667E5	1.48513E5	1.09126E5	7.26995E4	4.92174E4
474	7.85311E6	1.44843E6	1.33095E6	1.16822E6	9.51666E5	8.19959E5	7.44595E5	7.20496E5	7.0696E5	6.91323E5	6.70996E5	6.3225E5	5.85788E5	5.38758E5	4.39178E5	3.51553E5	2.9881E5	3.734E5	1.53687E5	1.13632E5	7.7431E4	5.14811E4
476	1.26071E7	1.43762E6	1.32344E6	1.13988E6	9.46416E5	8.19213E5	7.43178E5	7.04605E5	6.9585E5	6.86451E5	6.59145E5	6.25849E5	5.84672E5	5.36128E5	4.43247E5	3.5646E5	2.89986E5	3.97279E5	1.62255E5	1.17439E5	8.14477E4	5.27815E4
478	1.86155E7	1.4027E6	1.29572E6	1.14038E6	9.43255E5	8.01934E5	7.33236E5	6.97219E5	6.81784E5	6.70655E5	6.50929E5	6.16432E5	5.74072E5	5.30568E5	4.39622E5	3.55981E5	2.87018E5	3.95866E5	1.71672E5	1.20421E5	8.44883E4	5.69343E4
480	2.3933E7	1.40094E6	1.26903E6	1.12021E6	9.27725E5	7.9162E5	7.15931E5	6.91091E5	6.69485E5	6.58007E5	6.39078E5	6.08191E5	5.68838E5	5.27642E5	4.40897E5	3.56938E5	2.87391E5	3.72047E5	1.92676E5	1.23317E5	8.79327E4	5.95996E4
482	2.68235E7	1.3867E6	1.28538E6	1.12337E6	9.22514E5	7.89684E5	7.10632E5	6.74189E5	6.60806E5	6.43274E5	6.30878E5	5.94325E5	5.61276E5	5.23448E5	4.37291E5	3.55109E5	2.87279E5	3.28912E5	2.20716E5	1.27724E5	9.15229E4	6.21741E4
484	2.57443E7	1.37958E6	1.24839E6	1.1056E6	9.09222E5	7.77281E5	6.99786E5	6.66129E5	6.48347E5	6.35107E5	6.18379E5	5.89527E5	5.51299E5	5.15536E5	4.33642E5	3.5539E5	2.88121E5	2.89925E5	2.57739E5	1.29976E5	9.33947E4	6.56044E4
486	2.19212E7	1.40481E6	1.2489E6	1.09638E6	9.06745E5	7.67773E5	6.90478E5	6.47004E5	6.33371E5	6.22596E5	6.11151E5	5.79156E5	5.47467E5	5.12877E5	4.30757E5	3.54566E5	2.84056E5	2.61946E5	2.92647E5	1.33342E5	9.68493E4	7.06341E4
488	1.58975E7	1.79681E6	1.23436E6	1.08416E6	8.93621E5	7.64304E5	6.78245E5	6.42205E5	6.24456E5	6.11073E5	5.99061E5	5.71674E5	5.41327E5	5.05643E5	4.28815E5	3.52962E5	2.8747E5	2.4588E5	3.23143E5	1.37571E5	1.00426E5	7.15024E4
490	9.67517E6	3.13302E6	1.2103E6	1.06735E6	8.84593E5	7.57859E5	6.82024E5	6.32411E5	6.0831E5	5.99755E5	5.83044E5	5.63109E5	5.31337E5	5.01909E5	4.26665E5	3.52743E5	2.87428E5	2.38026E5	3.36606E5	1.44918E5	1.02261E5	7.50762E4
492	4.79488E6	6.08015E6	1.19796E6	1.04443E6	8.65569E5	7.45777E5	6.62041E5	6.25326E5	6.01309E5	5.90271E5	5.75188E5	5.53489E5	5.23248E5	4.94448E5	4.19551E5	3.5041E5	2.87988E5	2.36422E5	3.29978E5	1.58048E5	1.04259E5	7.56765E4
494	2.24841E6	1.0717E7	1.17534E6	1.04653E6	8.65916E5	7.32477E5	6.49473E5	6.10898E5	5.86853E5	5.79528E5	5.64058E5	5.43215E5	5.16748E5	4.86294E5	4.21046E5	3.47636E5	2.86519E5	2.35248E5	3.09407E5	1.74172E5	1.06483E5	7.85931E4
496	1.52568E6	1.72151E7	1.17676E6	1.03594E6	8.60123E5	7.26024E5	6.40657E5	5.98544E5	5.81236E5	5.69057E5	5.54039E5	5.3327E5	5.09778E5	4.79901E5	4.09747E5	3.46012E5	2.84969E5	2.32577E5	2.72855E5	1.9752E5	1.09536E5	8.07468E4
498	1.37596E6	2.41967E7	1.1464E6	1.00906E6	8.34997E5	7.14129E5	6.35496E5	5.88185E5	5.66826E5	5.58409E5	5.41422E5	5.23893E5	4.99708E5	4.73994E5	4.06324E5	3.42952E5	2.8476E5	2.32829E5	2.40031E5	2.25885E5	1.11792E5	8.29901E4
500	1.33563E6	3.00106E7	1.1543E6	9.99636E5	8.36671E5	7.00891E5	6.27333E5	5.80873E5	5.62518E5	5.46522E5	5.36832E5	5.13755E5	4.94929E5	4.65466E5	4.05643E5	3.37617E5	2.82177E5	2.31217E5	2.15656E5	2.54115E5	1.14138E5	8.57467E4
502	1.29749E6	3.25707E7	1.12824E6	9.91612E5	8.18394E5	7.03725E5	6.11062E5	5.748E5	5.52889E5	5.34755E5	5.2865E5	5.06806E5	4.83958E5	4.63012E5	3.97594E5	3.37874E5	2.82796E5	2.32618E5	2.0368E5	2.72646E5	1.16872E5	8.64115E4
504	1.29061E6	3.10107E7	1.12604E6	9.7381E5	8.12765E5	6.86869E5	6.10382E5	5.62948E5	5.38525E5	5.26003E5	5.13737E5	4.93959E5	4.73596E5	4.57303E5	3.95088E5	3.33646E5	2.81021E5	2.32596E5	1.96554E5	2.86107E5	1.22665E5	8.75251E4
506	1.24994E6	2.56905E7	1.15825E6	9.60339E5	8.04325E5	6.82385E5	6.00025E5	5.50594E5	5.30938E5	5.20087E5	5.04904E5	4.83217E5	4.60239E5	4.45279E5	3.88304E5	3.29739E5	2.76444E5	2.29442E5	1.94669E5	2.75026E5	1.33882E5	8.91439E4
508	1.22434E6	1.86825E7	1.63777E6	9.3736E5	7.90459E5	6.62577E5	5.82077E5	5.44101E5	5.13026E5	5.0704E5	4.96577E5	4.79238E5	4.568E5	4.38267E5	3.79337E5	3.24558E5	2.7368E5	2.28641E5	1.91633E5	2.54096E5	1.46976E5	9.13822E4
510	1.29105E6	1.10812E7	3.43649E6	9.34986E5	7.73134E5	6.64361E5	5.75256E5	5.26832E5	5.0636E5	4.93115E5	4.84877E5	4.6378E5	4.49304E5	4.33178E5	3.74731E5	3.22444E5	2.71398E5	2.28385E5	1.8889E5	2.25525E5	1.65956E5	9.10649E4
512	1.36908E6	4.97516E6	7.47896E6	9.12871E5	7.6449E5	6.49223E5	5.60204E5	5.18781E5	4.96508E5	4.84422E5	4.71128E5	4.53919E5	4.37407E5	4.19586E5	3.67795E5	3.16675E5	2.68578E5	2.26088E5	1.89786E5	1.94889E5	1.90716E5	9.27364E4
514	1.53615E6	2.1945E6	1.33777E7	9.05617E5	7.60129E5	6.38914E5	5.53385E5	5.10493E5	4.84229E5	4.74958E5	4.61333E5	4.42733E5	4.27712E5	4.1144E5	3.63652E5	3.09887E5	2.6317E5	2.21825E5	1.8483E5	1.77984E5	2.15029E5	9.51008E4
516	1.7875E6	1.3159E6	2.08414E7	8.85389E5	7.43037E5	6.24062E5	5.41944E5	4.98592E5	4.73239E5	4.62785E5	4.51333E5	4.37019E5	4.19767E5	4.02724E5	3.54955E5	3.05359E5	2.63616E5	2.19106E5	1.85536E5	1.66079E5	2.26477E5	9.71369E4
518	2.13165E6	1.16367E6	2.85382E7	8.73739E5	7.27639E5	6.23866E5	5.36967E5	4.97426E5	4.69761E5	4.52745E5	4.38152E5	4.25413E5	4.12403E5	3.97455E5	3.47361E5	3.01444E5	2.57874E5	2.18277E5	1.8444E5	1.58151E5	2.30919E5	1.0377E5
520	2.4371E6	1.1068E6	3.46286E7	8.75887E5	7.17536E5	6.0012E5	5.28698E5	4.81744E5	4.56724E5	4.42893E5	4.27451E5	4.16637E5	4.0073E5	3.88639E5	3.4507E5	2.99233E5	2.56236E5	2.15914E5	1.81736E5	1.56588E5	2.22435E5	1.1034E5
522	2.76719E6	1.09004E6	3.65198E7	8.57932E5	7.10206E5	5.96981E5	5.12748E5	4.66085E5	4.44799E5	4.29661E5	4.20055E5	4.05594E5	3.94682E5	3.79877E5	3.37293E5	2.9062E5	2.4985E5	2.12595E5	1.79911E5	1.54226E5	2.06909E5	1.21188E5
524	3.02184E6	1.06011E6	3.36489E7	8.45981E5	6.96002E5	5.8397E5	5.06892E5	4.6535E5	4.37906E5	4.20005E5	4.07855E5	3.97989E5	3.84836E5	3.72478E5	3.28241E5	2.8715E5	2.47625E5	2.12222E5	1.81503E5	1.52401E5	1.8453E5	1.37926E5
526	3.05929E6	1.01789E6	2.76029E7	9.06928E5	6.87542E5	5.72662E5	4.96417E5	4.50076E5	4.27635E5	4.11656E5	4.01227E5	3.84793E5	3.79931E5	3.64945E5	3.22266E5	2.78963E5	2.4179E5	2.08513E5	1.78128E5	1.49078E5	1.60857E5	1.54835E5
528	2.8132E6	9.85905E5	1.96748E7	1.49787E6	6.67673E5	5.59531E5	4.89664E5	4.4044E5	4.17397E5	4.03342E5	3.90576E5	3.77784E5	3.65046E5	3.57563E5	3.1812E5	2.7384E5	2.4051E5	2.04892E5	1.7551E5	1.50219E5	1.41107E5	1.70686E5
530	2.53125E6	9.63173E5	1.12964E7	3.6467E6	6.65368E5	5.52874E5	4.82875E5	4.33694E5	4.04415E5	3.91251E5	3.80104E5	3.70491E5	3.57169E5	3.48298E5	3.0922E5	2.69861E5	2.35933E5	2.02304E5	1.73543E5	1.48417E5	1.31751E5	1.84694E5
532	2.11889E6	1.00922E6	4.98679E6	8.40199E6	6.51852E5	5.4464E5	4.70802E5	4.30318E5	4.00715E5	3.85736E5	3.75286E5	3.59653E5	3.48024E5	3.3973E5	3.00432E5	2.64635E5	2.30842E5	2.00461E5	1.69843E5	1.44115E5	1.23659E5	1.88471E5
534	1.71095E6	1.08991E6	1.88275E6	1.56731E7	6.40862E5	5.26961E5	4.58234E5	4.19566E5	3.9115E5	3.76161E5	3.6435E5	3.50663E5	3.43173E5	3.3089E5	2.94571E5	2.59326E5	2.25159E5	1.96363E5	1.69913E5	1.45378E5	1.21956E5	1.81478E5
536	1.31697E6	1.22436E6	1.04251E6	2.43422E7	6.35789E5	5.20675E5	4.54857E5	4.02211E5	3.80152E5	3.64162E5	3.52563E5	3.41566E5	3.34433E5	3.2505E5	2.87025E5	2.52346E5	2.21996E5	1.91201E5	1.64114E5	1.40588E5	1.1926E5	1.6827E5
538	1.0663E6	1.46666E6	9.33811E5	3.27047E7	6.22004E5	5.09096E5	4.4014E5	3.95695E5	3.70229E5	3.58022E5	3.44761E5	3.32689E5	3.25804E5	3.13194E5	2.81326E5	2.45604E5	2.14806E5	1.89634E5	1.6194E5	1.38844E5	1.15427E5	1.45843E5
540	9.52375E5	1.78281E6	8.8964E5	3.84745E7	6.20235E5	4.9496E5	4.26307E5	3.84924E5	3.62567E5	3.49721E5	3.29511E5	3.22229E5	3.18036E5	3.08403E5	2.72178E5	2.40171E5	2.11147E5	1.85108E5	1.59456E5	1.37782E5	1.14865E5	1.2756E5
542	8.71814E5	2.17345E6	8.27964E5	3.97081E7	6.02205E5	4.92301E5	4.21814E5	3.75348E5	3.56389E5	3.38029E5	3.27284E5	3.14011E5	3.06059E5	2.97806E5	2.66539E5	2.34492E5	2.05383E5	1.82673E5	1.56034E5	1.34378E5	1.13318E5	1.11399E5
544	8.46784E5	2.56189E6	7.90245E5	3.59213E7	6.25985E5	4.81711E5	4.10368E5	3.68864E5	3.46073E5	3.31907E5	3.1665E5	3.07114E5	2.96196E5	2.91284E5	2.59235E5	2.29585E5	2.03601E5	1.76606E5	1.54099E5	1.3127E5	1.09898E5	1.00093E5
546	7.91645E5	2.89753E6	7.91318E5	2.88604E7	7.02313E5	4.71364E5	4.08919E5	3.6516E5	3.3224E5	3.1765E5	3.12135E5	2.93488E5	2.90866E5	2.86311E5	2.54784E5	2.22683E5	1.99535E5	1.72721E5	1.49248E5	1.29223E5	1.1003E5	9.5559E4
548	8.0114E5	2.99403E6	7.59574E5	1.99559E7	1.50431E6	4.68216E5	3.93101E5	3.49178E5	3.23487E5	3.12441E5	3.00684E5	2.86317E5	2.82019E5	2.74672E5	2.48259E5	2.19365E5	1.95503E5	1.69983E5	1.47076E5	1.28029E5	1.09427E5	9.25842E4
550	7.71785E5	2.90677E6	7.42903E5	1.12977E7	4.14812E6	4.59638E5	3.82071E5	3.4533E5	3.14789E5	3.02105E5	2.96963E5	2.80285E5	2.75548E5	2.67879E5	2.41508E5	2.14564E5	1.87776E5	1.65222E5	1.43651E5	1.25192E5	1.05922E5	9.08551E4
552	7.32585E5	2.69041E6	7.24917E5	4.8204E6	9.6286E6	4.45172E5	3.8064E5	3.37665E5	3.11233E5	3.00084E5	2.86289E5	2.7563E5	2.68279E5	2.61369E5	2.35572E5	2.08592E5	1.83915E5	1.64585E5	1.41222E5	1.22098E5	1.02378E5	8.90906E4
554	7.32681E5	2.33918E6	7.05514E5	1.6639E6	1.75097E7	4.45976E5	3.72793E5	3.32621E5	3.03944E5	2.87612E5	2.76691E5	2.65081E5	2.63498E5	2.5476E5	2.28286E5	2.03234E5	1.83425E5	1.59844E5	1.4116E5	1.21895E5	1.02287E5	8.7562E4
556	7.29315E5	1.87066E6	7.44504E5	8.34732E5	2.63005E7	4.37528E5	3.61848E5	3.22451E5	2.95076E5	2.80963E5	2.75013E5	2.58212E5	2.54168E5	2.48768E5	2.21503E5	1.97389E5	1.75759E5	1.56301E5	1.35494E5	1.2056E5	1.00471E5	8.62344E4
558	7.05775E5	1.42528E6	8.73761E5	7.18102E5	3.4708E7	4.31661E5	3.55692E5	3.12771E5	2.88956E5	2.73935E5	2.64454E5	2.5355E5	2.46688E5	2.40125E5	2.17713E5	1.9366E5	1.71123E5	1.52531E5	1.33314E5	1.16456E5	9.90184E4	8.25197E4
560	6.87621E5	1.11968E6	1.03894E6	6.72535E5	4.036E7	4.32492E5	3.52971E5	3.05584E5	2.80866E5	2.64436E5	2.55879E5	2.4615E5	2.41142E5	2.35925E5	2.10401E5	1.88089E5	1.67995E5	1.49363E5	1.29302E5	1.12909E5	9.58463E4	8.20668E4
562	6.55929E5	8.62664E5	1.3008E6	6.36477E5	4.13455E7	4.23957E5	3.40816E5	2.96774E5	2.7416E5	2.6085E5	2.50071E5	2.38158E5	2.34599E5	2.25397E5	2.04215E5	1.82506E5	1.62441E5	1.43487E5	1.2567E5	1.14641E5	9.35451E4	8.12336E4
564	6.46696E5	7.23768E5	1.66933E6	6.16107E5	3.7253E7	4.38603E5	3.34191E5	2.93368E5	2.66694E5	2.53151E5	2.41139E5	2.31201E5	2.25248E5	2.21474E5	1.9662E5	1.78781E5	1.57584E5	1.38984E5	1.24267E5	1.09664E5	9.33254E4	7.90426E4
566	6.17396E5	6.33399E5	2.04184E6	5.96032E5	2.9879E7	5.39045E5	3.28398E5	2.84172E5	2.61345E5	2.46922E5	2.37138E5	2.267E5	2.19241E5	2.14287E5	1.91759E5	1.76215E5	1.54446E5	1.3816E5	1.20912E5	1.03898E5	8.85878E4	7.73798E4
568	6.5259E5	6.11121E5	2.39497E6	5.83454E5	2.02561E7	1.45289E6	3.26376E5	2.79978E5	2.53579E5	2.42037E5	2.29885E5	2.22635E5	2.1475E5	2.06806E5	1.86026E5	1.70808E5	1.51508E5	1.34579E5	1.19828E5	1.03788E5	8.7858E4	7.69002E4
570	6.30232E5	5.96348E5	2.65169E6	5.70993E5	1.10823E7	4.51816E6	3.22454E5	2.70199E5	2.4867E5	2.35142E5	2.22428E5	2.12334E5	2.05759E5	2.02126E5	1.82812E5	1.63579E5	1.4643E5	1.31942E5	1.14873E5	1.01045E5	8.61657E4	7.48904E4
572	5.77481E5	5.72804E5	2.71193E6	5.55567E5	4.57258E6	1.04221E7	3.09994E5	2.63031E5	2.40099E5	2.26291E5	2.16646E5	2.09927E5	2.00241E5	1.95707E5	1.74323E5	1.58328E5	1.43116E5	1.27532E5	1.10661E5	9.82387E4	8.5616E4	7.16675E4
574	6.1092E5	5.38636E5	2.6089E6	5.34298E5	1.44283E6	1.87162E7	3.10857E5	2.65089E5	2.33263E5	2.19619E5	2.11141E5	2.00714E5	1.95812E5	1.89254E5	1.7366E5	1.55676E5	1.36789E5	1.24326E5	1.09505E5	9.76007E4	8.55294E4	6.95836E4
576	5.72058E5	5.1419E5	2.3105E6	5.23914E5	6.48915E5	2.75002E7	3.08043E5	2.53615E5	2.24934E5	2.14582E5	2.03603E5	1.9703E5	1.89285E5	1.86417E5	1.66387E5	1.48067E5	1.32076E5	1.20755E5	1.06457E5	9.38344E4	7.95497E4	6.80946E4
578	6.03556E5	5.00778E5	2.00367E6	5.48276E5	5.58317E5	3.55683E7	2.9783E5	2.49178E5	2.26288E5	2.11123E5	1.96391E5	1.89879E5	1.84334E5	1.77368E5	1.62082E5	1.45603E5	1.30518E5	1.16734E5	1.03103E5	9.0746E4	7.73536E4	6.74303E4
580	5.84117E5	5.16967E5	1.58092E6	5.91541E5	5.17018E5	4.08758E7	3.09937E5	2.48614E5	2.21169E5	2.02045E5	1.91691E5	1.84545E5	1.79633E5	1.75617E5	1.57643E5	1.41027E5	1.27617E5	1.14508E5	9.99236E4	8.86918E4	7.4992E4	6.54525E4
582	5.69653E5	4.86858E5	1.19669E6	6.91166E5	4.94826E5	4.15027E7	3.05975E5	2.39232E5	2.15115E5	1.93297E5	1.90032E5	1.78981E5	1.73575E5	1.67678E5	1.56783E5	1.37489E5	1.22626E5	1.11074E5	9.82482E4	8.55976E4	7.53692E4	6.55076E4
584	5.38722E5	4.74263E5	8.68366E5	8.789E5	4.85096E5	3.69927E7	3.25512E5	2.42004E5	2.08484E5	1.93819E5	1.85215E5	1.75269E5	1.7042E5	1.6381E5	1.48246E5	1.33842E5	1.19371E5	1.06781E5	9.56957E4	8.48012E4	7.34E4	6.20579E4
586	5.62519E5	4.53271E5	6.83476E5	1.1478E6	4.70434E5	2.91204E7	4.09536E5	2.33877E5	2.02038E5	1.86407E5	1.77159E5	1.68466E5	1.66396E5	1.62316E5	1.43512E5	1.27746E5	1.16528E5	1.05223E5	9.33334E4	8.10729E4	6.9727E4	6.02728E4
588	5.47493E5	4.7901E5	5.37736E5	1.48178E6	4.69552E5	1.94341E7	1.29722E6	2.31386E5	2.00472E5	1.81532E5	1.71909E5	1.63627E5	1.59317E5	1.53653E5	1.38797E5	1.24318E5	1.13753E5	9.92535E4	8.93998E4	7.85469E4	6.84234E4	5.78176E4
590	5.63636E5	4.75673E5	4.81696E5	1.82613E6	4.552E5	1.01671E7	4.51897E6	2.31585E5	1.9511E5	1.79467E5	1.65881E5	1.58428E5	1.54047E5	1.4945E5	1.32901E5	1.20344E5	1.09045E5	1.01636E5	8.79111E4	7.64886E4	6.62851E4	5.90933E4
592	5.23968E5	4.70137E5	4.54944E5	2.13977E6	4.4935E5	3.83194E6	1.0999E7	2.28331E5	1.89203E5	1.71954E5	1.59753E5	1.53311E5	1.47935E5	1.46555E5	1.3034E5	1.18144E5	1.05945E5	9.41587E4	8.47505E4	7.47689E4	6.53016E4	5.58139E4
594	4.72408E5	4.22455E5	4.39403E5	2.35368E6	4.39842E5	1.10358E6	1.97429E7	2.18976E5	1.85529E5	1.69566E5	1.59118E5	1.49188E5	1.44369E5	1.39466E5	1.25021E5	1.1449E5	1.03764E5	9.20295E4	8.2674E4	7.23156E4	6.36852E4	5.51474E4
596	4.79247E5	4.16145E5	4.26808E5	2.38902E6	4.38029E5	4.94648E5	2.92142E7	2.14188E5	1.83637E5	1.63E5	1.50486E5	1.46475E5	1.38287E5	1.34542E5	1.24183E5	1.12285E5	9.9715E4	8.86084E4	7.8814E4	7.1075E4	6.21222E4	5.44122E4
598	5.30452E5	4.22099E5	4.39783E5	2.29987E6	4.38531E5	4.2504E5	3.72931E7	2.15579E5	1.73323E5	1.58952E5	1.51533E5	1.41633E5	1.35032E5	1.31594E5	1.18652E5	1.075E5	9.57483E4	8.75864E4	7.58754E4	6.78382E4	6.01605E4	5.15305E4
600	5.15116E5	4.38716E5	4.06192E5	2.05579E6	4.43588E5	3.9969E5	4.1884E7	2.16706E5	1.75323E5	1.54498E5	1.42451E5	1.33843E5	1.28498E5	1.27941E5	1.13736E5	1.05435E5	9.50179E4	8.32795E4	7.59484E4	6.56407E4	5.66017E4	5.09578E4
