300	2.55837E5	1.64421E5	1.8644E5	2.54251E6	3.96328E5	3.34728E5	3.34374E7	1.40619E5	2.03608E4	1.36097E4	1.02822E4	7145.98495	6129.9409	5292.66648	4445.57712	3882.17571	3394.91761	2471.04655	2637.34312	2395.40014	2316.04039	1922.35652
302	2.38125E5	1.77922E5	2.00213E5	1.69868E6	7.09271E5	2.24543E5	2.92191E7	1.59774E6	2.27011E4	1.41216E4	1.01778E4	7078.81494	6774.65713	5413.88893	4169.03693	3910.70973	3572.83004	2815.35673	2492.68077	2948.60308	2310.67504	1811.89439
304	2.79595E5	1.85877E5	2.07753E5	9.96238E5	1.2918E6	2.14434E5	1.88624E7	6.78065E6	2.67181E4	1.44317E4	1.04077E4	7149.87162	5628.78021	5458.68325	4566.42123	3841.17782	3370.68512	2701.43362	2665.82942	2350.14274	2043.51216	2204.60136
306	2.63852E5	1.93281E5	2.16545E5	5.58805E5	1.96193E6	2.27178E5	8.14774E6	1.68965E7	3.53247E4	1.48735E4	1.03044E4	7279.25303	6179.48096	5030.83507	4882.70088	3182.52786	3204.79014	2573.0726	2564.33035	2363.41587	2152.74795	1823.33245
308	3.11085E5	2.07612E5	2.36545E5	3.76366E5	2.63163E6	2.26818E5	2.00163E6	2.79459E7	5.00805E4	1.63123E4	1.11846E4	8056.25141	6350.18576	5346.94991	4753.30731	3875.71227	3361.0776	2917.91158	2590.46395	2454.27368	2121.67929	1809.53313
310	3.11543E5	2.18345E5	2.47856E5	3.27615E5	2.76489E6	2.4806E5	2.97953E5	3.2895E7	1.35827E5	1.81134E4	1.08564E4	7887.9557	6119.91592	5199.45834	3983.98527	3414.55735	2658.66351	2647.74855	2310.15617	2722.31329	2233.41284	2137.82781
312	3.04403E5	2.35247E5	2.48136E5	3.24364E5	2.34967E6	3.38718E5	1.78136E5	2.89791E7	1.50163E6	2.06551E4	1.21931E4	7525.18327	6396.32934	5480.5954	4255.03615	3702.26197	3218.90158	2723.50141	2699.16794	2448.20668	2001.53857	1617.45296
314	3.38342E5	2.38326E5	2.58979E5	3.27948E5	1.63618E6	6.05067E5	1.63771E5	1.80927E7	7.09698E6	2.43173E4	1.20004E4	8914.47776	6109.09214	6089.91162	4795.73435	3697.51173	2873.59592	2682.90623	2310.25118	2476.42033	2288.13577	2049.13494
316	3.28561E5	2.47057E5	2.75702E5	3.30039E5	9.87226E5	1.07432E6	1.60927E5	7.44282E6	1.68732E7	2.9879E4	1.33312E4	9616.61108	6451.93763	5279.60059	4306.89392	3943.22664	2895.85287	2682.77613	2403.0759	2521.43043	2275.19304	1793.46951
318	3.39877E5	2.61186E5	2.92174E5	3.4013E5	6.07677E5	1.68675E6	1.6261E5	1.77458E6	2.59427E7	4.30637E4	1.54611E4	9448.19993	6748.97143	5724.63496	4176.86656	3610.53401	2700.08561	2819.20804	2616.34875	2418.25922	2064.88869	2004.1274
320	3.80713E5	2.76095E5	3.02584E5	3.43704E5	4.35624E5	2.19849E6	1.67128E5	2.46894E5	2.93184E7	1.37003E5	1.55375E4	9460.70006	6798.89687	5686.48169	4436.21341	3986.05247	3491.29436	2509.97903	2485.99799	2263.84202	2181.59111	1684.68923
322	3.86307E5	2.75723E5	2.96062E5	3.50128E5	3.96E5	2.3246E6	1.84387E5	1.47498E5	2.48998E7	1.46982E6	1.73144E4	9735.25172	7452.27069	5696.1585	4345.78868	4305.83759	2622.51705	2269.11055	2474.80473	2690.41966	2097.16676	1852.52831
324	3.74031E5	2.79681E5	3.0322E5	3.57728E5	3.93841E5	1.9837E6	2.5483E5	1.32319E5	1.56115E7	6.25773E6	2.04022E4	1.04213E4	7566.10178	5388.10376	4344.94547	3624.76812	2899.1463	2589.64673	2252.68137	2338.56594	1959.91126	1706.12981
326	4.13837E5	2.99717E5	3.15328E5	3.61643E5	3.94693E5	1.44134E6	4.42073E5	1.32473E5	6.53586E6	1.44966E7	2.66617E4	1.19722E4	8020.28426	5919.74941	4894.38217	3731.58161	2889.11195	2707.09726	2287.9785	2151.24298	1856.9244	1910.93913
328	4.18032E5	3.14987E5	3.25493E5	3.71081E5	3.97548E5	9.2902E5	8.00179E5	1.35691E5	1.63954E6	2.20897E7	3.82497E4	1.16957E4	8390.86614	5460.7816	4599.2637	3359.03638	2928.66827	2729.26265	2343.18505	2379.73619	2030.65525	1735.40529
330	4.35556E5	3.12478E5	3.45456E5	3.79633E5	4.03079E5	5.79824E5	1.29921E6	1.39146E5	2.25594E5	2.54016E7	1.0563E5	1.384E4	8749.47182	6079.1758	4425.39313	3636.98993	3231.47658	2338.93539	1857.41563	2042.79766	1975.80229	1742.90467
332	4.32684E5	3.31205E5	3.49847E5	3.85184E5	4.02384E5	4.29068E5	1.74114E6	1.46118E5	1.32847E5	2.22355E7	1.11943E6	1.49248E4	7888.60176	6741.8922	4714.72386	3160.96085	3050.65981	2805.83664	2246.31978	2186.2642	1929.79589	1670.55932
334	4.50158E5	3.46212E5	3.60553E5	3.88181E5	4.05417E5	3.76442E5	1.92342E6	1.62863E5	1.21062E5	1.46186E7	4.98867E6	1.71238E4	8658.77167	6324.00589	4687.4491	3656.67778	2457.76134	2486.88078	1978.8413	1858.25801	1832.85419	1485.4797
336	4.78366E5	3.67281E5	3.66026E5	3.93453E5	4.10079E5	3.77166E5	1.75824E6	2.15847E5	1.23357E5	6.2962E6	1.21745E7	2.24832E4	9404.48108	6742.98209	4538.1099	3806.1815	2866.44189	2493.42906	2179.17748	1849.55329	1629.22175	1691.02969
338	4.83668E5	3.6719E5	3.74435E5	3.93269E5	4.18307E5	3.74832E5	1.36774E6	3.42869E5	1.28167E5	1.68297E6	1.88136E7	3.37018E4	1.08163E4	7021.07059	4879.06526	3552.22283	2684.98019	2530.48674	2046.71837	2080.21711	1684.52791	1687.79234
340	5.01961E5	3.94609E5	3.95128E5	4.04505E5	4.3126E5	3.91009E5	9.07794E5	6.13962E5	1.34408E5	2.30235E5	2.17468E7	8.65585E4	1.11734E4	6885.74693	5230.81701	3744.27369	3201.58055	2494.28358	2154.1839	1944.48755	1679.40966	1637.95785
342	5.06277E5	4.11318E5	3.98886E5	4.20915E5	4.3491E5	3.96749E5	5.86242E5	9.793E5	1.46649E5	1.27638E5	1.92466E7	9.41234E5	1.33702E4	7318.31982	5343.07761	3771.72701	3084.1529	2555.79223	2264.3751	2011.71107	1886.46831	1627.1842
344	5.37112E5	4.30056E5	4.12546E5	4.17731E5	4.42502E5	4.0827E5	4.16843E5	1.38723E6	1.56451E5	1.22603E5	1.25037E7	4.61523E6	1.58544E4	7960.41691	5740.05066	3538.82771	2639.69525	2369.8515	2135.95836	1997.0385	1669.70439	1822.62412
346	5.76695E5	4.45471E5	4.25451E5	4.36209E5	4.41796E5	4.2087E5	3.65989E5	1.60601E6	1.72802E5	1.22942E5	5.53519E6	1.072E7	1.95386E4	8407.32031	5656.20119	3743.04973	2984.93349	2373.43211	2371.05835	1852.47383	1810.34571	1490.23002
348	5.87126E5	4.68763E5	4.30117E5	4.30653E5	4.51617E5	4.33783E5	3.62195E5	1.54458E6	2.18671E5	1.33787E5	1.36606E6	1.64138E7	2.9234E4	8616.55136	5650.42677	3821.41671	3023.2698	2377.80489	2266.70016	2002.23809	1656.00866	1635.26008
350	6.3261E5	4.89051E5	4.48301E5	4.46923E5	4.6191E5	4.47358E5	3.75933E5	1.26098E6	3.14857E5	1.46457E5	2.14742E5	1.84432E7	6.3705E4	1.08018E4	5514.00473	4196.81237	2759.92227	2438.17945	1859.61226	1883.96265	1625.99671	1519.36714
352	6.43564E5	5.05399E5	4.68309E5	4.55665E5	4.68703E5	4.62676E5	3.91285E5	8.90734E5	5.19641E5	1.63051E5	1.31722E5	1.62051E7	8.056E5	1.14456E4	5620.81355	4209.76211	3114.8146	2277.17276	2123.84875	1846.2675	1595.13541	1448.56607
354	6.60061E5	5.35074E5	4.72858E5	4.66487E5	4.7994E5	4.70968E5	4.04776E5	6.07699E5	7.98669E5	1.78373E5	1.28256E5	1.07877E7	3.69171E6	1.34616E4	6526.61255	4271.15759	2957.18905	2193.7165	2096.72901	1774.11568	1528.55776	1520.69529
356	6.87013E5	5.7028E5	5.08506E5	4.76875E5	4.85214E5	4.86549E5	4.2553E5	4.62624E5	1.10069E6	1.97102E5	1.36876E5	4.71125E6	9.11599E6	1.78392E4	6755.16066	4808.61967	3361.20065	2668.49305	2052.05858	1876.83752	1657.37804	1571.7577
358	7.46361E5	6.1379E5	5.17388E5	4.92168E5	4.94548E5	4.97869E5	4.46565E5	4.14562E5	1.31805E6	2.18466E5	1.4847E5	1.22265E6	1.42064E7	2.66749E4	7516.02419	4357.93977	3388.19201	2488.14287	2215.60373	1630.31409	1557.76311	1539.44415
360	7.25447E5	6.46625E5	5.44908E5	5.13928E5	5.17603E5	5.15642E5	4.65222E5	4.12289E5	1.34194E6	2.52959E5	1.66317E5	1.9625E5	1.64482E7	5.84711E4	8500.67991	4371.25327	3494.93974	2678.07308	2262.57441	1811.12526	1634.89333	1413.76872
362	8.25467E5	6.6959E5	5.73309E5	5.3008E5	5.28719E5	5.29484E5	4.89134E5	4.32186E5	1.17202E6	3.16877E5	1.80752E5	1.27895E5	1.50588E7	6.80976E5	9400.51064	4738.78294	4038.37834	2743.81608	1914.19967	1907.45052	1662.06291	1632.60317
364	8.51097E5	7.07249E5	6.03576E5	5.45027E5	5.38448E5	5.47245E5	5.0964E5	4.52522E5	9.20802E5	4.51312E5	1.9876E5	1.28405E5	1.05457E7	3.36308E6	1.1636E4	5342.99724	3741.83683	3027.37316	2047.56469	1896.29536	1543.51698	1512.33352
366	8.62225E5	7.50391E5	6.30153E5	5.68821E5	5.59488E5	5.67147E5	5.30115E5	4.79485E5	6.73555E5	6.60323E5	2.19709E5	1.34819E5	4.72491E6	8.60886E6	1.51341E4	5565.59705	3742.09986	2738.80082	1858.07546	1652.5167	1847.00767	1501.04359
368	8.69912E5	7.70972E5	6.5665E5	5.87021E5	5.87389E5	5.79714E5	5.68555E5	5.06823E5	5.44783E5	9.13045E5	2.40594E5	1.47049E5	1.26035E6	1.33307E7	2.32522E4	5716.1318	3833.49145	2983.04526	2217.48733	2074.39982	1610.3885	1394.95272
370	9.60314E5	8.30911E5	7.05609E5	6.07443E5	5.9676E5	6.06007E5	5.87517E5	5.36463E5	4.97988E5	1.12904E6	2.63694E5	1.61096E5	1.80725E5	1.52161E7	5.64182E4	6786.67127	3864.94029	3542.80529	2129.88396	1881.2591	1565.63833	1334.92004
372	9.85952E5	8.84236E5	7.27427E5	6.35676E5	6.14288E5	6.19435E5	6.09084E5	5.63637E5	4.95749E5	1.20475E6	2.92037E5	1.78991E5	1.14987E5	1.3519E7	6.82794E5	8480.52758	3993.54475	3200.68635	2096.4267	1726.69756	1581.89902	1279.50431
374	1.02717E6	8.86005E5	7.6283E5	6.54495E5	6.30825E5	6.4029E5	6.34632E5	5.84138E5	5.18178E5	1.11995E6	3.42606E5	1.94897E5	1.10522E5	8.89963E6	3.26612E6	1.01692E4	4372.31972	3149.27502	2175.12328	1910.81306	1614.48709	1385.92497
376	1.07343E6	9.80228E5	7.85749E5	6.8154E5	6.52867E5	6.62241E5	6.66347E5	6.18943E5	5.42798E5	9.41056E5	4.435E5	2.10652E5	1.18402E5	3.88369E6	7.7678E6	1.32235E4	5143.94633	3442.08007	2470.00519	1827.03154	1668.49976	1510.86964
378	1.15985E6	1.00328E6	8.18307E5	7.06836E5	6.77585E5	6.87873E5	6.90224E5	6.48157E5	5.6649E5	7.53608E5	5.95818E5	2.30365E5	1.29677E5	9.45735E5	1.18405E7	2.10215E4	5520.82797	3504.86365	2620.5099	2104.40598	1515.13131	1469.37033
380	1.17316E6	1.05222E6	8.68217E5	7.28292E5	6.96726E5	7.07572E5	7.16399E5	6.77049E5	5.94013E5	6.2837E5	7.97259E5	2.51139E5	1.42008E5	1.505E5	1.33945E7	4.8814E4	6170.87991	3500.78892	2644.95236	2225.97424	1562.33906	1485.31757
382	1.2118E6	1.06989E6	9.0377E5	7.60294E5	7.17555E5	7.39178E5	7.4938E5	7.12301E5	6.31056E5	5.74988E5	9.81881E5	2.75631E5	1.61641E5	1.07832E5	1.21978E7	5.49434E5	7448.09333	3488.82532	2745.31466	2050.75496	1947.97034	1449.79497
384	1.29588E6	1.14029E6	9.42628E5	7.95945E5	7.43627E5	7.62931E5	7.8295E5	7.49012E5	6.59194E5	5.74424E5	1.09172E6	2.99632E5	1.77283E5	1.07579E5	8.51249E6	2.63413E6	9057.05892	3958.38216	2966.26486	2283.71205	1676.25379	1523.88468
386	1.33371E6	1.18899E6	9.77309E5	8.18348E5	7.71974E5	7.86099E5	8.10052E5	7.83314E5	6.90446E5	5.87556E5	1.08563E6	3.40138E5	1.95388E5	1.13101E5	3.83161E6	6.75233E6	1.28896E4	4439.34682	2873.32302	2738.09292	1756.82001	1782.51837
388	1.3651E6	1.23297E6	1.02918E6	8.53182E5	7.93259E5	8.15904E5	8.30037E5	8.1001E5	7.21125E5	6.0851E5	9.815E5	4.09277E5	2.13794E5	1.25429E5	1.06095E6	1.05165E7	1.94206E4	5042.97461	3070.86442	2673.83698	1929.80472	1738.88265
390	1.44214E6	1.27763E6	1.0597E6	8.78804E5	8.2034E5	8.34099E5	8.61907E5	8.43169E5	7.50883E5	6.37332E5	8.3407E5	5.22259E5	2.34244E5	1.40115E5	1.67676E5	1.23587E7	4.59772E4	5990.14828	3159.75693	2628.63217	1939.10237	1785.15539
392	1.47851E6	1.33418E6	1.10776E6	9.09436E5	8.33758E5	8.5497E5	8.9059E5	8.69685E5	7.84856E5	6.63331E5	7.04931E5	6.85354E5	2.54573E5	1.5439E5	1.03101E5	1.13965E7	5.88911E5	7048.91813	3413.6449	2914.37162	2313.1708	1756.96403
394	1.54178E6	1.36561E6	1.14202E6	9.37088E5	8.66148E5	8.87663E5	9.19498E5	9.03149E5	8.07408E5	6.88249E5	6.34848E5	8.4945E5	2.7786E5	1.7308E5	1.00381E5	8.1746E6	2.62868E6	8853.48447	3820.63581	2836.77642	2103.41698	1804.68204
396	1.58555E6	1.42424E6	1.18848E6	9.657E5	8.90093E5	9.0236E5	9.39275E5	9.21411E5	8.39204E5	7.14418E5	6.20549E5	9.77922E5	3.05159E5	1.87983E5	1.04524E5	3.79182E6	6.55804E6	1.18013E4	4318.86974	3172.70313	2507.11552	1877.27971
398	1.62079E6	1.4758E6	1.21264E6	9.99182E5	9.04954E5	9.32511E5	9.66312E5	9.5433E5	8.64043E5	7.44112E5	6.27483E5	1.01717E6	3.33255E5	2.07334E5	1.15358E5	1.03586E6	1.00532E7	1.80758E4	4710.02312	3061.8022	2565.80711	1761.95109
400	1.69855E6	1.52379E6	1.26725E6	1.02882E6	9.24425E5	9.44198E5	9.92055E5	9.80539E5	8.94316E5	7.74381E5	6.44338E5	9.60988E5	3.82862E5	2.2703E5	1.27966E5	1.59862E5	1.15015E7	3.9178E4	5455.1938	3188.22131	2577.91284	1885.48558
402	1.78966E6	1.56587E6	1.29903E6	1.05179E6	9.49053E5	9.70606E5	1.00851E6	1.0019E6	9.26927E5	7.99733E5	6.74034E5	8.46614E5	4.64912E5	2.46959E5	1.40591E5	9.44606E4	1.03485E7	4.57773E5	6188.68883	3527.79985	2350.22346	2059.72536
404	1.75377E6	1.61076E6	1.34611E6	1.07084E6	9.73387E5	9.8521E5	1.0335E6	1.02339E6	9.50097E5	8.2967E5	6.94822E5	7.39084E5	5.86646E5	2.69986E5	1.55932E5	9.28585E4	6.97766E6	2.30351E6	7825.85302	3695.05089	2552.40993	2309.16204
406	1.82242E6	1.68001E6	1.37042E6	1.10513E6	9.98859E5	1.00471E6	1.04679E6	1.05076E6	9.69881E5	8.4615E5	7.21677E5	6.63197E5	7.25497E5	2.93464E5	1.72191E5	9.80947E4	3.06997E6	5.85118E6	1.09586E4	4358.6258	2697.53874	2293.52638
408	1.84698E6	1.67254E6	1.40315E6	1.13717E6	1.00916E6	1.02226E6	1.06485E6	1.06778E6	9.90539E5	8.79357E5	7.48173E5	6.33586E5	8.60144E5	3.12417E5	1.87673E5	1.03562E5	7.71731E5	9.31373E6	1.60601E4	4491.14744	2743.1927	2475.95487
410	1.87141E6	1.74228E6	1.43981E6	1.16738E6	1.02869E6	1.0335E6	1.07406E6	1.08218E6	1.01001E6	8.9917E5	7.66061E5	6.33012E5	9.31984E5	3.42652E5	2.04211E5	1.15103E5	1.18605E5	1.08749E7	3.2339E4	5694.45278	2987.80957	2527.53831
412	1.96038E6	1.7523E6	1.47327E6	1.17818E6	1.05225E6	1.04895E6	1.09365E6	1.09974E6	1.02188E6	9.1471E5	7.92575E5	6.53107E5	9.31863E5	3.79198E5	2.20586E5	1.26701E5	8.40685E4	9.88914E6	3.5032E5	6083.81986	3292.19998	2430.01319
414	1.98891E6	1.79216E6	1.51395E6	1.21933E6	1.06682E6	1.06198E6	1.10084E6	1.11179E6	1.04462E6	9.33429E5	8.14956E5	6.67039E5	8.65904E5	4.36035E5	2.37402E5	1.38476E5	8.24254E4	6.87489E6	1.849E6	7943.1158	3490.5926	2260.94445
416	1.95876E6	1.80971E6	1.53375E6	1.24333E6	1.08842E6	1.08057E6	1.10896E6	1.12674E6	1.06237E6	9.56074E5	8.37551E5	6.9172E5	7.7486E5	5.2201E5	2.56397E5	1.51956E5	8.71587E4	3.10381E6	5.06381E6	1.07001E4	3727.33326	2657.43844
418	2.01321E6	1.87014E6	1.56417E6	1.26288E6	1.0987E6	1.08799E6	1.12117E6	1.13854E6	1.08055E6	9.76332E5	8.55633E5	7.12354E5	6.91375E5	6.37632E5	2.73101E5	1.64632E5	9.28392E4	8.17086E5	8.47176E6	1.54516E4	4154.57986	2530.89345
420	2.04586E6	1.87147E6	1.58501E6	1.29264E6	1.11357E6	1.09109E6	1.1338E6	1.14561E6	1.08835E6	9.9114E5	8.78161E5	7.33933E5	6.45988E5	7.5287E5	2.91024E5	1.76537E5	9.89002E4	1.23518E5	1.01431E7	3.34074E4	4637.69459	2861.23042
422	2.09774E6	1.93245E6	1.62342E6	1.30212E6	1.12945E6	1.10663E6	1.1316E6	1.15784E6	1.10247E6	1.01269E6	8.98348E5	7.55843E5	6.34611E5	8.48745E5	3.11779E5	1.93154E5	1.10363E5	7.52021E4	9.32395E6	4.17659E5	5777.63939	2907.44013
424	2.09197E6	1.94185E6	1.6511E6	1.33593E6	1.14892E6	1.11922E6	1.13577E6	1.15753E6	1.11218E6	1.02149E6	9.16603E5	7.73389E5	6.41336E5	8.80925E5	3.4127E5	2.07272E5	1.21299E5	7.35151E4	6.45048E6	2.03711E6	6888.26947	3066.3421
426	2.09316E6	1.97611E6	1.66492E6	1.35315E6	1.1588E6	1.11322E6	1.14096E6	1.16565E6	1.12114E6	1.04417E6	9.3253E5	7.97137E5	6.56256E5	8.46231E5	3.79139E5	2.21508E5	1.33675E5	7.61845E4	2.7969E6	5.39085E6	9578.12037	3399.51782
428	2.15724E6	1.98073E6	1.70125E6	1.37209E6	1.16681E6	1.12255E6	1.14385E6	1.16008E6	1.12518E6	1.05397E6	9.47632E5	8.16612E5	6.74606E5	7.71825E5	4.4268E5	2.38563E5	1.44907E5	8.12278E4	6.91369E5	8.58006E6	1.44778E4	3907.0369
430	2.12925E6	2.00777E6	1.71047E6	1.39972E6	1.18266E6	1.12782E6	1.14353E6	1.16336E6	1.13187E6	1.05853E6	9.58386E5	8.25254E5	6.90865E5	6.92775E5	5.22962E5	2.51256E5	1.57354E5	8.88625E4	1.02555E5	9.81621E6	3.19503E4	4251.72669
432	2.13821E6	2.00947E6	1.72558E6	1.40049E6	1.20235E6	1.13423E6	1.14914E6	1.16422E6	1.13479E6	1.07321E6	9.72421E5	8.46352E5	7.09634E5	6.40949E5	6.16022E5	2.65599E5	1.68278E5	9.57087E4	6.7162E4	8.68497E6	3.87676E5	5269.82886
434	2.16898E6	2.03599E6	1.72456E6	1.41521E6	1.21205E6	1.13586E6	1.14175E6	1.16535E6	1.13858E6	1.07838E6	9.92384E5	8.60716E5	7.22506E5	6.1987E5	7.07487E5	2.83406E5	1.81048E5	1.06323E5	6.69571E4	5.58331E6	1.9564E6	6606.06923
436	2.17387E6	2.01617E6	1.75026E6	1.43903E6	1.21293E6	1.14026E6	1.13886E6	1.16097E6	1.14344E6	1.08941E6	1.00404E6	8.70109E5	7.3986E5	6.19818E5	7.49395E5	3.00571E5	1.8986E5	1.15949E5	6.92348E4	2.34846E6	4.95454E6	8179.86327
438	2.17051E6	2.03445E6	1.78022E6	1.46041E6	1.21376E6	1.13986E6	1.14226E6	1.16478E6	1.14306E6	1.09433E6	1.00336E6	8.8246E5	7.5212E5	6.27473E5	7.56152E5	3.22595E5	2.04369E5	1.25584E5	7.36674E4	5.75628E5	7.99136E6	1.28002E4
440	2.14426E6	2.02864E6	1.77414E6	1.47644E6	1.23177E6	1.13403E6	1.13047E6	1.15671E6	1.14297E6	1.09149E6	1.01173E6	8.93925E5	7.6363E5	6.42173E5	7.10665E5	3.62096E5	2.15563E5	1.35131E5	7.99634E4	9.12147E4	9.3874E6	2.45486E4
442	2.13479E6	2.0585E6	1.78005E6	1.47672E6	1.23508E6	1.13698E6	1.12356E6	1.14448E6	1.13669E6	1.09033E6	1.02109E6	9.00098E5	7.76365E5	6.52161E5	6.52577E5	4.17038E5	2.26666E5	1.43479E5	8.59742E4	6.35887E4	8.39264E6	2.54786E5
444	2.17575E6	2.01236E6	1.8174E6	1.48444E6	1.23716E6	1.1424E6	1.12956E6	1.1451E6	1.13736E6	1.08555E6	1.02801E6	9.05814E5	7.83241E5	6.6702E5	5.959E5	4.85518E5	2.40612E5	1.53783E5	9.34999E4	6.30724E4	5.53244E6	1.37474E6
446	2.13016E6	2.02505E6	1.79686E6	1.51036E6	1.24172E6	1.13965E6	1.12395E6	1.13568E6	1.13245E6	1.09297E6	1.02583E6	9.12288E5	7.942E5	6.78197E5	5.57413E5	5.56976E5	2.52092E5	1.64481E5	1.02317E5	6.49809E4	2.37065E6	4.02252E6
448	2.11569E6	2.04418E6	1.8229E6	1.51769E6	1.24755E6	1.13857E6	1.11585E6	1.1303E6	1.12278E6	1.09316E6	1.02653E6	9.17224E5	8.02634E5	6.87788E5	5.46697E5	6.20107E5	2.65936E5	1.7556E5	1.09326E5	6.85642E4	5.91938E5	7.02462E6
450	2.1878E6	2.02237E6	1.82605E6	1.52833E6	1.26594E6	1.14151E6	1.10923E6	1.12661E6	1.11629E6	1.09193E6	1.02642E6	9.30849E5	8.1389E5	7.00785E5	5.4447E5	6.53977E5	2.84027E5	1.83706E5	1.20157E5	7.31461E4	9.21799E4	8.63744E6
452	2.20187E6	2.06098E6	1.82725E6	1.53833E6	1.27147E6	1.14633E6	1.11337E6	1.10952E6	1.11189E6	1.09179E6	1.02596E6	9.35558E5	8.21579E5	7.05572E5	5.53462E5	6.41282E5	3.10568E5	1.95226E5	1.28399E5	8.02228E4	6.10045E4	7.96781E6
454	2.14543E6	2.013E6	1.8133E6	1.53418E6	1.27468E6	1.14758E6	1.09902E6	1.10465E6	1.1081E6	1.08012E6	1.03241E6	9.32145E5	8.30859E5	7.15427E5	5.59438E5	6.02471E5	3.47375E5	2.06635E5	1.3656E5	8.47471E4	5.80076E4	5.32627E6
456	2.10276E6	2.00284E6	1.80208E6	1.53546E6	1.27397E6	1.13566E6	1.08371E6	1.08702E6	1.09399E6	1.06994E6	1.02561E6	9.30969E5	8.3179E5	7.24767E5	5.68462E5	5.52575E5	3.97232E5	2.14992E5	1.4349E5	9.19018E4	5.98177E4	2.21299E6
458	2.10424E6	1.99571E6	1.81794E6	1.54101E6	1.26288E6	1.13296E6	1.08129E6	1.08459E6	1.08136E6	1.06559E6	1.01838E6	9.30727E5	8.34351E5	7.31754E5	5.73906E5	5.0263E5	4.56914E5	2.22654E5	1.51146E5	9.86307E4	6.27359E4	5.31713E5
460	2.08099E6	2.00604E6	1.8087E6	1.52774E6	1.27047E6	1.12567E6	1.06989E6	1.07532E6	1.07071E6	1.05356E6	1.01196E6	9.28324E5	8.32067E5	7.33786E5	5.79131E5	4.71947E5	5.12975E5	2.33141E5	1.59081E5	1.07373E5	6.522E4	8.20287E4
462	2.07013E6	1.99287E6	1.79687E6	1.52868E6	1.26895E6	1.11962E6	1.06502E6	1.05957E6	1.05742E6	1.04591E6	1.00884E6	9.24392E5	8.32285E5	7.36842E5	5.84208E5	4.63683E5	5.50279E5	2.44359E5	1.68361E5	1.14406E5	7.08874E4	5.48497E4
464	2.06446E6	1.98921E6	1.78248E6	1.53271E6	1.2606E6	1.1136E6	1.05572E6	1.0453E6	1.04539E6	1.03021E6	9.98134E5	9.2377E5	8.34927E5	7.39656E5	5.90104E5	4.66194E5	5.54948E5	2.58894E5	1.7588E5	1.19541E5	7.42099E4	5.15652E4
466	2.06207E6	1.96334E6	1.78041E6	1.51589E6	1.25794E6	1.10704E6	1.04729E6	1.03223E6	1.03476E6	1.01905E6	9.92686E5	9.16169E5	8.34175E5	7.396E5	5.95496E5	4.66995E5	5.33005E5	2.82513E5	1.81936E5	1.25157E5	8.00538E4	5.35057E4
468	2.15025E6	1.92593E6	1.78782E6	1.51857E6	1.2571E6	1.10163E6	1.03168E6	1.02547E6	1.02056E6	1.01015E6	9.80392E5	9.14582E5	8.27955E5	7.45847E5	6.00629E5	4.70446E5	4.95926E5	3.13133E5	1.90411E5	1.31231E5	8.45461E4	5.64185E4
470	2.72233E6	1.93515E6	1.75476E6	1.51106E6	1.25258E6	1.08638E6	1.02205E6	1.01492E6	1.00972E6	9.97446E5	9.71018E5	9.01246E5	8.20067E5	7.37643E5	6.00206E5	4.76788E5	4.50313E5	3.5523E5	1.9638E5	1.37689E5	9.1498E4	5.78418E4
472	3.71472E6	1.88851E6	1.75015E6	1.50283E6	1.24517E6	1.09311E6	1.0136E6	1.00038E6	9.96861E5	9.91746E5	9.59914E5	9.00976E5	8.22735E5	7.39699E5	6.07726E5	4.78924E5	4.16684E5	4.03903E5	2.00527E5	1.45547E5	9.54631E4	6.20496E4
474	5.61863E6	1.91036E6	1.73625E6	1.51188E6	1.25603E6	1.08167E6	9.99739E5	9.82559E5	9.75018E5	9.7849E5	9.50853E5	8.8961E5	8.17399E5	7.40221E5	6.09233E5	4.83044E5	3.99118E5	4.46216E5	2.09777E5	1.48891E5	1.01295E5	6.49017E4
476	8.38612E6	1.85166E6	1.7299E6	1.47617E6	1.2469E6	1.0716E6	9.87832E5	9.65081E5	9.61389E5	9.5949E5	9.39939E5	8.80077E5	8.13236E5	7.39904E5	6.09841E5	4.83621E5	3.90606E5	4.69908E5	2.18189E5	1.5493E5	1.0743E5	6.75587E4
478	1.17856E7	1.8532E6	1.71539E6	1.47345E6	1.23109E6	1.05616E6	9.77002E5	9.46564E5	9.47277E5	9.45734E5	9.25939E5	8.69606E5	8.00967E5	7.29713E5	6.0614E5	4.83426E5	3.8914E5	4.72961E5	2.3142E5	1.60277E5	1.11307E5	7.06947E4
480	1.4684E7	1.80933E6	1.67745E6	1.46446E6	1.21532E6	1.04934E6	9.6168E5	9.37836E5	9.36962E5	9.30669E5	9.02156E5	8.59795E5	7.89398E5	7.25494E5	6.0543E5	4.83238E5	3.93679E5	4.47244E5	2.49703E5	1.6487E5	1.15346E5	7.58801E4
482	1.63397E7	1.78244E6	1.65698E6	1.44834E6	1.20726E6	1.04419E6	9.47E5	9.24279E5	9.16689E5	9.15231E5	8.92725E5	8.46654E5	7.86163E5	7.21241E5	5.99202E5	4.87994E5	3.89441E5	4.11329E5	2.79085E5	1.69135E5	1.1929E5	8.05498E4
484	1.58139E7	1.78581E6	1.63587E6	1.43709E6	1.19214E6	1.028E6	9.42901E5	9.13235E5	9.00622E5	8.92443E5	8.8184E5	8.28307E5	7.76662E5	7.14733E5	5.98152E5	4.88268E5	3.94917E5	3.75092E5	3.17434E5	1.75248E5	1.25722E5	8.63459E4
486	1.35104E7	1.80846E6	1.6342E6	1.40655E6	1.1818E6	1.01337E6	9.24651E5	8.94075E5	8.86983E5	8.79578E5	8.63223E5	8.19175E5	7.66004E5	7.10104E5	5.96473E5	4.86791E5	3.93454E5	3.4524E5	3.55037E5	1.80012E5	1.28352E5	8.958E4
488	1.01978E7	1.99985E6	1.59206E6	1.38721E6	1.16592E6	1.00303E6	9.1572E5	8.78427E5	8.66289E5	8.64627E5	8.46029E5	8.03376E5	7.56923E5	6.99435E5	5.96079E5	4.87552E5	3.94037E5	3.2517E5	3.86891E5	1.83904E5	1.3284E5	9.54558E4
490	6.5958E6	2.75522E6	1.56592E6	1.3882E6	1.16529E6	9.94711E5	9.08411E5	8.61699E5	8.50276E5	8.48195E5	8.26839E5	7.89554E5	7.46821E5	6.96586E5	5.87934E5	4.84681E5	3.94094E5	3.19917E5	4.02957E5	1.93963E5	1.36691E5	9.73605E4
492	3.78404E6	4.42285E6	1.55217E6	1.38167E6	1.14315E6	9.80145E5	8.86449E5	8.52787E5	8.34935E5	8.31816E5	8.1678E5	7.81417E5	7.4179E5	6.86273E5	5.86542E5	4.86955E5	3.91048E5	3.17223E5	3.95716E5	2.0811E5	1.3953E5	1.00121E5
494	2.29115E6	6.96185E6	1.53712E6	1.34856E6	1.13006E6	9.75191E5	8.74836E5	8.31382E5	8.23337E5	8.1734E5	8.06632E5	7.67456E5	7.24091E5	6.81021E5	5.76589E5	4.7815E5	3.92268E5	3.19323E5	3.71715E5	2.24078E5	1.44091E5	1.03949E5
496	1.84259E6	1.05739E7	1.50642E6	1.3279E6	1.12183E6	9.54346E5	8.6024E5	8.23436E5	8.04394E5	8.01026E5	7.87116E5	7.52583E5	7.16901E5	6.7088E5	5.7228E5	4.77844E5	3.9256E5	3.18683E5	3.40633E5	2.47943E5	1.43658E5	1.06942E5
498	1.70235E6	1.43042E7	1.48083E6	1.3197E6	1.1104E6	9.36459E5	8.49844E5	8.04513E5	7.86727E5	7.88786E5	7.71196E5	7.40793E5	7.05093E5	6.63474E5	5.6701E5	4.75088E5	3.91406E5	3.18224E5	3.10298E5	2.78113E5	1.4804E5	1.0976E5
500	1.65165E6	1.75691E7	1.48504E6	1.31744E6	1.08618E6	9.30968E5	8.34759E5	7.90354E5	7.7614E5	7.70569E5	7.61496E5	7.27544E5	6.87073E5	6.52722E5	5.61314E5	4.67892E5	3.8987E5	3.17783E5	2.86575E5	3.06189E5	1.50128E5	1.12349E5
502	1.59091E6	1.8976E7	1.48E6	1.28152E6	1.07696E6	9.19426E5	8.14018E5	7.72393E5	7.62001E5	7.55636E5	7.47127E5	7.16728E5	6.85605E5	6.4914E5	5.54094E5	4.65E5	3.86113E5	3.17759E5	2.70232E5	3.28068E5	1.53294E5	1.14811E5
504	1.52156E6	1.81035E7	1.43393E6	1.26282E6	1.06959E6	9.14125E5	8.05036E5	7.64884E5	7.48129E5	7.38106E5	7.32581E5	6.98265E5	6.67791E5	6.37198E5	5.45379E5	4.63658E5	3.8245E5	3.15582E5	2.6297E5	3.34115E5	1.60134E5	1.18192E5
506	1.58158E6	1.50301E7	1.46448E6	1.23552E6	1.05526E6	8.9355E5	8.00036E5	7.50018E5	7.24144E5	7.22763E5	7.10392E5	6.88681E5	6.56751E5	6.21501E5	5.35971E5	4.52617E5	3.80272E5	3.1437E5	2.62136E5	3.27822E5	1.71821E5	1.18165E5
508	1.53063E6	1.1233E7	1.70518E6	1.22739E6	1.04013E6	8.79828E5	7.79812E5	7.32057E5	7.1299E5	7.02775E5	6.96264E5	6.72119E5	6.45286E5	6.12477E5	5.29341E5	4.49356E5	3.79357E5	3.14372E5	2.5785E5	3.07188E5	1.88221E5	1.20164E5
510	1.61747E6	7.01698E6	2.69537E6	1.20929E6	1.01571E6	8.62811E5	7.61895E5	7.22699E5	7.03428E5	6.90245E5	6.81085E5	6.55755E5	6.33667E5	6.0036E5	5.24729E5	4.45572E5	3.74647E5	3.11191E5	2.57026E5	2.78736E5	2.09754E5	1.22717E5
512	1.69302E6	3.72092E6	4.85788E6	1.18029E6	1.00728E6	8.5167E5	7.53079E5	7.03324E5	6.91057E5	6.75937E5	6.66974E5	6.44558E5	6.18539E5	5.91347E5	5.12285E5	4.3862E5	3.73001E5	3.08883E5	2.58279E5	2.52159E5	2.31817E5	1.23568E5
514	1.84165E6	2.085E6	8.06475E6	1.16417E6	9.84045E5	8.39308E5	7.44766E5	6.88468E5	6.69903E5	6.58634E5	6.51229E5	6.33334E5	6.07565E5	5.76479E5	5.07218E5	4.28801E5	3.66273E5	3.075E5	2.52939E5	2.31521E5	2.52963E5	1.27113E5
516	2.02447E6	1.53172E6	1.20633E7	1.1278E6	9.71907E5	8.2316E5	7.23792E5	6.73939E5	6.56514E5	6.39194E5	6.35993E5	6.15955E5	5.9278E5	5.65533E5	4.94436E5	4.24486E5	3.63379E5	3.02813E5	2.52012E5	2.16512E5	2.65153E5	1.29051E5
518	2.39081E6	1.4161E6	1.62828E7	1.12031E6	9.5046E5	8.10446E5	7.12044E5	6.54344E5	6.42903E5	6.27359E5	6.19025E5	6.02447E5	5.82948E5	5.59486E5	4.83741E5	4.22008E5	3.58984E5	2.98902E5	2.51079E5	2.10263E5	2.73977E5	1.34171E5
520	2.69397E6	1.36043E6	1.9605E7	1.10921E6	9.33653E5	7.96256E5	6.94469E5	6.45029E5	6.22671E5	6.11795E5	6.06498E5	5.87966E5	5.69329E5	5.45354E5	4.75544E5	4.11466E5	3.5402E5	2.95816E5	2.46821E5	2.08335E5	2.62998E5	1.41802E5
522	2.94064E6	1.34817E6	2.0515E7	1.08812E6	9.23759E5	7.86106E5	6.85546E5	6.23745E5	6.14028E5	5.96794E5	5.95832E5	5.75945E5	5.55168E5	5.33471E5	4.71022E5	4.08027E5	3.48411E5	2.94829E5	2.47612E5	2.08059E5	2.49445E5	1.54266E5
524	3.1861E6	1.30139E6	1.88872E7	1.07701E6	9.0936E5	7.74119E5	6.7276E5	6.22523E5	6.0376E5	5.86406E5	5.7324E5	5.57151E5	5.46877E5	5.23189E5	4.60724E5	3.99322E5	3.43714E5	2.88741E5	2.41817E5	2.03426E5	2.24074E5	1.72358E5
526	3.19033E6	1.29069E6	1.55246E7	1.08854E6	8.86622E5	7.62215E5	6.62652E5	6.02593E5	5.84115E5	5.70578E5	5.67525E5	5.45456E5	5.28166E5	5.16934E5	4.53031E5	3.95008E5	3.35886E5	2.87558E5	2.4006E5	2.00952E5	1.99726E5	1.88504E5
528	3.0501E6	1.25676E6	1.11937E7	1.41743E6	8.55606E5	7.38932E5	6.48469E5	5.96099E5	5.66607E5	5.58359E5	5.49706E5	5.38125E5	5.1708E5	5.01504E5	4.37934E5	3.80432E5	3.31451E5	2.83055E5	2.40493E5	2.03047E5	1.85168E5	2.04974E5
530	2.77435E6	1.23347E6	6.72408E6	2.59593E6	8.52259E5	7.2514E5	6.30877E5	5.84465E5	5.55941E5	5.46628E5	5.40396E5	5.19565E5	5.04188E5	4.91654E5	4.33313E5	3.74307E5	3.218E5	2.79592E5	2.36641E5	2.01506E5	1.70071E5	2.18493E5
532	2.4211E6	1.24728E6	3.37185E6	5.12775E6	8.34331E5	7.0914E5	6.20241E5	5.67179E5	5.42901E5	5.37451E5	5.23631E5	5.05147E5	4.95394E5	4.76165E5	4.20721E5	3.67823E5	3.16964E5	2.74128E5	2.30812E5	1.97335E5	1.66216E5	2.20035E5
534	1.91232E6	1.28374E6	1.69243E6	9.07088E6	8.11036E5	6.94895E5	6.0129E5	5.59492E5	5.32794E5	5.19487E5	5.13655E5	4.94427E5	4.85054E5	4.68166E5	4.11736E5	3.61875E5	3.14968E5	2.6788E5	2.30142E5	1.95312E5	1.62245E5	2.15822E5
536	1.51917E6	1.43851E6	1.18443E6	1.36173E7	8.06728E5	6.8264E5	5.96995E5	5.46594E5	5.17076E5	5.05376E5	4.97081E5	4.82831E5	4.69574E5	4.51514E5	4.02318E5	3.52591E5	3.0703E5	2.63579E5	2.25609E5	1.90719E5	1.59188E5	2.0398E5
538	1.29374E6	1.66141E6	1.10247E6	1.80708E7	7.91566E5	6.59957E5	5.7723E5	5.29098E5	5.06377E5	4.89409E5	4.8297E5	4.67141E5	4.57595E5	4.45408E5	3.97018E5	3.46372E5	3.01374E5	2.60027E5	2.21652E5	1.8979E5	1.54812E5	1.78473E5
540	1.14136E6	1.95323E6	1.06122E6	2.1202E7	7.72269E5	6.54421E5	5.62473E5	5.10362E5	4.90892E5	4.76938E5	4.74091E5	4.57864E5	4.4514E5	4.35296E5	3.84368E5	3.37389E5	2.99093E5	2.53805E5	2.19012E5	1.83628E5	1.54888E5	1.58417E5
542	1.039E6	2.35342E6	1.04605E6	2.1842E7	7.63151E5	6.36714E5	5.51782E5	5.06082E5	4.70336E5	4.63366E5	4.60141E5	4.45856E5	4.3379E5	4.19796E5	3.73647E5	3.27458E5	2.89501E5	2.48681E5	2.14727E5	1.82534E5	1.52657E5	1.4297E5
544	1.02792E6	2.71675E6	9.98683E5	1.97556E7	7.48718E5	6.25731E5	5.3763E5	4.91405E5	4.65182E5	4.56104E5	4.43002E5	4.34205E5	4.22946E5	4.08599E5	3.65194E5	3.20783E5	2.84271E5	2.42147E5	2.11457E5	1.79888E5	1.50666E5	1.31957E5
546	9.59349E5	2.97695E6	9.53249E5	1.57281E7	7.92692E5	6.08899E5	5.28251E5	4.78178E5	4.59057E5	4.43991E5	4.3537E5	4.20548E5	4.0581E5	3.97043E5	3.56561E5	3.13885E5	2.76751E5	2.38906E5	2.0594E5	1.75303E5	1.4409E5	1.24041E5
548	9.44731E5	3.09121E6	9.30122E5	1.09456E7	1.2268E6	5.90322E5	5.14373E5	4.74329E5	4.42095E5	4.22823E5	4.21578E5	4.09915E5	3.9746E5	3.90264E5	3.45504E5	3.08576E5	2.70759E5	2.34893E5	2.00542E5	1.74134E5	1.45395E5	1.24389E5
550	9.06427E5	3.01017E6	9.09326E5	6.37582E6	2.67838E6	5.81985E5	4.92545E5	4.5604E5	4.35636E5	4.16045E5	4.10817E5	3.90795E5	3.88898E5	3.79012E5	3.37188E5	2.95711E5	2.657E5	2.29628E5	1.98729E5	1.70782E5	1.43578E5	1.22555E5
552	9.31002E5	2.77206E6	8.98843E5	3.0434E6	5.56219E6	5.67788E5	4.91645E5	4.46177E5	4.16594E5	4.06575E5	3.99269E5	3.833E5	3.77833E5	3.69958E5	3.31372E5	2.92921E5	2.57134E5	2.23117E5	1.94135E5	1.67437E5	1.3711E5	1.17265E5
554	8.74934E5	2.42228E6	8.86166E5	1.38941E6	9.69475E6	5.58715E5	4.73252E5	4.32009E5	4.08227E5	3.95719E5	3.88592E5	3.7483E5	3.70334E5	3.56926E5	3.22563E5	2.8517E5	2.51409E5	2.16864E5	1.91131E5	1.6445E5	1.38786E5	1.15554E5
556	8.13313E5	2.03789E6	9.23434E5	9.1439E5	1.44243E7	5.49534E5	4.63022E5	4.22825E5	4.01001E5	3.87334E5	3.75626E5	3.66488E5	3.59857E5	3.47724E5	3.15826E5	2.75166E5	2.46596E5	2.15232E5	1.85486E5	1.6234E5	1.36188E5	1.13773E5
558	8.34461E5	1.57535E6	1.02036E6	8.2073E5	1.89874E7	5.37859E5	4.57901E5	4.11659E5	3.86636E5	3.74728E5	3.66497E5	3.54913E5	3.45901E5	3.41223E5	3.00414E5	2.72262E5	2.37438E5	2.09901E5	1.83466E5	1.58036E5	1.34609E5	1.13769E5
560	7.83138E5	1.26206E6	1.18176E6	7.83757E5	2.22204E7	5.1731E5	4.479E5	3.9971E5	3.83774E5	3.63447E5	3.55664E5	3.44492E5	3.35238E5	3.31471E5	2.94729E5	2.63414E5	2.31996E5	2.03705E5	1.78062E5	1.5444E5	1.28856E5	1.09908E5
562	7.84432E5	1.00496E6	1.45617E6	7.69965E5	2.26724E7	5.15712E5	4.29045E5	3.8992E5	3.70507E5	3.56609E5	3.42682E5	3.31816E5	3.31018E5	3.21701E5	2.89735E5	2.57495E5	2.27669E5	1.98879E5	1.76464E5	1.52058E5	1.27276E5	1.08747E5
564	8.42824E5	8.67146E5	1.78829E6	7.37859E5	2.01469E7	5.14786E5	4.292E5	3.79042E5	3.55907E5	3.42271E5	3.39399E5	3.27444E5	3.21122E5	3.07428E5	2.79059E5	2.49298E5	2.1976E5	1.95304E5	1.6872E5	1.45854E5	1.25176E5	1.06422E5
566	7.35967E5	7.55704E5	2.11503E6	7.21596E5	1.60837E7	5.66909E5	4.14711E5	3.71507E5	3.43652E5	3.34977E5	3.25516E5	3.18242E5	3.09878E5	3.00406E5	2.70369E5	2.40314E5	2.14843E5	1.88182E5	1.68116E5	1.44482E5	1.22614E5	1.04746E5
568	7.41581E5	7.6068E5	2.47149E6	7.05118E5	1.08871E7	1.08679E6	4.04301E5	3.5731E5	3.36772E5	3.23871E5	3.17736E5	3.08344E5	3.01918E5	2.92514E5	2.63396E5	2.33969E5	2.07795E5	1.85622E5	1.61524E5	1.39747E5	1.2001E5	1.00471E5
570	6.9042E5	7.25483E5	2.71101E6	6.85498E5	6.14452E6	2.71919E6	3.96485E5	3.56374E5	3.30908E5	3.1282E5	3.09611E5	2.98421E5	2.87131E5	2.83687E5	2.54515E5	2.28072E5	2.03807E5	1.81146E5	1.57545E5	1.3701E5	1.15634E5	9.66034E4
572	7.0386E5	7.09913E5	2.75818E6	6.72665E5	2.78604E6	5.84379E6	3.91738E5	3.40617E5	3.19445E5	3.05256E5	3.00571E5	2.86039E5	2.80036E5	2.73211E5	2.4842E5	2.20268E5	1.96898E5	1.74792E5	1.52765E5	1.33784E5	1.14636E5	9.41216E4
574	7.00397E5	6.83516E5	2.64469E6	6.55476E5	1.12114E6	1.02449E7	3.81211E5	3.30377E5	3.08797E5	2.9171E5	2.86336E5	2.81492E5	2.69077E5	2.67755E5	2.41716E5	2.14425E5	1.90406E5	1.68082E5	1.50503E5	1.30327E5	1.09516E5	9.53533E4
576	6.96353E5	6.2578E5	2.3673E6	6.53457E5	6.77033E5	1.51764E7	3.65504E5	3.23331E5	3.00375E5	2.87567E5	2.76096E5	2.70269E5	2.66734E5	2.61296E5	2.31631E5	2.09289E5	1.84478E5	1.64679E5	1.46282E5	1.26162E5	1.08298E5	9.31196E4
578	6.506E5	6.27455E5	2.06467E6	6.48729E5	6.13238E5	1.969E7	3.63027E5	3.1644E5	2.92419E5	2.8065E5	2.71654E5	2.59721E5	2.55523E5	2.49657E5	2.28368E5	2.02998E5	1.81312E5	1.61272E5	1.41718E5	1.24398E5	1.05044E5	9.11263E4
580	6.13726E5	5.99331E5	1.63761E6	7.02925E5	5.85004E5	2.26731E7	3.58583E5	3.04522E5	2.8308E5	2.72845E5	2.65828E5	2.54876E5	2.50129E5	2.43849E5	2.18547E5	1.96196E5	1.73993E5	1.56588E5	1.38804E5	1.1979E5	1.04188E5	8.82961E4
582	6.73791E5	5.96613E5	1.27235E6	7.97383E5	5.73772E5	2.30979E7	3.59719E5	3.01896E5	2.78841E5	2.63207E5	2.54536E5	2.50549E5	2.39259E5	2.38129E5	2.09916E5	1.875E5	1.67571E5	1.52667E5	1.34733E5	1.1547E5	1.00065E5	8.63644E4
584	6.01751E5	5.63656E5	9.59079E5	9.86776E5	5.61032E5	2.03003E7	3.57343E5	2.90909E5	2.70681E5	2.55759E5	2.48467E5	2.42322E5	2.33049E5	2.25314E5	2.05671E5	1.85243E5	1.66536E5	1.48113E5	1.29073E5	1.15774E5	9.86463E4	8.40898E4
586	6.25632E5	5.56632E5	7.75782E5	1.25246E6	5.50286E5	1.57295E7	3.98882E5	2.89691E5	2.58134E5	2.50089E5	2.4127E5	2.32091E5	2.23976E5	2.20327E5	1.99889E5	1.793E5	1.61759E5	1.42553E5	1.26186E5	1.13505E5	9.66342E4	8.30417E4
588	5.95309E5	5.60329E5	6.39174E5	1.55545E6	5.4866E5	1.03744E7	8.91379E5	2.80313E5	2.53271E5	2.38545E5	2.31531E5	2.20812E5	2.18649E5	2.12693E5	1.92793E5	1.71639E5	1.56173E5	1.39685E5	1.20434E5	1.08226E5	9.24114E4	7.98111E4
590	5.82165E5	5.57837E5	6.01028E5	1.88927E6	5.30366E5	5.48553E6	2.62702E6	2.69694E5	2.44323E5	2.30582E5	2.23694E5	2.18902E5	2.12539E5	2.07485E5	1.8742E5	1.66962E5	1.50258E5	1.33367E5	1.17539E5	1.05171E5	9.26292E4	7.78024E4
592	5.92325E5	5.22755E5	5.58175E5	2.17001E6	5.24399E5	2.239E6	6.1043E6	2.68207E5	2.40184E5	2.27936E5	2.17803E5	2.06985E5	2.04431E5	1.97728E5	1.79742E5	1.64474E5	1.46344E5	1.29319E5	1.14868E5	1.00578E5	8.78391E4	7.62498E4
594	6.0465E5	5.38569E5	5.30577E5	2.34529E6	5.19921E5	8.28543E5	1.08239E7	2.61411E5	2.35863E5	2.19665E5	2.09845E5	2.01638E5	1.9878E5	1.91912E5	1.75146E5	1.57179E5	1.38783E5	1.25165E5	1.11781E5	1.00601E5	8.61209E4	7.20066E4
596	5.59288E5	5.16141E5	5.2041E5	2.41599E6	5.10477E5	4.97151E5	1.60213E7	2.55014E5	2.21846E5	2.13357E5	2.02537E5	1.92316E5	1.89009E5	1.88056E5	1.69674E5	1.49381E5	1.39448E5	1.22361E5	1.07802E5	9.50163E4	8.47623E4	7.07416E4
598	5.5273E5	4.97622E5	5.15738E5	2.31269E6	5.12194E5	4.57201E5	2.05655E7	2.49988E5	2.19179E5	2.07178E5	1.99295E5	1.90901E5	1.84599E5	1.82061E5	1.64423E5	1.48882E5	1.3035E5	1.16549E5	1.04236E5	9.27312E4	8.14781E4	6.97952E4
600	5.43522E5	4.93905E5	5.19169E5	2.07088E6	5.18338E5	4.30644E5	2.32798E7	2.46761E5	2.14018E5	2.02224E5	1.94449E5	1.80813E5	1.78165E5	1.72935E5	1.61551E5	1.4269E5	1.29076E5	1.14827E5	1.02544E5	8.88029E4	7.68887E4	6.77307E4
