300	1.99398E5	1.58282E5	1.68853E5	2.5017E6	3.78602E5	3.1112E5	3.03502E7	1.27919E5	1.85883E4	1.15662E4	8287.55992	5713.80739	5078.79202	4943.86912	3796.56988	3439.22387	2725.86936	2401.28594	2321.2156	2042.46505	2115.8179	1397.68392
302	2.30632E5	1.88967E5	1.89328E5	1.69086E6	6.90398E5	2.2474E5	2.64324E7	1.40953E6	2.10453E4	1.32193E4	8321.33962	6615.05557	5406.45509	4584.99114	4134.61664	3435.16131	2680.60041	2788.1814	2325.97204	2282.43947	2016.00073	1467.73604
304	2.6651E5	1.92169E5	1.88952E5	9.56116E5	1.24604E6	2.15265E5	1.69352E7	6.10121E6	2.48265E4	1.24058E4	8542.55855	6722.94707	5476.91734	4956.586	4015.75319	3001.27533	2840.63125	2507.00647	2052.95606	2398.22673	1753.83431	1553.94014
306	2.66166E5	1.99368E5	2.02943E5	5.40742E5	1.97449E6	2.15827E5	7.35591E6	1.52491E7	2.914E4	1.29873E4	9475.30427	6654.10453	4932.03472	4758.79312	3400.37478	3506.38375	3019.86855	2743.65348	2000.78192	1982.60142	1572.29837	1773.42432
308	2.54312E5	2.01864E5	2.14468E5	3.58978E5	2.58814E6	2.21224E5	1.83776E6	2.53782E7	4.30383E4	1.38631E4	9968.23153	6304.67563	5298.48982	4537.42654	4266.73671	3346.64796	2964.24249	2431.10034	2412.12494	2299.76592	1905.25836	1495.24118
310	2.8013E5	2.00988E5	2.33233E5	3.05398E5	2.75715E6	2.46029E5	2.87918E5	2.9954E7	1.23274E5	1.57514E4	1.01423E4	7937.01713	5146.9336	5235.82744	4170.82363	3095.97029	3000.31563	2681.29369	2222.37082	1976.75756	2298.36436	1519.85836
312	2.85232E5	2.1044E5	2.40586E5	3.04306E5	2.34544E6	3.25322E5	1.68528E5	2.62288E7	1.35573E6	1.84315E4	1.01172E4	7468.02576	5762.41237	4958.17434	3916.51324	3151.37809	3000.9384	2577.5786	2207.19891	1794.95299	1897.02411	1631.15461
314	3.21199E5	2.28739E5	2.48994E5	3.03982E5	1.61035E6	5.88208E5	1.56979E5	1.63276E7	6.3012E6	2.14075E4	1.11235E4	7814.46485	6155.65336	5088.39381	3812.03941	2800.48992	2931.3659	2502.72296	2128.02877	1861.52607	1812.66912	1770.61263
316	3.23897E5	2.41164E5	2.51758E5	3.10254E5	9.7224E5	1.0564E6	1.54896E5	6.69081E6	1.51526E7	2.6855E4	1.19412E4	8204.81171	6343.59685	4821.81046	3608.4034	3304.37019	2841.4184	2391.40515	2095.30321	2084.5186	1682.82584	1423.06621
318	3.36395E5	2.57244E5	2.81464E5	3.09374E5	5.8526E5	1.68968E6	1.58651E5	1.60198E6	2.35789E7	3.90074E4	1.39024E4	8589.54876	6146.47544	4769.93452	4009.78281	3088.9486	2359.15312	2344.80954	2252.08848	1991.60581	1510.18307	1717.4926
320	3.51133E5	2.65724E5	2.8231E5	3.26269E5	4.28322E5	2.21132E6	1.62723E5	2.28047E5	2.68337E7	1.11935E5	1.52804E4	8576.23774	6417.68931	5214.21366	3897.85604	3119.68057	2500.8597	2684.12906	1756.16276	2227.15918	2047.20045	1413.4388
322	3.34776E5	2.724E5	3.00214E5	3.24983E5	3.80429E5	2.31375E6	1.78093E5	1.3936E5	2.28992E7	1.19977E6	1.58191E4	8511.48618	6905.52159	5152.19829	4097.28343	3452.72484	2583.41568	2302.68596	2178.37605	2001.52024	1963.94291	1524.52631
324	3.494E5	2.83422E5	2.91903E5	3.39733E5	3.66605E5	1.99366E6	2.4772E5	1.26589E5	1.42525E7	5.30077E6	1.7733E4	9122.4795	6672.67039	5556.1449	3867.40197	3222.32132	2650.85145	1972.47942	1928.15944	1870.2992	1973.50545	1689.74058
326	3.56913E5	3.07833E5	3.0282E5	3.38067E5	3.69164E5	1.45403E6	4.33708E5	1.26158E5	5.90183E6	1.26609E7	2.33615E4	9711.28502	6988.67341	4993.65476	4248.03091	3164.73394	2494.72452	2187.8212	2136.98365	1762.55804	1527.41843	1622.59269
328	3.74171E5	3.09088E5	3.18261E5	3.54343E5	3.83499E5	9.38213E5	7.74842E5	1.32338E5	1.48992E6	1.98168E7	3.51454E4	1.06786E4	7485.33189	5378.42949	4057.1543	2949.69973	2485.90264	2337.14791	1631.5021	1897.77703	1751.50237	1481.23105
330	3.94452E5	3.1965E5	3.18311E5	3.65888E5	3.80196E5	5.81791E5	1.27804E6	1.37416E5	2.15176E5	2.30929E7	9.70973E4	1.22672E4	7319.8057	5262.6463	4007.52116	3379.2676	2614.91054	2641.31934	2136.62531	1819.77121	1329.81952	1504.20774
332	4.11743E5	3.23767E5	3.37065E5	3.67154E5	3.90213E5	4.12128E5	1.70959E6	1.43569E5	1.28941E5	2.04236E7	1.03808E6	1.38019E4	7545.50113	5690.58865	3956.27278	3235.25763	2648.77179	2080.62744	2044.93108	1594.01263	1597.64459	1539.71238
334	4.22798E5	3.30338E5	3.38591E5	3.69069E5	3.91404E5	3.66448E5	1.9183E6	1.60313E5	1.17288E5	1.35185E7	4.60523E6	1.53637E4	7855.57835	6043.63359	4284.36124	3404.74432	2678.05413	2312.88548	1720.47726	1975.76959	1792.47152	1750.37379
336	4.66462E5	3.36713E5	3.54813E5	3.80643E5	3.95936E5	3.62954E5	1.76885E6	2.04386E5	1.18406E5	5.92393E6	1.11533E7	2.07324E4	8692.53611	5797.95304	4182.36198	3151.77089	2851.18337	2377.50908	1957.3692	1819.72951	1743.09061	1284.45527
338	4.4932E5	3.71782E5	3.56228E5	3.83094E5	4.10167E5	3.72682E5	1.36557E6	3.39398E5	1.25335E5	1.59974E6	1.72233E7	2.86406E4	9459.85937	6165.72217	4116.44115	3164.31265	2618.58192	2145.35029	2042.7679	2095.00201	1463.92328	1508.62412
340	4.9019E5	3.83485E5	3.7225E5	3.87682E5	4.10897E5	3.79238E5	8.99459E5	6.12804E5	1.32938E5	2.23362E5	1.98668E7	7.60339E4	1.04858E4	6598.21326	4700.05951	3095.26778	2479.42161	2157.696	1922.03149	1652.73846	1626.69609	1157.75064
342	5.06458E5	3.96657E5	3.84899E5	4.02298E5	4.1373E5	3.88978E5	5.831E5	9.86109E5	1.39409E5	1.24742E5	1.76111E7	8.27798E5	1.13255E4	6387.76659	4756.34548	3253.80376	2520.98625	2451.95168	1881.99282	1445.73188	1715.73642	1272.2444
344	5.13281E5	4.10318E5	3.9232E5	4.05982E5	4.27109E5	3.98915E5	4.07535E5	1.39331E6	1.53428E5	1.15786E5	1.12654E7	4.04138E6	1.363E4	6323.0427	5024.40735	3461.2453	2517.1199	2285.69483	1831.81848	1707.80907	1411.62233	1177.75166
346	5.31153E5	4.4364E5	4.10694E5	4.02815E5	4.34358E5	4.07313E5	3.5552E5	1.60262E6	1.75033E5	1.24095E5	4.91681E6	9.63318E6	1.7291E4	7359.87787	5035.40217	3560.98303	2758.14613	2213.0648	1740.96015	1775.12905	1289.65234	1567.53783
348	5.45291E5	4.6627E5	4.23802E5	4.25879E5	4.43144E5	4.22856E5	3.65603E5	1.53268E6	2.16542E5	1.34218E5	1.19963E6	1.49759E7	2.59214E4	8009.83942	4977.07361	3444.40549	2747.82943	2038.67727	1832.24674	1714.88035	1324.81441	1250.10436
350	5.8412E5	4.7443E5	4.28972E5	4.32087E5	4.47774E5	4.30455E5	3.66669E5	1.25267E6	3.12786E5	1.45497E5	2.00166E5	1.6925E7	5.7696E4	8979.21087	4630.17923	3826.84116	2646.27242	1781.80802	1739.74513	1667.6248	1753.40222	1223.02628
352	6.34638E5	4.94495E5	4.55797E5	4.40584E5	4.5487E5	4.46095E5	3.85654E5	8.86766E5	5.13069E5	1.612E5	1.27801E5	1.47221E7	7.0661E5	1.00084E4	5236.8739	3757.70259	2758.25921	1904.17009	1675.49008	1618.94715	1386.17392	1247.38324
354	6.64392E5	5.5453E5	4.72856E5	4.58001E5	4.64991E5	4.60596E5	3.96007E5	6.10797E5	7.88013E5	1.77047E5	1.26767E5	9.68394E6	3.2425E6	1.16659E4	5814.58648	4004.83094	2696.20188	2151.42643	1689.99794	1788.60022	1494.42761	1485.13912
356	6.90619E5	5.77937E5	4.92445E5	4.69354E5	4.75656E5	4.70869E5	4.16322E5	4.5984E5	1.10194E6	1.93222E5	1.33462E5	4.18287E6	8.12576E6	1.61563E4	5929.27049	4114.27395	2665.35432	1868.28878	1736.87554	1568.60365	1556.76446	1206.93593
358	7.17139E5	5.92138E5	5.24725E5	4.76109E5	4.90229E5	4.88821E5	4.43458E5	4.07994E5	1.31754E6	2.15671E5	1.48937E5	1.09808E6	1.28415E7	2.28084E4	6618.5014	3942.65376	2971.49428	2261.51634	1777.26276	1615.83877	1438.19297	1348.93054
360	7.7013E5	6.19431E5	5.45489E5	5.03745E5	4.97968E5	5.04705E5	4.64203E5	4.15119E5	1.33856E6	2.51245E5	1.64134E5	1.87726E5	1.50425E7	5.16304E4	7095.4718	3782.51281	2947.31715	2323.46833	1690.83223	1635.45919	1374.96601	1281.0221
362	7.90295E5	6.62218E5	5.69346E5	5.1412E5	5.12584E5	5.25636E5	4.85733E5	4.2753E5	1.18443E6	3.16416E5	1.79345E5	1.26926E5	1.3765E7	5.93004E5	8484.88334	4282.62024	3337.37611	2303.85821	1758.11527	1647.78507	1265.45561	1434.09068
364	8.6161E5	6.92898E5	6.00118E5	5.42401E5	5.32246E5	5.39853E5	5.09949E5	4.50202E5	9.20729E5	4.44712E5	1.98655E5	1.24486E5	9.55971E6	2.93913E6	1.03166E4	4399.02217	3256.65612	2285.65084	1774.91484	1672.65312	1275.92283	1277.9291
366	8.56524E5	7.43805E5	6.15725E5	5.60423E5	5.49949E5	5.53644E5	5.32521E5	4.78138E5	6.78589E5	6.55578E5	2.16633E5	1.31926E5	4.23831E6	7.66554E6	1.27191E4	5208.49064	3537.94563	2344.38644	1823.64562	1483.44655	1543.77532	1277.04072
368	9.22594E5	7.68381E5	6.52545E5	5.8291E5	5.65606E5	5.81937E5	5.55078E5	5.08767E5	5.44352E5	9.14017E5	2.38076E5	1.45027E5	1.13072E6	1.20057E7	2.01831E4	5929.1815	3202.25132	2525.76	1639.18843	1627.68337	1518.57602	1215.04914
370	9.67936E5	8.06929E5	6.88036E5	5.97983E5	5.83313E5	5.97524E5	5.79625E5	5.32993E5	4.93972E5	1.13132E6	2.60102E5	1.62419E5	1.7169E5	1.3902E7	4.95467E4	6512.01232	3597.45506	2921.27413	1974.81325	1667.20391	1659.18017	1180.02818
372	9.9894E5	8.59162E5	7.35041E5	6.31921E5	6.03151E5	6.1818E5	6.1303E5	5.58396E5	4.98181E5	1.20854E6	2.9367E5	1.78034E5	1.11408E5	1.23399E7	5.7502E5	7712.22411	4018.67303	2914.47169	1972.22391	1530.11455	1641.28488	1143.24264
374	1.02114E6	9.09086E5	7.54784E5	6.5132E5	6.19455E5	6.35335E5	6.37646E5	5.87789E5	5.1396E5	1.128E6	3.41483E5	1.94735E5	1.11797E5	8.11261E6	2.81286E6	8767.03405	3916.24957	2642.27408	1932.17395	1821.56051	1367.78781	1160.2496
376	1.07387E6	9.39055E5	7.86029E5	6.75862E5	6.47428E5	6.57911E5	6.63456E5	6.18582E5	5.38286E5	9.54734E5	4.38201E5	2.11052E5	1.15984E5	3.51493E6	6.86491E6	1.20574E4	4298.3128	2723.42753	2199.66336	1816.30901	1444.45081	1261.53083
378	1.1273E6	9.88406E5	8.10885E5	7.05401E5	6.67708E5	6.81756E5	6.89448E5	6.44698E5	5.68475E5	7.58898E5	5.97767E5	2.29678E5	1.28019E5	8.66757E5	1.07025E7	1.79069E4	4510.99514	2927.68322	2429.83625	1598.40942	1538.31853	1436.80046
380	1.16124E6	1.02708E6	8.63861E5	7.24795E5	6.86777E5	7.02811E5	7.07689E5	6.79267E5	5.93101E5	6.26309E5	7.95172E5	2.4869E5	1.41865E5	1.45726E5	1.22227E7	4.25534E4	5678.87249	3108.5976	2449.93615	1841.61753	1530.63645	1256.99796
382	1.24646E6	1.08534E6	8.94667E5	7.55292E5	7.13461E5	7.29147E5	7.4112E5	7.14855E5	6.27499E5	5.7291E5	9.80918E5	2.70072E5	1.59162E5	1.06258E5	1.10205E7	4.82446E5	6618.89356	3256.04656	2397.31857	1790.40213	1509.49452	1332.90469
384	1.32451E6	1.12896E6	9.45986E5	7.84884E5	7.41192E5	7.55296E5	7.75846E5	7.4421E5	6.62212E5	5.69466E5	1.10033E6	2.96848E5	1.7671E5	1.06138E5	7.48577E6	2.3463E6	7923.13258	3338.56246	2434.4764	2039.886	1754.57917	1365.73902
386	1.34091E6	1.19934E6	9.87031E5	8.10435E5	7.62124E5	7.87482E5	8.08644E5	7.74469E5	6.87859E5	5.92373E5	1.08774E6	3.39758E5	1.94904E5	1.12421E5	3.31206E6	6.07806E6	1.11251E4	4124.10269	2774.08212	2207.3189	1667.9617	1281.83141
388	1.38351E6	1.23032E6	1.02129E6	8.5213E5	7.9481E5	8.03771E5	8.34954E5	8.14035E5	7.15088E5	6.07856E5	9.85801E5	4.07444E5	2.12423E5	1.23423E5	9.05647E5	9.71138E6	1.61038E4	4616.39511	2786.61452	2187.78991	1603.74486	1529.34056
390	1.44323E6	1.29913E6	1.07351E6	8.80641E5	8.16962E5	8.33563E5	8.55029E5	8.37185E5	7.50249E5	6.3906E5	8.33823E5	5.18342E5	2.32022E5	1.37575E5	1.51154E5	1.15386E7	3.83239E4	5367.7684	2779.4664	2485.05466	1786.07295	1447.53212
392	1.51186E6	1.33567E6	1.10169E6	9.09671E5	8.39706E5	8.65785E5	8.94037E5	8.6688E5	7.81659E5	6.65391E5	7.06696E5	6.78696E5	2.57035E5	1.53726E5	9.98881E4	1.04761E7	4.98437E5	6063.14167	3031.53178	2456.7921	1804.87209	1590.19311
394	1.51749E6	1.39324E6	1.1408E6	9.43325E5	8.53971E5	8.78565E5	9.2371E5	8.96783E5	8.08079E5	6.90466E5	6.37408E5	8.44698E5	2.75536E5	1.7048E5	9.85871E4	7.416E6	2.28469E6	7445.02013	3274.5567	2244.24941	2065.38924	1775.73488
396	1.57571E6	1.41193E6	1.18242E6	9.59089E5	8.79903E5	9.13275E5	9.36661E5	9.2531E5	8.38237E5	7.16611E5	6.1646E5	9.78564E5	3.01526E5	1.9051E5	1.05324E5	3.36914E6	5.84119E6	1.0699E4	3868.24166	2480.91444	1767.73908	1458.73261
398	1.64684E6	1.46693E6	1.21989E6	9.97218E5	9.17537E5	9.18832E5	9.63007E5	9.55342E5	8.66201E5	7.43002E5	6.27345E5	1.01466E6	3.32472E5	2.05185E5	1.13498E5	9.17804E5	9.1069E6	1.58587E4	4128.50623	2805.0646	2401.65425	1622.45223
400	1.65985E6	1.51823E6	1.26012E6	1.0263E6	9.26244E5	9.41598E5	9.84839E5	9.78437E5	8.87151E5	7.66255E5	6.47491E5	9.58629E5	3.8229E5	2.25521E5	1.27648E5	1.47538E5	1.04865E7	3.33445E4	4962.47881	2691.86044	2464.43027	1698.73728
402	1.71889E6	1.58312E6	1.29502E6	1.05537E6	9.57474E5	9.64389E5	1.01473E6	1.00674E6	9.252E5	7.95885E5	6.69908E5	8.43874E5	4.64791E5	2.46282E5	1.4084E5	9.22163E4	9.26831E6	3.93311E5	5494.46752	3081.61207	2301.00455	1732.48818
404	1.8079E6	1.59741E6	1.35254E6	1.08317E6	9.89854E5	9.85313E5	1.03587E6	1.03403E6	9.42946E5	8.24972E5	6.9612E5	7.37105E5	5.82227E5	2.68449E5	1.55445E5	9.27019E4	6.11689E6	1.99952E6	7209.92889	3407.31317	2041.77182	2183.55437
406	1.82703E6	1.66164E6	1.38065E6	1.10585E6	9.92743E5	1.0023E6	1.05248E6	1.05211E6	9.68758E5	8.53328E5	7.2332E5	6.63438E5	7.26927E5	2.89343E5	1.71657E5	9.50379E4	2.6676E6	5.1002E6	9590.82991	3780.67349	2363.29332	2105.2515
408	1.91584E6	1.6508E6	1.41769E6	1.13483E6	1.01947E6	1.02022E6	1.06303E6	1.06676E6	9.95413E5	8.77552E5	7.38729E5	6.34184E5	8.5275E5	3.12197E5	1.86798E5	1.04976E5	6.74059E5	8.25727E6	1.39399E4	4131.1013	2379.64082	2233.1672
410	1.89201E6	1.73699E6	1.44337E6	1.16626E6	1.0368E6	1.03855E6	1.08031E6	1.08621E6	1.00958E6	8.98939E5	7.68503E5	6.36199E5	9.34001E5	3.39786E5	2.02432E5	1.13772E5	1.13397E5	9.74836E6	2.85738E4	4976.91926	2862.46725	2049.84345
412	1.92399E6	1.74823E6	1.46872E6	1.18459E6	1.05643E6	1.0502E6	1.09539E6	1.09902E6	1.02947E6	9.19883E5	7.93443E5	6.50398E5	9.33806E5	3.79558E5	2.1785E5	1.25366E5	8.15835E4	8.84232E6	3.16783E5	5772.12938	2954.08799	2229.38318
414	1.94976E6	1.78582E6	1.51636E6	1.21298E6	1.06141E6	1.06404E6	1.10142E6	1.10901E6	1.04308E6	9.37E5	8.11592E5	6.69441E5	8.63658E5	4.34947E5	2.33818E5	1.35928E5	8.05344E4	6.12078E6	1.63631E6	7314.47119	2839.00953	2019.45311
416	2.01536E6	1.83494E6	1.55067E6	1.24487E6	1.09095E6	1.07367E6	1.11743E6	1.12077E6	1.0607E6	9.55661E5	8.3586E5	6.8728E5	7.71113E5	5.24949E5	2.53586E5	1.49598E5	8.63931E4	2.73591E6	4.48748E6	9819.88014	3272.2748	2092.46869
418	2.05765E6	1.89073E6	1.57353E6	1.26469E6	1.11194E6	1.08826E6	1.12865E6	1.14049E6	1.08033E6	9.77605E5	8.55141E5	7.12798E5	6.91271E5	6.3396E5	2.73657E5	1.63099E5	9.10546E4	7.15608E5	7.5555E6	1.40911E4	3544.94085	2468.75639
420	2.03147E6	1.87235E6	1.61191E6	1.29731E6	1.12625E6	1.09274E6	1.12779E6	1.14666E6	1.08982E6	9.89765E5	8.82736E5	7.33094E5	6.44938E5	7.54353E5	2.90251E5	1.78143E5	9.83922E4	1.13165E5	9.15385E6	2.95874E4	4349.52977	2488.04145
422	2.14314E6	1.92399E6	1.6432E6	1.31879E6	1.14819E6	1.10854E6	1.14258E6	1.15251E6	1.10268E6	1.01647E6	8.98363E5	7.52223E5	6.33158E5	8.47806E5	3.12456E5	1.90747E5	1.07877E5	7.21771E4	8.37022E6	3.72375E5	5095.581	2681.62264
424	2.1199E6	1.91944E6	1.66334E6	1.33406E6	1.15145E6	1.10795E6	1.13874E6	1.16389E6	1.11451E6	1.02644E6	9.16807E5	7.74112E5	6.39278E5	8.77259E5	3.36891E5	2.02306E5	1.20331E5	7.14516E4	5.73848E6	1.81062E6	6420.52638	2736.06628
426	2.14492E6	1.97616E6	1.6835E6	1.36608E6	1.16265E6	1.11903E6	1.14918E6	1.16231E6	1.12155E6	1.04315E6	9.33389E5	7.94004E5	6.56479E5	8.47493E5	3.74372E5	2.2253E5	1.32295E5	7.49656E4	2.4685E6	4.78745E6	8533.55327	3093.88914
428	2.13069E6	1.96645E6	1.70238E6	1.38513E6	1.17706E6	1.12705E6	1.16279E6	1.16994E6	1.13097E6	1.04993E6	9.47512E5	8.15151E5	6.73295E5	7.74822E5	4.3709E5	2.3728E5	1.43271E5	8.10265E4	6.08829E5	7.71994E6	1.30685E4	3358.22512
430	2.12614E6	1.97212E6	1.70865E6	1.39777E6	1.18463E6	1.12831E6	1.14901E6	1.16663E6	1.12934E6	1.06101E6	9.64926E5	8.26251E5	6.88695E5	6.93707E5	5.24702E5	2.49239E5	1.54618E5	8.70833E4	9.61735E4	8.93954E6	2.75363E4	3911.6519
432	2.16294E6	2.00229E6	1.73314E6	1.40869E6	1.19393E6	1.13249E6	1.14757E6	1.16897E6	1.14818E6	1.0699E6	9.73659E5	8.42044E5	7.04398E5	6.382E5	6.15257E5	2.63672E5	1.67645E5	9.47904E4	6.58356E4	7.74699E6	3.30683E5	4922.0896
434	2.17502E6	2.0227E6	1.76232E6	1.42962E6	1.21117E6	1.14142E6	1.15084E6	1.16803E6	1.14339E6	1.07339E6	9.85437E5	8.58458E5	7.24976E5	6.18955E5	7.02129E5	2.81578E5	1.78247E5	1.04777E5	6.59813E4	4.90233E6	1.67293E6	5808.77698
436	2.20501E6	2.03768E6	1.77807E6	1.44008E6	1.22206E6	1.13584E6	1.15331E6	1.16953E6	1.1415E6	1.09254E6	9.99843E5	8.67703E5	7.32278E5	6.17014E5	7.54586E5	2.99297E5	1.91734E5	1.13959E5	6.90232E4	2.06063E6	4.24243E6	7842.34013
438	2.2251E6	2.05052E6	1.77747E6	1.46605E6	1.23707E6	1.13633E6	1.14758E6	1.16423E6	1.14261E6	1.08834E6	1.00761E6	8.83477E5	7.50673E5	6.30371E5	7.5592E5	3.22312E5	2.00941E5	1.24025E5	7.29961E4	5.16508E5	6.83261E6	1.16767E4
440	2.12317E6	2.07162E6	1.79506E6	1.46705E6	1.23384E6	1.14921E6	1.14236E6	1.15399E6	1.13763E6	1.09267E6	1.01188E6	8.91947E5	7.61404E5	6.37661E5	7.12031E5	3.58486E5	2.14592E5	1.3379E5	7.86629E4	8.47885E4	8.12893E6	2.07407E4
442	2.1938E6	2.03441E6	1.79472E6	1.48808E6	1.23854E6	1.14108E6	1.13285E6	1.15783E6	1.13968E6	1.09884E6	1.0148E6	8.99126E5	7.72548E5	6.48082E5	6.53165E5	4.13E5	2.28569E5	1.44359E5	8.48254E4	6.29164E4	7.31857E6	2.03866E5
444	2.12436E6	2.04054E6	1.80974E6	1.49619E6	1.25262E6	1.14464E6	1.13166E6	1.14993E6	1.13151E6	1.09212E6	1.02085E6	9.07515E5	7.82504E5	6.58938E5	5.95168E5	4.77826E5	2.36606E5	1.52793E5	9.20122E4	6.05462E4	4.85553E6	1.12712E6
446	2.17131E6	2.0277E6	1.80552E6	1.49977E6	1.25045E6	1.14173E6	1.13723E6	1.13618E6	1.12695E6	1.09472E6	1.0253E6	9.12293E5	7.93588E5	6.73321E5	5.57154E5	5.55561E5	2.48482E5	1.62719E5	1.00978E5	6.41053E4	2.08186E6	3.39932E6
448	2.17634E6	2.04054E6	1.82732E6	1.50986E6	1.25805E6	1.14208E6	1.11808E6	1.13862E6	1.13161E6	1.09562E6	1.02963E6	9.23756E5	8.07935E5	6.83442E5	5.41255E5	6.21108E5	2.62977E5	1.74087E5	1.08987E5	6.85551E4	5.2058E5	6.10186E6
450	2.15376E6	2.06727E6	1.82962E6	1.5406E6	1.26555E6	1.14563E6	1.1238E6	1.12448E6	1.12624E6	1.0983E6	1.03387E6	9.29975E5	8.09066E5	6.95355E5	5.43261E5	6.45184E5	2.82655E5	1.84026E5	1.18283E5	7.31409E4	8.62648E4	7.66543E6
452	2.1402E6	2.05524E6	1.83224E6	1.52674E6	1.2718E6	1.1498E6	1.11037E6	1.12108E6	1.11828E6	1.0927E6	1.03115E6	9.34071E5	8.17875E5	7.04688E5	5.45896E5	6.41963E5	3.07732E5	1.94624E5	1.26364E5	7.82068E4	5.73831E4	7.04418E6
454	2.17923E6	2.05543E6	1.83905E6	1.5371E6	1.27575E6	1.13403E6	1.10668E6	1.10988E6	1.10922E6	1.08045E6	1.02816E6	9.2901E5	8.22519E5	7.12601E5	5.58223E5	6.01327E5	3.43992E5	2.03761E5	1.3429E5	8.50488E4	5.65169E4	4.68998E6
456	2.15687E6	2.0155E6	1.82355E6	1.53704E6	1.27539E6	1.13437E6	1.09841E6	1.09578E6	1.09943E6	1.0729E6	1.02784E6	9.28302E5	8.2459E5	7.16856E5	5.64353E5	5.48187E5	3.99541E5	2.1083E5	1.41424E5	9.20718E4	5.83101E4	1.9522E6
458	2.11093E6	2.02559E6	1.8195E6	1.53634E6	1.27603E6	1.12849E6	1.08385E6	1.08424E6	1.08477E6	1.06318E6	1.02035E6	9.32064E5	8.30787E5	7.24638E5	5.6881E5	5.03968E5	4.53018E5	2.21541E5	1.52271E5	9.80965E4	6.0973E4	4.86632E5
460	2.10767E6	2.01549E6	1.8109E6	1.53643E6	1.26611E6	1.12187E6	1.07622E6	1.076E6	1.07392E6	1.05326E6	1.01465E6	9.28903E5	8.29604E5	7.30566E5	5.74979E5	4.72052E5	5.06847E5	2.33299E5	1.59038E5	1.05587E5	6.37664E4	8.10204E4
462	2.08299E6	1.98949E6	1.80341E6	1.51928E6	1.27071E6	1.11909E6	1.07045E6	1.06416E6	1.06404E6	1.04733E6	1.00607E6	9.23687E5	8.30187E5	7.37179E5	5.83664E5	4.58445E5	5.43479E5	2.41606E5	1.65901E5	1.12932E5	6.92142E4	5.25718E4
464	2.0879E6	1.98391E6	1.80443E6	1.53488E6	1.26889E6	1.11714E6	1.06072E6	1.04806E6	1.04624E6	1.03824E6	1.00143E6	9.22617E5	8.32885E5	7.37863E5	5.89684E5	4.60338E5	5.56749E5	2.55956E5	1.72124E5	1.18046E5	7.34653E4	5.07817E4
466	1.99001E6	1.9912E6	1.80531E6	1.53307E6	1.27208E6	1.11385E6	1.03912E6	1.04354E6	1.03642E6	1.02379E6	9.90791E5	9.17897E5	8.31686E5	7.36448E5	5.89112E5	4.65562E5	5.32662E5	2.80326E5	1.79274E5	1.26353E5	7.89662E4	5.23205E4
468	2.14006E6	1.94835E6	1.77658E6	1.51412E6	1.26127E6	1.10206E6	1.04329E6	1.03189E6	1.02151E6	1.01637E6	9.87902E5	9.0729E5	8.28682E5	7.36902E5	5.95379E5	4.67123E5	4.92966E5	3.12111E5	1.88708E5	1.3248E5	8.52277E4	5.48434E4
470	2.64763E6	1.92925E6	1.77788E6	1.51835E6	1.25666E6	1.09837E6	1.02891E6	1.0213E6	1.01067E6	1.00789E6	9.76616E5	9.06102E5	8.17521E5	7.40063E5	6.02367E5	4.73852E5	4.49741E5	3.51557E5	1.93533E5	1.36649E5	8.91686E4	5.71473E4
472	3.60906E6	1.91733E6	1.77615E6	1.50332E6	1.25301E6	1.09767E6	1.02307E6	1.00053E6	9.99749E5	9.91197E5	9.5663E5	8.97446E5	8.18922E5	7.40879E5	6.01671E5	4.77066E5	4.1534E5	4.00387E5	2.01884E5	1.43412E5	9.56136E4	6.0149E4
474	5.39349E6	1.89827E6	1.73698E6	1.49627E6	1.25149E6	1.07514E6	1.0051E6	9.80085E5	9.85907E5	9.78171E5	9.48589E5	8.93884E5	8.19758E5	7.40146E5	6.05939E5	4.81729E5	3.9531E5	4.45757E5	2.07504E5	1.5155E5	1.00801E5	6.44159E4
476	7.89298E6	1.83648E6	1.72135E6	1.50906E6	1.2309E6	1.07633E6	1.00195E6	9.76342E5	9.68635E5	9.61165E5	9.34419E5	8.76698E5	8.09811E5	7.35801E5	6.04148E5	4.84152E5	3.88634E5	4.69731E5	2.16004E5	1.54461E5	1.06571E5	6.78256E4
478	1.11608E7	1.86021E6	1.70076E6	1.47387E6	1.22617E6	1.06501E6	9.78405E5	9.57947E5	9.47247E5	9.49093E5	9.23389E5	8.68251E5	8.05204E5	7.33052E5	6.00752E5	4.82557E5	3.87196E5	4.70112E5	2.33433E5	1.59889E5	1.0985E5	7.09168E4
480	1.39764E7	1.817E6	1.69063E6	1.46361E6	1.22635E6	1.05807E6	9.65915E5	9.39117E5	9.38001E5	9.28311E5	9.07886E5	8.5417E5	7.91703E5	7.25306E5	5.98799E5	4.82656E5	3.87182E5	4.48924E5	2.49568E5	1.6486E5	1.15063E5	7.71398E4
482	1.53994E7	1.78874E6	1.66274E6	1.45293E6	1.20964E6	1.04603E6	9.60753E5	9.2687E5	9.23855E5	9.14051E5	8.92166E5	8.48501E5	7.82345E5	7.19396E5	5.97166E5	4.85529E5	3.8425E5	4.09376E5	2.7889E5	1.6794E5	1.18946E5	8.06484E4
484	1.4894E7	1.76832E6	1.65703E6	1.43713E6	1.19303E6	1.03284E6	9.45669E5	9.07688E5	9.00122E5	8.99445E5	8.78052E5	8.30886E5	7.74313E5	7.1511E5	5.9601E5	4.867E5	3.91697E5	3.70175E5	3.15187E5	1.73808E5	1.25737E5	8.44033E4
486	1.28331E7	1.78408E6	1.6209E6	1.4372E6	1.19501E6	1.01578E6	9.31305E5	8.9067E5	8.86208E5	8.78312E5	8.68291E5	8.1797E5	7.65755E5	7.08045E5	5.89958E5	4.83715E5	3.89666E5	3.45022E5	3.52836E5	1.78944E5	1.28432E5	8.97289E4
488	9.63808E6	1.95838E6	1.62254E6	1.40316E6	1.17666E6	1.00818E6	9.19671E5	8.88176E5	8.66987E5	8.62974E5	8.4721E5	8.0809E5	7.51949E5	6.98021E5	5.88171E5	4.82914E5	3.90428E5	3.26207E5	3.832E5	1.85527E5	1.32305E5	9.37843E4
490	6.24502E6	2.70841E6	1.59581E6	1.40061E6	1.16526E6	1.00293E6	9.03942E5	8.68849E5	8.63624E5	8.53797E5	8.35096E5	7.93341E5	7.44671E5	6.96415E5	5.859E5	4.81172E5	3.9241E5	3.19316E5	3.99069E5	1.92618E5	1.34898E5	9.63207E4
492	3.68915E6	4.22889E6	1.569E6	1.37368E6	1.15274E6	9.85968E5	8.95714E5	8.51367E5	8.36447E5	8.34385E5	8.20385E5	7.8222E5	7.34801E5	6.86624E5	5.80239E5	4.79277E5	3.92677E5	3.17235E5	3.95012E5	2.04945E5	1.39576E5	1.00509E5
494	2.28792E6	6.66115E6	1.5328E6	1.34865E6	1.14342E6	9.74987E5	8.81101E5	8.36062E5	8.17185E5	8.18318E5	8.06592E5	7.6888E5	7.2065E5	6.79994E5	5.73998E5	4.7577E5	3.91326E5	3.19241E5	3.7507E5	2.24713E5	1.43046E5	1.02785E5
496	1.79092E6	9.96164E6	1.51187E6	1.33241E6	1.10718E6	9.64721E5	8.62746E5	8.19246E5	8.03926E5	8.00876E5	7.88422E5	7.54758E5	7.10094E5	6.66793E5	5.68546E5	4.72822E5	3.87716E5	3.1779E5	3.37368E5	2.48882E5	1.45256E5	1.05406E5
498	1.72355E6	1.34631E7	1.47875E6	1.30709E6	1.10972E6	9.42213E5	8.50431E5	8.07904E5	7.93418E5	7.92005E5	7.75199E5	7.42576E5	7.04616E5	6.60335E5	5.64116E5	4.68404E5	3.8695E5	3.1651E5	3.07988E5	2.77995E5	1.4809E5	1.09578E5
500	1.63857E6	1.64294E7	1.47054E6	1.2991E6	1.09878E6	9.40601E5	8.36711E5	7.96368E5	7.82563E5	7.79351E5	7.59784E5	7.31073E5	6.93192E5	6.52766E5	5.60369E5	4.67703E5	3.81932E5	3.17184E5	2.82949E5	3.04763E5	1.49076E5	1.11469E5
502	1.65978E6	1.77482E7	1.46371E6	1.29673E6	1.08733E6	9.24581E5	8.30384E5	7.85599E5	7.60591E5	7.59817E5	7.47651E5	7.12333E5	6.78136E5	6.44053E5	5.5286E5	4.623E5	3.83425E5	3.14239E5	2.6844E5	3.26876E5	1.5722E5	1.13428E5
504	1.59273E6	1.68849E7	1.45343E6	1.26773E6	1.06035E6	9.09278E5	8.18647E5	7.63342E5	7.47261E5	7.39793E5	7.29583E5	7.03467E5	6.69241E5	6.31121E5	5.45696E5	4.56813E5	3.83666E5	3.13703E5	2.63963E5	3.3486E5	1.6043E5	1.15945E5
506	1.61772E6	1.41116E7	1.42555E6	1.24643E6	1.05496E6	8.93129E5	8.03902E5	7.54656E5	7.38972E5	7.25526E5	7.10316E5	6.87597E5	6.57684E5	6.22439E5	5.38796E5	4.54145E5	3.79906E5	3.11907E5	2.59288E5	3.30519E5	1.74503E5	1.17235E5
508	1.49676E6	1.06015E7	1.67496E6	1.23035E6	1.03528E6	8.85538E5	7.79008E5	7.39572E5	7.23541E5	7.11867E5	7.02603E5	6.75097E5	6.41411E5	6.12959E5	5.30984E5	4.47847E5	3.77137E5	3.12537E5	2.58504E5	3.10137E5	1.87057E5	1.19299E5
510	1.58725E6	6.59888E6	2.55828E6	1.21424E6	1.01538E6	8.70542E5	7.71701E5	7.22631E5	7.02266E5	6.95786E5	6.85049E5	6.58712E5	6.30671E5	5.97784E5	5.21467E5	4.42E5	3.70396E5	3.10307E5	2.58138E5	2.80019E5	2.06345E5	1.20659E5
512	1.68781E6	3.5725E6	4.57359E6	1.18907E6	1.00311E6	8.55483E5	7.5609E5	7.10769E5	6.89255E5	6.78189E5	6.65273E5	6.44738E5	6.1694E5	5.88664E5	5.11879E5	4.3273E5	3.69773E5	3.08004E5	2.51695E5	2.4931E5	2.29925E5	1.23719E5
514	1.80689E6	2.02976E6	7.49681E6	1.19111E6	9.91796E5	8.49135E5	7.3931E5	6.94788E5	6.73594E5	6.59931E5	6.55195E5	6.26268E5	6.06762E5	5.74866E5	5.02553E5	4.30564E5	3.65552E5	3.08029E5	2.52354E5	2.29235E5	2.53805E5	1.26044E5
516	2.06543E6	1.52466E6	1.11921E7	1.16629E6	9.70607E5	8.28616E5	7.28101E5	6.8274E5	6.54138E5	6.45752E5	6.41112E5	6.22531E5	5.953E5	5.69254E5	4.92937E5	4.22697E5	3.6324E5	3.02895E5	2.4943E5	2.18984E5	2.67381E5	1.28133E5
518	2.38868E6	1.39226E6	1.50807E7	1.13034E6	9.52465E5	8.0279E5	7.16048E5	6.63735E5	6.43716E5	6.34132E5	6.22534E5	6.0212E5	5.80952E5	5.5549E5	4.83683E5	4.17466E5	3.53913E5	2.99518E5	2.4981E5	2.116E5	2.73274E5	1.33713E5
520	2.70109E6	1.35586E6	1.81786E7	1.11394E6	9.34935E5	7.99671E5	6.98543E5	6.51625E5	6.31713E5	6.15832E5	6.09042E5	5.89483E5	5.66892E5	5.43657E5	4.75973E5	4.09687E5	3.50852E5	2.99389E5	2.46084E5	2.07682E5	2.64533E5	1.41806E5
522	3.00716E6	1.3404E6	1.89574E7	1.09266E6	9.25747E5	7.84332E5	6.88603E5	6.40012E5	6.11571E5	6.04177E5	5.95215E5	5.76711E5	5.56331E5	5.36217E5	4.6748E5	4.05548E5	3.47539E5	2.93218E5	2.45923E5	2.05429E5	2.51261E5	1.53077E5
524	3.12681E6	1.28969E6	1.74584E7	1.08097E6	8.98721E5	7.67341E5	6.78597E5	6.22178E5	6.00942E5	5.8925E5	5.78033E5	5.58835E5	5.42835E5	5.24123E5	4.59182E5	3.94341E5	3.41074E5	2.89668E5	2.43653E5	2.06368E5	2.2553E5	1.68189E5
526	3.19284E6	1.28191E6	1.44266E7	1.09472E6	8.80891E5	7.60354E5	6.6095E5	6.164E5	5.85293E5	5.7753E5	5.6958E5	5.48243E5	5.3022E5	5.13846E5	4.50567E5	3.8986E5	3.35396E5	2.84986E5	2.40807E5	2.03465E5	2.02357E5	1.86664E5
528	3.0474E6	1.22155E6	1.0343E7	1.39096E6	8.73068E5	7.44039E5	6.43271E5	5.94329E5	5.70253E5	5.61838E5	5.55918E5	5.36083E5	5.23347E5	5.01448E5	4.37404E5	3.82595E5	3.3226E5	2.80245E5	2.38385E5	1.99891E5	1.83001E5	2.0374E5
530	2.75897E6	1.19266E6	6.29642E6	2.49785E6	8.43543E5	7.23804E5	6.31979E5	5.87922E5	5.60171E5	5.43489E5	5.36136E5	5.23789E5	5.03423E5	4.90156E5	4.28764E5	3.7154E5	3.25487E5	2.78687E5	2.34303E5	1.99036E5	1.70538E5	2.16116E5
532	2.34723E6	1.24463E6	3.18149E6	4.84322E6	8.34529E5	7.12953E5	6.25991E5	5.67398E5	5.42377E5	5.35386E5	5.27794E5	5.06371E5	4.90757E5	4.78853E5	4.24047E5	3.68353E5	3.18213E5	2.7337E5	2.30536E5	1.97795E5	1.64406E5	2.21704E5
534	1.89292E6	1.30026E6	1.65048E6	8.3941E6	8.19581E5	6.89251E5	6.01692E5	5.55423E5	5.35207E5	5.22238E5	5.13631E5	4.96164E5	4.8464E5	4.66238E5	4.13041E5	3.57787E5	3.11417E5	2.69858E5	2.27064E5	1.93473E5	1.59416E5	2.17505E5
536	1.50982E6	1.43158E6	1.17056E6	1.26392E7	8.05464E5	6.83265E5	5.98853E5	5.48354E5	5.14142E5	5.08027E5	4.96232E5	4.78447E5	4.71341E5	4.57561E5	3.99276E5	3.51711E5	3.10128E5	2.64069E5	2.25506E5	1.916E5	1.59246E5	2.00171E5
538	1.30427E6	1.68918E6	1.11205E6	1.69122E7	7.89102E5	6.70361E5	5.83265E5	5.29118E5	5.02362E5	4.93922E5	4.85904E5	4.69757E5	4.52743E5	4.39919E5	3.92769E5	3.44335E5	2.99644E5	2.58149E5	2.20542E5	1.90413E5	1.56315E5	1.79294E5
540	1.11451E6	1.98366E6	1.04629E6	1.97279E7	7.65326E5	6.54673E5	5.70785E5	5.17549E5	4.88712E5	4.78385E5	4.69688E5	4.55663E5	4.44337E5	4.26761E5	3.85822E5	3.35882E5	2.90372E5	2.55208E5	2.15898E5	1.85093E5	1.54307E5	1.58787E5
542	1.04088E6	2.35986E6	1.0087E6	2.02642E7	7.65936E5	6.41179E5	5.59618E5	5.04808E5	4.82908E5	4.66003E5	4.56422E5	4.45955E5	4.32763E5	4.22536E5	3.74348E5	3.25896E5	2.86809E5	2.47034E5	2.14655E5	1.81356E5	1.5172E5	1.41613E5
544	9.70707E5	2.67817E6	9.80145E5	1.81683E7	7.52787E5	6.15891E5	5.33906E5	4.95577E5	4.65625E5	4.53981E5	4.47668E5	4.3105E5	4.20175E5	4.09586E5	3.64897E5	3.20993E5	2.79105E5	2.43272E5	2.09758E5	1.78448E5	1.4981E5	1.29552E5
546	9.56462E5	2.96554E6	9.56798E5	1.46409E7	7.86964E5	6.10263E5	5.26284E5	4.81575E5	4.52673E5	4.46107E5	4.27139E5	4.23849E5	4.1033E5	3.99632E5	3.56709E5	3.1277E5	2.71948E5	2.40623E5	2.05697E5	1.77267E5	1.48702E5	1.23622E5
548	9.58544E5	3.091E6	9.03153E5	1.01929E7	1.19E6	5.9977E5	5.14606E5	4.70752E5	4.449E5	4.26E5	4.17729E5	4.10681E5	3.97004E5	3.86806E5	3.46097E5	3.05968E5	2.69981E5	2.33645E5	2.01044E5	1.74945E5	1.43396E5	1.20892E5
550	8.87956E5	3.02791E6	9.0131E5	6.03192E6	2.43329E6	5.86026E5	5.0005E5	4.59189E5	4.3311E5	4.19257E5	4.08472E5	4.00192E5	3.89887E5	3.80391E5	3.34857E5	2.98128E5	2.63524E5	2.28919E5	1.95844E5	1.69785E5	1.42999E5	1.19344E5
552	8.68557E5	2.84485E6	8.91005E5	2.88772E6	5.01576E6	5.76246E5	4.88984E5	4.44159E5	4.23165E5	4.09708E5	3.99685E5	3.84352E5	3.8015E5	3.6575E5	3.25668E5	2.88866E5	2.52217E5	2.23053E5	1.946E5	1.68959E5	1.38664E5	1.16172E5
554	8.83537E5	2.39687E6	8.7855E5	1.34978E6	8.82035E6	5.59355E5	4.84049E5	4.39205E5	4.07435E5	3.96498E5	3.91752E5	3.77869E5	3.68328E5	3.58982E5	3.18071E5	2.81571E5	2.49095E5	2.18547E5	1.90368E5	1.63229E5	1.35506E5	1.14203E5
556	8.48959E5	2.01258E6	9.17288E5	8.88838E5	1.31836E7	5.50955E5	4.69778E5	4.20075E5	3.97257E5	3.87884E5	3.75448E5	3.67271E5	3.57081E5	3.48036E5	3.06564E5	2.7628E5	2.43272E5	2.10338E5	1.85467E5	1.59987E5	1.35031E5	1.13628E5
558	8.57414E5	1.61479E6	9.9808E5	8.21072E5	1.75417E7	5.41042E5	4.5229E5	4.0806E5	3.90223E5	3.73884E5	3.63614E5	3.55381E5	3.45907E5	3.37783E5	3.05707E5	2.68879E5	2.38178E5	2.09502E5	1.8259E5	1.56779E5	1.34203E5	1.11038E5
560	7.91058E5	1.25363E6	1.20256E6	7.78926E5	2.03489E7	5.15478E5	4.53664E5	4.03919E5	3.78968E5	3.67753E5	3.58764E5	3.46792E5	3.36578E5	3.31094E5	2.94565E5	2.59576E5	2.32577E5	2.02249E5	1.78151E5	1.55401E5	1.2876E5	1.10953E5
562	8.02178E5	9.8741E5	1.43918E6	7.51026E5	2.08219E7	5.14273E5	4.3756E5	3.86172E5	3.69836E5	3.53812E5	3.47446E5	3.35026E5	3.24834E5	3.22262E5	2.86997E5	2.53766E5	2.25233E5	1.98732E5	1.73599E5	1.50357E5	1.26442E5	1.06924E5
564	7.14676E5	8.4754E5	1.77486E6	7.22125E5	1.86476E7	5.08213E5	4.27511E5	3.77656E5	3.57509E5	3.41668E5	3.38135E5	3.23883E5	3.18875E5	3.10452E5	2.79513E5	2.46698E5	2.17146E5	1.93087E5	1.70143E5	1.45029E5	1.25289E5	1.04457E5
566	7.22549E5	7.81509E5	2.14143E6	7.16573E5	1.47718E7	5.57302E5	4.11903E5	3.68739E5	3.46952E5	3.38244E5	3.27273E5	3.1293E5	3.09552E5	3.02652E5	2.70353E5	2.41109E5	2.14889E5	1.90879E5	1.64047E5	1.40778E5	1.20868E5	1.02381E5
568	7.12489E5	7.42137E5	2.46311E6	6.97315E5	1.00712E7	9.8887E5	4.04543E5	3.65868E5	3.39407E5	3.26384E5	3.14583E5	3.08641E5	2.98627E5	2.93953E5	2.64287E5	2.33311E5	2.07807E5	1.8552E5	1.60357E5	1.41289E5	1.20921E5	1.00244E5
570	7.06328E5	6.84587E5	2.66771E6	6.71535E5	5.67285E6	2.4379E6	3.978E5	3.54113E5	3.32004E5	3.14341E5	3.08991E5	2.96941E5	2.88009E5	2.84519E5	2.5582E5	2.27929E5	1.99631E5	1.80481E5	1.56858E5	1.3304E5	1.18757E5	9.84993E4
572	6.71362E5	6.78305E5	2.773E6	6.71226E5	2.55677E6	5.25412E6	3.86575E5	3.47827E5	3.19753E5	3.07638E5	2.96046E5	2.84815E5	2.81217E5	2.77333E5	2.45867E5	2.21498E5	1.9643E5	1.7565E5	1.51181E5	1.33508E5	1.14255E5	9.61943E4
574	6.96236E5	6.49808E5	2.61369E6	6.36811E5	1.0606E6	9.27859E6	3.75043E5	3.30028E5	3.06931E5	2.99843E5	2.91821E5	2.79319E5	2.71393E5	2.69219E5	2.40693E5	2.13315E5	1.87839E5	1.68389E5	1.45436E5	1.29771E5	1.09245E5	9.34856E4
576	6.77189E5	6.61386E5	2.36455E6	6.27799E5	6.63591E5	1.37615E7	3.67535E5	3.25984E5	3.04467E5	2.9068E5	2.78568E5	2.72801E5	2.64651E5	2.56453E5	2.33111E5	2.09165E5	1.85401E5	1.6408E5	1.42977E5	1.25236E5	1.0644E5	9.08512E4
578	6.07349E5	6.1362E5	2.01338E6	6.4896E5	6.10184E5	1.79595E7	3.63586E5	3.16319E5	2.93386E5	2.7466E5	2.74898E5	2.58337E5	2.60532E5	2.50694E5	2.2653E5	2.03523E5	1.78724E5	1.58624E5	1.41967E5	1.2478E5	1.06632E5	9.11928E4
580	5.93468E5	5.94977E5	1.64556E6	6.92899E5	5.74714E5	2.07733E7	3.54296E5	3.03411E5	2.85162E5	2.74983E5	2.63336E5	2.55007E5	2.51196E5	2.40185E5	2.17614E5	1.96729E5	1.75699E5	1.5578E5	1.357E5	1.20715E5	1.03749E5	8.66896E4
582	6.17262E5	5.90627E5	1.26661E6	7.85571E5	5.66184E5	2.09777E7	3.51007E5	2.94726E5	2.79591E5	2.67542E5	2.54372E5	2.48313E5	2.36552E5	2.3627E5	2.10776E5	1.92162E5	1.69287E5	1.52227E5	1.32329E5	1.18069E5	1.01735E5	8.70219E4
584	6.31796E5	5.58336E5	9.7259E5	9.6962E5	5.3432E5	1.84846E7	3.52517E5	2.94166E5	2.70463E5	2.57889E5	2.47273E5	2.38785E5	2.30874E5	2.28422E5	2.05611E5	1.81791E5	1.61514E5	1.47242E5	1.29249E5	1.15407E5	9.83027E4	8.38442E4
586	5.94495E5	5.67086E5	7.60029E5	1.21449E6	5.38573E5	1.43782E7	3.90856E5	2.8406E5	2.63013E5	2.47856E5	2.4197E5	2.31848E5	2.24459E5	2.208E5	1.98002E5	1.79364E5	1.59172E5	1.4085E5	1.25423E5	1.09127E5	9.41082E4	8.21076E4
588	5.66808E5	5.50052E5	6.3797E5	1.54135E6	5.31627E5	9.50502E6	8.30522E5	2.80748E5	2.5164E5	2.39233E5	2.29896E5	2.26725E5	2.19857E5	2.1316E5	1.94227E5	1.74649E5	1.54672E5	1.38027E5	1.21751E5	1.07325E5	9.10675E4	7.89399E4
590	5.92339E5	5.31042E5	5.82457E5	1.88316E6	5.23939E5	5.08129E6	2.35768E6	2.70277E5	2.44418E5	2.29927E5	2.24623E5	2.15038E5	2.11001E5	2.06825E5	1.86562E5	1.64525E5	1.48591E5	1.33159E5	1.18921E5	1.06157E5	9.02612E4	7.61005E4
592	5.73934E5	5.18905E5	5.47742E5	2.17383E6	5.09896E5	2.07652E6	5.42586E6	2.66978E5	2.3321E5	2.27708E5	2.17052E5	2.1193E5	2.039E5	1.98043E5	1.81144E5	1.61503E5	1.47347E5	1.31449E5	1.15127E5	1.00638E5	8.70286E4	7.54416E4
594	5.41446E5	5.31579E5	5.52684E5	2.37986E6	5.04305E5	8.04587E5	9.63926E6	2.57106E5	2.36165E5	2.20293E5	2.10376E5	2.03523E5	1.96841E5	1.90487E5	1.75622E5	1.57791E5	1.41488E5	1.24252E5	1.12567E5	9.85025E4	8.31394E4	7.26013E4
596	5.41003E5	5.09178E5	5.21436E5	2.38499E6	4.9659E5	4.83902E5	1.43604E7	2.50464E5	2.27078E5	2.14118E5	2.0532E5	1.94539E5	1.90588E5	1.83971E5	1.68802E5	1.50012E5	1.35589E5	1.22268E5	1.08194E5	9.57601E4	8.04131E4	6.98726E4
598	5.22471E5	5.0387E5	4.93868E5	2.26589E6	5.1415E5	4.44315E5	1.84792E7	2.44906E5	2.21238E5	2.07438E5	1.94844E5	1.89752E5	1.84626E5	1.83193E5	1.61785E5	1.46724E5	1.30089E5	1.18522E5	1.02541E5	9.25619E4	8.03843E4	6.7476E4
600	5.40368E5	4.8672E5	4.96245E5	2.03896E6	5.11442E5	4.28361E5	2.10428E7	2.446E5	2.14611E5	1.96599E5	1.90754E5	1.86149E5	1.79119E5	1.77429E5	1.57264E5	1.41817E5	1.28462E5	1.15324E5	1.00761E5	9.14032E4	7.78739E4	6.75543E4
