300	2.3906E5	1.46349E5	1.58248E5	2.61858E6	3.56322E5	2.83788E5	2.43899E7	8.75933E4	1.36813E4	8760.06995	6026.14817	4406.96856	3747.2621	3133.94714	2441.51719	2326.43344	2196.69169	1619.02314	1187.09279	1481.83112	1346.98978	1343.56846
302	2.50464E5	1.47005E5	1.76498E5	1.74377E6	6.81893E5	2.06544E5	2.13104E7	9.98069E5	1.60455E4	9595.27599	6210.85858	4596.6496	4146.52804	3439.2768	2460.77981	2352.27611	1763.76631	1675.37816	1503.94662	1518.4134	1476.99851	1416.51311
304	2.51313E5	1.72102E5	1.7988E5	9.90195E5	1.25032E6	1.99349E5	1.35767E7	4.47627E6	1.84824E4	9445.93778	6199.03678	4191.84714	3705.07129	3625.62737	3027.86322	2426.55386	2222.05025	1958.21436	1504.67679	1449.35014	1523.20378	1123.6688
306	2.79139E5	1.80141E5	1.8411E5	5.26651E5	2.01016E6	2.02601E5	5.81991E6	1.16319E7	2.27936E4	1.0091E4	7488.66567	4076.74586	3438.3045	3192.52798	2912.97583	2648.76243	2050.22035	1784.94049	1437.03932	1455.71952	1274.68417	1131.50765
308	2.73717E5	1.71178E5	2.04333E5	3.31644E5	2.66461E6	2.05185E5	1.43741E6	2.00585E7	3.25961E4	9899.64062	7059.66328	5488.06887	3967.29763	3736.0227	2982.70142	2416.18389	1970.82087	1823.66286	1507.54701	1132.90795	1610.55351	1092.14979
310	2.69348E5	1.92495E5	2.14527E5	2.81511E5	2.84758E6	2.26304E5	2.43977E5	2.40813E7	8.53344E4	1.20386E4	6909.00667	5427.95693	4060.33438	3412.59511	2478.18032	2403.92194	1710.42784	1625.00159	1511.5242	1564.76299	1466.42479	1110.75511
312	3.07744E5	2.04869E5	2.22834E5	2.76235E5	2.4097E6	3.07953E5	1.55089E5	2.12247E7	9.49587E5	1.35082E4	7613.19484	6002.60856	3829.98808	3407.48505	2728.649	2557.65757	2065.81103	1837.40982	1856.54962	1576.32675	1334.22592	1210.83694
314	3.07037E5	2.14471E5	2.30591E5	2.81566E5	1.66945E6	5.80806E5	1.41556E5	1.30236E7	4.69461E6	1.45049E4	7827.32849	5991.05428	3768.8122	3592.25375	2999.70339	2374.11091	1862.62124	1850.81812	1258.14517	1392.03189	1130.45292	1224.66008
316	3.02616E5	2.23535E5	2.29529E5	2.77005E5	9.97538E5	1.05266E6	1.39929E5	5.24779E6	1.16478E7	2.10167E4	8368.50359	5840.50027	4152.19789	3240.42898	2781.70847	2204.09593	1778.13843	1558.14882	1654.51297	1589.41354	1354.65723	1112.19004
318	3.13285E5	2.28368E5	2.5462E5	2.85968E5	5.77543E5	1.69059E6	1.38441E5	1.23489E6	1.87373E7	2.72804E4	9217.0622	6086.85495	4591.38855	4198.73388	2840.60237	2419.16408	2055.84668	1669.79932	1561.97995	1481.39729	1215.6815	1354.96587
320	3.12283E5	2.40172E5	2.56333E5	2.97979E5	3.94785E5	2.23954E6	1.41466E5	1.9304E5	2.15582E7	8.07283E4	1.06692E4	6924.45221	4677.88924	3332.98331	3004.52646	2531.91847	1972.46497	1426.99516	1488.1342	1286.94482	1345.90804	1208.69044
322	3.3585E5	2.54912E5	2.68456E5	3.02069E5	3.52778E5	2.36878E6	1.60374E5	1.2127E5	1.81838E7	8.81241E5	1.1329E4	6117.68129	4926.12054	3863.90748	3023.12056	2268.70538	2124.71103	1905.52276	1320.44456	1356.35548	1152.90242	1152.77534
324	3.198E5	2.54346E5	2.74684E5	3.09241E5	3.39659E5	2.03458E6	2.29724E5	1.11215E5	1.10693E7	3.92041E6	1.32385E4	6202.5696	4773.47333	3090.45201	2870.99226	2294.85901	1803.72505	1923.74854	1463.06514	1644.52502	1155.3509	1186.62292
326	3.16832E5	2.66261E5	2.76953E5	3.06649E5	3.37238E5	1.46613E6	4.14463E5	1.09629E5	4.49032E6	9.69596E6	1.78211E4	7629.40882	4771.05881	3547.52523	2888.9943	2036.59494	1569.27039	1797.03951	1586.30439	1544.08895	1138.38825	1136.71277
328	3.29865E5	2.68286E5	2.87897E5	3.199E5	3.46434E5	9.12907E5	7.71199E5	1.14746E5	1.13871E6	1.55568E7	2.455E4	8209.79021	4787.02069	3670.47087	2779.09028	2147.77186	1908.30133	1945.43741	1358.25928	1325.50557	1059.88107	1291.93917
330	3.68431E5	2.79929E5	3.04308E5	3.27057E5	3.51119E5	5.42029E5	1.30199E6	1.14022E5	1.74517E5	1.85032E7	5.9313E4	8643.45731	5268.77541	3376.79845	2827.72829	2571.12532	1545.57426	1571.24093	1393.78071	1436.6023	1214.81889	797.74192
332	3.93417E5	2.88321E5	2.99978E5	3.41146E5	3.54608E5	3.84261E5	1.74602E6	1.206E5	1.09304E5	1.62178E7	6.56532E5	9650.19319	5462.52396	4058.35078	2678.32083	2135.92548	1935.63348	1596.02008	1553.71795	1295.76025	1340.35765	1087.92744
334	3.81116E5	3.09134E5	2.95963E5	3.38833E5	3.5418E5	3.31948E5	1.9553E6	1.35805E5	1.00654E5	1.04335E7	3.15627E6	1.13027E4	5565.44733	4436.88484	2674.03889	2349.47816	2117.33591	1316.71563	1425.06219	1378.5661	1185.88747	934.73848
336	3.93011E5	3.07342E5	3.12253E5	3.41297E5	3.54716E5	3.23624E5	1.77788E6	1.80151E5	1.00297E5	4.41832E6	8.20125E6	1.52267E4	5797.54063	4240.09774	2511.77325	2146.05677	1678.94919	1495.05445	1275.58149	1272.75483	1038.36379	1171.65153
338	4.01466E5	3.29389E5	3.22067E5	3.4682E5	3.60036E5	3.20506E5	1.37362E6	3.03108E5	1.04639E5	1.18021E6	1.33357E7	2.09826E4	6773.77252	4321.8023	3373.15689	2134.60072	1991.66521	1656.10618	1280.83919	1335.28442	1216.48364	851.86097
340	4.21642E5	3.47264E5	3.30475E5	3.49135E5	3.67138E5	3.31464E5	8.85064E5	5.77621E5	1.10116E5	1.81053E5	1.57649E7	5.01695E4	7198.81331	4780.15336	3287.88025	1987.81734	1644.19474	1533.58001	1357.7175	1236.2507	949.82143	936.57351
342	4.55666E5	3.5106E5	3.30497E5	3.57193E5	3.671E5	3.33894E5	5.42394E5	9.56946E5	1.16046E5	1.02445E5	1.39339E7	5.51044E5	7915.67142	4903.8589	3628.75054	2609.04477	1658.0081	1638.03721	1372.35768	1171.76804	1262.83808	1078.76971
344	4.56874E5	3.553E5	3.38151E5	3.52972E5	3.72474E5	3.4548E5	3.57201E5	1.36192E6	1.2465E5	9.47873E4	8.84957E6	2.82677E6	1.01732E4	4777.1679	3568.32358	2767.63986	1587.65483	1369.08677	1122.81077	1014.20244	1014.20784	1120.26603
346	4.50386E5	3.72937E5	3.46552E5	3.62469E5	3.73071E5	3.58407E5	2.98275E5	1.58602E6	1.40068E5	9.85672E4	3.82368E6	7.02592E6	1.20481E4	5237.92915	3423.15154	2447.4826	1726.88105	1663.25938	1131.82234	1189.36346	1083.70568	696.4212
348	5.00609E5	3.82634E5	3.60609E5	3.68303E5	3.88492E5	3.58984E5	3.00133E5	1.5217E6	1.74518E5	1.03813E5	9.33513E5	1.15618E7	1.83163E4	5815.67773	3892.03174	2369.80544	1975.84057	1522.15779	1321.50474	1045.96844	1244.64227	963.07082
350	5.088E5	3.9705E5	3.74234E5	3.70367E5	3.88465E5	3.62022E5	3.00925E5	1.23259E6	2.70155E5	1.14553E5	1.60663E5	1.33881E7	3.7941E4	5966.95585	3563.60623	2571.49479	1862.25845	1467.12809	1338.189	1065.28704	1013.94732	890.14154
352	5.44913E5	4.20953E5	3.78765E5	3.73058E5	3.98267E5	3.7742E5	3.15473E5	8.53931E5	4.61626E5	1.21846E5	9.89918E4	1.16784E7	4.61165E5	7564.93031	3508.89734	2765.88477	1605.3903	1587.29127	1140.02914	1176.23675	1043.84421	900.89202
354	5.30355E5	4.30578E5	3.95666E5	3.83801E5	3.97225E5	3.86487E5	3.317E5	5.52826E5	7.48602E5	1.34304E5	9.44692E4	7.54315E6	2.23155E6	8719.59158	4166.36686	2824.27415	1949.99276	1518.40958	1391.77495	1331.67142	1004.9077	989.07682
356	6.03124E5	4.53625E5	4.10016E5	3.95506E5	4.02564E5	3.97857E5	3.42118E5	3.92583E5	1.05797E6	1.46282E5	9.9596E4	3.20957E6	5.92104E6	1.10343E4	4050.63957	3151.31365	1998.52612	1673.05709	1294.01753	1055.62643	974.69799	894.3148
358	5.79164E5	4.73291E5	4.18724E5	4.01433E5	4.09055E5	4.06082E5	3.51941E5	3.33895E5	1.27414E6	1.60569E5	1.07839E5	8.34949E5	9.82793E6	1.64724E4	4861.03072	2735.76562	2356.59116	1413.86577	1343.52907	1293.99422	1094.5796	843.30182
360	5.79327E5	5.24289E5	4.30352E5	4.07389E5	4.1409E5	4.1457E5	3.72376E5	3.2271E5	1.29237E6	1.85523E5	1.17116E5	1.43425E5	1.17794E7	3.54468E4	4888.21782	2683.22395	2205.29819	1453.75036	1352.96857	1262.44335	900.16106	865.41713
362	6.52213E5	5.27329E5	4.55674E5	4.13048E5	4.28388E5	4.27101E5	3.87866E5	3.37881E5	1.12711E6	2.44755E5	1.28693E5	9.36578E4	1.07247E7	3.9576E5	5906.08963	2940.77362	2296.60658	1559.522	1142.06933	1097.41788	1001.47247	959.04012
364	6.43219E5	5.54994E5	4.78329E5	4.35498E5	4.35492E5	4.3506E5	4.01624E5	3.49687E5	8.51212E5	3.63637E5	1.37104E5	8.99361E4	7.19758E6	2.05247E6	7504.8229	3395.53565	2051.77448	1613.48829	1310.06691	1105.9991	1085.14681	1101.25564
366	7.13544E5	5.9378E5	4.84015E5	4.47527E5	4.43652E5	4.50667E5	4.20549E5	3.6643E5	5.9196E5	5.70576E5	1.51016E5	9.17166E4	3.09342E6	5.63355E6	9516.70998	3476.51855	2064.60547	1732.2053	1450.89648	1259.76713	1161.81512	919.88647
368	7.26121E5	6.13062E5	5.11766E5	4.63372E5	4.58406E5	4.62695E5	4.34659E5	3.86213E5	4.38575E5	8.23916E5	1.63899E5	1.01424E5	8.19151E5	9.25454E6	1.49918E4	3823.14405	2348.14318	1833.55954	1262.52207	1189.06085	929.95066	876.664
370	7.8661E5	6.46001E5	5.36183E5	4.86569E5	4.6589E5	4.75628E5	4.51336E5	4.05021E5	3.79092E5	1.0469E6	1.79851E5	1.11417E5	1.28825E5	1.09193E7	3.36764E4	4350.45845	2607.95978	1993.30225	1231.07149	1214.39773	1032.99118	887.55027
372	7.78243E5	6.71746E5	5.63365E5	4.95271E5	4.79647E5	4.88051E5	4.72061E5	4.24671E5	3.69615E5	1.123E6	1.97825E5	1.20695E5	8.34589E4	9.59544E6	3.95501E5	4885.9281	2648.00162	1926.30465	1393.82107	1332.27231	982.38448	960.43229
374	8.0711E5	7.13128E5	5.82209E5	5.12788E5	4.92073E5	5.02344E5	4.91934E5	4.4329E5	3.79965E5	1.029E6	2.44571E5	1.29079E5	8.16107E4	6.08209E6	1.98531E6	6570.60557	2554.21117	1992.82836	1432.59349	1197.95125	1103.07169	938.8661
376	8.2727E5	7.36951E5	6.13561E5	5.22911E5	5.07806E5	5.16719E5	4.98604E5	4.61893E5	3.92262E5	8.3303E5	3.31163E5	1.38847E5	8.26016E4	2.57382E6	5.08998E6	8210.68795	2993.82461	2058.8143	1637.57413	1194.26239	959.03271	944.19816
378	8.64304E5	7.51248E5	6.2277E5	5.36755E5	5.16587E5	5.26775E5	5.2156E5	4.84896E5	4.09758E5	6.25521E5	4.83316E5	1.52425E5	8.93267E4	6.29643E5	8.26309E6	1.29404E4	2965.68681	2012.58374	1640.49863	1310.04185	904.00347	1013.08278
380	8.8786E5	7.96617E5	6.56615E5	5.52845E5	5.29569E5	5.42327E5	5.43399E5	5.01555E5	4.27883E5	4.8574E5	6.70684E5	1.63536E5	9.81566E4	1.1056E5	9.70636E6	2.70313E4	3956.29244	2165.10482	1556.63432	1364.65536	1093.03696	1060.76541
382	9.57195E5	8.34352E5	6.87894E5	5.73988E5	5.53046E5	5.56359E5	5.61576E5	5.25277E5	4.49829E5	4.22641E5	8.59278E5	1.8094E5	1.09185E5	7.62147E4	8.81634E6	2.97749E5	4284.08243	2269.24599	1684.05828	1295.92446	1140.96297	949.51386
384	9.87335E5	8.78615E5	7.12937E5	5.97888E5	5.68602E5	5.7342E5	5.79044E5	5.46718E5	4.72159E5	4.0312E5	9.68367E5	1.96284E5	1.19878E5	7.50089E4	5.92004E6	1.5444E6	5657.28403	2545.65025	1681.09906	1369.20136	943.77907	1043.33069
386	1.00914E6	8.95416E5	7.42046E5	6.16515E5	5.78073E5	6.0093E5	5.98157E5	5.70688E5	4.90021E5	4.1093E5	9.52598E5	2.2923E5	1.31865E5	7.77032E4	2.55944E6	4.26621E6	7824.47412	2599.2141	1776.35677	1299.55782	1119.69188	909.91222
388	1.07416E6	9.44515E5	7.60449E5	6.29284E5	5.90001E5	6.12564E5	6.15801E5	5.83514E5	5.13619E5	4.28184E5	8.45409E5	2.86604E5	1.4177E5	8.38939E4	6.78565E5	7.18525E6	1.13199E4	3088.27052	1790.71563	1618.19186	1078.52785	1065.45342
390	1.08742E6	9.82465E5	7.90478E5	6.60785E5	6.1069E5	6.26486E5	6.35644E5	6.06814E5	5.28604E5	4.39221E5	6.80222E5	3.95606E5	1.52853E5	9.44302E4	1.13919E5	8.8619E6	2.45758E4	3683.77126	2060.76964	1900.90455	1196.45137	1072.59997
392	1.1014E6	1.02084E6	8.17052E5	6.77088E5	6.24875E5	6.45725E5	6.57972E5	6.2141E5	5.48787E5	4.52882E5	5.31669E5	5.47124E5	1.66125E5	1.04229E5	7.33579E4	8.16484E6	3.12326E5	4200.49713	2017.0084	1722.01132	1431.26917	970.69762
394	1.16678E6	1.02862E6	8.4923E5	6.93934E5	6.41819E5	6.50279E5	6.68473E5	6.44287E5	5.64909E5	4.71132E5	4.56257E5	7.09523E5	1.81347E5	1.14959E5	7.00806E4	5.75002E6	1.52669E6	5288.21156	2315.29473	1718.80414	1281.80459	1169.11594
396	1.2099E6	1.05154E6	8.71588E5	7.13769E5	6.54534E5	6.73464E5	6.93981E5	6.58825E5	5.85661E5	4.88732E5	4.21964E5	8.39491E5	1.98333E5	1.26092E5	7.23732E4	2.59379E6	4.14684E6	7524.91454	2620.71481	1946.12387	1688.06325	1103.39594
398	1.19509E6	1.11105E6	9.12113E5	7.21813E5	6.69929E5	6.78787E5	6.98452E5	6.80944E5	6.03536E5	5.04341E5	4.21139E5	8.69953E5	2.23681E5	1.36406E5	7.66288E4	7.0021E5	6.79493E6	1.12778E4	2857.49378	2097.27521	1495.52798	1227.76738
400	1.26332E6	1.1397E6	9.30462E5	7.51993E5	6.88097E5	6.97829E5	7.09424E5	6.96996E5	6.15872E5	5.22314E5	4.30372E5	8.05991E5	2.60563E5	1.47576E5	8.42674E4	1.09404E5	8.05577E6	2.26266E4	3002.6119	1949.68261	1421.60759	1201.1521
402	1.32004E6	1.17262E6	9.63655E5	7.63592E5	6.9889E5	7.02567E5	7.29287E5	7.07778E5	6.3754E5	5.38252E5	4.45206E5	6.78777E5	3.34881E5	1.60817E5	9.3132E4	6.63204E4	7.18728E6	2.64936E5	4046.46035	2169.76245	1634.11069	1331.8694
404	1.31899E6	1.19652E6	9.91487E5	7.8636E5	7.13203E5	7.22446E5	7.40491E5	7.21431E5	6.51275E5	5.56551E5	4.579E5	5.52927E5	4.44883E5	1.7389E5	1.04391E5	6.27852E4	4.69874E6	1.36747E6	5280.91372	2300.52772	1609.99168	1332.05881
406	1.34856E6	1.21161E6	1.00977E6	8.12472E5	7.28381E5	7.25674E5	7.5456E5	7.34925E5	6.63525E5	5.70718E5	4.73398E5	4.64174E5	5.78553E5	1.87765E5	1.12063E5	6.45514E4	2.03829E6	3.66388E6	6742.53442	2436.30275	1776.78329	1557.59693
408	1.35933E6	1.24827E6	1.01957E6	8.16523E5	7.33108E5	7.43703E5	7.60444E5	7.47705E5	6.76497E5	5.78652E5	4.86871E5	4.24336E5	7.09383E5	1.9919E5	1.20837E5	6.6875E4	5.14523E5	6.2744E6	1.00524E4	2979.51286	1583.00646	1566.87951
410	1.37907E6	1.26271E6	1.04958E6	8.43494E5	7.42587E5	7.4368E5	7.66539E5	7.57433E5	6.90852E5	5.97843E5	5.00879E5	4.13212E5	7.73938E5	2.19266E5	1.30321E5	7.33369E4	8.3263E4	7.53373E6	1.89006E4	3424.51045	1787.87235	1554.81612
412	1.3879E6	1.27924E6	1.07763E6	8.50149E5	7.59543E5	7.57402E5	7.79738E5	7.66293E5	6.96212E5	6.12804E5	5.16685E5	4.24103E5	7.66022E5	2.48007E5	1.41473E5	8.08486E4	5.8132E4	6.73599E6	2.09238E5	3900.21635	1835.17318	1233.26426
414	1.43164E6	1.29693E6	1.08521E6	8.82505E5	7.70643E5	7.64357E5	7.84219E5	7.73836E5	7.13286E5	6.16702E5	5.29136E5	4.34322E5	6.91439E5	2.96271E5	1.49811E5	8.81178E4	5.54787E4	4.48696E6	1.16794E6	4796.14283	2006.87506	1347.16594
416	1.45064E6	1.3082E6	1.1148E6	8.84744E5	7.84314E5	7.69713E5	7.90881E5	7.79384E5	7.18661E5	6.35466E5	5.42497E5	4.45748E5	5.84059E5	3.7603E5	1.60387E5	9.54865E4	5.6581E4	1.95776E6	3.32941E6	6624.36757	2321.55847	1553.76405
418	1.50714E6	1.35581E6	1.13402E6	9.06797E5	7.92308E5	7.71572E5	7.88808E5	7.91157E5	7.26072E5	6.46004E5	5.60659E5	4.60314E5	4.90232E5	4.78924E5	1.72307E5	1.039E5	5.92899E4	5.03519E5	5.78291E6	9572.24166	2331.37804	1680.47363
420	1.47609E6	1.35243E6	1.16051E6	9.29559E5	8.05659E5	7.81338E5	7.99396E5	7.90357E5	7.37481E5	6.60739E5	5.68801E5	4.72818E5	4.34674E5	5.9524E5	1.83344E5	1.11309E5	6.41212E4	7.98299E4	7.14402E6	1.92608E4	2741.94743	1764.94597
422	1.47984E6	1.37311E6	1.1752E6	9.36411E5	8.10729E5	7.8556E5	7.94314E5	7.97221E5	7.40358E5	6.65131E5	5.81063E5	4.83837E5	4.10226E5	6.84861E5	1.96865E5	1.18883E5	6.86255E4	5.15265E4	6.43757E6	2.28738E5	3232.67918	1972.06482
424	1.49503E6	1.39442E6	1.17786E6	9.42971E5	8.19421E5	7.86316E5	7.98797E5	7.96524E5	7.51048E5	6.764E5	5.92752E5	4.96877E5	4.12498E5	7.07118E5	2.1544E5	1.28003E5	7.53134E4	4.97354E4	4.26269E6	1.18727E6	4456.982	1965.99747
426	1.53134E6	1.4173E6	1.20796E6	9.82417E5	8.32714E5	7.92993E5	8.01462E5	8.01204E5	7.49245E5	6.79975E5	5.98842E5	5.08134E5	4.18701E5	6.68949E5	2.45087E5	1.34922E5	8.27807E4	4.98289E4	1.77475E6	3.35138E6	5774.64107	2091.82931
428	1.518E6	1.41631E6	1.22462E6	9.87357E5	8.31585E5	7.94006E5	7.97693E5	7.98466E5	7.57442E5	6.94941E5	6.09392E5	5.18757E5	4.25468E5	5.84805E5	3.02063E5	1.4555E5	8.99547E4	5.10864E4	4.29293E5	5.69122E6	9060.1265	2361.03748
430	1.53509E6	1.41819E6	1.22112E6	9.87886E5	8.37506E5	7.95088E5	7.97407E5	8.00133E5	7.574E5	6.95404E5	6.1998E5	5.25933E5	4.36345E5	4.97774E5	3.76481E5	1.53001E5	9.60179E4	5.47406E4	6.87276E4	6.70574E6	1.86653E4	2668.25044
432	1.5264E6	1.43662E6	1.23506E6	1.00326E6	8.49197E5	7.89246E5	8.01557E5	7.98942E5	7.57344E5	6.99607E5	6.25617E5	5.35826E5	4.49335E5	4.30415E5	4.66636E5	1.63096E5	1.01327E5	6.0398E4	4.59628E4	5.83141E6	2.21117E5	3506.51881
434	1.56295E6	1.44206E6	1.25292E6	1.00768E6	8.51256E5	7.92708E5	7.94441E5	7.93981E5	7.60956E5	7.03935E5	6.35865E5	5.4385E5	4.58435E5	4.01237E5	5.47659E5	1.70965E5	1.11032E5	6.52322E4	4.42445E4	3.66677E6	1.13068E6	4163.16641
436	1.54043E6	1.43908E6	1.26642E6	1.02666E6	8.47222E5	8.00144E5	7.95492E5	7.89768E5	7.59076E5	7.06609E5	6.39289E5	5.55898E5	4.65085E5	3.89552E5	5.89867E5	1.83642E5	1.17089E5	7.11839E4	4.53477E4	1.52186E6	2.95914E6	5214.32849
438	1.48955E6	1.45889E6	1.2603E6	1.03729E6	8.59827E5	7.956E5	7.92992E5	7.92007E5	7.58309E5	7.08959E5	6.39773E5	5.58425E5	4.72584E5	3.94275E5	5.90939E5	2.0163E5	1.23442E5	7.72188E4	4.61935E4	3.78459E5	5.09368E6	7853.60349
440	1.51957E6	1.44835E6	1.27374E6	1.04411E6	8.64968E5	7.94894E5	7.8719E5	7.86701E5	7.54978E5	7.07929E5	6.45974E5	5.64453E5	4.80057E5	3.99694E5	5.42177E5	2.32872E5	1.31093E5	8.31109E4	5.03838E4	6.0459E4	6.14221E6	1.40589E4
442	1.56029E6	1.46533E6	1.27083E6	1.04489E6	8.63672E5	7.89842E5	7.79195E5	7.78982E5	7.52411E5	7.08026E5	6.50021E5	5.69129E5	4.85571E5	4.07803E5	4.77489E5	2.80863E5	1.37427E5	8.78831E4	5.32149E4	4.3738E4	5.61555E6	1.30443E5
444	1.51053E6	1.43689E6	1.27466E6	1.05109E6	8.67342E5	7.89087E5	7.80763E5	7.79513E5	7.49971E5	7.08323E5	6.51916E5	5.69613E5	4.9086E5	4.12019E5	4.07944E5	3.40762E5	1.41593E5	9.26437E4	5.69853E4	4.16398E4	3.51496E6	7.81131E5
446	1.5368E6	1.44788E6	1.27792E6	1.06132E6	8.77395E5	7.92133E5	7.72667E5	7.72254E5	7.50077E5	7.07395E5	6.52833E5	5.77692E5	4.97674E5	4.1644E5	3.62703E5	4.11959E5	1.50449E5	9.76672E4	6.13249E4	4.05934E4	1.50801E6	2.47128E6
448	1.51358E6	1.44575E6	1.28168E6	1.06008E6	8.75971E5	7.86546E5	7.64215E5	7.61197E5	7.41207E5	7.05322E5	6.56731E5	5.8114E5	5.01558E5	4.25164E5	3.42781E5	4.69912E5	1.59496E5	1.04128E5	6.68701E4	4.27566E4	3.63024E5	4.57645E6
450	1.50092E6	1.44527E6	1.29881E6	1.06543E6	8.74721E5	7.8939E5	7.5876E5	7.53639E5	7.38945E5	7.04672E5	6.5577E5	5.82951E5	5.1082E5	4.32036E5	3.39165E5	4.9919E5	1.71798E5	1.10619E5	7.29737E4	4.47682E4	5.94904E4	5.92244E6
452	1.5058E6	1.43417E6	1.266E6	1.06335E6	8.78751E5	7.87925E5	7.61737E5	7.53528E5	7.33508E5	7.0056E5	6.60216E5	5.86327E5	5.13755E5	4.39494E5	3.38993E5	4.8875E5	1.94374E5	1.1652E5	7.60478E4	4.85356E4	3.87577E4	5.5405E6
454	1.50441E6	1.42072E6	1.27854E6	1.06492E6	8.75374E5	7.80707E5	7.467E5	7.4508E5	7.28209E5	6.9413E5	6.48806E5	5.88283E5	5.13319E5	4.43027E5	3.44281E5	4.43259E5	2.23133E5	1.21316E5	8.12387E4	5.12919E4	3.74581E4	3.74946E6
456	1.47477E6	1.40962E6	1.27273E6	1.06705E6	8.80318E5	7.7596E5	7.37986E5	7.32418E5	7.17584E5	6.91173E5	6.52332E5	5.84602E5	5.15398E5	4.45895E5	3.46694E5	3.84139E5	2.7146E5	1.26076E5	8.47528E4	5.53574E4	3.74748E4	1.55813E6
458	1.45197E6	1.40867E6	1.27851E6	1.06346E6	8.74221E5	7.77492E5	7.32341E5	7.25343E5	7.11708E5	6.86275E5	6.50364E5	5.87678E5	5.1931E5	4.48323E5	3.51253E5	3.34443E5	3.2634E5	1.30887E5	8.97347E4	5.94794E4	3.90062E4	3.74098E5
460	1.41666E6	1.38192E6	1.27117E6	1.05179E6	8.70747E5	7.68274E5	7.27054E5	7.12737E5	7.03592E5	6.80375E5	6.41541E5	5.86071E5	5.15859E5	4.52393E5	3.56193E5	3.00631E5	3.78213E5	1.37515E5	9.49199E4	6.34063E4	3.93948E4	5.67375E4
462	1.44934E6	1.37726E6	1.25411E6	1.06719E6	8.67701E5	7.57856E5	7.19801E5	7.08401E5	6.95323E5	6.7722E5	6.40773E5	5.80566E5	5.2061E5	4.58472E5	3.54907E5	2.85329E5	4.15713E5	1.45374E5	9.92128E4	6.82265E4	4.1797E4	3.55402E4
464	1.43979E6	1.39034E6	1.25104E6	1.05235E6	8.62852E5	7.60035E5	7.14744E5	6.991E5	6.82115E5	6.69366E5	6.29424E5	5.79845E5	5.18776E5	4.53605E5	3.58466E5	2.79299E5	4.21551E5	1.56375E5	1.02659E5	7.14397E4	4.47794E4	3.39012E4
466	1.44283E6	1.36927E6	1.25082E6	1.06823E6	8.76073E5	7.56053E5	7.04668E5	6.91985E5	6.78578E5	6.57024E5	6.23047E5	5.72701E5	5.16287E5	4.5456E5	3.60421E5	2.80582E5	3.97433E5	1.77039E5	1.06528E5	7.46953E4	4.67845E4	3.37101E4
468	1.52793E6	1.34833E6	1.22591E6	1.05405E6	8.62412E5	7.45317E5	7.01501E5	6.84015E5	6.68511E5	6.52874E5	6.19256E5	5.72942E5	5.13904E5	4.57172E5	3.65901E5	2.8568E5	3.52837E5	2.03827E5	1.12058E5	7.76837E4	5.091E4	3.44356E4
470	1.92425E6	1.3236E6	1.21331E6	1.04074E6	8.49324E5	7.48298E5	6.88241E5	6.75402E5	6.6156E5	6.40189E5	6.14606E5	5.66104E5	5.09979E5	4.58397E5	3.67538E5	2.8592E5	3.05073E5	2.45899E5	1.14526E5	8.1574E4	5.4608E4	3.55839E4
472	2.82118E6	1.33142E6	1.21357E6	1.0454E6	8.56982E5	7.38968E5	6.8387E5	6.63325E5	6.54393E5	6.32481E5	6.08257E5	5.62071E5	5.08185E5	4.58273E5	3.67859E5	2.88543E5	2.6967E5	2.91789E5	1.20185E5	8.62666E4	5.85573E4	3.78841E4
474	4.31887E6	1.30736E6	1.20989E6	1.03567E6	8.4737E5	7.36519E5	6.73882E5	6.53205E5	6.42082E5	6.22889E5	6.01003E5	5.55711E5	5.06957E5	4.5421E5	3.70522E5	2.8838E5	2.48272E5	3.33544E5	1.25353E5	8.95966E4	6.13795E4	3.94717E4
476	6.60472E6	1.28603E6	1.19758E6	1.02621E6	8.45144E5	7.24192E5	6.72278E5	6.4397E5	6.2747E5	6.16279E5	5.93848E5	5.49281E5	5.01934E5	4.57805E5	3.6926E5	2.90072E5	2.36037E5	3.58522E5	1.30076E5	9.27614E4	6.43343E4	4.20841E4
478	9.35003E6	1.28792E6	1.17427E6	1.01748E6	8.2778E5	7.19388E5	6.55406E5	6.33785E5	6.24187E5	6.02939E5	5.80268E5	5.4231E5	4.9749E5	4.47647E5	3.69004E5	2.91046E5	2.32457E5	3.56794E5	1.4232E5	9.58126E4	6.636E4	4.49025E4
480	1.18505E7	1.28382E6	1.16485E6	1.01198E6	8.27107E5	7.05641E5	6.44413E5	6.21968E5	6.1376E5	5.96195E5	5.71926E5	5.34733E5	4.9065E5	4.47623E5	3.68451E5	2.90332E5	2.33601E5	3.30165E5	1.59595E5	9.73994E4	6.97617E4	4.67588E4
482	1.32263E7	1.23551E6	1.15019E6	9.97182E5	8.2378E5	6.99983E5	6.36418E5	6.1354E5	6.01277E5	5.87562E5	5.64208E5	5.28252E5	4.88723E5	4.40984E5	3.65579E5	2.91197E5	2.34724E5	2.90894E5	1.85917E5	1.00981E5	7.17117E4	5.0204E4
484	1.28736E7	1.21993E6	1.14552E6	9.95869E5	8.06897E5	6.91024E5	6.22204E5	5.97886E5	5.87031E5	5.77629E5	5.55034E5	5.22741E5	4.83037E5	4.40595E5	3.63516E5	2.9182E5	2.35042E5	2.50588E5	2.23157E5	1.04048E5	7.47901E4	5.43308E4
486	1.11012E7	1.23826E6	1.13124E6	9.76686E5	8.05908E5	6.83301E5	6.13748E5	5.89767E5	5.77464E5	5.67236E5	5.50316E5	5.11139E5	4.72269E5	4.36818E5	3.63349E5	2.91313E5	2.32001E5	2.199E5	2.61421E5	1.06335E5	7.8782E4	5.63252E4
488	8.17827E6	1.38189E6	1.11207E6	9.70983E5	7.97463E5	6.71481E5	6.11847E5	5.80263E5	5.6211E5	5.49773E5	5.36714E5	5.0843E5	4.68226E5	4.3328E5	3.60384E5	2.91491E5	2.34433E5	2.00384E5	2.91846E5	1.1124E5	8.00704E4	5.81505E4
490	5.30957E6	2.01953E6	1.09544E6	9.58256E5	7.83276E5	6.57738E5	6.06307E5	5.68201E5	5.59174E5	5.46178E5	5.2907E5	4.97479E5	4.63624E5	4.30364E5	3.55901E5	2.88282E5	2.34948E5	1.936E5	3.02102E5	1.17518E5	8.27545E4	6.0518E4
492	2.97369E6	3.27859E6	1.07472E6	9.45678E5	7.85129E5	6.52327E5	5.93581E5	5.57209E5	5.44891E5	5.30229E5	5.17131E5	4.86746E5	4.5474E5	4.24597E5	3.54629E5	2.89742E5	2.34166E5	1.89571E5	2.98543E5	1.2999E5	8.41774E4	6.13463E4
494	1.70921E6	5.34959E6	1.0532E6	9.38502E5	7.70913E5	6.51134E5	5.85009E5	5.52415E5	5.31747E5	5.21445E5	5.09409E5	4.80964E5	4.51816E5	4.16083E5	3.47654E5	2.86656E5	2.33916E5	1.91284E5	2.75095E5	1.46071E5	8.67916E4	6.34591E4
496	1.29271E6	8.18454E6	1.0587E6	9.1347E5	7.57577E5	6.4169E5	5.69343E5	5.43195E5	5.22978E5	5.14812E5	5.00754E5	4.71486E5	4.40688E5	4.101E5	3.48138E5	2.84205E5	2.33044E5	1.90738E5	2.43139E5	1.71033E5	8.85786E4	6.58162E4
498	1.21952E6	1.12459E7	1.03692E6	8.97549E5	7.53061E5	6.38773E5	5.65841E5	5.2919E5	5.13525E5	5.03375E5	4.88262E5	4.6358E5	4.3673E5	4.07404E5	3.41438E5	2.80541E5	2.32861E5	1.89951E5	2.10259E5	2.0061E5	8.93196E4	6.63065E4
500	1.13881E6	1.38786E7	1.02685E6	8.93689E5	7.35972E5	6.28718E5	5.58425E5	5.25633E5	5.03766E5	4.93315E5	4.81796E5	4.56556E5	4.28087E5	4.00506E5	3.39961E5	2.79732E5	2.31804E5	1.8936E5	1.8407E5	2.29039E5	9.07086E4	6.94496E4
502	1.13545E6	1.50857E7	1.00728E6	8.85872E5	7.30988E5	6.20887E5	5.45543E5	5.1567E5	4.96449E5	4.81883E5	4.68909E5	4.51993E5	4.20156E5	3.96398E5	3.37741E5	2.75831E5	2.30211E5	1.89465E5	1.66096E5	2.46567E5	9.64524E4	7.11014E4
504	1.09991E6	1.42751E7	9.91389E5	8.7504E5	7.1877E5	6.05936E5	5.37965E5	5.07238E5	4.79824E5	4.74095E5	4.61037E5	4.43253E5	4.14124E5	3.87762E5	3.32955E5	2.76476E5	2.30195E5	1.87264E5	1.60659E5	2.58099E5	1.02351E5	7.0851E4
506	1.09706E6	1.18951E7	9.86675E5	8.57432E5	7.05788E5	5.98475E5	5.3151E5	4.94158E5	4.76348E5	4.66184E5	4.51936E5	4.30721E5	4.08564E5	3.84583E5	3.25951E5	2.7199E5	2.27991E5	1.86983E5	1.5635E5	2.48072E5	1.11887E5	7.2825E4
508	1.11407E6	8.78043E6	1.19029E6	8.37194E5	6.92932E5	5.91192E5	5.20899E5	4.80108E5	4.63094E5	4.52815E5	4.41176E5	4.23187E5	4.00362E5	3.80823E5	3.23994E5	2.70341E5	2.26218E5	1.85258E5	1.54209E5	2.26099E5	1.24329E5	7.40054E4
510	1.12856E6	5.33956E6	1.95997E6	8.259E5	6.82103E5	5.79256E5	5.10922E5	4.72674E5	4.56443E5	4.44318E5	4.31812E5	4.10397E5	3.96396E5	3.70062E5	3.16798E5	2.68997E5	2.249E5	1.87341E5	1.56067E5	1.99168E5	1.44796E5	7.38278E4
512	1.24368E6	2.82462E6	3.61116E6	8.17749E5	6.77419E5	5.72187E5	4.95801E5	4.61309E5	4.48869E5	4.36244E5	4.20231E5	4.03102E5	3.85573E5	3.65619E5	3.11204E5	2.62513E5	2.21996E5	1.85142E5	1.53956E5	1.7224E5	1.68524E5	7.54584E4
514	1.39982E6	1.51753E6	6.07942E6	7.9735E5	6.67744E5	5.65263E5	4.87406E5	4.56638E5	4.30805E5	4.24308E5	4.10388E5	3.92885E5	3.77999E5	3.58692E5	3.05903E5	2.5929E5	2.18285E5	1.83948E5	1.55531E5	1.47653E5	1.91699E5	7.80045E4
516	1.68063E6	1.09718E6	9.25708E6	7.9068E5	6.60328E5	5.46865E5	4.79479E5	4.45059E5	4.28928E5	4.1201E5	4.04553E5	3.88374E5	3.69085E5	3.51753E5	3.04332E5	2.54761E5	2.15503E5	1.82517E5	1.51465E5	1.36551E5	2.07288E5	8.05461E4
518	2.05646E6	9.8146E5	1.25908E7	7.77492E5	6.4065E5	5.35334E5	4.68904E5	4.29577E5	4.19402E5	4.05528E5	3.93113E5	3.79631E5	3.61557E5	3.43864E5	2.97339E5	2.50631E5	2.12032E5	1.7753E5	1.49869E5	1.31339E5	2.12574E5	8.475E4
520	2.37803E6	9.7838E5	1.51725E7	7.66879E5	6.27752E5	5.33358E5	4.63899E5	4.24219E5	4.08701E5	3.95953E5	3.82456E5	3.67877E5	3.50373E5	3.37121E5	2.93403E5	2.46841E5	2.11732E5	1.77676E5	1.50409E5	1.28124E5	2.05004E5	9.27732E4
522	2.74459E6	9.23072E5	1.59678E7	7.48406E5	6.23784E5	5.23345E5	4.5149E5	4.20191E5	3.97415E5	3.89283E5	3.7717E5	3.61524E5	3.45513E5	3.31307E5	2.87954E5	2.42894E5	2.0698E5	1.77493E5	1.46291E5	1.26906E5	1.87223E5	1.05202E5
524	2.94447E6	9.06359E5	1.47618E7	7.35776E5	6.19339E5	5.16382E5	4.43239E5	4.06499E5	3.85702E5	3.76316E5	3.68112E5	3.52077E5	3.41841E5	3.23714E5	2.80893E5	2.39759E5	2.04355E5	1.73831E5	1.47968E5	1.25628E5	1.61435E5	1.20614E5
526	2.96412E6	8.77973E5	1.19727E7	7.5612E5	5.9518E5	5.1049E5	4.35829E5	4.00387E5	3.81025E5	3.66552E5	3.59286E5	3.46354E5	3.28574E5	3.1644E5	2.74223E5	2.35328E5	2.01694E5	1.70609E5	1.45392E5	1.25807E5	1.40772E5	1.38156E5
528	2.79939E6	8.7384E5	8.52722E6	9.94643E5	5.84624E5	4.95314E5	4.28835E5	3.93862E5	3.73482E5	3.60232E5	3.52386E5	3.37441E5	3.23583E5	3.07869E5	2.66517E5	2.32117E5	1.99576E5	1.69122E5	1.42175E5	1.2238E5	1.21049E5	1.56437E5
530	2.47311E6	8.49553E5	5.06567E6	1.8725E6	5.83517E5	4.81593E5	4.14234E5	3.82433E5	3.60393E5	3.54884E5	3.40315E5	3.30244E5	3.17075E5	3.00201E5	2.64197E5	2.27363E5	1.94324E5	1.66985E5	1.41333E5	1.20896E5	1.0752E5	1.70241E5
532	2.05308E6	8.79778E5	2.51166E6	3.79237E6	5.6643E5	4.72975E5	4.10057E5	3.76062E5	3.53896E5	3.43201E5	3.36158E5	3.20388E5	3.09152E5	2.96305E5	2.60295E5	2.19092E5	1.9094E5	1.64892E5	1.39713E5	1.203E5	1.05079E5	1.74187E5
534	1.63858E6	9.70249E5	1.22153E6	6.76759E6	5.51397E5	4.64862E5	4.00172E5	3.64377E5	3.47266E5	3.33313E5	3.24547E5	3.11444E5	3.01128E5	2.87058E5	2.50796E5	2.15849E5	1.87355E5	1.62673E5	1.3553E5	1.16462E5	1.00265E5	1.68491E5
536	1.18942E6	1.14621E6	8.5578E5	1.03824E7	5.53929E5	4.56805E5	3.90019E5	3.5595E5	3.38941E5	3.24471E5	3.12763E5	3.03914E5	2.91344E5	2.8265E5	2.47821E5	2.11812E5	1.83643E5	1.5855E5	1.35186E5	1.14862E5	9.77188E4	1.54212E5
538	9.71221E5	1.37724E6	7.77054E5	1.38644E7	5.39457E5	4.44661E5	3.86342E5	3.44576E5	3.27655E5	3.20333E5	3.10304E5	2.97739E5	2.84779E5	2.7523E5	2.41944E5	2.08086E5	1.79853E5	1.56154E5	1.3588E5	1.14257E5	9.47786E4	1.32952E5
540	8.23463E5	1.70468E6	7.5876E5	1.62692E7	5.24549E5	4.28619E5	3.75293E5	3.33175E5	3.22463E5	3.04439E5	3.02385E5	2.87119E5	2.77312E5	2.69146E5	2.3492E5	2.01194E5	1.76472E5	1.51713E5	1.31249E5	1.12024E5	9.47465E4	1.11858E5
542	7.93452E5	2.08505E6	7.26852E5	1.67433E7	5.19265E5	4.2561E5	3.63981E5	3.32819E5	3.11734E5	3.01098E5	2.92697E5	2.81611E5	2.69457E5	2.62578E5	2.3077E5	1.96003E5	1.71739E5	1.49189E5	1.29593E5	1.1144E5	9.26677E4	9.64423E4
544	6.99715E5	2.49401E6	7.06504E5	1.50286E7	5.04673E5	4.07447E5	3.60687E5	3.23562E5	3.05087E5	2.96452E5	2.82528E5	2.72722E5	2.61513E5	2.55266E5	2.25274E5	1.92935E5	1.7031E5	1.44606E5	1.27958E5	1.11089E5	9.27974E4	8.6364E4
546	6.44774E5	2.8446E6	6.77846E5	1.19802E7	5.41125E5	4.08488E5	3.47322E5	3.16539E5	2.9511E5	2.84558E5	2.76813E5	2.6506E5	2.55039E5	2.45024E5	2.16779E5	1.89133E5	1.64373E5	1.42561E5	1.23236E5	1.07917E5	9.10636E4	8.03097E4
548	6.61101E5	2.95655E6	6.65668E5	8.24308E6	8.46241E5	3.99856E5	3.38461E5	3.0969E5	2.8469E5	2.75458E5	2.65148E5	2.58171E5	2.51034E5	2.41961E5	2.12898E5	1.83256E5	1.60914E5	1.40405E5	1.23586E5	1.06201E5	8.80903E4	7.73121E4
550	6.36568E5	2.87857E6	6.46723E5	4.77071E6	1.86891E6	3.8797E5	3.3356E5	2.97708E5	2.82061E5	2.68489E5	2.61097E5	2.49908E5	2.45493E5	2.32654E5	2.06536E5	1.80016E5	1.582E5	1.37226E5	1.18949E5	1.03479E5	8.77308E4	7.53963E4
552	6.22003E5	2.70079E6	6.35178E5	2.22026E6	3.98307E6	3.82749E5	3.27966E5	2.946E5	2.74002E5	2.6093E5	2.56915E5	2.42961E5	2.38248E5	2.28384E5	2.02125E5	1.74821E5	1.55294E5	1.35274E5	1.168E5	1.03004E5	8.58949E4	7.51271E4
554	6.36185E5	2.31217E6	6.26136E5	1.00729E6	7.12235E6	3.74052E5	3.22763E5	2.81647E5	2.65854E5	2.55234E5	2.48324E5	2.36953E5	2.29156E5	2.21604E5	1.98029E5	1.71457E5	1.5137E5	1.32134E5	1.13858E5	1.00117E5	8.44824E4	7.13013E4
556	5.73441E5	1.81605E6	6.59788E5	6.57048E5	1.06907E7	3.66589E5	3.10158E5	2.77191E5	2.62347E5	2.47853E5	2.37554E5	2.33694E5	2.224E5	2.17795E5	1.90793E5	1.65022E5	1.49334E5	1.28867E5	1.1365E5	9.76141E4	8.29227E4	6.98788E4
558	5.6937E5	1.38543E6	7.85573E5	5.99078E5	1.43372E7	3.58207E5	3.00718E5	2.71313E5	2.53898E5	2.41766E5	2.36627E5	2.25373E5	2.1746E5	2.11711E5	1.86689E5	1.6343E5	1.44777E5	1.23236E5	1.08971E5	9.5706E4	8.09623E4	6.98972E4
560	5.601E5	1.02127E6	9.60333E5	5.62051E5	1.67892E7	3.49866E5	2.95621E5	2.65174E5	2.42529E5	2.35016E5	2.29736E5	2.15047E5	2.10041E5	2.04686E5	1.8143E5	1.5923E5	1.41122E5	1.24522E5	1.07881E5	9.49283E4	8.12403E4	6.94337E4
562	5.24463E5	7.86928E5	1.24439E6	5.39079E5	1.72276E7	3.48036E5	2.88665E5	2.56491E5	2.36799E5	2.29054E5	2.20607E5	2.10624E5	2.07556E5	1.98408E5	1.75195E5	1.54515E5	1.37335E5	1.20746E5	1.05141E5	9.26747E4	7.83481E4	6.65107E4
564	5.4048E5	6.12161E5	1.60075E6	5.25667E5	1.52998E7	3.42327E5	2.81814E5	2.50091E5	2.33429E5	2.22689E5	2.14882E5	2.0532E5	1.9505E5	1.93903E5	1.73061E5	1.51537E5	1.31727E5	1.15974E5	1.01764E5	8.8296E4	7.81564E4	6.61654E4
566	5.29622E5	5.28195E5	1.99759E6	5.0598E5	1.20336E7	3.80875E5	2.816E5	2.44835E5	2.23796E5	2.15051E5	2.09389E5	2.01768E5	1.92755E5	1.90271E5	1.66112E5	1.46775E5	1.31625E5	1.1294E5	9.80588E4	8.82254E4	7.64614E4	6.39278E4
568	4.88257E5	5.27183E5	2.36027E6	5.02261E5	8.1738E6	7.11732E5	2.7061E5	2.40625E5	2.20061E5	2.11074E5	2.03077E5	1.95363E5	1.8804E5	1.82497E5	1.63354E5	1.40611E5	1.27124E5	1.10874E5	9.77451E4	8.50819E4	7.2965E4	6.52621E4
570	5.17318E5	4.94595E5	2.62713E6	4.94992E5	4.62196E6	1.83464E6	2.66456E5	2.33094E5	2.15052E5	2.05512E5	1.97369E5	1.88318E5	1.84292E5	1.74419E5	1.58859E5	1.37753E5	1.22141E5	1.06056E5	9.55383E4	8.41931E4	7.18758E4	6.05872E4
572	5.14569E5	4.71009E5	2.68243E6	4.69439E5	2.08882E6	4.03654E6	2.6026E5	2.26192E5	2.12299E5	1.96169E5	1.92522E5	1.8412E5	1.77596E5	1.68528E5	1.52674E5	1.33719E5	1.18471E5	1.0295E5	9.21261E4	8.24546E4	7.0259E4	6.05362E4
574	4.74174E5	4.55592E5	2.58342E6	4.66907E5	8.4166E5	7.31585E6	2.55098E5	2.18794E5	2.05112E5	1.90937E5	1.84869E5	1.76772E5	1.71896E5	1.64868E5	1.4785E5	1.30131E5	1.1559E5	1.0268E5	9.1605E4	7.85113E4	6.81543E4	5.92366E4
576	4.92701E5	4.46383E5	2.29835E6	4.53674E5	5.00537E5	1.09145E7	2.45805E5	2.12935E5	2.00692E5	1.87647E5	1.79057E5	1.7234E5	1.68586E5	1.62582E5	1.44163E5	1.26117E5	1.14222E5	9.8989E4	8.7917E4	7.78623E4	6.60252E4	5.78128E4
578	4.88322E5	4.23326E5	1.92991E6	4.75474E5	4.54105E5	1.42936E7	2.40482E5	2.12441E5	1.88698E5	1.80754E5	1.72955E5	1.66706E5	1.62441E5	1.5528E5	1.42897E5	1.211E5	1.10279E5	9.79775E4	8.52408E4	7.31342E4	6.47333E4	5.70715E4
580	4.43141E5	4.2666E5	1.54362E6	5.3173E5	4.30027E5	1.66414E7	2.36645E5	2.04329E5	1.84347E5	1.7773E5	1.72913E5	1.63013E5	1.57671E5	1.50527E5	1.37148E5	1.1858E5	1.06603E5	9.43292E4	8.20215E4	7.322E4	6.39227E4	5.51182E4
582	4.78205E5	4.0709E5	1.13403E6	6.29036E5	4.22554E5	1.69226E7	2.36454E5	1.99772E5	1.79593E5	1.72747E5	1.62469E5	1.58603E5	1.51953E5	1.45796E5	1.31201E5	1.14167E5	1.00743E5	9.16258E4	8.09938E4	7.17001E4	6.20112E4	5.26483E4
584	4.4407E5	4.10943E5	8.15846E5	8.4254E5	4.04111E5	1.48832E7	2.34354E5	1.92837E5	1.73753E5	1.68661E5	1.59573E5	1.50974E5	1.47404E5	1.44809E5	1.2783E5	1.14441E5	1.00219E5	8.81355E4	7.88078E4	7.01433E4	6.19515E4	5.22952E4
586	4.388E5	4.09662E5	6.08639E5	1.10047E6	4.03581E5	1.14889E7	2.65804E5	1.87588E5	1.70069E5	1.60842E5	1.53422E5	1.47571E5	1.38543E5	1.40444E5	1.24892E5	1.10374E5	9.84206E4	8.72284E4	7.8697E4	6.7448E4	5.8841E4	5.197E4
588	4.33816E5	4.07936E5	4.95377E5	1.45164E6	4.04169E5	7.52541E6	5.80996E5	1.85235E5	1.66485E5	1.58848E5	1.50219E5	1.43682E5	1.38606E5	1.36236E5	1.18287E5	1.0504E5	9.69076E4	8.55093E4	7.56454E4	6.69641E4	5.75719E4	4.98028E4
590	4.09135E5	3.97363E5	4.26292E5	1.81578E6	3.94695E5	3.94625E6	1.73962E6	1.81069E5	1.62661E5	1.52056E5	1.46183E5	1.40087E5	1.33323E5	1.30065E5	1.15213E5	1.00526E5	9.05347E4	8.20095E4	7.50941E4	6.4069E4	5.56586E4	4.68935E4
592	4.29559E5	3.7737E5	4.08901E5	2.13993E6	3.92906E5	1.62393E6	4.13489E6	1.78492E5	1.57473E5	1.46574E5	1.38939E5	1.35672E5	1.29728E5	1.26663E5	1.12524E5	1.00227E5	8.95385E4	7.7764E4	6.95385E4	6.28145E4	5.42774E4	4.63502E4
594	4.05218E5	3.6342E5	3.91457E5	2.34984E6	3.82035E5	6.26533E5	7.41796E6	1.70952E5	1.50584E5	1.3992E5	1.32289E5	1.29904E5	1.23909E5	1.24383E5	1.07707E5	9.74145E4	8.66814E4	7.65164E4	6.97901E4	6.08697E4	5.20424E4	4.45603E4
596	3.76723E5	3.47175E5	3.82184E5	2.38374E6	3.89326E5	3.73409E5	1.12008E7	1.70076E5	1.46806E5	1.40545E5	1.31089E5	1.25179E5	1.21074E5	1.17968E5	1.01811E5	9.2694E4	8.34426E4	7.24953E4	6.54915E4	5.95246E4	5.14493E4	4.55752E4
598	3.99264E5	3.89043E5	3.73167E5	2.24947E6	3.81219E5	3.40937E5	1.4604E7	1.6809E5	1.45553E5	1.34482E5	1.27549E5	1.221E5	1.16184E5	1.1215E5	1.0169E5	9.05914E4	8.28691E4	7.23679E4	6.56812E4	5.85096E4	4.99553E4	4.40891E4
600	3.54077E5	3.50327E5	3.72894E5	2.00442E6	3.90543E5	3.27289E5	1.66757E7	1.65715E5	1.45068E5	1.32831E5	1.26153E5	1.17345E5	1.13324E5	1.11257E5	9.86761E4	8.68408E4	7.87005E4	6.97965E4	6.14666E4	5.54294E4	4.60928E4	4.10396E4
