300	1.84567E5	1.61716E5	1.73901E5	2.64474E6	3.63434E5	2.83826E5	2.5437E7	9.45241E4	1.39676E4	9677.74317	5917.02187	5224.74871	4215.45371	3108.03478	2857.34172	2412.3354	1938.53912	1754.6147	1359.44898	1403.60701	1554.27192	1196.80424
302	2.25963E5	1.71589E5	1.83256E5	1.73611E6	6.84413E5	2.02884E5	2.20922E7	1.05754E6	1.58668E4	8950.19781	6404.8372	4423.12661	3710.45419	3370.81714	2931.45024	2337.77557	1961.04865	1939.00792	1671.07846	1406.52032	1519.97954	1355.651
304	2.46249E5	1.83027E5	1.92305E5	9.9824E5	1.26534E6	2.0205E5	1.41083E7	4.80222E6	1.88861E4	9724.38547	7340.28976	5233.96789	4043.04979	3008.36444	3320.50199	2367.6446	2003.90262	1637.30305	2004.94751	1547.27532	1518.03696	1176.09372
306	2.39006E5	1.71867E5	2.01605E5	5.33978E5	2.02356E6	2.07964E5	6.01807E6	1.22671E7	2.39829E4	1.06676E4	7719.06024	4964.03848	3946.60719	3585.94903	2892.64295	2174.26826	1897.00289	1720.18882	1538.11023	1582.17557	1196.9851	1022.76294
308	2.39369E5	1.93797E5	2.17395E5	3.4267E5	2.68535E6	2.05663E5	1.51414E6	2.07905E7	3.46296E4	1.06367E4	7391.35586	5447.96057	3740.29743	3321.71304	2884.79077	1909.24871	2216.77534	1909.988	1563.90379	1880.05215	1398.31118	1180.33278
310	2.76366E5	2.02856E5	2.18228E5	2.92547E5	2.84428E6	2.29846E5	2.53606E5	2.49178E7	8.95391E4	1.19096E4	7534.39999	5489.17122	4073.31854	3412.63382	2397.51341	2523.46435	1760.05466	1252.37356	1962.10804	1459.20879	1341.08329	1212.42537
312	3.05528E5	2.05012E5	2.33405E5	2.81596E5	2.45797E6	3.15601E5	1.55004E5	2.18221E7	1.05756E6	1.33365E4	8613.62304	5733.75079	4353.6199	3881.30634	3185.40104	2175.28312	1909.12226	1638.62892	1667.51852	1359.64198	1490.75588	1443.31713
314	2.80437E5	2.17491E5	2.29462E5	2.85924E5	1.68439E6	5.76347E5	1.45056E5	1.33542E7	5.20385E6	1.68857E4	8142.00467	5542.89775	4251.4398	3453.24007	2981.61779	2461.5712	2335.20542	1560.37529	1416.5453	1557.0244	1551.10531	1214.56124
316	3.14219E5	2.30533E5	2.53426E5	2.96558E5	9.99995E5	1.05619E6	1.42475E5	5.44101E6	1.26316E7	2.10195E4	8438.15974	6243.41035	4465.2594	3502.01927	3091.48837	2609.16111	1788.08414	1570.53088	1693.79429	1440.92348	1443.62349	1177.27851
318	3.22756E5	2.39993E5	2.64659E5	3.10441E5	5.83503E5	1.70081E6	1.4446E5	1.29477E6	1.98389E7	3.20892E4	9584.52398	6160.97842	4038.13664	3649.00091	2936.75083	2292.81614	2015.3319	1674.87074	1412.57048	1688.40922	1438.56987	1296.77461
320	2.99018E5	2.50577E5	2.64608E5	3.09429E5	4.11519E5	2.24718E6	1.49399E5	2.01537E5	2.25344E7	8.33053E4	1.02622E4	6370.62023	4719.86438	3784.12936	2782.66299	2503.87723	1900.68403	1513.33905	1536.61172	1570.58848	1666.7809	1160.64429
322	3.22293E5	2.45754E5	2.84417E5	3.20516E5	3.66822E5	2.38973E6	1.64274E5	1.22322E5	1.89371E7	9.13785E5	1.26383E4	6979.6544	4904.42599	3346.8889	3021.94129	2511.32338	1848.36027	1489.26802	1501.20802	1462.93281	1281.44761	1212.4948
324	3.28547E5	2.63963E5	2.78805E5	3.19401E5	3.53155E5	2.06445E6	2.27132E5	1.13634E5	1.14586E7	4.06788E6	1.32382E4	6711.34889	4882.83367	3659.627	3155.94407	2054.26284	2077.14853	1591.24729	1488.80899	1136.63863	1380.37342	1105.95807
326	3.27704E5	2.75016E5	2.92984E5	3.22552E5	3.50861E5	1.48464E6	4.13124E5	1.15951E5	4.6793E6	1.00257E7	1.79576E4	7492.58195	5336.82252	3741.36511	2728.93046	2289.72996	1948.34249	1795.72562	1538.84489	1390.40094	1352.1071	1217.79849
328	3.64799E5	2.82317E5	2.93097E5	3.31709E5	3.58669E5	9.53629E5	7.76661E5	1.17246E5	1.17247E6	1.61296E7	2.53881E4	7845.80355	5428.31557	4072.0948	2608.66189	2388.73572	1976.32325	1520.71661	1449.93713	1131.80524	1486.21249	1207.2392
330	3.67694E5	3.05035E5	3.00951E5	3.42772E5	3.6493E5	5.69293E5	1.30007E6	1.18211E5	1.81369E5	1.90983E7	6.62537E4	8959.2665	5271.79792	4456.57974	2948.74619	2044.65574	2192.85116	1556.29684	1504.4341	1482.41346	1148.84469	1288.73094
332	3.85437E5	3.07338E5	3.22149E5	3.50842E5	3.69559E5	4.03583E5	1.75083E6	1.25364E5	1.13213E5	1.67992E7	7.20601E5	1.09838E4	5795.61891	4500.69122	2959.94318	2045.88776	1844.14771	1522.48198	1335.32976	1546.68631	1357.23605	1133.474
334	4.21231E5	2.97644E5	3.0976E5	3.57031E5	3.79742E5	3.53163E5	1.94981E6	1.39128E5	1.03275E5	1.0903E7	3.39209E6	1.179E4	6136.93995	4443.08954	3048.53688	2380.04411	2046.8398	1639.60904	1419.96353	1521.84913	1530.83263	1023.66922
336	4.32972E5	3.22895E5	3.25283E5	3.61633E5	3.80724E5	3.4247E5	1.79509E6	1.86375E5	1.03251E5	4.72236E6	8.58409E6	1.52463E4	6268.8575	4199.72291	3026.14664	2111.13491	1804.68095	1555.96035	1160.99155	1241.93997	1203.97054	1178.67705
338	4.39125E5	3.25613E5	3.41242E5	3.60444E5	3.81424E5	3.4232E5	1.38288E6	3.16625E5	1.09635E5	1.30511E6	1.38078E7	2.20141E4	6511.47435	5157.73715	3424.134	2393.56659	1919.31238	1673.6746	1287.53891	1368.93982	1262.81442	950.05851
340	4.64856E5	3.49087E5	3.44708E5	3.53132E5	3.94365E5	3.51853E5	8.96495E5	5.86451E5	1.14271E5	1.95148E5	1.63153E7	5.28056E4	7775.27451	4512.98993	3272.40181	2257.07438	1944.93608	1551.5624	1414.75243	1439.1508	1032.82789	866.6284
342	4.51093E5	3.55032E5	3.44769E5	3.7674E5	3.89095E5	3.56981E5	5.58419E5	9.61507E5	1.17941E5	1.06152E5	1.45401E7	5.60451E5	8529.37296	4934.64614	3391.47277	2316.49065	1643.46457	1631.79808	1479.93736	1203.59902	1226.68718	1125.54379
344	4.85369E5	3.651E5	3.64633E5	3.65096E5	3.94236E5	3.69647E5	3.70432E5	1.38064E6	1.25787E5	9.90237E4	9.31084E6	2.9316E6	1.02617E4	4878.82548	3127.52912	2819.24005	2060.34756	1610.08333	1212.67012	1229.01884	1114.96503	1205.21414
346	4.94683E5	3.80024E5	3.66249E5	3.72803E5	4.04522E5	3.75708E5	3.18099E5	1.59278E6	1.45343E5	9.91054E4	4.03106E6	7.34243E6	1.31897E4	5448.32806	3715.47232	2513.95102	1913.65793	1427.99019	1381.09158	1317.47655	1328.36066	1105.55595
348	5.25418E5	3.87987E5	3.71727E5	3.83597E5	4.03694E5	3.85641E5	3.11991E5	1.5378E6	1.81772E5	1.09211E5	9.85824E5	1.2005E7	1.91583E4	6050.28725	3436.52753	2496.49645	2123.45771	1689.58036	1335.64681	1177.59069	1457.78664	872.4392
350	5.59876E5	4.13937E5	3.73909E5	3.90963E5	4.13584E5	3.87333E5	3.16225E5	1.24474E6	2.714E5	1.15437E5	1.61712E5	1.39772E7	4.03865E4	6502.85957	4183.24412	2677.5357	1998.41609	1656.44878	1509.07485	1061.23027	1080.94963	1058.99928
352	5.83313E5	4.46156E5	3.97829E5	3.98867E5	4.1457E5	3.99259E5	3.27949E5	8.58292E5	4.64254E5	1.24206E5	1.01106E5	1.21995E7	4.98723E5	7841.02934	3853.68835	2778.2123	1801.66999	1557.62549	1200.1459	1229.20106	1098.71308	1000.01773
354	5.7495E5	4.35107E5	4.07979E5	3.97083E5	4.19163E5	4.04133E5	3.42113E5	5.61307E5	7.49696E5	1.34121E5	9.65314E4	7.89474E6	2.42223E6	9241.86446	4170.23912	2760.7674	2229.33048	1537.49545	1465.2848	1185.93073	1200.19367	1064.45078
356	6.05224E5	4.81509E5	4.26697E5	4.08913E5	4.19307E5	4.17887E5	3.53449E5	3.94511E5	1.05743E6	1.45646E5	9.8398E4	3.28958E6	6.34475E6	1.17891E4	4239.04224	2900.32623	2126.52345	1684.2164	1242.55466	1213.21836	1285.72356	900.37364
358	6.20559E5	4.98637E5	4.23705E5	4.12E5	4.313E5	4.21747E5	3.67255E5	3.36407E5	1.27661E6	1.59245E5	1.07197E5	8.38273E5	1.0416E7	1.66945E4	4721.60537	2882.98228	2365.59677	1485.67989	1219.48139	1190.54955	1131.17585	943.57497
360	6.59034E5	5.37694E5	4.56293E5	4.29772E5	4.38846E5	4.32012E5	3.804E5	3.25533E5	1.29611E6	1.87681E5	1.1632E5	1.4146E5	1.23208E7	3.70155E4	5055.6339	2978.39033	2334.74098	1471.77963	1471.86652	1179.79406	1138.48615	929.95383
362	6.64675E5	5.44334E5	4.66308E5	4.36273E5	4.4403E5	4.45405E5	3.95313E5	3.37216E5	1.1205E6	2.45305E5	1.26485E5	9.24563E4	1.11872E7	4.21005E5	6088.295	3091.32193	2293.36434	1727.5107	1337.86064	1093.05197	1071.54867	852.17317
364	6.93595E5	5.92112E5	4.83785E5	4.44449E5	4.49562E5	4.57724E5	4.14062E5	3.48348E5	8.4683E5	3.70053E5	1.37862E5	8.80826E4	7.50278E6	2.17528E6	7300.92088	3207.67542	2551.67985	1520.69473	1251.36229	1306.16203	1119.46687	1005.10078
366	7.26468E5	6.11418E5	5.09478E5	4.564E5	4.63531E5	4.63051E5	4.2968E5	3.66715E5	5.86088E5	5.77357E5	1.48356E5	9.18794E4	3.21434E6	5.92328E6	9401.44358	3680.17897	2372.53036	1860.04523	1279.17643	1379.29283	1278.1501	1010.18912
368	7.63053E5	6.32218E5	5.20788E5	4.67436E5	4.73469E5	4.76729E5	4.4211E5	3.8735E5	4.35364E5	8.25233E5	1.57011E5	9.6609E4	8.44059E5	9.66278E6	1.46751E4	4097.00435	2225.86945	1992.52622	1361.62721	1353.19652	1300.21505	953.04423
370	7.95262E5	6.64582E5	5.40792E5	4.8123E5	4.74902E5	4.85517E5	4.60506E5	4.0475E5	3.75883E5	1.04242E6	1.72017E5	1.08621E5	1.3188E5	1.13454E7	3.57119E4	4620.40934	2604.67142	2230.58303	1271.56611	1236.40507	1065.90801	1120.58283
372	7.73017E5	6.79486E5	5.58355E5	4.94694E5	4.88536E5	4.99929E5	4.74854E5	4.24474E5	3.65538E5	1.11207E6	1.9682E5	1.17404E5	8.21561E4	9.98167E6	4.25073E5	5272.06441	2887.81456	2117.84103	1413.184	1370.75389	1206.82458	1038.86962
374	8.38217E5	7.19935E5	5.81905E5	5.06456E5	5.03383E5	5.07226E5	4.97306E5	4.4202E5	3.74772E5	1.01669E6	2.39632E5	1.27573E5	7.88731E4	6.3852E6	2.09923E6	6646.42839	2779.25269	2197.777	1344.11764	1121.44271	1187.12866	879.4427
376	8.89293E5	7.33269E5	6.10267E5	5.26127E5	5.07904E5	5.21093E5	5.09692E5	4.57252E5	3.89796E5	8.27624E5	3.29533E5	1.36711E5	8.06928E4	2.70202E6	5.25558E6	8842.6105	3163.96101	1932.64882	1696.05339	1365.10915	1216.06636	954.08111
378	8.87064E5	7.75776E5	6.42235E5	5.26872E5	5.24829E5	5.37486E5	5.28343E5	4.81882E5	4.06196E5	6.23782E5	4.74719E5	1.47257E5	8.76072E4	6.55482E5	8.51286E6	1.31468E4	3555.14338	2199.14181	1672.10103	1521.4675	1119.22515	946.29217
380	9.13271E5	8.00052E5	6.59177E5	5.62409E5	5.36742E5	5.48903E5	5.46347E5	5.02137E5	4.20167E5	4.81768E5	6.65046E5	1.59432E5	9.61764E4	1.11722E5	9.99828E6	2.92512E4	4135.10128	2299.46805	1652.4749	1556.51319	1254.1221	1015.26564
382	9.7422E5	8.44192E5	6.75557E5	5.74947E5	5.54736E5	5.73107E5	5.65505E5	5.18904E5	4.42822E5	4.15559E5	8.48048E5	1.74905E5	1.06581E5	7.74048E4	8.90944E6	3.27087E5	4853.7394	2395.24619	1988.87254	1363.95027	1341.70695	890.57086
384	1.0201E6	8.59878E5	7.01765E5	5.958E5	5.62866E5	5.83918E5	5.8165E5	5.44579E5	4.59986E5	3.95984E5	9.55725E5	1.93048E5	1.17464E5	7.40685E4	5.92993E6	1.67634E6	6042.42231	2426.98412	2028.44974	1408.07639	1369.29058	1029.24622
386	9.76106E5	8.97568E5	7.40403E5	6.22436E5	5.81227E5	5.96207E5	6.04568E5	5.65065E5	4.80146E5	3.98187E5	9.47556E5	2.25976E5	1.2597E5	7.77501E4	2.55395E6	4.51062E6	8095.36086	2824.40329	1921.41963	1627.76754	1349.16408	1082.24752
388	1.09002E6	9.36858E5	7.63836E5	6.34391E5	6.00365E5	6.18798E5	6.23489E5	5.86686E5	4.9944E5	4.15054E5	8.36875E5	2.8419E5	1.37661E5	8.3336E4	6.97457E5	7.51194E6	1.17731E4	3189.64861	2081.95833	1480.04216	1408.93258	898.66568
390	1.09976E6	9.80147E5	8.01602E5	6.48347E5	6.06878E5	6.29622E5	6.37114E5	6.05497E5	5.20067E5	4.32938E5	6.65929E5	3.87587E5	1.4916E5	9.1856E4	1.17235E5	9.09519E6	2.6156E4	3812.28636	2038.24165	1753.11395	1341.95395	1172.0643
392	1.13061E6	9.89545E5	8.17648E5	6.66754E5	6.20947E5	6.4375E5	6.53299E5	6.24129E5	5.39883E5	4.43135E5	5.18265E5	5.44235E5	1.6128E5	1.01232E5	7.2589E4	8.35779E6	3.38668E5	4943.95296	2304.56743	1832.88071	1473.91527	1132.27303
394	1.15325E6	1.03493E6	8.38341E5	6.96006E5	6.30934E5	6.56676E5	6.71572E5	6.37894E5	5.51117E5	4.59728E5	4.38261E5	7.00669E5	1.73375E5	1.11497E5	6.76597E4	5.83096E6	1.6032E6	5803.98195	2382.24537	1637.39497	1733.5467	1097.79682
396	1.19363E6	1.04967E6	8.68645E5	7.04169E5	6.59219E5	6.69936E5	6.84723E5	6.51284E5	5.74172E5	4.73248E5	4.05481E5	8.25418E5	1.90803E5	1.21713E5	7.05056E4	2.59293E6	4.33909E6	7275.6075	2519.24636	1910.42622	1757.58762	1129.60727
398	1.26088E6	1.08528E6	9.02529E5	7.24875E5	6.70687E5	6.85915E5	7.00123E5	6.69898E5	5.88135E5	4.87722E5	4.0538E5	8.65056E5	2.13483E5	1.33027E5	7.50968E4	6.93263E5	7.13363E6	1.1603E4	2857.57759	1886.6473	1832.48773	1230.46951
400	1.26913E6	1.11345E6	9.23817E5	7.39756E5	6.84821E5	6.95173E5	7.13517E5	6.80333E5	6.01012E5	5.07834E5	4.17824E5	7.974E5	2.52703E5	1.44746E5	8.25213E4	1.08842E5	8.47639E6	2.30045E4	3185.57782	2092.61933	1595.006	1314.93108
402	1.25236E6	1.13725E6	9.31791E5	7.63415E5	6.96159E5	7.07035E5	7.27197E5	7.01617E5	6.16274E5	5.22106E5	4.29165E5	6.72466E5	3.22843E5	1.56263E5	8.96411E4	6.46951E4	7.5447E6	2.68957E5	3954.70677	2116.28037	2000.73902	1167.51847
404	1.31139E6	1.16059E6	9.61406E5	7.83124E5	7.10711E5	7.21504E5	7.37689E5	7.18526E5	6.31696E5	5.37706E5	4.42014E5	5.43285E5	4.37342E5	1.65181E5	9.86175E4	6.19615E4	4.9587E6	1.43876E6	4935.52408	2470.2693	1771.38827	1416.68632
406	1.35537E6	1.21179E6	9.91643E5	7.93632E5	7.2131E5	7.23598E5	7.52455E5	7.26693E5	6.47586E5	5.49064E5	4.58004E5	4.54549E5	5.71661E5	1.80066E5	1.09592E5	6.21198E4	2.13976E6	3.85438E6	6905.44665	2434.73407	1714.42405	1428.68157
408	1.37219E6	1.22642E6	1.0165E6	8.11173E5	7.37839E5	7.33206E5	7.61241E5	7.36141E5	6.64991E5	5.66597E5	4.73251E5	4.1111E5	6.9747E5	1.93385E5	1.16463E5	6.56375E4	5.27987E5	6.5073E6	9916.44752	2753.08792	1939.71483	1465.40391
410	1.36355E6	1.26604E6	1.04869E6	8.3155E5	7.35378E5	7.39477E5	7.62234E5	7.44168E5	6.66785E5	5.77339E5	4.85117E5	4.01895E5	7.65155E5	2.09683E5	1.25741E5	7.11046E4	8.37331E4	7.83007E6	2.04895E4	3554.97169	1939.15005	1622.3318
412	1.42041E6	1.28288E6	1.05796E6	8.3803E5	7.51222E5	7.51174E5	7.7434E5	7.5537E5	6.83029E5	5.86243E5	5.0211E5	4.06265E5	7.52017E5	2.40054E5	1.33063E5	7.79025E4	5.83002E4	7.02088E6	2.24334E5	3883.69103	2210.48028	1483.57652
414	1.40402E6	1.28617E6	1.0812E6	8.67269E5	7.61223E5	7.62201E5	7.78984E5	7.5632E5	6.89473E5	6.04265E5	5.10593E5	4.19745E5	6.76306E5	2.88225E5	1.45193E5	8.56461E4	5.50429E4	4.66995E6	1.19286E6	5060.29095	2002.40392	1599.98786
416	1.44549E6	1.31689E6	1.08561E6	8.86342E5	7.72208E5	7.623E5	7.76997E5	7.62833E5	6.96935E5	6.12154E5	5.25936E5	4.28992E5	5.76641E5	3.67277E5	1.55433E5	9.11081E4	5.45291E4	2.02444E6	3.41138E6	6800.2846	2471.58937	1622.16407
418	1.45139E6	1.32981E6	1.1089E6	8.96877E5	7.82807E5	7.68146E5	7.85158E5	7.73386E5	7.10813E5	6.28674E5	5.36665E5	4.43433E5	4.81133E5	4.73872E5	1.67101E5	1.00878E5	5.6247E4	5.20366E5	5.93772E6	1.02417E4	2751.90413	1587.33005
420	1.46016E6	1.34299E6	1.11693E6	9.12111E5	7.91218E5	7.75109E5	7.90599E5	7.77618E5	7.12576E5	6.33762E5	5.50074E5	4.52891E5	4.21217E5	5.88214E5	1.76969E5	1.07813E5	6.06088E4	8.17698E4	7.28029E6	2.01198E4	3082.38489	1572.44273
422	1.4988E6	1.34017E6	1.15534E6	9.13541E5	7.98477E5	7.79871E5	7.87926E5	7.77227E5	7.2381E5	6.46521E5	5.59529E5	4.67161E5	3.98778E5	6.77118E5	1.90249E5	1.16106E5	6.67173E4	5.08925E4	6.62576E6	2.50977E5	3818.20421	1907.4657
424	1.51891E6	1.38331E6	1.15709E6	9.27869E5	8.06538E5	7.81724E5	7.92063E5	7.82069E5	7.29018E5	6.57174E5	5.75305E5	4.77464E5	3.97055E5	7.03909E5	2.091E5	1.22854E5	7.31215E4	4.81004E4	4.42E6	1.26638E6	4656.16147	1869.26616
426	1.49639E6	1.36718E6	1.16594E6	9.51285E5	8.09609E5	7.83111E5	7.89155E5	7.84051E5	7.3384E5	6.55342E5	5.80312E5	4.88984E5	4.02701E5	6.58712E5	2.38759E5	1.31981E5	7.99728E4	4.85855E4	1.85666E6	3.49041E6	6383.92625	2209.32635
428	1.50341E6	1.39692E6	1.20615E6	9.63041E5	8.24838E5	7.85182E5	7.88217E5	7.83747E5	7.35033E5	6.68052E5	5.86596E5	5.0273E5	4.1391E5	5.69632E5	2.91264E5	1.39303E5	8.8615E4	4.97537E4	4.47382E5	5.89021E6	9443.65171	2423.63774
430	1.52409E6	1.37623E6	1.19784E6	9.73167E5	8.3046E5	7.86296E5	7.92289E5	7.77313E5	7.38882E5	6.67799E5	5.94387E5	5.08463E5	4.2036E5	4.83634E5	3.70228E5	1.47704E5	9.22647E4	5.43405E4	6.92628E4	6.96612E6	1.92749E4	2746.18724
432	1.52242E6	1.42896E6	1.22223E6	9.82328E5	8.33741E5	7.84741E5	7.81478E5	7.79595E5	7.45547E5	6.82136E5	6.03711E5	5.17696E5	4.33037E5	4.18657E5	4.58801E5	1.55892E5	9.85077E4	5.79113E4	4.55219E4	6.07765E6	2.2813E5	3328.61842
434	1.53123E6	1.41902E6	1.22327E6	1.00233E6	8.38081E5	7.86811E5	7.84188E5	7.80584E5	7.3987E5	6.81572E5	6.13374E5	5.28573E5	4.42391E5	3.86159E5	5.43833E5	1.67087E5	1.05825E5	6.37823E4	4.41262E4	3.80838E6	1.18408E6	4261.37651
436	1.55415E6	1.41434E6	1.23021E6	1.00147E6	8.34972E5	7.8801E5	7.80896E5	7.76263E5	7.37315E5	6.84588E5	6.16855E5	5.33995E5	4.48304E5	3.7779E5	5.84737E5	1.76722E5	1.12318E5	6.80656E4	4.41681E4	1.59712E6	3.15588E6	5440.5524
438	1.50403E6	1.41268E6	1.23074E6	1.00373E6	8.48172E5	7.85516E5	7.78332E5	7.7265E5	7.39218E5	6.83224E5	6.2438E5	5.39981E5	4.53965E5	3.83906E5	5.80312E5	1.96231E5	1.19368E5	7.40909E4	4.56724E4	3.96701E5	5.43432E6	8001.73876
440	1.50233E6	1.41837E6	1.24009E6	1.01921E6	8.48145E5	7.77775E5	7.72154E5	7.68849E5	7.34184E5	6.82016E5	6.22538E5	5.43322E5	4.63836E5	3.87256E5	5.32017E5	2.27105E5	1.25444E5	7.94752E4	4.7634E4	6.18861E4	6.5671E6	1.42299E4
442	1.48809E6	1.41697E6	1.25519E6	1.02567E6	8.48677E5	7.78523E5	7.70087E5	7.62351E5	7.31422E5	6.85389E5	6.30704E5	5.50356E5	4.6893E5	3.94542E5	4.64173E5	2.72785E5	1.32052E5	8.43422E4	5.06114E4	4.22572E4	5.82572E6	1.39441E5
444	1.52895E6	1.42407E6	1.24457E6	1.03718E6	8.50518E5	7.78472E5	7.61384E5	7.56349E5	7.22019E5	6.84991E5	6.29659E5	5.57109E5	4.76886E5	3.99326E5	3.96534E5	3.354E5	1.37917E5	8.97718E4	5.51269E4	3.93247E4	3.78785E6	8.12428E5
446	1.52928E6	1.41257E6	1.25636E6	1.03586E6	8.5404E5	7.68555E5	7.61701E5	7.54969E5	7.28373E5	6.83929E5	6.29226E5	5.56336E5	4.84393E5	4.07297E5	3.55087E5	4.05511E5	1.45652E5	9.58582E4	5.92255E4	4.01896E4	1.60666E6	2.56841E6
448	1.51064E6	1.43615E6	1.26613E6	1.04009E6	8.57394E5	7.77266E5	7.51762E5	7.45523E5	7.22641E5	6.83066E5	6.32678E5	5.61321E5	4.87251E5	4.15412E5	3.33219E5	4.64457E5	1.54849E5	1.02256E5	6.47603E4	4.24497E4	3.99301E5	4.69424E6
450	1.50516E6	1.4327E6	1.26976E6	1.04637E6	8.67046E5	7.7383E5	7.49635E5	7.40123E5	7.1534E5	6.83524E5	6.34011E5	5.62899E5	4.90625E5	4.20523E5	3.28958E5	4.94168E5	1.66536E5	1.06905E5	7.02477E4	4.31838E4	6.32471E4	5.9722E6
452	1.4342E6	1.40068E6	1.26699E6	1.05671E6	8.59951E5	7.72093E5	7.46627E5	7.35136E5	7.14276E5	6.83677E5	6.32306E5	5.70049E5	4.95765E5	4.2425E5	3.28051E5	4.81755E5	1.86344E5	1.13228E5	7.53685E4	4.59865E4	3.81383E4	5.50156E6
454	1.46364E6	1.4163E6	1.28021E6	1.04557E6	8.65044E5	7.70844E5	7.38125E5	7.23292E5	7.04968E5	6.74679E5	6.29702E5	5.7011E5	5.01645E5	4.26227E5	3.3505E5	4.35227E5	2.18158E5	1.17155E5	7.97877E4	4.92879E4	3.7249E4	3.62122E6
456	1.43481E6	1.39182E6	1.25332E6	1.0497E6	8.53028E5	7.6012E5	7.28199E5	7.24412E5	6.95368E5	6.68797E5	6.26468E5	5.68243E5	4.9982E5	4.35132E5	3.36791E5	3.75694E5	2.66508E5	1.22603E5	8.13084E4	5.27464E4	3.62833E4	1.48669E6
458	1.43574E6	1.37801E6	1.2531E6	1.0523E6	8.5863E5	7.60251E5	7.26528E5	7.07592E5	6.88984E5	6.66914E5	6.27406E5	5.66607E5	4.97591E5	4.37166E5	3.40827E5	3.25844E5	3.21285E5	1.27623E5	8.68441E4	5.77992E4	3.78304E4	3.56758E5
460	1.43592E6	1.36819E6	1.23981E6	1.04961E6	8.57044E5	7.51312E5	7.12578E5	6.99215E5	6.83946E5	6.56603E5	6.22647E5	5.67606E5	5.06259E5	4.40647E5	3.43436E5	2.92977E5	3.72815E5	1.32985E5	9.02123E4	6.2103E4	3.94434E4	5.62191E4
462	1.4347E6	1.36197E6	1.22964E6	1.05347E6	8.61937E5	7.46472E5	7.06321E5	6.92516E5	6.79083E5	6.51098E5	6.18044E5	5.64192E5	5.04116E5	4.41875E5	3.46422E5	2.76683E5	4.13024E5	1.41376E5	9.51722E4	6.55517E4	4.15704E4	3.61562E4
464	1.39362E6	1.3509E6	1.23646E6	1.04081E6	8.58476E5	7.40871E5	7.01816E5	6.85686E5	6.68675E5	6.43784E5	6.12702E5	5.61473E5	5.01653E5	4.397E5	3.52694E5	2.73439E5	4.16359E5	1.53197E5	1.00938E5	7.02651E4	4.33512E4	3.40956E4
466	1.44072E6	1.33836E6	1.22841E6	1.03672E6	8.52776E5	7.38542E5	6.89881E5	6.77257E5	6.62592E5	6.40061E5	6.07906E5	5.57988E5	5.03473E5	4.43346E5	3.52315E5	2.76432E5	3.92648E5	1.7341E5	1.03831E5	7.19374E4	4.70745E4	3.36969E4
468	1.52303E6	1.32935E6	1.22847E6	1.02588E6	8.44021E5	7.3596E5	6.83579E5	6.63044E5	6.4949E5	6.33098E5	6.01891E5	5.51583E5	4.97252E5	4.44453E5	3.56214E5	2.75674E5	3.48954E5	2.0172E5	1.06974E5	7.70924E4	4.93739E4	3.44781E4
470	1.89208E6	1.30504E6	1.21392E6	1.01912E6	8.44894E5	7.30986E5	6.76938E5	6.60417E5	6.3597E5	6.21974E5	5.96079E5	5.48361E5	4.95835E5	4.4421E5	3.57463E5	2.78135E5	3.02618E5	2.42048E5	1.10362E5	7.92497E4	5.40584E4	3.56945E4
472	2.84329E6	1.28593E6	1.20339E6	1.025E6	8.34542E5	7.31036E5	6.69042E5	6.50569E5	6.29613E5	6.20032E5	5.89171E5	5.43067E5	4.95987E5	4.41707E5	3.56737E5	2.78215E5	2.64261E5	2.86059E5	1.15563E5	8.35082E4	5.63558E4	3.59952E4
474	4.52857E6	1.28401E6	1.19532E6	1.02455E6	8.31088E5	7.22397E5	6.62931E5	6.41277E5	6.3013E5	6.10816E5	5.82131E5	5.37858E5	4.93347E5	4.4498E5	3.58836E5	2.81872E5	2.41863E5	3.28336E5	1.20756E5	8.71307E4	5.93958E4	3.83912E4
476	6.79863E6	1.2523E6	1.17768E6	1.01162E6	8.25763E5	7.10441E5	6.50482E5	6.30602E5	6.10234E5	5.97196E5	5.8149E5	5.32256E5	4.90087E5	4.42742E5	3.57929E5	2.80893E5	2.32162E5	3.51482E5	1.27005E5	8.85033E4	6.23727E4	4.14414E4
478	9.71589E6	1.24778E6	1.16852E6	1.00409E6	8.28286E5	7.03692E5	6.45068E5	6.19672E5	6.06447E5	5.83631E5	5.66365E5	5.28504E5	4.84474E5	4.38644E5	3.57629E5	2.84006E5	2.27794E5	3.50929E5	1.36429E5	9.33151E4	6.43568E4	4.30348E4
480	1.23024E7	1.23493E6	1.15827E6	9.98537E5	8.16292E5	6.96585E5	6.35148E5	6.10825E5	5.92812E5	5.75538E5	5.55024E5	5.18671E5	4.81354E5	4.34309E5	3.56738E5	2.83266E5	2.28852E5	3.26911E5	1.56494E5	9.59558E4	6.78485E4	4.62742E4
482	1.38665E7	1.22037E6	1.13034E6	9.7402E5	8.0554E5	6.90709E5	6.24913E5	5.98068E5	5.79069E5	5.63979E5	5.49143E5	5.14396E5	4.7647E5	4.31477E5	3.59808E5	2.85136E5	2.28492E5	2.88491E5	1.84027E5	9.74236E4	7.00821E4	4.8299E4
484	1.3221E7	1.19019E6	1.12198E6	9.7277E5	7.99494E5	6.76822E5	6.09624E5	5.79732E5	5.70884E5	5.56303E5	5.39917E5	5.07289E5	4.69626E5	4.29029E5	3.53626E5	2.84122E5	2.2978E5	2.48818E5	2.20638E5	1.01632E5	7.3964E4	5.22931E4
486	1.15206E7	1.22386E6	1.10881E6	9.671E5	7.88765E5	6.74617E5	6.03328E5	5.74498E5	5.50694E5	5.45892E5	5.2823E5	4.97455E5	4.62579E5	4.28128E5	3.54101E5	2.84002E5	2.28306E5	2.15344E5	2.56888E5	1.04603E5	7.58775E4	5.40569E4
488	8.35654E6	1.38857E6	1.08821E6	9.58619E5	7.83622E5	6.62479E5	6.00834E5	5.6777E5	5.48769E5	5.3692E5	5.18886E5	4.87777E5	4.54002E5	4.2352E5	3.51761E5	2.82775E5	2.31288E5	1.95574E5	2.84462E5	1.08819E5	7.94105E4	5.72446E4
490	5.44542E6	1.99111E6	1.07257E6	9.39626E5	7.73749E5	6.54339E5	5.87798E5	5.5539E5	5.37685E5	5.33492E5	5.13307E5	4.83104E5	4.53551E5	4.15259E5	3.50907E5	2.81069E5	2.28687E5	1.90441E5	2.98498E5	1.15245E5	7.91813E4	5.8863E4
492	2.94713E6	3.28935E6	1.06901E6	9.19417E5	7.62629E5	6.46952E5	5.76552E5	5.43362E5	5.24691E5	5.14794E5	5.02816E5	4.75292E5	4.4797E5	4.12344E5	3.42892E5	2.80499E5	2.28495E5	1.86012E5	2.95742E5	1.27385E5	8.20253E4	6.01801E4
494	1.71118E6	5.44382E6	1.04693E6	9.02013E5	7.5387E5	6.3526E5	5.70885E5	5.34526E5	5.19219E5	5.05874E5	4.93709E5	4.66546E5	4.37778E5	4.06692E5	3.42469E5	2.78861E5	2.283E5	1.84411E5	2.71997E5	1.43012E5	8.33703E4	6.25766E4
496	1.2553E6	8.37406E6	1.03665E6	8.96434E5	7.40564E5	6.26017E5	5.5638E5	5.31356E5	5.07652E5	4.9539E5	4.80914E5	4.5891E5	4.32579E5	4.03704E5	3.40966E5	2.77102E5	2.27349E5	1.85599E5	2.36563E5	1.6795E5	8.58314E4	6.45455E4
498	1.21926E6	1.16319E7	9.87545E5	8.9527E5	7.30587E5	6.23551E5	5.54021E5	5.13575E5	5.00402E5	4.86833E5	4.74379E5	4.50234E5	4.24485E5	3.96298E5	3.34554E5	2.75258E5	2.26595E5	1.83119E5	2.05824E5	1.96346E5	8.64415E4	6.47584E4
500	1.1408E6	1.43757E7	9.91621E5	8.82023E5	7.27106E5	6.12849E5	5.44948E5	5.06245E5	4.89869E5	4.76444E5	4.67113E5	4.4034E5	4.18161E5	3.91239E5	3.33797E5	2.74074E5	2.2588E5	1.84767E5	1.77708E5	2.22429E5	9.0115E4	6.82413E4
502	1.11054E6	1.55356E7	9.90432E5	8.72648E5	7.14127E5	6.03763E5	5.32354E5	4.99925E5	4.80854E5	4.71277E5	4.56397E5	4.38495E5	4.13524E5	3.84661E5	3.26144E5	2.69952E5	2.24069E5	1.82179E5	1.64401E5	2.46228E5	9.36052E4	6.83724E4
504	1.0853E6	1.47435E7	9.80815E5	8.58554E5	7.07295E5	6.0182E5	5.29177E5	4.90907E5	4.7218E5	4.61103E5	4.48262E5	4.28591E5	4.03178E5	3.76995E5	3.25599E5	2.66819E5	2.21509E5	1.84997E5	1.56947E5	2.54821E5	9.85221E4	7.01558E4
506	1.08926E6	1.23364E7	9.92022E5	8.39549E5	7.02011E5	5.8201E5	5.18805E5	4.86675E5	4.60845E5	4.52882E5	4.37936E5	4.19289E5	3.95892E5	3.73806E5	3.18576E5	2.67055E5	2.22169E5	1.84048E5	1.55015E5	2.45239E5	1.08056E5	7.0558E4
508	1.05886E6	9.16005E6	1.18296E6	8.28061E5	6.88995E5	5.76269E5	5.10042E5	4.70437E5	4.4757E5	4.37691E5	4.29144E5	4.06852E5	3.8776E5	3.70356E5	3.15136E5	2.63205E5	2.20751E5	1.81225E5	1.53036E5	2.24137E5	1.21212E5	7.20607E4
510	1.12467E6	5.60181E6	1.93916E6	8.10673E5	6.80248E5	5.64756E5	4.95967E5	4.6197E5	4.43647E5	4.30888E5	4.22542E5	3.98904E5	3.81508E5	3.61398E5	3.09672E5	2.5919E5	2.17946E5	1.80971E5	1.50434E5	1.95266E5	1.43265E5	7.20654E4
512	1.25335E6	2.85221E6	3.66641E6	7.91359E5	6.59603E5	5.53909E5	4.94038E5	4.54262E5	4.31921E5	4.19103E5	4.08117E5	3.93224E5	3.74577E5	3.56209E5	3.05746E5	2.53095E5	2.15134E5	1.79129E5	1.49445E5	1.66738E5	1.66162E5	7.40607E4
514	1.43073E6	1.51811E6	6.32176E6	7.80749E5	6.50431E5	5.43492E5	4.83128E5	4.43563E5	4.19744E5	4.07836E5	4.02499E5	3.8537E5	3.66409E5	3.47869E5	3.01982E5	2.52026E5	2.13411E5	1.75918E5	1.49746E5	1.43959E5	1.88173E5	7.56711E4
516	1.66638E6	1.06633E6	9.51029E6	7.76057E5	6.39892E5	5.38151E5	4.70247E5	4.34632E5	4.12231E5	4.01486E5	3.92125E5	3.78371E5	3.59573E5	3.40305E5	2.96144E5	2.48311E5	2.11414E5	1.78657E5	1.46547E5	1.33648E5	2.01539E5	7.85375E4
518	1.9483E6	9.8321E5	1.31124E7	7.59748E5	6.30786E5	5.26473E5	4.60416E5	4.25949E5	4.02488E5	3.96124E5	3.88905E5	3.70602E5	3.52232E5	3.33426E5	2.89304E5	2.47476E5	2.10411E5	1.74082E5	1.46828E5	1.25778E5	2.09565E5	8.31767E4
520	2.38186E6	9.52278E5	1.57808E7	7.40138E5	6.18848E5	5.17532E5	4.56112E5	4.16558E5	3.96379E5	3.84537E5	3.74378E5	3.59655E5	3.42435E5	3.25615E5	2.85437E5	2.41268E5	2.05677E5	1.72772E5	1.44975E5	1.24986E5	1.99556E5	9.01776E4
522	2.69593E6	9.16676E5	1.66331E7	7.36408E5	6.0204E5	5.17427E5	4.47706E5	4.02726E5	3.83856E5	3.75456E5	3.68659E5	3.48233E5	3.42248E5	3.2192E5	2.78361E5	2.36319E5	2.02188E5	1.74082E5	1.4374E5	1.2386E5	1.84907E5	1.01357E5
524	2.90346E6	8.89688E5	1.52044E7	7.30158E5	6.05704E5	5.00719E5	4.36572E5	3.97751E5	3.80295E5	3.65326E5	3.54651E5	3.40446E5	3.29736E5	3.12734E5	2.74104E5	2.33985E5	1.97937E5	1.6929E5	1.41199E5	1.21667E5	1.58453E5	1.17332E5
526	2.98736E6	8.67625E5	1.23874E7	7.39776E5	5.87964E5	4.92012E5	4.24043E5	3.88375E5	3.69868E5	3.58376E5	3.48789E5	3.34484E5	3.25167E5	3.08408E5	2.67643E5	2.28687E5	1.9476E5	1.67004E5	1.41442E5	1.20233E5	1.35446E5	1.36099E5
528	2.7947E6	8.60274E5	8.84742E6	9.94576E5	5.80212E5	4.83642E5	4.19193E5	3.8092E5	3.60685E5	3.48972E5	3.41061E5	3.30136E5	3.14026E5	3.04978E5	2.63395E5	2.24736E5	1.93097E5	1.6589E5	1.39869E5	1.18676E5	1.19377E5	1.53238E5
530	2.46212E6	8.40568E5	5.28397E6	1.89082E6	5.60984E5	4.68721E5	4.05321E5	3.74619E5	3.52011E5	3.43415E5	3.33095E5	3.2009E5	3.06839E5	2.95348E5	2.56105E5	2.20144E5	1.88905E5	1.62894E5	1.36844E5	1.17047E5	1.07296E5	1.67007E5
532	2.07238E6	8.48561E5	2.59727E6	3.85865E6	5.576E5	4.60036E5	4.02175E5	3.67548E5	3.43551E5	3.32654E5	3.26576E5	3.12322E5	2.99244E5	2.86906E5	2.52012E5	2.14919E5	1.86547E5	1.60615E5	1.36419E5	1.17591E5	1.0155E5	1.71768E5
534	1.63685E6	9.60783E5	1.23407E6	6.93124E6	5.47304E5	4.54932E5	3.86941E5	3.59935E5	3.38399E5	3.24337E5	3.17487E5	3.07284E5	2.91908E5	2.8362E5	2.45636E5	2.11944E5	1.85495E5	1.55556E5	1.3467E5	1.15591E5	9.85897E4	1.66851E5
536	1.2498E6	1.10356E6	8.44386E5	1.06274E7	5.26529E5	4.4812E5	3.80252E5	3.47947E5	3.2717E5	3.1548E5	3.11418E5	2.94089E5	2.83103E5	2.72877E5	2.38607E5	2.07268E5	1.80368E5	1.57102E5	1.30717E5	1.14377E5	9.50049E4	1.51521E5
538	9.8384E5	1.35161E6	7.8052E5	1.42248E7	5.26276E5	4.35614E5	3.73787E5	3.37364E5	3.17469E5	3.08093E5	2.99776E5	2.88129E5	2.77516E5	2.68953E5	2.36216E5	2.02597E5	1.75721E5	1.52579E5	1.31327E5	1.10488E5	9.39563E4	1.30847E5
540	8.01668E5	1.67062E6	7.47479E5	1.68398E7	5.0884E5	4.25925E5	3.72138E5	3.3188E5	3.14717E5	3.02184E5	2.90704E5	2.78321E5	2.70108E5	2.59785E5	2.3011E5	1.9627E5	1.73563E5	1.48876E5	1.27384E5	1.0866E5	9.15685E4	1.09397E5
542	7.53238E5	2.11264E6	7.14175E5	1.72579E7	5.03133E5	4.11503E5	3.57513E5	3.2198E5	3.05374E5	2.91329E5	2.85391E5	2.70438E5	2.62538E5	2.55315E5	2.24855E5	1.9399E5	1.68465E5	1.45934E5	1.26799E5	1.08877E5	9.09042E4	9.35252E4
544	7.21213E5	2.51256E6	6.97207E5	1.55412E7	5.02449E5	4.0967E5	3.45882E5	3.14515E5	2.96993E5	2.81292E5	2.76354E5	2.65116E5	2.56606E5	2.47196E5	2.203E5	1.86813E5	1.65436E5	1.41888E5	1.21443E5	1.07347E5	8.80529E4	8.38468E4
546	6.59722E5	2.8108E6	6.75771E5	1.23388E7	5.32157E5	4.02176E5	3.46682E5	3.11399E5	2.86628E5	2.78294E5	2.69282E5	2.59904E5	2.50739E5	2.41299E5	2.13429E5	1.84786E5	1.62099E5	1.412E5	1.23231E5	1.03986E5	8.83669E4	7.81192E4
548	6.41395E5	3.00238E6	6.56437E5	8.56158E6	8.48548E5	3.87447E5	3.35715E5	3.0082E5	2.82961E5	2.64278E5	2.58923E5	2.51479E5	2.46792E5	2.33847E5	2.06968E5	1.79144E5	1.59191E5	1.3541E5	1.1826E5	1.04127E5	8.81378E4	7.59331E4
550	6.21675E5	2.95104E6	6.38142E5	4.98999E6	1.89994E6	3.78075E5	3.25109E5	2.90821E5	2.76647E5	2.62728E5	2.5627E5	2.4371E5	2.39156E5	2.28279E5	2.01677E5	1.74081E5	1.5675E5	1.34373E5	1.16485E5	1.01746E5	8.4699E4	7.15773E4
552	5.91813E5	2.61764E6	6.13466E5	2.33515E6	4.08187E6	3.77924E5	3.18075E5	2.8573E5	2.68368E5	2.56402E5	2.49813E5	2.37432E5	2.31548E5	2.24113E5	1.97901E5	1.69977E5	1.48174E5	1.32462E5	1.15034E5	9.80657E4	8.3779E4	7.23192E4
554	6.16608E5	2.26034E6	6.17405E5	1.03316E6	7.26778E6	3.7043E5	3.07311E5	2.82288E5	2.56156E5	2.50275E5	2.45542E5	2.29682E5	2.25737E5	2.14362E5	1.94179E5	1.66672E5	1.48604E5	1.28934E5	1.11113E5	9.78635E4	8.22979E4	7.19053E4
556	6.16286E5	1.86592E6	6.7759E5	6.55693E5	1.09904E7	3.62728E5	2.96793E5	2.72012E5	2.52813E5	2.45101E5	2.35689E5	2.28326E5	2.19629E5	2.10502E5	1.87202E5	1.61687E5	1.4469E5	1.23656E5	1.10195E5	9.60863E4	8.09337E4	7.02489E4
558	5.60861E5	1.38653E6	7.60527E5	5.92091E5	1.46625E7	3.49465E5	2.9378E5	2.62692E5	2.47369E5	2.35628E5	2.31623E5	2.17984E5	2.15309E5	2.0707E5	1.83115E5	1.59453E5	1.40861E5	1.24069E5	1.07457E5	9.37524E4	7.93519E4	6.77057E4
560	5.68317E5	1.03867E6	9.46765E5	5.61232E5	1.71445E7	3.49264E5	2.89973E5	2.58426E5	2.43602E5	2.32458E5	2.24266E5	2.1437E5	2.05945E5	1.99959E5	1.79096E5	1.5666E5	1.38478E5	1.21258E5	1.05173E5	9.15015E4	7.84216E4	6.80384E4
562	5.66859E5	7.97684E5	1.25308E6	5.47795E5	1.7652E7	3.41061E5	2.83713E5	2.5337E5	2.33803E5	2.22505E5	2.15354E5	2.08347E5	1.99532E5	1.97287E5	1.73943E5	1.49529E5	1.31728E5	1.17595E5	1.01308E5	9.00783E4	7.76051E4	6.60433E4
564	5.13723E5	6.1121E5	1.6333E6	5.18432E5	1.57672E7	3.4055E5	2.70669E5	2.42641E5	2.28419E5	2.18248E5	2.08454E5	2.02173E5	1.96967E5	1.90885E5	1.65226E5	1.45821E5	1.29847E5	1.12406E5	9.91068E4	8.73006E4	7.43413E4	6.36754E4
566	5.31253E5	5.63921E5	1.99044E6	5.16762E5	1.24174E7	3.71716E5	2.71341E5	2.39438E5	2.21281E5	2.08436E5	2.05307E5	1.96719E5	1.87078E5	1.82695E5	1.63402E5	1.42909E5	1.26306E5	1.1114E5	9.75905E4	8.68138E4	7.30665E4	6.27298E4
568	5.26002E5	5.19577E5	2.35053E6	4.87638E5	8.4417E6	7.10681E5	2.63973E5	2.34293E5	2.13678E5	2.0315E5	2.00577E5	1.9197E5	1.81906E5	1.79536E5	1.59328E5	1.38575E5	1.23577E5	1.08101E5	9.48345E4	8.38019E4	7.11875E4	6.14727E4
570	5.31736E5	4.88924E5	2.59618E6	4.84566E5	4.69222E6	1.85791E6	2.6288E5	2.26407E5	2.07492E5	1.99519E5	1.92872E5	1.83794E5	1.766E5	1.73425E5	1.54423E5	1.35953E5	1.20669E5	1.06937E5	9.34164E4	8.30657E4	7.03727E4	6.05956E4
572	5.06541E5	4.74317E5	2.68464E6	4.76406E5	2.0712E6	4.16902E6	2.54736E5	2.20111E5	2.06702E5	1.93549E5	1.84479E5	1.80064E5	1.7358E5	1.69961E5	1.49257E5	1.31125E5	1.17442E5	1.04253E5	9.03732E4	7.92515E4	6.72032E4	5.7324E4
574	4.55675E5	4.48178E5	2.60323E6	4.62462E5	8.32943E5	7.5013E6	2.47295E5	2.12778E5	1.96721E5	1.88941E5	1.77962E5	1.72444E5	1.67255E5	1.63596E5	1.44408E5	1.26977E5	1.15388E5	1.02207E5	8.73834E4	7.6405E4	6.5968E4	5.61366E4
576	4.89243E5	4.3333E5	2.34249E6	4.58133E5	4.91054E5	1.12768E7	2.38639E5	2.0837E5	1.94936E5	1.82202E5	1.73601E5	1.67531E5	1.62126E5	1.60448E5	1.37942E5	1.23469E5	1.08713E5	9.80485E4	8.6322E4	7.50794E4	6.62598E4	5.52903E4
578	4.92016E5	4.24062E5	1.93595E6	4.7689E5	4.40733E5	1.48815E7	2.35714E5	2.00235E5	1.89394E5	1.75381E5	1.70948E5	1.6087E5	1.57079E5	1.53989E5	1.35322E5	1.20257E5	1.08568E5	9.19822E4	8.39604E4	7.37527E4	6.21887E4	5.43834E4
580	4.32609E5	4.42406E5	1.55357E6	5.26828E5	4.3203E5	1.72473E7	2.32748E5	1.95975E5	1.82503E5	1.73143E5	1.62929E5	1.57247E5	1.56761E5	1.47623E5	1.32149E5	1.16201E5	1.00984E5	9.22143E4	8.36155E4	7.17448E4	6.00526E4	5.26338E4
582	4.65979E5	4.069E5	1.14222E6	6.33557E5	4.1614E5	1.75235E7	2.34188E5	1.92472E5	1.80908E5	1.69075E5	1.59165E5	1.52865E5	1.49852E5	1.44374E5	1.28962E5	1.13592E5	9.99899E4	8.92126E4	7.89214E4	6.88409E4	6.15068E4	5.12043E4
584	4.6937E5	3.97551E5	8.39705E5	8.45533E5	4.05621E5	1.54107E7	2.31734E5	1.91332E5	1.71802E5	1.63972E5	1.53748E5	1.48857E5	1.44506E5	1.39587E5	1.24471E5	1.09811E5	9.74298E4	8.71535E4	7.59511E4	6.91627E4	5.81121E4	5.00955E4
586	4.58436E5	4.07036E5	6.27173E5	1.11517E6	3.99609E5	1.19077E7	2.6693E5	1.85502E5	1.66923E5	1.62452E5	1.50828E5	1.43412E5	1.37683E5	1.35971E5	1.20571E5	1.0791E5	9.53323E4	8.50756E4	7.51323E4	6.52248E4	5.70545E4	4.946E4
588	4.52188E5	3.83991E5	4.79292E5	1.4214E6	3.96265E5	7.79114E6	6.0177E5	1.82135E5	1.62378E5	1.50422E5	1.44705E5	1.39862E5	1.35262E5	1.31516E5	1.15088E5	1.02249E5	9.30132E4	8.30017E4	7.32947E4	6.41912E4	5.57715E4	4.72958E4
590	4.23816E5	3.78442E5	4.32294E5	1.81458E6	3.91855E5	4.14667E6	1.79407E6	1.74872E5	1.58781E5	1.49014E5	1.4234E5	1.33907E5	1.29802E5	1.27173E5	1.1207E5	1.00748E5	8.92158E4	7.96543E4	6.88918E4	6.11936E4	5.40234E4	4.61392E4
592	4.25178E5	3.70179E5	3.9767E5	2.13066E6	3.85343E5	1.70257E6	4.2664E6	1.72363E5	1.54572E5	1.41307E5	1.3616E5	1.29734E5	1.26712E5	1.23885E5	1.10854E5	9.74525E4	8.62103E4	7.80109E4	6.77076E4	6.04144E4	5.12226E4	4.43169E4
594	4.0905E5	3.89114E5	3.96715E5	2.29475E6	3.8842E5	6.25363E5	7.71415E6	1.69823E5	1.4975E5	1.40178E5	1.31773E5	1.27519E5	1.21943E5	1.18266E5	1.08E5	9.26659E4	8.5652E4	7.22805E4	6.62343E4	5.88001E4	4.95824E4	4.42796E4
596	3.82831E5	3.703E5	3.82747E5	2.37576E6	3.82073E5	3.6896E5	1.16438E7	1.64422E5	1.44948E5	1.33523E5	1.25972E5	1.20768E5	1.16127E5	1.14185E5	1.02294E5	8.95316E4	7.88249E4	7.38752E4	6.42449E4	5.58928E4	5.03693E4	4.21073E4
598	3.90033E5	3.79311E5	3.69396E5	2.2678E6	3.76272E5	3.43592E5	1.5122E7	1.62017E5	1.4208E5	1.33157E5	1.2639E5	1.20366E5	1.14854E5	1.10531E5	9.92009E4	8.65163E4	7.83266E4	7.04597E4	6.4241E4	5.44474E4	4.90742E4	4.1341E4
600	4.00691E5	3.49424E5	3.77981E5	2.04714E6	3.93742E5	3.23976E5	1.72637E7	1.61575E5	1.41718E5	1.27702E5	1.20433E5	1.15609E5	1.12299E5	1.0654E5	9.68493E4	8.62884E4	7.72112E4	6.6362E4	6.14944E4	5.43006E4	4.75439E4	4.00007E4
