300	2.24936E5	1.61191E5	1.62441E5	2.60974E6	3.61423E5	2.8847E5	2.48819E7	9.38355E4	1.56275E4	8448.50593	5693.15387	4901.04749	3587.84387	3018.93262	2544.96707	2618.46267	1978.85178	1795.82747	1205.26826	1502.1035	1629.4551	1381.27486
302	2.06725E5	1.75297E5	1.72791E5	1.72466E6	6.85855E5	2.0679E5	2.17807E7	1.0562E6	1.61676E4	9064.84153	6115.32607	4575.5836	4071.16168	3343.33234	3112.65003	2150.23276	2156.90117	2011.18295	1844.86338	1379.23044	1177.45405	1475.64587
304	2.39896E5	1.67834E5	1.96689E5	9.78263E5	1.26137E6	2.02769E5	1.37247E7	4.64629E6	1.85472E4	9136.07822	6805.94241	4374.22475	3818.98814	3559.6299	2883.93595	2462.07099	1884.16211	1775.52819	1618.02492	1678.00509	1270.53988	1169.27521
306	2.66238E5	1.79555E5	1.80435E5	5.35993E5	1.99018E6	2.03558E5	5.87057E6	1.192E7	2.3847E4	1.07858E4	7110.35515	5012.08534	3665.59396	3376.99618	2673.46943	2548.57041	2283.81128	1671.56673	1555.22577	1800.54497	1290.53354	1156.7778
308	2.63909E5	1.89335E5	2.01032E5	3.36609E5	2.65133E6	2.02778E5	1.46989E6	2.04314E7	3.32897E4	1.1485E4	6993.46734	4878.38381	3766.38166	3169.8397	3114.24963	2169.28707	1944.87059	1765.56063	1838.06231	1591.70565	1362.68196	1358.52176
310	2.61732E5	1.86207E5	2.23846E5	2.83318E5	2.85267E6	2.28415E5	2.4792E5	2.4383E7	8.41094E4	1.2642E4	7110.81394	4934.45552	4207.72098	3742.51949	3021.18903	2260.24297	1828.19899	1699.12909	1538.80479	1745.18738	1400.11859	1190.64798
312	2.65488E5	2.00093E5	2.25375E5	2.82956E5	2.43374E6	3.15828E5	1.53213E5	2.14431E7	9.74724E5	1.37411E4	7966.15893	5476.29232	4200.35202	3199.14129	2687.46055	2377.24255	2225.91247	1821.72027	1632.39663	1555.04562	1456.74534	1178.98525
314	2.8754E5	2.196E5	2.30975E5	2.82962E5	1.66644E6	5.81721E5	1.42983E5	1.31317E7	4.82163E6	1.60375E4	7922.9615	5357.68879	4502.6557	3460.63901	2782.94402	2064.55321	2013.71051	1826.66063	1464.35605	1702.01607	1208.69093	1055.07914
316	3.03416E5	2.27275E5	2.49408E5	2.87546E5	9.84794E5	1.06034E6	1.40401E5	5.29562E6	1.20528E7	2.1613E4	8778.99619	6722.61073	4007.80158	3209.27866	2945.26299	2245.08406	1861.9649	1813.92608	1563.8729	1691.15597	1423.78095	1215.59117
318	3.13307E5	2.41886E5	2.54555E5	2.94123E5	5.74349E5	1.70937E6	1.43751E5	1.27983E6	1.91937E7	2.95088E4	9718.74026	6216.75959	4713.27782	3642.70479	2899.49881	2069.2275	2054.46388	1656.67534	1782.45056	1452.98411	1485.35592	1362.16921
320	3.2159E5	2.56301E5	2.67166E5	3.02136E5	4.04009E5	2.25074E6	1.41964E5	1.95812E5	2.20207E7	7.94491E4	9923.92652	6384.09001	4411.22577	3455.37657	3049.73802	2303.31669	2513.44892	1777.25858	1764.88803	1354.59053	1247.84548	981.72036
322	3.52527E5	2.58953E5	2.73635E5	3.09943E5	3.52063E5	2.37184E6	1.60703E5	1.23993E5	1.85023E7	8.85037E5	1.13601E4	6802.04084	4665.87521	3514.29475	2875.46386	2511.36987	1995.51128	1728.34668	1720.40158	1394.41949	1314.78768	1063.94262
324	3.12809E5	2.61225E5	2.71442E5	3.11166E5	3.3735E5	2.03288E6	2.28301E5	1.08651E5	1.13686E7	3.975E6	1.51676E4	7347.0845	4612.64155	3809.14828	2864.84064	2265.31148	1836.86856	1699.63383	1687.90817	1077.98818	1054.104	1208.20403
326	3.41625E5	2.70303E5	2.85585E5	3.1815E5	3.51178E5	1.46138E6	4.17289E5	1.12053E5	4.61536E6	9.7972E6	1.73146E4	7510.6201	5106.62994	3682.10016	2638.86594	2179.08756	1949.66823	1591.34164	1460.95514	1618.01855	1523.20889	1109.95945
328	3.49727E5	2.78377E5	2.93642E5	3.22546E5	3.44838E5	9.26195E5	7.73099E5	1.14104E5	1.17383E6	1.57432E7	2.65042E4	7824.09469	5485.28566	3669.35672	2729.90454	2205.51743	1700.81237	1651.27826	1633.61902	1626.82855	1273.70816	1329.36819
330	3.78288E5	2.90274E5	2.92587E5	3.38401E5	3.55749E5	5.5462E5	1.29513E6	1.19962E5	1.79537E5	1.87291E7	6.68331E4	9316.41586	5410.21076	4475.56772	2857.36023	2330.61608	1881.71454	1534.65849	1451.05495	1471.57695	1307.41464	1450.03595
332	3.75789E5	2.97261E5	3.0657E5	3.39E5	3.56558E5	3.90252E5	1.75462E6	1.22104E5	1.10423E5	1.6501E7	6.96998E5	9720.01696	5549.66968	4394.04667	2882.59946	2201.5394	1922.17365	1707.73245	1524.7482	1520.37617	1297.61972	1123.84186
334	3.9827E5	3.06304E5	3.2127E5	3.37787E5	3.55312E5	3.30128E5	1.96152E6	1.34927E5	1.01688E5	1.06854E7	3.27096E6	1.18826E4	5922.05205	4365.12449	2950.91105	2311.84927	1879.02142	1400.78015	1620.64373	1331.18227	1312.31846	983.58741
336	4.21961E5	3.01553E5	3.30054E5	3.5036E5	3.62081E5	3.26696E5	1.78565E6	1.81287E5	1.00054E5	4.54154E6	8.38321E6	1.54001E4	6112.99531	4137.06269	3550.53295	2515.00803	1606.05348	1730.81226	1419.31188	1267.28373	1136.40086	1140.87839
338	4.20458E5	3.28747E5	3.19392E5	3.47936E5	3.73785E5	3.26164E5	1.36923E6	3.08318E5	1.06101E5	1.19942E6	1.36091E7	2.1733E4	6427.30315	4184.06272	3356.40274	2168.29014	1810.35759	1670.99603	1307.61931	1376.80952	1083.98097	1102.47021
340	4.2402E5	3.37548E5	3.28627E5	3.53944E5	3.69999E5	3.33809E5	8.84938E5	5.86753E5	1.11661E5	1.79419E5	1.61812E7	4.99029E4	7169.53549	4751.56967	3733.42256	2593.47422	1922.09697	1598.84811	1414.61672	1423.22548	1151.46737	995.2337
342	4.37895E5	3.52787E5	3.3883E5	3.59769E5	3.72545E5	3.3944E5	5.4218E5	9.52878E5	1.14403E5	1.03875E5	1.42842E7	5.6024E5	9173.96547	4678.02027	3452.79589	2064.62415	1848.37866	1569.47063	1490.11209	1111.47292	1060.82688	1229.33938
344	4.89544E5	3.7052E5	3.4733E5	3.60891E5	3.76798E5	3.49596E5	3.56042E5	1.37514E6	1.24395E5	9.34303E4	9.06639E6	2.92244E6	9778.39659	5090.45639	3693.3705	2271.73868	1656.99	1588.51177	1371.05767	1117.95904	1126.52754	1006.37337
346	4.67944E5	3.84399E5	3.57933E5	3.68216E5	3.8268E5	3.57279E5	3.0457E5	1.58866E6	1.39973E5	9.89816E4	3.87451E6	7.23729E6	1.24604E4	5798.91628	3258.62357	2267.34389	1957.02623	1649.75183	1314.19805	1194.27494	1170.75163	1126.01917
348	5.0062E5	3.83442E5	3.76073E5	3.71415E5	3.88858E5	3.65055E5	2.97292E5	1.52931E6	1.79696E5	1.07031E5	9.37283E5	1.17984E7	1.94053E4	5875.74428	3451.73836	2480.1153	1835.71611	1574.27119	1100.88618	1178.85624	997.91376	824.89248
350	5.21566E5	4.23848E5	3.78249E5	3.70847E5	3.91953E5	3.69668E5	3.06204E5	1.23147E6	2.73243E5	1.17053E5	1.60331E5	1.3685E7	3.91439E4	6442.34601	3603.63449	2572.07546	1858.85227	1551.59857	1350.66985	1263.02288	998.72839	1037.64383
352	5.47813E5	4.43592E5	3.88481E5	3.83722E5	3.93841E5	3.80028E5	3.17391E5	8.45011E5	4.71272E5	1.26143E5	1.00066E5	1.19584E7	4.81425E5	7236.14401	3834.99131	2780.86935	1963.58345	1423.46974	1384.24896	1221.22048	1035.40842	898.75482
354	5.83488E5	4.51323E5	3.87302E5	3.94939E5	4.0173E5	3.89991E5	3.31919E5	5.50857E5	7.48807E5	1.31252E5	9.46282E4	7.72958E6	2.30984E6	8780.19029	4322.0539	2995.23948	2014.30088	1713.21248	1493.00818	1498.52019	970.78021	856.33064
356	5.75937E5	4.75824E5	4.09539E5	3.95056E5	4.08568E5	4.02891E5	3.45946E5	3.88993E5	1.06E6	1.48025E5	1.02042E5	3.25415E6	6.08851E6	1.08517E4	4366.11617	3088.33478	2066.81537	1623.36242	1376.20594	1180.02349	1003.0137	1132.9477
358	5.75841E5	5.12504E5	4.20442E5	4.01001E5	4.16403E5	4.07445E5	3.57232E5	3.31099E5	1.27736E6	1.60913E5	1.07323E5	8.50166E5	1.00188E7	1.66315E4	4866.66966	2874.39874	2358.90536	1445.54452	1414.45166	1269.80217	1123.4634	914.53282
360	6.19539E5	5.32458E5	4.38846E5	4.15933E5	4.21743E5	4.15921E5	3.73906E5	3.2513E5	1.29855E6	1.90215E5	1.19233E5	1.44781E5	1.19812E7	3.60125E4	5252.92286	2964.04366	2282.41187	1515.48183	1332.79138	1268.71725	1095.60219	896.48998
362	6.35782E5	5.34023E5	4.63001E5	4.28299E5	4.30231E5	4.33732E5	3.91157E5	3.33556E5	1.12452E6	2.47874E5	1.29054E5	9.5005E4	1.09233E7	4.02862E5	6073.32856	2840.84073	2293.31931	1577.83062	1581.80739	1144.25067	816.18656	954.10285
364	6.9399E5	5.78872E5	4.82942E5	4.36879E5	4.36635E5	4.45469E5	4.04223E5	3.51611E5	8.52528E5	3.67696E5	1.40464E5	8.89512E4	7.38259E6	2.11688E6	7543.05072	3531.63532	2354.34454	1755.88612	1375.09781	1129.1724	1264.58945	972.88355
366	7.17312E5	6.08387E5	4.92999E5	4.50692E5	4.43166E5	4.55395E5	4.25832E5	3.67121E5	5.92106E5	5.77975E5	1.49743E5	9.38285E4	3.16014E6	5.7772E6	9668.32522	3651.42867	2339.93246	1713.87442	1207.61448	1297.14229	1152.66411	1032.43791
368	7.1312E5	6.36206E5	5.17224E5	4.67491E5	4.52262E5	4.68272E5	4.41139E5	3.92335E5	4.43462E5	8.21759E5	1.6461E5	1.01062E5	8.28081E5	9.50723E6	1.46296E4	3921.13108	2508.20592	1983.40766	1492.62633	1193.74486	1020.19583	970.82671
370	7.78308E5	6.51298E5	5.44603E5	4.77677E5	4.73594E5	4.77363E5	4.54094E5	4.05321E5	3.78647E5	1.04566E6	1.79273E5	1.08921E5	1.27044E5	1.12522E7	3.32131E4	4583.9812	2511.48154	2014.35323	1515.02697	1202.70617	1053.31714	1134.81623
372	8.00331E5	6.73145E5	5.61971E5	4.84281E5	4.84245E5	4.90466E5	4.73796E5	4.27423E5	3.72325E5	1.12001E6	2.02594E5	1.19839E5	8.40354E4	9.89947E6	4.00169E5	5606.74053	2910.4291	1892.34783	1464.68516	1145.78897	1008.91844	902.11907
374	8.13241E5	7.04812E5	5.94085E5	5.1277E5	4.96298E5	5.01963E5	4.89987E5	4.47701E5	3.80966E5	1.02656E6	2.48113E5	1.31721E5	8.07061E4	6.33868E6	2.01151E6	6499.06689	2753.59788	1992.72357	1556.33812	1143.62796	991.67607	953.85574
376	8.54515E5	7.57995E5	6.13551E5	5.18196E5	5.01323E5	5.16819E5	5.04022E5	4.64869E5	3.92638E5	8.3349E5	3.30675E5	1.39607E5	8.36908E4	2.72988E6	5.12329E6	8420.98772	3034.10735	2065.81585	1743.32137	1210.20785	1306.55033	954.40669
378	8.6029E5	7.56805E5	6.35782E5	5.40431E5	5.095E5	5.27179E5	5.16429E5	4.80377E5	4.10007E5	6.25494E5	4.86337E5	1.52013E5	9.03201E4	6.73886E5	8.24071E6	1.28673E4	3330.56382	2084.0279	1584.85018	1301.59318	1076.5142	950.53783
380	9.03934E5	8.05164E5	6.61254E5	5.51838E5	5.25095E5	5.41287E5	5.38118E5	5.02986E5	4.27538E5	4.86413E5	6.73493E5	1.64368E5	9.8432E4	1.14855E5	9.60825E6	2.82604E4	3864.7922	2230.25743	1748.26373	1246.1824	1043.19191	1065.79596
382	9.53692E5	8.49985E5	6.86456E5	5.8337E5	5.45365E5	5.56042E5	5.62326E5	5.26454E5	4.48306E5	4.21259E5	8.62553E5	1.79647E5	1.09633E5	7.89446E4	8.68386E6	3.27675E5	4628.7173	2205.01433	1640.35732	1306.34601	925.88143	999.49971
384	9.92224E5	8.84838E5	7.11898E5	5.87203E5	5.64704E5	5.79902E5	5.85822E5	5.48706E5	4.70919E5	4.04035E5	9.71179E5	1.98482E5	1.20331E5	7.60733E4	5.8523E6	1.65534E6	5452.71238	2596.80424	1692.1884	1409.79842	1092.29399	1022.59352
386	1.02423E6	9.1691E5	7.43827E5	6.2034E5	5.76576E5	5.95135E5	6.06013E5	5.68044E5	4.90733E5	4.1309E5	9.54207E5	2.31624E5	1.31351E5	7.7637E4	2.53441E6	4.42645E6	7708.34036	2853.85288	2006.35454	1593.63735	1232.97758	941.15794
388	1.05136E6	9.44763E5	7.68278E5	6.30035E5	5.91874E5	6.09142E5	6.24423E5	5.88887E5	5.09811E5	4.27051E5	8.37362E5	2.85984E5	1.41734E5	8.39933E4	6.87758E5	7.36798E6	1.17577E4	3079.50276	1840.10388	1803.28571	1150.96889	1050.05467
390	1.10373E6	9.76032E5	7.9005E5	6.53592E5	6.11609E5	6.23223E5	6.37276E5	6.07234E5	5.29153E5	4.39633E5	6.79379E5	3.91442E5	1.53773E5	9.42002E4	1.16634E5	8.97366E6	2.52601E4	3431.08989	2186.06725	1815.07303	1115.62329	929.8693
392	1.14977E6	9.89903E5	8.20953E5	6.67056E5	6.2911E5	6.36691E5	6.55735E5	6.26726E5	5.47595E5	4.55767E5	5.2738E5	5.51663E5	1.67893E5	1.04606E5	7.21016E4	8.24572E6	3.28794E5	4425.21287	2161.30371	2045.85609	1303.62178	1123.59468
394	1.13284E6	1.04103E6	8.33564E5	6.88417E5	6.4392E5	6.55836E5	6.7231E5	6.45019E5	5.6547E5	4.711E5	4.54065E5	7.06742E5	1.82986E5	1.14345E5	6.9614E4	5.73359E6	1.59312E6	5604.41564	2371.53341	1874.26496	1309.36169	1213.49823
396	1.20943E6	1.08526E6	8.70889E5	7.08471E5	6.44055E5	6.66102E5	6.83299E5	6.58564E5	5.78993E5	4.87201E5	4.21586E5	8.39792E5	1.97409E5	1.2445E5	7.15501E4	2.56137E6	4.27287E6	7536.31672	2745.19759	1800.60605	1689.29249	1027.4267
398	1.1869E6	1.10874E6	9.00842E5	7.34981E5	6.70614E5	6.83328E5	6.93782E5	6.71992E5	5.94855E5	5.03419E5	4.19148E5	8.72245E5	2.2198E5	1.37705E5	7.73287E4	6.94476E5	6.97743E6	1.122E4	2978.2141	2054.83053	1752.20858	1245.16835
400	1.24137E6	1.14819E6	9.2966E5	7.48242E5	6.87212E5	6.89953E5	7.1282E5	6.93339E5	6.16749E5	5.19139E5	4.30198E5	8.03851E5	2.59859E5	1.46422E5	8.39809E4	1.09828E5	8.30117E6	2.22109E4	3407.30303	2032.74311	1676.99473	1182.23389
402	1.28538E6	1.15262E6	9.61392E5	7.72783E5	6.93701E5	7.07467E5	7.23757E5	7.15521E5	6.32999E5	5.36311E5	4.43823E5	6.77664E5	3.3561E5	1.61803E5	9.23559E4	6.6003E4	7.39456E6	2.66473E5	3985.40647	2351.5772	1558.23283	1321.0442
404	1.29208E6	1.19369E6	9.65732E5	7.89307E5	7.11257E5	7.16482E5	7.38585E5	7.23817E5	6.55659E5	5.56627E5	4.59813E5	5.51213E5	4.44561E5	1.72282E5	1.02572E5	6.39398E4	4.82622E6	1.40285E6	5111.92755	2202.03819	1459.84801	1365.6497
406	1.33868E6	1.21421E6	9.99062E5	8.05171E5	7.25204E5	7.23711E5	7.52533E5	7.34951E5	6.64247E5	5.69233E5	4.74197E5	4.67174E5	5.80023E5	1.88143E5	1.12867E5	6.34818E4	2.07773E6	3.75797E6	6636.06166	2330.04148	1665.76899	1454.42894
408	1.33602E6	1.23965E6	1.03169E6	8.11738E5	7.299E5	7.37199E5	7.56183E5	7.4536E5	6.73292E5	5.80799E5	4.87501E5	4.25299E5	7.06327E5	1.99022E5	1.20564E5	6.78465E4	5.13199E5	6.39169E6	1.05307E4	2698.04594	1926.1874	1471.91161
410	1.38553E6	1.27305E6	1.05387E6	8.37226E5	7.47016E5	7.43325E5	7.65193E5	7.55705E5	6.94767E5	5.95829E5	5.04357E5	4.16405E5	7.75726E5	2.18743E5	1.29993E5	7.31765E4	8.25564E4	7.74087E6	2.00267E4	3020.8346	1877.18113	1461.59581
412	1.38557E6	1.28885E6	1.07302E6	8.58261E5	7.5883E5	7.53998E5	7.72372E5	7.65178E5	6.96599E5	6.13378E5	5.1795E5	4.24743E5	7.66814E5	2.47503E5	1.39666E5	7.95743E4	5.72793E4	6.91504E6	2.18044E5	4006.5142	2106.65171	1482.25264
414	1.4263E6	1.30229E6	1.09573E6	8.74717E5	7.69189E5	7.59619E5	7.79377E5	7.67481E5	7.12311E5	6.26355E5	5.33884E5	4.33038E5	6.91011E5	2.97469E5	1.51534E5	8.79257E4	5.54974E4	4.61542E6	1.1583E6	4856.59758	2142.19853	1515.51639
416	1.44761E6	1.33732E6	1.11093E6	8.84161E5	7.78816E5	7.67829E5	7.89235E5	7.78142E5	7.19472E5	6.30689E5	5.41753E5	4.44595E5	5.82644E5	3.75853E5	1.60041E5	9.41939E4	5.65839E4	1.99276E6	3.30564E6	6650.18115	2384.36487	1509.7256
418	1.44565E6	1.3517E6	1.13553E6	9.11968E5	7.88914E5	7.68057E5	7.93908E5	7.80307E5	7.2518E5	6.40635E5	5.58206E5	4.60052E5	4.88342E5	4.82405E5	1.70078E5	1.03102E5	5.82839E4	5.09174E5	5.8167E6	9621.5227	2669.16915	1606.92346
420	1.49488E6	1.34789E6	1.16367E6	9.16429E5	7.99684E5	7.76195E5	7.9497E5	7.9352E5	7.31829E5	6.52736E5	5.66602E5	4.68954E5	4.34743E5	5.92406E5	1.82772E5	1.11524E5	6.43696E4	8.1205E4	7.18883E6	1.98401E4	3050.05044	1683.36346
422	1.51005E6	1.36577E6	1.15863E6	9.37498E5	8.02386E5	7.85746E5	7.91671E5	7.9725E5	7.43992E5	6.65395E5	5.80521E5	4.83787E5	4.12628E5	6.83025E5	1.95901E5	1.16743E5	6.89911E4	5.09157E4	6.54207E6	2.46301E5	3726.86441	1735.22916
424	1.50276E6	1.40343E6	1.17878E6	9.46711E5	8.09876E5	7.83976E5	8.00519E5	7.92273E5	7.42427E5	6.76301E5	5.9256E5	4.98353E5	4.09801E5	7.11031E5	2.14914E5	1.27041E5	7.54245E4	4.8907E4	4.37197E6	1.27428E6	4262.49783	2112.40779
426	1.52451E6	1.39245E6	1.19748E6	9.63593E5	8.25422E5	7.87275E5	8.03462E5	7.9538E5	7.46588E5	6.8358E5	5.99607E5	5.05253E5	4.18668E5	6.72493E5	2.46304E5	1.36929E5	8.27683E4	4.91038E4	1.83204E6	3.55776E6	6511.61881	2344.9002
428	1.52824E6	1.41012E6	1.21423E6	9.74027E5	8.30187E5	7.90335E5	7.92461E5	7.98268E5	7.49604E5	6.87982E5	6.10912E5	5.15063E5	4.28701E5	5.82878E5	2.98512E5	1.43927E5	8.98289E4	5.14745E4	4.51153E5	5.91339E6	9266.52766	2493.37439
430	1.52708E6	1.41899E6	1.23235E6	9.94182E5	8.38063E5	7.88215E5	7.9689E5	7.94242E5	7.57204E5	6.93666E5	6.19008E5	5.26912E5	4.39951E5	4.96138E5	3.72968E5	1.53392E5	9.56461E4	5.52334E4	6.90939E4	6.972E6	2.01389E4	2667.93043
432	1.54708E6	1.42568E6	1.22714E6	1.00896E6	8.39365E5	7.90291E5	7.96889E5	7.97286E5	7.53808E5	7.04665E5	6.2916E5	5.35722E5	4.47595E5	4.31922E5	4.64884E5	1.60183E5	1.0201E5	6.00523E4	4.59409E4	5.98596E6	2.54379E5	2879.94203
434	1.51931E6	1.43093E6	1.2449E6	1.00567E6	8.53426E5	8.01991E5	7.95049E5	8.00938E5	7.55509E5	7.01489E5	6.35186E5	5.44769E5	4.51404E5	3.99876E5	5.44837E5	1.72892E5	1.08266E5	6.4378E4	4.45045E4	3.74717E6	1.25808E6	3894.70136
436	1.57508E6	1.42269E6	1.25276E6	1.01741E6	8.45399E5	7.93044E5	7.89092E5	7.88032E5	7.56304E5	7.10221E5	6.40882E5	5.52496E5	4.6436E5	3.93078E5	5.89096E5	1.83454E5	1.15304E5	7.14544E4	4.47248E4	1.5407E6	3.18236E6	5536.22527
438	1.57577E6	1.4276E6	1.25841E6	1.02554E6	8.54275E5	7.87799E5	7.8987E5	7.85114E5	7.60525E5	7.07033E5	6.43695E5	5.56493E5	4.72824E5	3.9149E5	5.87307E5	2.02223E5	1.22763E5	7.48248E4	4.7111E4	3.74224E5	5.2978E6	7657.28057
440	1.54204E6	1.45134E6	1.25577E6	1.03097E6	8.64248E5	7.91825E5	7.85484E5	7.87278E5	7.56498E5	7.04909E5	6.47306E5	5.61981E5	4.79123E5	4.00279E5	5.41391E5	2.34301E5	1.28943E5	8.12248E4	4.97396E4	5.97778E4	6.35066E6	1.46227E4
442	1.5669E6	1.44899E6	1.27839E6	1.03789E6	8.65184E5	7.84732E5	7.74181E5	7.74066E5	7.5069E5	7.07507E5	6.52998E5	5.68303E5	4.85958E5	4.04844E5	4.70594E5	2.78343E5	1.35791E5	8.77017E4	5.2081E4	4.18247E4	5.63441E6	1.35435E5
444	1.52147E6	1.45158E6	1.27174E6	1.05052E6	8.52911E5	7.85684E5	7.71527E5	7.72979E5	7.53261E5	7.02916E5	6.51077E5	5.71453E5	4.8996E5	4.11137E5	4.05557E5	3.40508E5	1.43514E5	9.13949E4	5.60198E4	4.16968E4	3.69455E6	8.13172E5
446	1.49995E6	1.44572E6	1.27248E6	1.04351E6	8.68763E5	7.92807E5	7.70054E5	7.6535E5	7.4052E5	7.0891E5	6.54265E5	5.75292E5	4.99579E5	4.17067E5	3.63141E5	4.13703E5	1.49641E5	9.88552E4	6.05176E4	4.13465E4	1.55921E6	2.5409E6
448	1.53269E6	1.42912E6	1.27959E6	1.04593E6	8.72676E5	7.85945E5	7.56573E5	7.64712E5	7.37698E5	7.0179E5	6.53141E5	5.81277E5	5.06689E5	4.23093E5	3.38742E5	4.69378E5	1.60626E5	1.03561E5	6.62008E4	4.29986E4	4.04967E5	4.67932E6
450	1.52737E6	1.44401E6	1.27932E6	1.06436E6	8.75059E5	7.85327E5	7.62559E5	7.56655E5	7.32607E5	7.03701E5	6.57137E5	5.85664E5	5.09837E5	4.31201E5	3.36995E5	4.97495E5	1.71987E5	1.09398E5	7.13766E4	4.41896E4	6.22509E4	5.93842E6
452	1.4786E6	1.43755E6	1.28979E6	1.06894E6	8.7672E5	7.83189E5	7.57403E5	7.46806E5	7.30759E5	7.0085E5	6.56059E5	5.87844E5	5.10402E5	4.37676E5	3.36246E5	4.84784E5	1.94208E5	1.15249E5	7.60022E4	4.79571E4	3.95781E4	5.4103E6
454	1.52601E6	1.42153E6	1.26648E6	1.05695E6	8.72725E5	7.81889E5	7.45518E5	7.45342E5	7.24001E5	6.96678E5	6.56483E5	5.86065E5	5.12711E5	4.40533E5	3.43115E5	4.42865E5	2.2377E5	1.21198E5	8.06716E4	5.06721E4	3.6908E4	3.53516E6
456	1.49061E6	1.41774E6	1.25971E6	1.06209E6	8.80632E5	7.7466E5	7.40651E5	7.29836E5	7.17267E5	6.92621E5	6.51199E5	5.85328E5	5.15216E5	4.42784E5	3.45361E5	3.82351E5	2.69819E5	1.24722E5	8.47858E4	5.44713E4	3.70953E4	1.44889E6
458	1.44977E6	1.40489E6	1.25856E6	1.07112E6	8.75743E5	7.74149E5	7.36383E5	7.20117E5	7.07813E5	6.83725E5	6.44303E5	5.87155E5	5.19095E5	4.47182E5	3.50319E5	3.30542E5	3.25769E5	1.30724E5	8.86879E4	5.87748E4	3.83681E4	3.49758E5
460	1.44508E6	1.38931E6	1.25196E6	1.0648E6	8.72916E5	7.65622E5	7.29508E5	7.17043E5	7.03587E5	6.7446E5	6.44696E5	5.83657E5	5.16342E5	4.51203E5	3.50763E5	2.96079E5	3.78646E5	1.36376E5	9.52834E4	6.35567E4	3.95993E4	5.61218E4
462	1.45549E6	1.38377E6	1.25478E6	1.05205E6	8.621E5	7.59821E5	7.1624E5	7.04374E5	6.94497E5	6.71448E5	6.33553E5	5.77223E5	5.17168E5	4.52286E5	3.55172E5	2.83948E5	4.14507E5	1.44284E5	9.8818E4	6.79789E4	4.29903E4	3.53944E4
464	1.46588E6	1.38965E6	1.23114E6	1.05004E6	8.67063E5	7.55905E5	7.10725E5	6.98956E5	6.81296E5	6.62231E5	6.28527E5	5.75132E5	5.1584E5	4.54512E5	3.58482E5	2.80203E5	4.1922E5	1.55707E5	1.01119E5	7.02127E4	4.45825E4	3.40292E4
466	1.4059E6	1.36763E6	1.24646E6	1.05785E6	8.70116E5	7.49304E5	7.00791E5	6.87728E5	6.72441E5	6.56478E5	6.23392E5	5.7553E5	5.15303E5	4.53233E5	3.57612E5	2.79097E5	3.93984E5	1.75682E5	1.07677E5	7.4416E4	4.70931E4	3.49407E4
468	1.5589E6	1.34533E6	1.22236E6	1.05224E6	8.60447E5	7.43997E5	6.93199E5	6.81146E5	6.67282E5	6.52619E5	6.15501E5	5.72128E5	5.10463E5	4.55892E5	3.63549E5	2.80299E5	3.55526E5	2.07052E5	1.09657E5	7.94483E4	5.02429E4	3.47297E4
470	1.94352E6	1.31985E6	1.22978E6	1.05407E6	8.56751E5	7.3555E5	6.88782E5	6.7278E5	6.55222E5	6.41335E5	6.09609E5	5.6448E5	5.11502E5	4.50699E5	3.66034E5	2.83194E5	3.05903E5	2.43681E5	1.13532E5	8.27574E4	5.41448E4	3.58996E4
472	2.87847E6	1.35535E6	1.20289E6	1.04412E6	8.51195E5	7.28848E5	6.77341E5	6.56467E5	6.4851E5	6.33353E5	6.10843E5	5.6025E5	5.11267E5	4.5738E5	3.64161E5	2.86535E5	2.68821E5	2.90952E5	1.18551E5	8.56265E4	5.81237E4	3.83468E4
474	4.51349E6	1.30445E6	1.21081E6	1.03838E6	8.45899E5	7.27011E5	6.73764E5	6.52808E5	6.39647E5	6.26464E5	6.01393E5	5.54619E5	5.05945E5	4.57604E5	3.63461E5	2.84986E5	2.4861E5	3.29923E5	1.21357E5	8.96421E4	6.00428E4	3.95359E4
476	6.88003E6	1.3064E6	1.18899E6	1.02826E6	8.48404E5	7.16676E5	6.66955E5	6.4257E5	6.28814E5	6.13011E5	5.94437E5	5.47527E5	5.0141E5	4.49571E5	3.68288E5	2.89109E5	2.33638E5	3.54238E5	1.29125E5	9.19365E4	6.3896E4	4.10742E4
478	1.00059E7	1.27084E6	1.17806E6	1.00929E6	8.32049E5	7.10318E5	6.53534E5	6.32073E5	6.1459E5	6.01945E5	5.82633E5	5.4191E5	4.96231E5	4.47957E5	3.66302E5	2.87069E5	2.32435E5	3.56596E5	1.39788E5	9.50277E4	6.55849E4	4.42391E4
480	1.29157E7	1.2692E6	1.17541E6	1.00806E6	8.25523E5	7.00243E5	6.42443E5	6.13084E5	6.06676E5	5.91744E5	5.69553E5	5.33188E5	4.91546E5	4.47237E5	3.61825E5	2.88371E5	2.31298E5	3.30834E5	1.58823E5	9.74201E4	6.94445E4	4.74863E4
482	1.44825E7	1.26423E6	1.14365E6	9.89709E5	8.14305E5	6.95784E5	6.27673E5	6.06268E5	5.93595E5	5.83203E5	5.58942E5	5.28492E5	4.85153E5	4.41728E5	3.63585E5	2.89125E5	2.30271E5	2.91317E5	1.85597E5	1.00432E5	7.18184E4	4.91965E4
484	1.42316E7	1.21505E6	1.13659E6	9.85858E5	8.10917E5	6.93831E5	6.28756E5	6.00727E5	5.87324E5	5.71673E5	5.51404E5	5.16955E5	4.80522E5	4.38316E5	3.60959E5	2.89679E5	2.32967E5	2.49597E5	2.22846E5	1.02732E5	7.40066E4	5.22149E4
486	1.24412E7	1.24937E6	1.12363E6	9.79107E5	8.04515E5	6.86052E5	6.16488E5	5.87718E5	5.75168E5	5.63718E5	5.44663E5	5.09895E5	4.71032E5	4.33911E5	3.6172E5	2.90513E5	2.32202E5	2.18828E5	2.56436E5	1.06255E5	7.64063E4	5.56471E4
488	9.40089E6	1.41404E6	1.0933E6	9.66033E5	7.94309E5	6.74803E5	6.04748E5	5.7378E5	5.64725E5	5.50163E5	5.35926E5	5.03424E5	4.65163E5	4.33247E5	3.55581E5	2.88732E5	2.31837E5	2.00101E5	2.88537E5	1.09449E5	7.91593E4	5.71134E4
490	5.94421E6	2.01066E6	1.0928E6	9.57564E5	7.88658E5	6.63912E5	5.98678E5	5.75335E5	5.52825E5	5.42841E5	5.27581E5	4.93284E5	4.60719E5	4.24941E5	3.55702E5	2.87547E5	2.3214E5	1.91327E5	3.02045E5	1.16188E5	8.07081E4	5.90044E4
492	3.20432E6	3.34209E6	1.06743E6	9.38182E5	7.72929E5	6.52011E5	5.9259E5	5.57953E5	5.39735E5	5.32512E5	5.14023E5	4.83136E5	4.54899E5	4.20045E5	3.53367E5	2.86891E5	2.31062E5	1.90649E5	2.9701E5	1.28061E5	8.40722E4	6.0494E4
494	1.78243E6	5.47997E6	1.06372E6	9.17943E5	7.63079E5	6.433E5	5.75012E5	5.47462E5	5.32685E5	5.21616E5	5.07236E5	4.74686E5	4.4954E5	4.1455E5	3.47915E5	2.832E5	2.30105E5	1.86747E5	2.74687E5	1.43906E5	8.58281E4	6.28295E4
496	1.29012E6	8.34354E6	1.04811E6	9.12449E5	7.44381E5	6.35222E5	5.67476E5	5.37862E5	5.23314E5	5.07354E5	4.95763E5	4.70698E5	4.38098E5	4.1135E5	3.44287E5	2.81719E5	2.33314E5	1.89046E5	2.41851E5	1.69366E5	8.65934E4	6.21509E4
498	1.23383E6	1.16544E7	1.03417E6	9.05212E5	7.44036E5	6.34762E5	5.57858E5	5.26855E5	5.13884E5	5.01515E5	4.84784E5	4.62314E5	4.33965E5	4.03375E5	3.41742E5	2.79049E5	2.29393E5	1.8827E5	2.05822E5	1.98086E5	8.8166E4	6.58317E4
500	1.18895E6	1.41515E7	1.01403E6	8.79594E5	7.37424E5	6.20701E5	5.5165E5	5.1761E5	5.0141E5	4.86432E5	4.78718E5	4.57528E5	4.27586E5	3.96541E5	3.39833E5	2.79081E5	2.3012E5	1.88195E5	1.83935E5	2.24846E5	9.03231E4	6.72249E4
502	1.13296E6	1.54095E7	1.01329E6	8.72711E5	7.27875E5	6.16875E5	5.48349E5	5.07781E5	4.87893E5	4.79492E5	4.64537E5	4.42206E5	4.20741E5	3.94199E5	3.35301E5	2.77692E5	2.2632E5	1.88475E5	1.67197E5	2.46829E5	9.53232E4	6.98252E4
504	1.13738E6	1.45633E7	9.94268E5	8.66318E5	7.13294E5	6.04765E5	5.34398E5	5.00137E5	4.80238E5	4.72992E5	4.56996E5	4.35025E5	4.1052E5	3.86532E5	3.28745E5	2.72E5	2.26916E5	1.88291E5	1.59649E5	2.56433E5	9.99141E4	7.06162E4
506	1.03711E6	1.22959E7	9.90493E5	8.48097E5	6.94337E5	5.95406E5	5.29509E5	4.87348E5	4.6708E5	4.60728E5	4.43794E5	4.27011E5	4.04026E5	3.83904E5	3.25028E5	2.70663E5	2.25648E5	1.86252E5	1.56154E5	2.47209E5	1.10901E5	7.18545E4
508	1.07578E6	9.06503E6	1.17761E6	8.26963E5	6.94921E5	5.81279E5	5.11704E5	4.78464E5	4.57744E5	4.54807E5	4.37428E5	4.16152E5	3.99013E5	3.74845E5	3.20004E5	2.67948E5	2.25677E5	1.84969E5	1.54745E5	2.27097E5	1.23046E5	7.23951E4
510	1.16322E6	5.60682E6	1.93078E6	8.14091E5	6.92251E5	5.77748E5	5.07276E5	4.73749E5	4.48745E5	4.37549E5	4.28238E5	4.11668E5	3.89704E5	3.67646E5	3.16264E5	2.64052E5	2.21227E5	1.84895E5	1.52326E5	1.99522E5	1.4368E5	7.37551E4
512	1.23611E6	2.88809E6	3.62503E6	8.11419E5	6.75415E5	5.63266E5	4.96709E5	4.65384E5	4.39826E5	4.32363E5	4.19544E5	4.02078E5	3.82064E5	3.61105E5	3.07978E5	2.5917E5	2.19762E5	1.82838E5	1.53316E5	1.68257E5	1.6647E5	7.49162E4
514	1.43916E6	1.53132E6	6.17331E6	7.9458E5	6.53679E5	5.5354E5	4.91231E5	4.50598E5	4.27427E5	4.1928E5	4.09884E5	3.94616E5	3.71718E5	3.55297E5	3.05068E5	2.54912E5	2.18003E5	1.79845E5	1.51468E5	1.4963E5	1.89449E5	7.64475E4
516	1.66672E6	1.10538E6	9.35738E6	7.82587E5	6.52512E5	5.48558E5	4.68362E5	4.38227E5	4.24967E5	4.09516E5	4.00326E5	3.82005E5	3.66691E5	3.4669E5	3.01736E5	2.54027E5	2.13038E5	1.77711E5	1.47458E5	1.34001E5	2.06155E5	7.86457E4
518	1.97881E6	1.01138E6	1.27568E7	7.80848E5	6.3999E5	5.41803E5	4.71284E5	4.32874E5	4.11581E5	4.00227E5	3.91338E5	3.74296E5	3.55444E5	3.42224E5	2.95109E5	2.47364E5	2.12043E5	1.78022E5	1.47442E5	1.28974E5	2.09526E5	8.43608E4
520	2.40797E6	9.34157E5	1.55109E7	7.58374E5	6.19065E5	5.29919E5	4.60932E5	4.21013E5	4.03098E5	3.9142E5	3.80761E5	3.63725E5	3.5229E5	3.3607E5	2.90078E5	2.45574E5	2.09804E5	1.73504E5	1.47015E5	1.27676E5	2.02141E5	9.30033E4
522	2.71445E6	9.35206E5	1.63375E7	7.48324E5	6.22779E5	5.21234E5	4.5748E5	4.10037E5	3.93211E5	3.82092E5	3.74087E5	3.60216E5	3.41834E5	3.283E5	2.84179E5	2.41081E5	2.06747E5	1.76451E5	1.44115E5	1.24554E5	1.83165E5	1.02933E5
524	3.01005E6	9.08529E5	1.50595E7	7.37626E5	5.99278E5	5.01887E5	4.40154E5	4.05796E5	3.85935E5	3.78055E5	3.69791E5	3.50052E5	3.37271E5	3.19477E5	2.77179E5	2.37185E5	2.04352E5	1.73806E5	1.44237E5	1.23065E5	1.61016E5	1.18622E5
526	3.0072E6	8.64609E5	1.22329E7	7.64155E5	5.93657E5	4.93943E5	4.30579E5	3.98659E5	3.79993E5	3.63067E5	3.53857E5	3.43444E5	3.30928E5	3.13419E5	2.69368E5	2.32794E5	2.01354E5	1.67974E5	1.43686E5	1.22155E5	1.37251E5	1.3762E5
528	2.78821E6	8.62525E5	8.71397E6	9.76234E5	5.81136E5	4.92919E5	4.25733E5	3.86712E5	3.67496E5	3.56266E5	3.47393E5	3.33624E5	3.21227E5	3.07585E5	2.68006E5	2.28409E5	1.95381E5	1.66475E5	1.41357E5	1.22261E5	1.20541E5	1.54992E5
530	2.46618E6	8.24312E5	5.24727E6	1.86708E6	5.67794E5	4.77444E5	4.16703E5	3.81208E5	3.58061E5	3.43904E5	3.40326E5	3.26397E5	3.13914E5	2.95257E5	2.59549E5	2.20918E5	1.94386E5	1.63819E5	1.39799E5	1.20369E5	1.08873E5	1.67367E5
532	2.05903E6	8.67149E5	2.57392E6	3.81355E6	5.59595E5	4.71851E5	4.04052E5	3.69537E5	3.508E5	3.38029E5	3.28414E5	3.17727E5	3.05039E5	2.8852E5	2.55269E5	2.19114E5	1.90231E5	1.63595E5	1.38863E5	1.18625E5	1.0277E5	1.72073E5
534	1.66548E6	9.38941E5	1.23804E6	6.8399E6	5.57073E5	4.55262E5	3.96853E5	3.6599E5	3.44105E5	3.29786E5	3.24035E5	3.09888E5	2.97539E5	2.83886E5	2.49194E5	2.14785E5	1.87031E5	1.58626E5	1.35362E5	1.15833E5	9.9292E4	1.68742E5
536	1.27721E6	1.10672E6	8.68495E5	1.04358E7	5.4208E5	4.45694E5	3.84892E5	3.55043E5	3.33588E5	3.2398E5	3.13866E5	3.03589E5	2.89696E5	2.78998E5	2.4376E5	2.10193E5	1.80886E5	1.58657E5	1.33636E5	1.13209E5	9.54646E4	1.51175E5
538	9.66023E5	1.34769E6	8.00425E5	1.40432E7	5.32131E5	4.40404E5	3.80464E5	3.43561E5	3.28188E5	3.15047E5	3.05707E5	2.93651E5	2.8247E5	2.70799E5	2.38627E5	2.058E5	1.76914E5	1.5431E5	1.32887E5	1.12713E5	9.55157E4	1.3308E5
540	8.04836E5	1.72921E6	7.4367E5	1.65783E7	5.22613E5	4.32291E5	3.7167E5	3.33931E5	3.15664E5	3.02141E5	2.97503E5	2.87748E5	2.73223E5	2.65887E5	2.31282E5	2.00172E5	1.75918E5	1.51408E5	1.31123E5	1.10437E5	9.44195E4	1.10694E5
542	7.8394E5	2.1458E6	7.24334E5	1.71E7	5.10085E5	4.24524E5	3.66031E5	3.28286E5	3.10864E5	2.99764E5	2.88164E5	2.77953E5	2.69719E5	2.59907E5	2.27931E5	1.96823E5	1.71978E5	1.48998E5	1.27028E5	1.1019E5	9.24623E4	9.42548E4
544	7.0981E5	2.52921E6	7.0014E5	1.53976E7	5.10901E5	4.10285E5	3.54521E5	3.20971E5	3.05208E5	2.92996E5	2.80553E5	2.71006E5	2.57931E5	2.51415E5	2.20462E5	1.92505E5	1.67778E5	1.47803E5	1.25928E5	1.07224E5	9.11454E4	8.43205E4
546	6.89696E5	2.80412E6	6.65839E5	1.21378E7	5.40836E5	4.01914E5	3.46747E5	3.09965E5	2.9724E5	2.83054E5	2.74442E5	2.62796E5	2.54105E5	2.44836E5	2.16636E5	1.85701E5	1.64024E5	1.41408E5	1.24913E5	1.06399E5	8.88254E4	7.95875E4
548	6.52102E5	2.9216E6	6.59194E5	8.358E6	8.55294E5	3.88567E5	3.3759E5	3.0719E5	2.84992E5	2.75912E5	2.66532E5	2.56584E5	2.47478E5	2.37819E5	2.11606E5	1.82667E5	1.6008E5	1.39992E5	1.2068E5	1.04468E5	8.7372E4	7.5663E4
550	6.30556E5	2.88443E6	6.54123E5	4.86901E6	1.89223E6	3.9419E5	3.32317E5	3.01652E5	2.77604E5	2.68262E5	2.60019E5	2.47562E5	2.43489E5	2.33294E5	2.04513E5	1.75436E5	1.57817E5	1.36164E5	1.17278E5	1.01137E5	8.71428E4	7.45236E4
552	6.21585E5	2.7374E6	6.40023E5	2.30156E6	4.03018E6	3.77643E5	3.25986E5	2.88925E5	2.69722E5	2.6014E5	2.50301E5	2.44307E5	2.33812E5	2.2748E5	2.01673E5	1.73943E5	1.52963E5	1.35825E5	1.1539E5	9.88484E4	8.54517E4	7.34595E4
554	6.06749E5	2.28666E6	6.3324E5	1.00603E6	7.16853E6	3.70893E5	3.14735E5	2.84318E5	2.62455E5	2.55321E5	2.44122E5	2.31302E5	2.28005E5	2.21115E5	1.95352E5	1.70838E5	1.49798E5	1.29585E5	1.13545E5	1.00336E5	8.26369E4	6.96842E4
556	6.02435E5	1.8261E6	6.64904E5	6.56353E5	1.0913E7	3.63359E5	3.06741E5	2.76614E5	2.55029E5	2.45363E5	2.3599E5	2.26456E5	2.21156E5	2.15198E5	1.90433E5	1.64976E5	1.44738E5	1.28296E5	1.1157E5	9.67067E4	8.21974E4	7.03703E4
558	6.02622E5	1.38357E6	7.88565E5	5.87693E5	1.45447E7	3.57292E5	3.04129E5	2.66441E5	2.51525E5	2.40073E5	2.30721E5	2.21492E5	2.16167E5	2.1008E5	1.86613E5	1.63799E5	1.4377E5	1.23903E5	1.08417E5	9.38932E4	8.10651E4	6.83219E4
560	5.50197E5	1.00791E6	9.67593E5	5.72831E5	1.69297E7	3.51112E5	2.90664E5	2.63507E5	2.45866E5	2.33506E5	2.26532E5	2.15889E5	2.10233E5	2.03838E5	1.79819E5	1.5723E5	1.37939E5	1.20565E5	1.05311E5	9.28637E4	7.78353E4	6.79101E4
562	5.49377E5	7.8692E5	1.24825E6	5.49306E5	1.74682E7	3.44172E5	2.90368E5	2.55691E5	2.40567E5	2.25821E5	2.21216E5	2.08198E5	2.02611E5	1.98731E5	1.74932E5	1.51592E5	1.35415E5	1.19488E5	1.05624E5	9.00425E4	7.74146E4	6.50498E4
564	5.18323E5	6.35787E5	1.59102E6	5.19216E5	1.54833E7	3.49332E5	2.82959E5	2.49294E5	2.33388E5	2.2053E5	2.1467E5	2.03466E5	1.95997E5	1.91859E5	1.68072E5	1.49098E5	1.30748E5	1.17239E5	1.02193E5	8.91477E4	7.7569E4	6.56701E4
566	5.0489E5	5.54919E5	1.99169E6	5.09448E5	1.22775E7	3.73922E5	2.74057E5	2.42313E5	2.24636E5	2.16609E5	2.07993E5	2.01351E5	1.92377E5	1.85629E5	1.65376E5	1.44012E5	1.27576E5	1.14284E5	9.84712E4	8.7911E4	7.39508E4	6.31472E4
568	4.91734E5	4.98528E5	2.36642E6	4.9635E5	8.25372E6	7.13867E5	2.71273E5	2.37912E5	2.17636E5	2.08954E5	2.02123E5	1.94259E5	1.85906E5	1.79993E5	1.59331E5	1.37832E5	1.22547E5	1.10293E5	9.58345E4	8.27547E4	7.30111E4	6.05626E4
570	5.11721E5	4.9452E5	2.60024E6	4.86595E5	4.59066E6	1.83807E6	2.65998E5	2.26941E5	2.17318E5	2.02845E5	1.97873E5	1.86673E5	1.81946E5	1.75698E5	1.55817E5	1.37941E5	1.19379E5	1.0829E5	9.36038E4	8.36192E4	7.06675E4	6.14043E4
572	4.76201E5	4.68957E5	2.66677E6	4.84374E5	2.04546E6	4.11048E6	2.61429E5	2.20012E5	2.05778E5	1.95055E5	1.88935E5	1.82196E5	1.75096E5	1.70284E5	1.51949E5	1.32613E5	1.18787E5	1.05388E5	9.03584E4	8.17242E4	6.98627E4	5.90167E4
574	4.69178E5	4.48909E5	2.5598E6	4.69322E5	8.18077E5	7.38846E6	2.49668E5	2.15721E5	2.01013E5	1.89258E5	1.85505E5	1.76122E5	1.68439E5	1.6104E5	1.4563E5	1.2986E5	1.14493E5	1.02181E5	8.8508E4	7.81245E4	6.79063E4	5.83907E4
576	4.8275E5	4.40724E5	2.27157E6	4.65611E5	4.98567E5	1.11391E7	2.40688E5	2.08897E5	1.94803E5	1.84181E5	1.7898E5	1.69618E5	1.63338E5	1.59585E5	1.43883E5	1.24668E5	1.10578E5	9.99559E4	8.7377E4	7.6132E4	6.68175E4	5.5972E4
578	4.76962E5	4.31444E5	1.93107E6	4.76675E5	4.55451E5	1.46325E7	2.40415E5	2.06142E5	1.89835E5	1.79288E5	1.71551E5	1.64513E5	1.59168E5	1.55316E5	1.39414E5	1.23499E5	1.07978E5	9.61343E4	8.5988E4	7.33074E4	6.53713E4	5.47445E4
580	4.65284E5	4.19675E5	1.52188E6	5.28653E5	4.26526E5	1.69788E7	2.36451E5	2.01261E5	1.82387E5	1.73228E5	1.68731E5	1.60571E5	1.53753E5	1.49632E5	1.33411E5	1.18218E5	1.03199E5	9.46663E4	8.27774E4	7.11554E4	6.37958E4	5.35842E4
582	4.6374E5	4.05211E5	1.1151E6	6.37249E5	4.15192E5	1.72029E7	2.33714E5	1.98679E5	1.76759E5	1.69535E5	1.62102E5	1.54712E5	1.50952E5	1.45087E5	1.29725E5	1.14817E5	1.02285E5	9.03926E4	7.96247E4	7.09504E4	6.11944E4	5.43488E4
584	4.52617E5	4.15785E5	8.39129E5	8.38786E5	4.05315E5	1.51167E7	2.3892E5	1.90807E5	1.72002E5	1.64517E5	1.59038E5	1.49166E5	1.46697E5	1.41962E5	1.24595E5	1.10378E5	1.00606E5	8.77973E4	7.93921E4	6.94399E4	5.93621E4	5.08845E4
586	4.30612E5	3.96699E5	6.0744E5	1.1098E6	3.99463E5	1.16809E7	2.66827E5	1.86765E5	1.67588E5	1.60302E5	1.50554E5	1.46816E5	1.41678E5	1.38531E5	1.22622E5	1.09761E5	9.65206E4	8.6855E4	7.60308E4	6.61234E4	5.76393E4	4.96215E4
588	4.53901E5	3.80568E5	4.99807E5	1.4338E6	3.93026E5	7.61614E6	5.83916E5	1.80737E5	1.63179E5	1.56336E5	1.47147E5	1.39692E5	1.39476E5	1.31402E5	1.19171E5	1.04591E5	9.52714E4	8.24317E4	7.3979E4	6.59396E4	5.5421E4	4.93545E4
590	4.41309E5	3.84113E5	4.20486E5	1.80973E6	3.95058E5	4.02436E6	1.80391E6	1.78499E5	1.61395E5	1.50194E5	1.44982E5	1.38144E5	1.2967E5	1.25721E5	1.15386E5	1.01356E5	8.9278E4	7.97393E4	7.21481E4	6.23381E4	5.42152E4	4.82496E4
592	4.1328E5	3.79845E5	4.23214E5	2.1248E6	3.84654E5	1.65827E6	4.25167E6	1.69967E5	1.51283E5	1.44991E5	1.39638E5	1.33896E5	1.29359E5	1.23913E5	1.09805E5	9.76103E4	8.78586E4	7.90852E4	6.76808E4	6.15618E4	5.29958E4	4.53899E4
594	4.18974E5	3.67755E5	3.8705E5	2.32253E6	3.89031E5	6.25111E5	7.64954E6	1.71181E5	1.55456E5	1.39734E5	1.33127E5	1.28799E5	1.25925E5	1.2148E5	1.09317E5	9.35556E4	8.72371E4	7.57837E4	6.72634E4	6.04279E4	5.24663E4	4.47572E4
596	4.13088E5	3.58444E5	3.84657E5	2.38433E6	3.7835E5	3.68786E5	1.14442E7	1.67006E5	1.47495E5	1.36586E5	1.27163E5	1.24066E5	1.1785E5	1.17766E5	1.03981E5	9.18495E4	8.14353E4	7.4515E4	6.84028E4	5.84621E4	5.06717E4	4.21282E4
598	3.73423E5	3.55396E5	3.71919E5	2.29313E6	3.76605E5	3.3724E5	1.4845E7	1.67557E5	1.46858E5	1.33579E5	1.27624E5	1.21657E5	1.16956E5	1.11656E5	1.00238E5	8.77378E4	8.0506E4	7.13923E4	6.35077E4	5.67796E4	4.94065E4	4.15337E4
600	3.6833E5	3.71658E5	3.68427E5	2.04366E6	3.87071E5	3.17524E5	1.69128E7	1.60295E5	1.42861E5	1.28745E5	1.23029E5	1.15484E5	1.11332E5	1.07988E5	9.8785E4	8.72041E4	7.71264E4	6.88319E4	6.05246E4	5.33701E4	4.98448E4	4.1201E4
