300	2.10329E5	1.44613E5	1.61466E5	2.59251E6	3.71773E5	2.77998E5	2.40002E7	8.97304E4	1.40872E4	8093.39615	5679.98413	4580.62178	4021.87269	3879.65075	3004.14951	2420.40556	2213.49955	1956.16531	1296.06708	1789.00419	1007.59135	1330.17106
302	2.04763E5	1.54383E5	1.65973E5	1.72783E6	6.78134E5	2.10025E5	2.0955E7	9.80298E5	1.57129E4	8891.76416	6487.45555	4374.67435	4342.4271	2957.59612	2599.65946	2169.49621	1780.34728	1526.38061	1489.064	1283.9719	1198.96139	1125.4398
304	2.11236E5	1.78624E5	1.71638E5	9.74373E5	1.25893E6	1.96198E5	1.33168E7	4.40215E6	1.74072E4	9059.70846	6419.548	4292.62537	3673.88816	3809.99396	2745.22182	2293.59398	2189.03588	1990.06057	1489.69071	1369.40515	1217.16943	1243.09486
306	2.03568E5	1.73617E5	1.86749E5	5.25593E5	2.01834E6	2.06468E5	5.71194E6	1.14145E7	2.21986E4	9763.84681	7093.49923	4825.53424	3691.62602	3621.31616	2998.94658	2520.44816	1839.08101	1725.20371	1416.22151	1655.20629	1365.56387	1186.88734
308	2.40628E5	1.90372E5	1.93889E5	3.26833E5	2.68564E6	2.02939E5	1.41853E6	1.97358E7	3.25159E4	1.03759E4	7087.10051	5028.35379	4457.41713	3819.94511	3045.2163	2324.00405	2096.29326	1582.98956	1734.49552	1405.13999	1417.11692	1137.69641
310	2.72899E5	1.88841E5	2.11344E5	2.837E5	2.84899E6	2.25627E5	2.42058E5	2.36566E7	8.39662E4	1.14978E4	6738.34358	4879.82276	3761.64625	3536.71718	2877.02371	2205.91679	1915.02671	1531.00507	1517.92713	1304.22182	1315.74761	1088.12896
312	2.49543E5	2.01981E5	2.10835E5	2.74815E5	2.42933E6	3.14702E5	1.50179E5	2.0699E7	9.49422E5	1.28122E4	7429.94223	5250.53086	4250.40407	3318.46773	2870.37569	2410.06789	2178.82542	1706.18872	1629.94458	1280.56814	1333.73999	984.10454
314	2.74394E5	2.10916E5	2.18355E5	2.73771E5	1.6767E6	5.67063E5	1.41954E5	1.26425E7	4.61976E6	1.53138E4	7664.20513	5810.45409	3852.07086	3337.50029	2841.75916	2321.2762	2117.67148	1690.08728	1559.97301	1483.83287	1238.57943	1169.07308
316	2.6774E5	2.22396E5	2.40183E5	2.81283E5	9.82033E5	1.06802E6	1.35879E5	5.12952E6	1.13962E7	1.98393E4	8342.52691	6014.66353	4567.02036	3744.06779	2871.19748	1886.80962	1944.80948	1730.70149	1175.11641	1342.81094	1264.67955	1280.53822
318	3.14821E5	2.27431E5	2.48526E5	2.83652E5	5.72067E5	1.70859E6	1.41159E5	1.23548E6	1.81393E7	2.8566E4	9323.05611	5904.78332	4381.65316	3477.63554	2619.44571	1850.0313	2108.64165	1649.43158	1369.83287	1191.13341	1350.10685	1353.91737
320	3.19391E5	2.36644E5	2.58845E5	2.90397E5	3.92914E5	2.24402E6	1.41468E5	1.96153E5	2.09617E7	7.90245E4	9822.75811	5887.38159	4413.50289	3675.3196	2811.38161	2023.2498	1783.18109	1547.33035	1328.80299	1343.08796	1208.1884	1111.81173
322	3.049E5	2.57309E5	2.63057E5	3.03189E5	3.51955E5	2.36916E6	1.59117E5	1.22306E5	1.77715E7	8.40476E5	1.12866E4	6631.1517	3882.62148	3374.75755	2718.3498	2253.59353	2005.13808	1947.30979	1372.85196	1402.02128	1307.11989	1005.99561
324	3.10178E5	2.53054E5	2.67154E5	3.07711E5	3.35435E5	2.03444E6	2.25084E5	1.10544E5	1.08756E7	3.78295E6	1.36611E4	6260.83148	4516.1566	3572.58827	2501.38228	1968.41605	1775.01101	1762.20723	1735.32067	1233.67609	1169.91156	1166.87589
326	3.35254E5	2.48785E5	2.70432E5	3.08364E5	3.35772E5	1.46743E6	4.11964E5	1.13443E5	4.39655E6	9.44134E6	1.67704E4	7178.10934	5126.33625	3089.65471	2644.78867	2483.60782	1976.29013	1807.4213	1452.06645	1406.62064	1188.74592	1101.80017
328	3.36549E5	2.83934E5	2.88588E5	3.1205E5	3.45182E5	9.25912E5	7.66192E5	1.11943E5	1.10159E6	1.52304E7	2.35533E4	7812.51649	4832.66405	3807.48957	2886.35892	2172.1698	1818.79655	1730.12227	1423.09943	1288.02775	1093.40104	1076.71128
330	3.59106E5	2.79686E5	2.92774E5	3.34188E5	3.54679E5	5.52824E5	1.29316E6	1.17173E5	1.76302E5	1.80385E7	6.12653E4	8340.25255	5416.79351	3942.08154	3046.57597	2303.47544	1953.82025	1808.38305	1591.93669	1366.08756	1061.22902	1059.3346
332	3.93768E5	2.94746E5	3.01305E5	3.32133E5	3.5889E5	3.8274E5	1.74279E6	1.25361E5	1.11156E5	1.57617E7	6.6784E5	9258.43911	4953.04978	3740.39429	2797.09268	2439.54266	1831.85998	1390.48007	1301.7263	1003.92112	1189.87095	1185.12578
334	4.04109E5	2.92837E5	3.08652E5	3.38848E5	3.52273E5	3.34625E5	1.94308E6	1.33788E5	1.03032E5	1.01421E7	3.12802E6	1.12604E4	5654.00663	3860.0098	2798.53357	2376.98576	1909.70478	1407.76867	1280.05554	1222.21096	1225.06723	1168.41041
336	4.19336E5	3.13447E5	3.11951E5	3.41542E5	3.64937E5	3.23769E5	1.78702E6	1.84224E5	1.00625E5	4.30603E6	8.03217E6	1.49065E4	5676.98751	4404.53718	3099.92739	2377.28996	1902.77818	1499.55844	1345.04462	1125.7662	1336.40253	1134.10639
338	4.47269E5	3.21428E5	3.30947E5	3.45731E5	3.64804E5	3.30356E5	1.3644E6	3.15854E5	1.08305E5	1.16488E6	1.30043E7	1.98982E4	6835.27828	4473.52171	3184.60195	2315.16894	1691.15504	1586.00246	1420.29139	1373.29194	1223.57293	1032.32799
340	4.36532E5	3.43586E5	3.38539E5	3.59013E5	3.74617E5	3.34494E5	8.84678E5	5.8218E5	1.13982E5	1.78969E5	1.54466E7	4.89178E4	6999.63642	4108.90628	3106.42666	1950.46688	1733.33359	1585.31287	1212.90845	1258.71158	1181.36308	934.70011
342	4.65873E5	3.62779E5	3.37565E5	3.53815E5	3.84162E5	3.4073E5	5.5022E5	9.62363E5	1.17284E5	1.01862E5	1.37323E7	5.34727E5	8245.15944	4532.95703	3475.19325	2183.71059	2153.45235	1592.78944	1465.91718	1133.01508	996.58965	1098.84049
344	4.98369E5	3.7919E5	3.51179E5	3.55005E5	3.82464E5	3.52809E5	3.65181E5	1.36222E6	1.25167E5	9.77316E4	8.68463E6	2.75725E6	9665.58516	4700.30915	3477.2305	2419.00145	1801.68936	1677.12452	1391.47445	1453.2246	1113.49711	1049.3245
346	5.02286E5	3.68963E5	3.63691E5	3.65985E5	3.86341E5	3.58282E5	3.07807E5	1.59858E6	1.40242E5	9.94487E4	3.70476E6	6.91019E6	1.2256E4	5274.51789	3467.2589	2269.32312	1842.75346	1766.26616	1223.34046	1165.95247	1104.12647	1160.7877
348	5.20041E5	4.14501E5	3.5903E5	3.80012E5	3.85913E5	3.69829E5	3.02314E5	1.53508E6	1.78365E5	1.09327E5	8.98859E5	1.13571E7	1.80621E4	5432.63117	3670.85888	2412.24209	1846.92131	1612.94386	1306.50524	1085.64093	1108.01997	1167.30198
350	5.47578E5	4.07551E5	3.80788E5	3.76146E5	3.98985E5	3.73097E5	3.07873E5	1.23543E6	2.68915E5	1.15671E5	1.58607E5	1.31784E7	3.66107E4	6292.14704	3540.46211	2590.71412	1882.34788	1552.31396	1187.23528	1258.79114	1093.29678	1074.84343
352	5.72687E5	4.31041E5	3.92319E5	3.85098E5	4.01459E5	3.85233E5	3.22342E5	8.59057E5	4.63232E5	1.26526E5	9.75382E4	1.14102E7	4.61712E5	7161.54584	3294.64808	2780.85532	1718.88655	1483.81174	1132.3949	1015.91769	760.92172	1059.13139
354	5.6798E5	4.52798E5	3.9836E5	3.86037E5	4.03817E5	3.94263E5	3.33505E5	5.61753E5	7.48063E5	1.35534E5	9.65709E4	7.32563E6	2.23743E6	8560.12333	4009.314	2792.4105	2052.91921	1426.83672	1357.38098	1179.44072	1090.07541	772.87719
356	5.81759E5	4.75235E5	4.13546E5	4.01265E5	4.08009E5	4.0201E5	3.47667E5	3.93251E5	1.05658E6	1.4751E5	9.91714E4	3.08673E6	5.88257E6	1.02511E4	4079.71274	2669.57107	1875.5817	1506.87741	1134.73921	876.73881	1027.98627	744.55124
358	5.91747E5	5.09617E5	4.3003E5	4.12451E5	4.18498E5	4.15256E5	3.61669E5	3.33976E5	1.27399E6	1.63703E5	1.08255E5	8.03232E5	9.71174E6	1.61905E4	4695.12747	2822.92118	2013.53501	1396.23376	1334.07004	1253.69596	1082.04775	975.9855
360	6.39879E5	5.21199E5	4.40191E5	4.08673E5	4.24269E5	4.22444E5	3.76348E5	3.25845E5	1.29962E6	1.9023E5	1.17546E5	1.3972E5	1.15989E7	3.47771E4	5402.77109	2694.16797	2201.47856	1458.70116	1332.97342	1204.59216	930.42557	918.76351
362	6.65495E5	5.51327E5	4.57039E5	4.36404E5	4.35468E5	4.3495E5	3.914E5	3.39168E5	1.13413E6	2.45119E5	1.2711E5	9.27038E4	1.04993E7	4.00658E5	6189.88186	3074.82984	2230.97266	1674.03001	1238.95929	1082.42119	959.73807	923.12864
364	6.9543E5	5.91988E5	4.76505E5	4.42094E5	4.4384E5	4.46665E5	4.09989E5	3.54649E5	8.47928E5	3.65648E5	1.41528E5	8.91448E4	7.00925E6	2.05495E6	7189.0079	3304.74226	2380.38043	1695.89273	1207.08674	1069.5213	947.19992	854.68986
366	7.29579E5	5.92167E5	5.07957E5	4.53171E5	4.53985E5	4.57387E5	4.23483E5	3.70638E5	5.92817E5	5.78364E5	1.50608E5	9.35745E4	2.98988E6	5.58134E6	9098.64349	3695.3065	2299.26082	1617.25434	1222.97642	1144.61128	825.10258	921.19532
368	7.50074E5	6.30994E5	5.32471E5	4.68068E5	4.61677E5	4.6527E5	4.45858E5	3.8878E5	4.45056E5	8.26677E5	1.65915E5	1.00722E5	7.90625E5	9.09239E6	1.37013E4	3583.05827	2414.48821	1859.64801	1363.11501	1108.93714	933.95892	846.7981
370	7.86323E5	6.60592E5	5.40519E5	4.7786E5	4.74051E5	4.85519E5	4.612E5	4.12677E5	3.84782E5	1.04966E6	1.79136E5	1.11155E5	1.26617E5	1.07399E7	3.51611E4	4371.63457	2472.5036	1885.44044	1356.33001	1174.52833	1027.21645	1152.76612
372	8.06761E5	6.75103E5	5.70625E5	4.98658E5	4.85095E5	4.96051E5	4.73575E5	4.26891E5	3.77008E5	1.11693E6	2.02582E5	1.21493E5	8.47942E4	9.48454E6	3.87531E5	4878.27944	2601.33323	1988.67954	1387.49486	1068.27379	1074.43578	901.47282
374	8.46669E5	7.08352E5	5.93094E5	5.13008E5	4.97959E5	5.06889E5	4.96743E5	4.48028E5	3.82753E5	1.02581E6	2.47625E5	1.30983E5	7.9571E4	6.06981E6	1.95046E6	5816.55988	2735.58866	1863.86757	1586.36546	1006.11245	1035.20192	958.57507
376	8.80949E5	7.38001E5	6.13088E5	5.26319E5	5.08133E5	5.18743E5	5.04701E5	4.66E5	3.94012E5	8.33142E5	3.32614E5	1.42861E5	8.08726E4	2.54201E6	4.93872E6	7689.72986	3139.12748	1801.02849	1310.9581	1150.72472	933.39977	830.68983
378	8.99451E5	7.61992E5	6.35454E5	5.45343E5	5.20731E5	5.33214E5	5.31162E5	4.85026E5	4.14256E5	6.32979E5	4.78573E5	1.52351E5	8.89464E4	6.13272E5	8.04913E6	1.22305E4	3385.71921	1802.24451	1648.6571	1105.09637	1056.82523	891.24172
380	9.21876E5	8.23818E5	6.57513E5	5.54133E5	5.3293E5	5.47456E5	5.44302E5	5.07997E5	4.30787E5	4.83163E5	6.73873E5	1.6544E5	9.78418E4	1.06567E5	9.40756E6	2.60429E4	3808.08263	1944.54251	1725.59597	1206.3688	995.01609	842.1848
382	9.73147E5	8.40409E5	6.84123E5	5.75316E5	5.53269E5	5.65014E5	5.66656E5	5.2563E5	4.54601E5	4.2153E5	8.58896E5	1.77984E5	1.08891E5	7.774E4	8.37887E6	3.02523E5	4314.78835	2083.94679	1842.14942	1365.75068	1072.33789	1083.19016
384	1.00376E6	8.77923E5	7.18136E5	6.07829E5	5.63172E5	5.82024E5	5.88795E5	5.48607E5	4.76361E5	4.06602E5	9.65354E5	1.98655E5	1.20322E5	7.50159E4	5.53276E6	1.53993E6	5804.76028	2527.50304	1807.79038	1510.98977	1115.70214	960.69498
386	1.05805E6	9.20058E5	7.57203E5	6.23132E5	5.86795E5	5.98891E5	6.02407E5	5.66363E5	4.92441E5	4.12767E5	9.51069E5	2.3034E5	1.28465E5	7.7884E4	2.37293E6	4.17402E6	7622.2733	2760.04114	1678.31459	1503.79379	1075.18225	943.26042
388	1.05459E6	9.51007E5	7.79481E5	6.3614E5	5.98593E5	6.1781E5	6.25405E5	5.92367E5	5.18026E5	4.27096E5	8.33263E5	2.90134E5	1.41334E5	8.58487E4	6.54738E5	6.9765E6	1.17496E4	3135.57123	1916.75139	1592.05784	1108.35663	1173.10795
390	1.13076E6	9.9214E5	8.17181E5	6.56413E5	6.22334E5	6.32774E5	6.37815E5	6.14446E5	5.30062E5	4.38518E5	6.73031E5	3.94824E5	1.52642E5	9.34276E4	1.14493E5	8.54575E6	2.70011E4	3682.97839	1964.56825	1743.43779	1384.74182	909.73089
392	1.11849E6	1.00891E6	8.29086E5	6.89392E5	6.31797E5	6.42688E5	6.55219E5	6.26955E5	5.4611E5	4.5801E5	5.32287E5	5.50008E5	1.68121E5	1.04702E5	7.22521E4	7.86327E6	3.54512E5	4164.8312	2288.99624	1637.3553	1208.6149	985.17788
394	1.22391E6	1.06097E6	8.55445E5	6.93407E5	6.43653E5	6.56057E5	6.71907E5	6.47529E5	5.64116E5	4.73715E5	4.49781E5	7.08624E5	1.8283E5	1.16659E5	6.95523E4	5.47338E6	1.66031E6	5095.30405	2404.01221	1592.35987	1407.15205	1315.7084
396	1.20678E6	1.10916E6	8.8012E5	7.09231E5	6.59394E5	6.70135E5	6.9062E5	6.6507E5	5.8836E5	4.91574E5	4.20244E5	8.34344E5	1.97895E5	1.26617E5	7.17514E4	2.41575E6	4.35524E6	7153.11248	2577.88334	1810.45481	1457.91262	1234.91784
398	1.26966E6	1.10414E6	9.12551E5	7.33401E5	6.6788E5	6.83059E5	7.07989E5	6.7854E5	6.03627E5	5.01149E5	4.22031E5	8.71838E5	2.21732E5	1.38249E5	7.64539E4	6.50857E5	6.94702E6	1.04764E4	2902.22544	1900.52603	1541.42268	1030.96749
400	1.24271E6	1.13369E6	9.40332E5	7.51483E5	6.88847E5	6.95506E5	7.17481E5	6.92747E5	6.21279E5	5.19802E5	4.30123E5	8.08426E5	2.60926E5	1.48624E5	8.44735E4	1.04721E5	8.05595E6	2.11554E4	3154.80507	1964.36684	1525.93126	1242.26987
402	1.28477E6	1.17164E6	9.66848E5	7.77264E5	7.07708E5	7.13752E5	7.34177E5	7.14608E5	6.32431E5	5.433E5	4.46061E5	6.81857E5	3.325E5	1.60785E5	9.28841E4	6.50763E4	6.99997E6	2.48901E5	4220.68099	2169.47073	1417.10924	1355.7647
404	1.36943E6	1.20362E6	9.81592E5	7.99232E5	7.18494E5	7.22178E5	7.46768E5	7.22033E5	6.54945E5	5.55293E5	4.60531E5	5.47336E5	4.46138E5	1.73113E5	1.03386E5	6.33739E4	4.44119E6	1.32985E6	5228.15849	2282.6976	1574.7806	1235.39938
406	1.3884E6	1.2123E6	1.01518E6	8.09229E5	7.32395E5	7.35832E5	7.58877E5	7.39298E5	6.60172E5	5.71984E5	4.7369E5	4.65529E5	5.82961E5	1.86511E5	1.13137E5	6.44502E4	1.86204E6	3.59301E6	6856.72007	2331.3337	1512.83585	1513.70315
408	1.39806E6	1.25269E6	1.03026E6	8.2963E5	7.44072E5	7.48265E5	7.66134E5	7.52656E5	6.77861E5	5.87066E5	4.89952E5	4.26616E5	7.08746E5	2.0134E5	1.19292E5	6.78237E4	4.64419E5	6.08358E6	1.0209E4	2748.71429	1627.01542	1317.15443
410	1.42227E6	1.26665E6	1.07202E6	8.43779E5	7.47897E5	7.51874E5	7.71205E5	7.61419E5	6.9283E5	6.01479E5	5.06205E5	4.18475E5	7.75758E5	2.20583E5	1.30265E5	7.35912E4	8.05396E4	7.30679E6	1.82273E4	3141.76479	1648.68451	1513.74483
412	1.40501E6	1.28613E6	1.0791E6	8.69195E5	7.57711E5	7.60742E5	7.75901E5	7.68874E5	7.02648E5	6.13006E5	5.15992E5	4.23992E5	7.6562E5	2.47352E5	1.4072E5	7.95509E4	5.75201E4	6.55932E6	2.07122E5	3819.74217	1948.52135	1543.45866
414	1.44367E6	1.32432E6	1.09359E6	8.82357E5	7.71172E5	7.65885E5	7.83627E5	7.76211E5	7.10793E5	6.19038E5	5.30684E5	4.32848E5	6.96429E5	2.96704E5	1.48424E5	8.78692E4	5.55169E4	4.34158E6	1.12218E6	4608.69499	1904.01066	1338.05417
416	1.46941E6	1.34814E6	1.11152E6	9.03178E5	7.8707E5	7.69996E5	7.86749E5	7.75713E5	7.17202E5	6.33133E5	5.47132E5	4.48188E5	5.8339E5	3.74721E5	1.63525E5	9.63265E4	5.7422E4	1.88427E6	3.20072E6	6605.32316	2154.07069	1418.29435
418	1.49534E6	1.34964E6	1.13756E6	9.1534E5	7.95312E5	7.80151E5	7.95802E5	7.9216E5	7.23776E5	6.47129E5	5.58904E5	4.60963E5	4.95392E5	4.80728E5	1.72136E5	1.03781E5	5.93395E4	4.88965E5	5.60433E6	9350.43649	2491.77233	1529.31089
420	1.50852E6	1.37017E6	1.17099E6	9.27183E5	8.02964E5	7.84017E5	8.02307E5	7.87892E5	7.36764E5	6.58758E5	5.67117E5	4.72072E5	4.33899E5	5.96852E5	1.82398E5	1.11565E5	6.30423E4	8.08548E4	6.92662E6	1.8956E4	2991.52448	1661.21152
422	1.50115E6	1.39249E6	1.17055E6	9.33268E5	8.09233E5	7.83214E5	8.02476E5	8.00751E5	7.43965E5	6.68569E5	5.82007E5	4.85543E5	4.13822E5	6.8289E5	1.96676E5	1.18352E5	7.06916E4	5.04925E4	6.29188E6	2.34604E5	3399.07203	1592.57121
424	1.51214E6	1.41226E6	1.18935E6	9.62408E5	8.18543E5	7.87956E5	8.05809E5	7.98758E5	7.49446E5	6.71872E5	5.9191E5	4.963E5	4.14176E5	7.10791E5	2.15343E5	1.28091E5	7.5541E4	4.87987E4	4.17156E6	1.1901E6	4484.0337	1675.05375
426	1.56404E6	1.41349E6	1.20016E6	9.79507E5	8.32085E5	7.95816E5	8.04077E5	8.00697E5	7.47507E5	6.8238E5	5.97984E5	5.11682E5	4.205E5	6.71641E5	2.46535E5	1.36242E5	8.39176E4	4.86032E4	1.73915E6	3.31487E6	5695.73221	1859.65241
428	1.53918E6	1.38493E6	1.21758E6	9.79051E5	8.3495E5	7.94074E5	7.98831E5	7.99109E5	7.53326E5	6.86964E5	6.15547E5	5.19852E5	4.30207E5	5.85025E5	2.9988E5	1.46035E5	8.94221E4	5.23997E4	4.20693E5	5.57051E6	8801.28529	2289.6068
430	1.57443E6	1.42622E6	1.22776E6	9.94886E5	8.30085E5	7.98291E5	7.90589E5	7.94226E5	7.55814E5	6.93819E5	6.21519E5	5.26595E5	4.37496E5	4.98757E5	3.7729E5	1.5484E5	9.63705E4	5.65546E4	6.65749E4	6.62168E6	1.83539E4	2686.37423
432	1.56698E6	1.44647E6	1.24517E6	1.01056E6	8.55299E5	7.92655E5	7.95173E5	8.0309E5	7.61034E5	6.99797E5	6.24399E5	5.36972E5	4.46637E5	4.32639E5	4.67368E5	1.63291E5	1.03052E5	6.02955E4	4.53599E4	5.73616E6	2.13143E5	3011.86614
434	1.53287E6	1.44352E6	1.24615E6	1.01791E6	8.55458E5	7.97176E5	8.00053E5	8.00764E5	7.59199E5	7.02419E5	6.35183E5	5.47795E5	4.55074E5	3.97422E5	5.51495E5	1.69671E5	1.11117E5	6.42132E4	4.47445E4	3.55365E6	1.13817E6	3972.41077
436	1.5742E6	1.45193E6	1.25658E6	1.02312E6	8.56243E5	8.04999E5	7.94561E5	7.96509E5	7.6784E5	7.09088E5	6.4321E5	5.5248E5	4.66561E5	3.95531E5	5.92927E5	1.8521E5	1.15237E5	7.11705E4	4.46672E4	1.46022E6	3.02004E6	5218.08357
438	1.51095E6	1.44598E6	1.2623E6	1.03906E6	8.67395E5	7.99941E5	7.95798E5	7.8792E5	7.59839E5	7.12177E5	6.45115E5	5.59755E5	4.73028E5	3.98065E5	5.89907E5	2.01788E5	1.24217E5	7.74143E4	4.68705E4	3.64181E5	5.12468E6	7592.6708
440	1.55249E6	1.44781E6	1.26656E6	1.02876E6	8.58178E5	7.91603E5	7.84649E5	7.88078E5	7.56542E5	7.1136E5	6.48241E5	5.63401E5	4.79424E5	4.04456E5	5.43618E5	2.34707E5	1.30903E5	8.29355E4	4.95185E4	6.00349E4	6.07693E6	1.42633E4
442	1.56454E6	1.45505E6	1.29062E6	1.03972E6	8.70284E5	7.92075E5	7.83657E5	7.76019E5	7.52875E5	7.04364E5	6.48618E5	5.69987E5	4.85578E5	4.09967E5	4.74118E5	2.81195E5	1.38906E5	8.79611E4	5.24078E4	4.23871E4	5.38896E6	1.34505E5
444	1.54918E6	1.47472E6	1.28204E6	1.05647E6	8.71958E5	7.97564E5	7.73699E5	7.81626E5	7.51405E5	7.04764E5	6.50157E5	5.74826E5	4.9348E5	4.12461E5	4.09581E5	3.43311E5	1.46213E5	9.25705E4	5.63332E4	4.11884E4	3.4541E6	7.47535E5
446	1.54382E6	1.46493E6	1.28028E6	1.05937E6	8.74097E5	7.90593E5	7.74978E5	7.70261E5	7.45567E5	7.0699E5	6.55295E5	5.76829E5	4.98515E5	4.19354E5	3.62839E5	4.11294E5	1.50728E5	9.84171E4	6.22071E4	4.14811E4	1.45943E6	2.34495E6
448	1.54761E6	1.43299E6	1.28627E6	1.06073E6	8.73776E5	7.87508E5	7.7137E5	7.68352E5	7.41953E5	7.08715E5	6.60649E5	5.84031E5	5.04281E5	4.25356E5	3.43284E5	4.69744E5	1.58768E5	1.03864E5	6.55669E4	4.37165E4	3.62653E5	4.35808E6
450	1.5271E6	1.44907E6	1.30661E6	1.06919E6	8.85652E5	7.85985E5	7.66611E5	7.61053E5	7.42543E5	7.07835E5	6.58745E5	5.87389E5	5.0894E5	4.35767E5	3.41249E5	5.02179E5	1.72751E5	1.09235E5	7.23735E4	4.45638E4	5.93823E4	5.6388E6
452	1.50899E6	1.41493E6	1.29191E6	1.07118E6	8.88135E5	7.81634E5	7.55846E5	7.46095E5	7.35939E5	7.03011E5	6.54599E5	5.87739E5	5.13484E5	4.39659E5	3.43138E5	4.86584E5	1.92118E5	1.15112E5	7.69527E4	4.79973E4	3.88354E4	5.21214E6
454	1.51483E6	1.4571E6	1.30069E6	1.071E6	8.80936E5	7.82616E5	7.51501E5	7.42927E5	7.29007E5	6.95552E5	6.51224E5	5.88028E5	5.16568E5	4.44599E5	3.43513E5	4.4305E5	2.25504E5	1.2189E5	8.20466E4	5.17243E4	3.73472E4	3.41742E6
456	1.48391E6	1.41819E6	1.27193E6	1.07671E6	8.75749E5	7.75215E5	7.48831E5	7.34805E5	7.22191E5	6.93633E5	6.51572E5	5.90922E5	5.18934E5	4.48294E5	3.48607E5	3.8304E5	2.72612E5	1.26147E5	8.51246E4	5.44567E4	3.67694E4	1.39796E6
458	1.44136E6	1.4101E6	1.26633E6	1.08123E6	8.83495E5	7.74532E5	7.34996E5	7.23929E5	7.07073E5	6.9012E5	6.46312E5	5.89295E5	5.20222E5	4.52149E5	3.51468E5	3.34068E5	3.29115E5	1.31876E5	8.98162E4	5.95301E4	3.92646E4	3.44862E5
460	1.45901E6	1.41256E6	1.26193E6	1.06639E6	8.81758E5	7.70571E5	7.29052E5	7.14558E5	7.06293E5	6.78011E5	6.4132E5	5.86024E5	5.18844E5	4.53392E5	3.58431E5	3.00723E5	3.83071E5	1.38848E5	9.51687E4	6.43389E4	3.94045E4	5.59509E4
462	1.44817E6	1.3984E6	1.28621E6	1.07246E6	8.84757E5	7.64777E5	7.22966E5	7.0992E5	6.98815E5	6.73129E5	6.36704E5	5.82326E5	5.17702E5	4.55466E5	3.55747E5	2.86153E5	4.1715E5	1.45637E5	1.00094E5	6.74033E4	4.25416E4	3.54753E4
464	1.43984E6	1.38408E6	1.2596E6	1.06424E6	8.80431E5	7.57248E5	7.13988E5	7.00884E5	6.83043E5	6.71652E5	6.33058E5	5.7738E5	5.20088E5	4.57229E5	3.63158E5	2.81417E5	4.23836E5	1.58447E5	1.02889E5	7.12108E4	4.50124E4	3.45564E4
466	1.43853E6	1.38417E6	1.26121E6	1.05759E6	8.70845E5	7.5551E5	7.03545E5	6.9089E5	6.76751E5	6.63054E5	6.27046E5	5.75836E5	5.14859E5	4.55699E5	3.61489E5	2.83102E5	3.96278E5	1.77503E5	1.07049E5	7.45354E4	4.76307E4	3.4419E4
468	1.52679E6	1.36595E6	1.24765E6	1.05584E6	8.59112E5	7.45089E5	6.99736E5	6.83162E5	6.70974E5	6.49844E5	6.21866E5	5.70896E5	5.15567E5	4.58842E5	3.67834E5	2.8486E5	3.53099E5	2.06212E5	1.12384E5	7.91207E4	5.05522E4	3.44738E4
470	1.94003E6	1.35651E6	1.22714E6	1.06082E6	8.62215E5	7.48118E5	6.86743E5	6.78171E5	6.59788E5	6.38986E5	6.13595E5	5.69941E5	5.11503E5	4.53143E5	3.68709E5	2.86617E5	3.07924E5	2.4645E5	1.14987E5	8.19809E4	5.46219E4	3.60438E4
472	2.79322E6	1.32574E6	1.23153E6	1.05684E6	8.59015E5	7.45372E5	6.85477E5	6.68987E5	6.49753E5	6.3297E5	6.12619E5	5.63435E5	5.10891E5	4.55139E5	3.68267E5	2.87435E5	2.70189E5	2.89309E5	1.20028E5	8.57403E4	5.91644E4	3.82758E4
474	4.26628E6	1.30392E6	1.21213E6	1.04398E6	8.46682E5	7.35434E5	6.73745E5	6.55526E5	6.45404E5	6.28908E5	5.96901E5	5.55476E5	5.09157E5	4.5804E5	3.68732E5	2.88941E5	2.4772E5	3.31482E5	1.25837E5	9.08658E4	6.16563E4	4.09299E4
476	6.5616E6	1.33599E6	1.20517E6	1.02783E6	8.41479E5	7.31216E5	6.68377E5	6.44145E5	6.31404E5	6.1378E5	5.9493E5	5.49122E5	5.01132E5	4.56627E5	3.71458E5	2.92004E5	2.38067E5	3.57618E5	1.30338E5	9.36964E4	6.44382E4	4.15936E4
478	9.38283E6	1.29953E6	1.18875E6	1.01932E6	8.37044E5	7.24071E5	6.55655E5	6.27242E5	6.20216E5	6.06713E5	5.81693E5	5.45808E5	4.9881E5	4.50178E5	3.71289E5	2.91452E5	2.31311E5	3.56922E5	1.41713E5	9.46233E4	6.82552E4	4.51934E4
480	1.17996E7	1.26181E6	1.17694E6	1.01775E6	8.27083E5	7.12519E5	6.50283E5	6.24835E5	6.09401E5	5.93469E5	5.7503E5	5.34912E5	4.95352E5	4.49642E5	3.66692E5	2.92915E5	2.34311E5	3.31329E5	1.59122E5	9.89398E4	6.87586E4	4.77552E4
482	1.31966E7	1.25578E6	1.15585E6	9.94235E5	8.22207E5	7.07337E5	6.38544E5	6.10152E5	5.96497E5	5.81132E5	5.6495E5	5.28718E5	4.90347E5	4.42352E5	3.66533E5	2.90694E5	2.33621E5	2.9131E5	1.84871E5	1.01213E5	7.22482E4	5.02989E4
484	1.27245E7	1.24263E6	1.15257E6	9.93789E5	8.14475E5	6.97468E5	6.29431E5	5.99796E5	5.88047E5	5.7565E5	5.5387E5	5.22455E5	4.80859E5	4.41403E5	3.63068E5	2.91501E5	2.37019E5	2.50891E5	2.23779E5	1.04153E5	7.59644E4	5.3196E4
486	1.0811E7	1.25303E6	1.12542E6	9.87061E5	8.06909E5	6.86968E5	6.27015E5	5.86565E5	5.77259E5	5.64459E5	5.46753E5	5.14334E5	4.78005E5	4.38813E5	3.62676E5	2.917E5	2.36844E5	2.1969E5	2.59401E5	1.08522E5	7.90579E4	5.66652E4
488	8.11032E6	1.3969E6	1.09953E6	9.61351E5	8.03852E5	6.75535E5	6.10471E5	5.82517E5	5.65889E5	5.52829E5	5.33861E5	5.04645E5	4.68201E5	4.34276E5	3.58599E5	2.87883E5	2.35637E5	2.01276E5	2.87884E5	1.11648E5	8.10465E4	5.79466E4
490	5.22592E6	1.97184E6	1.08679E6	9.5124E5	7.89309E5	6.75883E5	6.01801E5	5.69457E5	5.57778E5	5.37709E5	5.2759E5	4.97737E5	4.64603E5	4.28944E5	3.59065E5	2.88315E5	2.32946E5	1.96407E5	3.0179E5	1.19757E5	8.30226E4	6.04837E4
492	2.88396E6	3.31818E6	1.08065E6	9.46896E5	7.75551E5	6.57668E5	5.91673E5	5.58826E5	5.46245E5	5.35849E5	5.16636E5	4.87938E5	4.59053E5	4.24114E5	3.57103E5	2.90152E5	2.34344E5	1.92287E5	2.97144E5	1.28558E5	8.47273E4	6.23226E4
494	1.68693E6	5.29801E6	1.06096E6	9.31093E5	7.68805E5	6.465E5	5.8162E5	5.50215E5	5.34202E5	5.22779E5	5.09009E5	4.84014E5	4.49911E5	4.2184E5	3.51468E5	2.86862E5	2.35564E5	1.91386E5	2.7686E5	1.45577E5	8.67022E4	6.43501E4
496	1.27545E6	8.21734E6	1.04695E6	9.26377E5	7.60406E5	6.42078E5	5.73827E5	5.40022E5	5.23284E5	5.08723E5	4.97799E5	4.72353E5	4.41836E5	4.10692E5	3.50081E5	2.83832E5	2.35074E5	1.89764E5	2.4101E5	1.69885E5	8.80401E4	6.58582E4
498	1.1979E6	1.11947E7	1.05211E6	9.12201E5	7.43883E5	6.28748E5	5.61496E5	5.30698E5	5.14459E5	5.00545E5	4.85527E5	4.64457E5	4.37511E5	4.05734E5	3.43074E5	2.84829E5	2.33642E5	1.91468E5	2.11184E5	2.01231E5	8.85437E4	6.857E4
500	1.16405E6	1.3664E7	1.0202E6	9.07183E5	7.35643E5	6.2379E5	5.56844E5	5.21525E5	5.04601E5	4.94214E5	4.80893E5	4.54742E5	4.29706E5	4.04175E5	3.43746E5	2.81392E5	2.32707E5	1.92636E5	1.85836E5	2.28842E5	9.25578E4	6.89639E4
502	1.16675E6	1.48886E7	1.00788E6	8.78199E5	7.32794E5	6.20383E5	5.51462E5	5.12629E5	4.9658E5	4.83737E5	4.72435E5	4.47523E5	4.22457E5	3.96805E5	3.34528E5	2.80469E5	2.32189E5	1.88558E5	1.6957E5	2.49215E5	9.60592E4	6.98217E4
504	1.12676E6	1.4149E7	1.006E6	8.71442E5	7.26191E5	6.13447E5	5.39935E5	5.02081E5	4.84798E5	4.73604E5	4.61161E5	4.40017E5	4.16958E5	3.89145E5	3.34344E5	2.76699E5	2.30162E5	1.91601E5	1.6172E5	2.55178E5	1.03125E5	7.1926E4
506	1.1628E6	1.18515E7	9.95494E5	8.49235E5	7.12749E5	5.94213E5	5.31847E5	4.95546E5	4.7099E5	4.61142E5	4.51631E5	4.27365E5	4.09075E5	3.82545E5	3.26583E5	2.73864E5	2.27896E5	1.85857E5	1.57123E5	2.49495E5	1.11612E5	7.3304E4
508	1.13428E6	8.80162E6	1.19641E6	8.46689E5	6.96364E5	5.89232E5	5.22968E5	4.82833E5	4.64587E5	4.54733E5	4.4342E5	4.22363E5	3.98051E5	3.78195E5	3.22361E5	2.70053E5	2.25867E5	1.85315E5	1.55564E5	2.28897E5	1.26107E5	7.4439E4
510	1.12732E6	5.41768E6	1.87562E6	8.32564E5	6.96343E5	5.7617E5	5.08717E5	4.71649E5	4.55206E5	4.42436E5	4.32748E5	4.14281E5	3.95685E5	3.71708E5	3.18031E5	2.65197E5	2.24139E5	1.86827E5	1.55137E5	1.99885E5	1.44412E5	7.61588E4
512	1.26882E6	2.79011E6	3.50837E6	8.11437E5	6.79253E5	5.70012E5	5.0326E5	4.60365E5	4.44119E5	4.35141E5	4.23668E5	4.04747E5	3.89442E5	3.65733E5	3.13269E5	2.64793E5	2.21653E5	1.8526E5	1.54354E5	1.70942E5	1.70795E5	7.5828E4
514	1.41076E6	1.50613E6	5.97669E6	7.96258E5	6.64011E5	5.6556E5	4.95988E5	4.56812E5	4.34879E5	4.23426E5	4.12208E5	3.9656E5	3.74324E5	3.57725E5	3.0807E5	2.58204E5	2.18808E5	1.8258E5	1.52729E5	1.50118E5	1.91552E5	7.77106E4
516	1.68703E6	1.10049E6	9.07072E6	7.94173E5	6.45292E5	5.51755E5	4.80831E5	4.42963E5	4.31296E5	4.15635E5	4.04799E5	3.86935E5	3.68962E5	3.48106E5	3.04784E5	2.53532E5	2.16143E5	1.81411E5	1.51108E5	1.36973E5	2.06039E5	8.21536E4
518	2.03774E6	1.00184E6	1.2377E7	7.68866E5	6.57491E5	5.41024E5	4.68791E5	4.35126E5	4.16834E5	4.01954E5	3.9367E5	3.77472E5	3.65369E5	3.43337E5	2.96144E5	2.51242E5	2.14015E5	1.82512E5	1.524E5	1.31879E5	2.11799E5	8.46411E4
520	2.37908E6	9.58554E5	1.49729E7	7.6639E5	6.39154E5	5.29634E5	4.64495E5	4.24401E5	4.09255E5	3.95598E5	3.87844E5	3.6878E5	3.56372E5	3.34506E5	2.928E5	2.45225E5	2.11273E5	1.76545E5	1.48585E5	1.29229E5	2.02808E5	9.27712E4
522	2.72641E6	9.39733E5	1.58123E7	7.4858E5	6.30236E5	5.20059E5	4.53687E5	4.16465E5	3.95852E5	3.882E5	3.76394E5	3.62388E5	3.52029E5	3.31292E5	2.88124E5	2.43694E5	2.09775E5	1.75316E5	1.5034E5	1.26939E5	1.87324E5	1.04877E5
524	2.98742E6	9.17928E5	1.44841E7	7.41292E5	6.06714E5	5.1151E5	4.47999E5	4.08775E5	3.87077E5	3.78585E5	3.69413E5	3.53339E5	3.41555E5	3.2457E5	2.82234E5	2.406E5	2.04344E5	1.74689E5	1.4802E5	1.26117E5	1.62258E5	1.21712E5
526	2.98879E6	8.96532E5	1.18416E7	7.56504E5	5.98977E5	5.03995E5	4.39236E5	3.9641E5	3.82356E5	3.686E5	3.59807E5	3.44071E5	3.31776E5	3.12449E5	2.76248E5	2.35534E5	2.03397E5	1.71131E5	1.45121E5	1.26045E5	1.40656E5	1.38656E5
528	2.8369E6	8.69057E5	8.42242E6	9.96983E5	5.88823E5	4.9569E5	4.27896E5	3.91554E5	3.69042E5	3.56111E5	3.50886E5	3.38211E5	3.22374E5	3.12035E5	2.70659E5	2.31082E5	1.99299E5	1.68954E5	1.45835E5	1.23124E5	1.22698E5	1.56409E5
530	2.47087E6	8.57047E5	5.05928E6	1.85935E6	5.78257E5	4.83788E5	4.20732E5	3.8374E5	3.62877E5	3.5001E5	3.42664E5	3.23326E5	3.18479E5	3.04488E5	2.65173E5	2.27252E5	1.93977E5	1.66859E5	1.42326E5	1.20504E5	1.10684E5	1.70074E5
532	2.06282E6	8.95537E5	2.53162E6	3.73047E6	5.70913E5	4.76169E5	4.11501E5	3.71461E5	3.51814E5	3.41086E5	3.3391E5	3.2029E5	3.08441E5	2.96775E5	2.55405E5	2.21668E5	1.92176E5	1.65119E5	1.39619E5	1.18643E5	1.04156E5	1.75699E5
534	1.66363E6	9.5506E5	1.22717E6	6.64576E6	5.55839E5	4.59975E5	3.97454E5	3.61755E5	3.43979E5	3.30977E5	3.22734E5	3.12706E5	3.00709E5	2.88972E5	2.50962E5	2.1739E5	1.88581E5	1.60804E5	1.37564E5	1.18331E5	1.01231E5	1.70075E5
536	1.19536E6	1.10797E6	8.54862E5	1.01125E7	5.46779E5	4.55325E5	3.88873E5	3.55349E5	3.36634E5	3.26085E5	3.16506E5	3.01743E5	2.93294E5	2.86469E5	2.46269E5	2.12185E5	1.83455E5	1.57972E5	1.35411E5	1.15659E5	9.66875E4	1.53719E5
538	9.79865E5	1.38963E6	7.94388E5	1.36555E7	5.34854E5	4.45622E5	3.8511E5	3.5157E5	3.27932E5	3.16302E5	3.0859E5	2.96216E5	2.87404E5	2.75917E5	2.39634E5	2.06896E5	1.80055E5	1.56745E5	1.32923E5	1.15693E5	9.87787E4	1.34463E5
540	8.49668E5	1.74435E6	7.39701E5	1.60863E7	5.33241E5	4.2819E5	3.72995E5	3.35806E5	3.20907E5	3.0806E5	2.98992E5	2.89591E5	2.77468E5	2.6406E5	2.36456E5	2.0144E5	1.75164E5	1.54964E5	1.30171E5	1.13883E5	9.63786E4	1.12927E5
542	7.84736E5	2.10486E6	7.26823E5	1.64751E7	5.17025E5	4.24675E5	3.64395E5	3.29751E5	3.10538E5	3.01544E5	2.91842E5	2.79689E5	2.70596E5	2.59832E5	2.30514E5	2.01127E5	1.74892E5	1.48947E5	1.29852E5	1.10021E5	9.44612E4	9.67096E4
544	7.23972E5	2.49199E6	7.09354E5	1.47641E7	5.14835E5	4.10849E5	3.59796E5	3.21364E5	3.02436E5	2.92231E5	2.8312E5	2.73213E5	2.6424E5	2.54111E5	2.22494E5	1.94042E5	1.67456E5	1.48238E5	1.28557E5	1.08342E5	9.22946E4	8.56821E4
546	6.95912E5	2.83186E6	6.82247E5	1.17045E7	5.44824E5	4.01429E5	3.48934E5	3.20038E5	2.936E5	2.84113E5	2.75548E5	2.6736E5	2.57495E5	2.46604E5	2.18213E5	1.88929E5	1.64938E5	1.44773E5	1.23493E5	1.07535E5	8.89769E4	8.07148E4
548	6.93212E5	2.96669E6	6.61752E5	8.07357E6	8.41397E5	4.02442E5	3.42788E5	3.12438E5	2.85356E5	2.7702E5	2.72276E5	2.5538E5	2.49597E5	2.39784E5	2.1438E5	1.83528E5	1.60568E5	1.42577E5	1.23214E5	1.06056E5	8.86919E4	7.74819E4
550	6.52316E5	2.89331E6	6.43325E5	4.74175E6	1.83437E6	3.87717E5	3.37597E5	3.06735E5	2.7879E5	2.72393E5	2.58897E5	2.52027E5	2.41937E5	2.34397E5	2.08944E5	1.78497E5	1.60222E5	1.36834E5	1.18628E5	1.05167E5	8.68553E4	7.65372E4
552	6.54432E5	2.66545E6	6.36455E5	2.23246E6	3.8682E6	3.80891E5	3.28055E5	2.95455E5	2.72853E5	2.6819E5	2.53725E5	2.41382E5	2.34701E5	2.25521E5	1.9964E5	1.77886E5	1.55345E5	1.35997E5	1.17606E5	1.01491E5	8.66826E4	7.48005E4
554	6.27212E5	2.30905E6	6.36709E5	1.01735E6	6.91507E6	3.79171E5	3.18836E5	2.81794E5	2.65771E5	2.5553E5	2.47226E5	2.36589E5	2.28588E5	2.24059E5	1.99817E5	1.70714E5	1.5146E5	1.32015E5	1.15376E5	9.97438E4	8.35212E4	7.33917E4
556	6.03376E5	1.87597E6	6.81082E5	6.63455E5	1.04637E7	3.68011E5	3.10657E5	2.75166E5	2.61806E5	2.4724E5	2.3885E5	2.32948E5	2.22741E5	2.17147E5	1.90489E5	1.6728E5	1.481E5	1.31647E5	1.13524E5	9.72306E4	8.37715E4	7.10277E4
558	5.55504E5	1.41335E6	7.85699E5	6.03278E5	1.40759E7	3.60587E5	3.01975E5	2.71586E5	2.4963E5	2.42349E5	2.33683E5	2.23552E5	2.16853E5	2.10939E5	1.83774E5	1.60088E5	1.42188E5	1.27702E5	1.10123E5	9.66545E4	8.32303E4	7.07548E4
560	5.48906E5	1.04768E6	9.57275E5	5.67888E5	1.65039E7	3.48625E5	2.94579E5	2.63792E5	2.45275E5	2.38254E5	2.26487E5	2.17419E5	2.10634E5	2.03933E5	1.82397E5	1.58898E5	1.4023E5	1.22975E5	1.0798E5	9.41635E4	8.03386E4	6.7511E4
562	5.40002E5	7.80051E5	1.26086E6	5.32371E5	1.69381E7	3.51018E5	2.84868E5	2.54035E5	2.35998E5	2.29156E5	2.20981E5	2.12727E5	2.07275E5	1.96488E5	1.79381E5	1.54529E5	1.37622E5	1.21316E5	1.05278E5	9.40442E4	8.03417E4	6.80638E4
564	5.44035E5	6.22114E5	1.62596E6	5.27219E5	1.51158E7	3.48138E5	2.85768E5	2.49439E5	2.31498E5	2.23717E5	2.1605E5	2.04507E5	2.00513E5	1.93134E5	1.71208E5	1.51694E5	1.33594E5	1.18225E5	1.03581E5	9.03689E4	7.7242E4	6.53826E4
566	5.34259E5	5.61734E5	1.99433E6	5.12733E5	1.19581E7	3.83387E5	2.6989E5	2.45451E5	2.27035E5	2.18614E5	2.09815E5	1.99337E5	1.90947E5	1.88171E5	1.64874E5	1.47679E5	1.29811E5	1.13777E5	1.0138E5	8.89771E4	7.48495E4	6.40864E4
568	5.0203E5	5.29264E5	2.36139E6	5.02619E5	8.06648E6	6.97387E5	2.73018E5	2.40772E5	2.19949E5	2.08932E5	2.06046E5	1.94932E5	1.88246E5	1.85222E5	1.61334E5	1.42517E5	1.27034E5	1.10124E5	9.67255E4	8.85297E4	7.35437E4	6.23036E4
570	5.10194E5	5.12651E5	2.62793E6	4.83389E5	4.53755E6	1.77724E6	2.64908E5	2.30213E5	2.18614E5	2.05059E5	1.96564E5	1.85647E5	1.81864E5	1.78605E5	1.57373E5	1.37131E5	1.22353E5	1.05787E5	9.58651E4	8.40385E4	7.09903E4	6.15123E4
572	4.87455E5	4.9629E5	2.71253E6	4.75046E5	2.01224E6	3.94383E6	2.56791E5	2.24591E5	2.0746E5	1.99996E5	1.94925E5	1.83449E5	1.75627E5	1.72337E5	1.51975E5	1.33937E5	1.19324E5	1.05856E5	9.51178E4	8.25547E4	7.19996E4	6.12631E4
574	4.90365E5	4.66207E5	2.56781E6	4.65117E5	8.23239E5	7.14054E6	2.51326E5	2.21261E5	2.06328E5	1.90748E5	1.83386E5	1.80129E5	1.69363E5	1.664E5	1.46003E5	1.29432E5	1.18213E5	1.03578E5	9.01868E4	7.92218E4	6.79811E4	5.79225E4
576	4.71737E5	4.42693E5	2.32413E6	4.59412E5	5.08533E5	1.07518E7	2.50151E5	2.17367E5	1.95554E5	1.86011E5	1.82539E5	1.72676E5	1.6594E5	1.61197E5	1.41777E5	1.26299E5	1.1249E5	1.01322E5	8.81686E4	7.90502E4	6.84889E4	5.71692E4
578	4.9287E5	4.413E5	1.92495E6	4.82084E5	4.5682E5	1.41264E7	2.40339E5	2.0834E5	1.93125E5	1.81087E5	1.73541E5	1.70094E5	1.6281E5	1.57577E5	1.36528E5	1.2317E5	1.08184E5	9.75833E4	8.71838E4	7.56589E4	6.53634E4	5.66344E4
580	4.36334E5	4.43512E5	1.52994E6	5.11647E5	4.29569E5	1.6385E7	2.36569E5	2.00164E5	1.88051E5	1.71863E5	1.6708E5	1.61706E5	1.55445E5	1.51275E5	1.36684E5	1.20343E5	1.06829E5	9.42392E4	8.41511E4	7.55322E4	6.38695E4	5.39754E4
582	4.54834E5	4.26536E5	1.12725E6	6.54948E5	4.14695E5	1.65897E7	2.38603E5	2.00546E5	1.81774E5	1.70447E5	1.64175E5	1.5543E5	1.49667E5	1.47347E5	1.30436E5	1.16989E5	1.04323E5	9.28386E4	8.10684E4	7.17939E4	6.13479E4	5.42334E4
584	4.3799E5	3.9831E5	8.06049E5	8.32811E5	4.10067E5	1.46186E7	2.38538E5	1.94687E5	1.77333E5	1.66548E5	1.63044E5	1.52053E5	1.48412E5	1.43199E5	1.29455E5	1.10826E5	1.01739E5	9.0312E4	7.8493E4	6.99654E4	6.08487E4	5.36768E4
586	4.35566E5	4.00291E5	6.16637E5	1.10317E6	4.06577E5	1.12621E7	2.73003E5	1.90071E5	1.7059E5	1.59507E5	1.5524E5	1.45332E5	1.42189E5	1.39407E5	1.24107E5	1.09493E5	9.73908E4	8.76146E4	7.88525E4	6.8616E4	5.96935E4	5.09093E4
588	4.24963E5	3.97598E5	4.90333E5	1.45816E6	3.99685E5	7.44528E6	5.72051E5	1.82744E5	1.64036E5	1.58555E5	1.49662E5	1.45265E5	1.37574E5	1.30558E5	1.20289E5	1.05638E5	9.54259E4	8.52975E4	7.54133E4	6.51773E4	5.80412E4	4.98636E4
590	4.16599E5	3.69598E5	4.36863E5	1.78939E6	3.94264E5	3.9115E6	1.71534E6	1.76566E5	1.6104E5	1.53094E5	1.44937E5	1.37071E5	1.34317E5	1.27976E5	1.1547E5	1.02078E5	9.12638E4	8.11741E4	7.22808E4	6.3578E4	5.53557E4	4.90904E4
592	3.89211E5	3.87173E5	4.07259E5	2.11391E6	3.8336E5	1.59469E6	4.03906E6	1.76401E5	1.56315E5	1.46126E5	1.40299E5	1.33429E5	1.30492E5	1.23397E5	1.1035E5	9.79053E4	9.04911E4	8.10902E4	7.10385E4	6.26812E4	5.44951E4	4.77306E4
594	3.91948E5	3.69393E5	3.89446E5	2.30981E6	3.8896E5	6.16368E5	7.28953E6	1.72437E5	1.53103E5	1.44467E5	1.36767E5	1.30798E5	1.26925E5	1.2243E5	1.08467E5	9.4295E4	8.58717E4	7.6442E4	6.8326E4	5.95195E4	5.26425E4	4.46838E4
596	3.55474E5	3.79395E5	3.82381E5	2.37857E6	3.86719E5	3.71885E5	1.10108E7	1.68508E5	1.49195E5	1.36079E5	1.3156E5	1.23648E5	1.21277E5	1.20281E5	1.05266E5	9.52198E4	8.31799E4	7.65192E4	6.6457E4	6.02689E4	5.2421E4	4.44657E4
598	4.20814E5	3.71702E5	3.63397E5	2.24401E6	3.85292E5	3.41587E5	1.43018E7	1.66149E5	1.44133E5	1.33368E5	1.23608E5	1.24163E5	1.18807E5	1.14408E5	1.00075E5	8.86396E4	8.1922E4	7.10667E4	6.49491E4	5.79044E4	5.06735E4	4.24632E4
600	3.79457E5	3.78007E5	3.68764E5	2.04911E6	3.88555E5	3.21513E5	1.63604E7	1.61592E5	1.43218E5	1.3172E5	1.25122E5	1.19439E5	1.13114E5	1.1138E5	9.90717E4	8.79854E4	7.81503E4	7.01517E4	6.41485E4	5.73437E4	4.89718E4	4.19064E4
