300	6.72511E4	4.97039E4	5.72613E4	2.73039E6	2.09175E5	1.6155E5	1.16211E7	3.67708E4	5909.52612	3446.60794	2022.78194	1310.65741	1676.52585	1110.51645	1034.83089	1100.747	724.84721	718.24404	542.97172	721.9593	633.97473	328.85354
302	4.6111E4	4.90097E4	4.71316E4	1.7584E6	5.37815E5	1.08216E5	1.01024E7	4.33756E5	5801.76966	3671.91684	2644.17855	1834.23849	1555.66725	1468.69138	805.70109	880.62778	558.72659	757.59449	835.33369	682.92472	708.42845	727.33135
304	5.68743E4	4.48324E4	4.07723E4	9.01658E5	1.13764E6	9.07545E4	6.33327E6	1.93122E6	7152.77856	3845.29812	2786.37653	1750.93779	1443.90973	1089.56909	822.85999	727.88714	525.26383	953.22535	519.40778	567.4856	476.14644	719.49924
306	5.64505E4	5.33714E4	3.92095E4	3.73189E5	1.94838E6	8.02438E4	2.71821E6	5.06669E6	9119.79359	4259.89795	2162.51932	1538.28733	1814.3682	953.52756	714.02052	909.84626	649.09841	768.61638	790.49809	741.82677	541.02084	521.48005
308	5.52736E4	4.61377E4	3.62353E4	1.36513E5	2.63653E6	7.83042E4	7.26441E5	8.89736E6	1.34625E4	4024.12596	2823.9196	1752.5478	1250.88173	1221.0666	850.65721	850.89728	920.83649	835.56105	581.93856	762.43035	593.2137	435.91456
310	5.18923E4	4.3763E4	4.2253E4	6.46348E4	2.81511E6	8.71017E4	1.5001E5	1.09259E7	3.43558E4	4463.0887	3207.86561	1732.34414	1288.55485	1247.66195	903.09625	781.90045	685.23582	700.66174	680.88172	758.26988	725.19959	615.2785
312	4.28137E4	3.56745E4	3.85299E4	5.14298E4	2.39376E6	1.62852E5	9.33908E4	9.53171E6	3.85877E5	5872.00808	3100.83212	1996.11544	1203.07718	1319.33909	1032.42056	850.40256	643.14054	794.84613	530.62203	568.39501	702.71402	429.25336
314	4.89761E4	3.68591E4	3.98148E4	4.04978E4	1.5537E6	4.24626E5	8.10993E4	5.78999E6	1.89055E6	6352.95689	3121.52055	2274.98483	1576.91417	980.61694	836.79379	997.31749	755.99816	819.02777	578.73437	566.93348	510.92688	492.95543
316	4.46768E4	3.68088E4	3.6051E4	3.56304E4	8.03108E5	9.18171E5	7.03146E4	2.39281E6	4.78386E6	7740.72361	3522.56777	1939.33847	1570.47866	1272.96016	1183.87991	858.49347	638.45612	783.73777	654.77191	337.13367	414.77499	545.18631
318	5.87083E4	4.10474E4	3.48798E4	3.02653E4	3.2855E5	1.59583E6	6.55268E4	6.33453E5	7.92316E6	1.24246E4	3656.53221	2567.34586	1668.14259	1327.14476	910.42619	725.02856	858.80985	816.0993	511.75113	575.74625	530.77961	353.83845
320	6.03264E4	3.31093E4	3.59211E4	3.12864E4	1.16194E5	2.17117E6	5.63493E4	1.24123E5	9.34826E6	3.0866E4	3186.14483	2031.79939	1875.69774	1270.19937	803.06343	760.11175	752.31515	764.35469	712.50712	526.95946	483.71471	576.82161
322	4.86509E4	2.99352E4	2.91619E4	3.03199E4	5.68123E4	2.3131E6	6.35218E4	7.44715E4	7.89277E6	3.20621E5	4205.83055	2053.34876	1924.92261	1246.23854	1050.68274	1059.5529	802.04205	638.2422	630.37061	465.76229	298.08045	603.20561
324	5.38831E4	3.13135E4	3.01933E4	2.54906E4	3.66139E4	1.96851E6	1.23324E5	6.35256E4	4.73354E6	1.45203E6	5045.9502	2346.97114	1828.56118	1158.69645	1033.2845	646.33547	702.80347	749.06955	509.58553	544.26287	687.02743	465.26234
326	3.98802E4	3.19333E4	2.59739E4	2.74664E4	3.08991E4	1.34919E6	3.02328E5	5.76533E4	1.93211E6	3.76452E6	7150.45503	2826.11473	1862.73218	1307.32947	779.3115	784.84943	670.2543	774.43618	328.5211	541.20923	378.51318	384.50025
328	5.44664E4	2.83481E4	2.58362E4	2.93662E4	2.53472E4	7.48951E5	6.66935E5	5.22003E4	5.33417E5	6.36158E6	9257.73286	2848.11451	1917.56944	1328.75354	1090.14058	781.64924	536.40418	638.15039	624.30887	568.54285	491.25237	432.74008
330	5.26906E4	3.04013E4	2.31908E4	2.70358E4	2.24213E4	3.21296E5	1.17988E6	4.50132E4	1.03064E5	7.74625E6	2.39445E4	3055.09441	2116.87612	1287.46824	1162.90337	855.09402	739.46719	710.89715	663.06929	628.57016	409.27427	364.83968
332	5.74107E4	2.93946E4	2.10627E4	2.52438E4	2.11257E4	1.23418E5	1.67246E6	4.16094E4	6.2064E4	6.80453E6	2.47271E5	3184.21791	1481.76992	1747.89985	1044.57923	790.61694	839.15577	789.33144	535.11074	561.53744	291.99389	325.45726
334	4.48827E4	2.96343E4	2.15425E4	2.47316E4	2.00567E4	4.91444E4	1.87211E6	4.40162E4	5.02439E4	4.34417E6	1.15958E6	4074.05591	2030.62818	1247.76379	1096.00661	852.52716	577.96312	728.21837	621.70911	621.06652	546.61142	483.60224
336	4.2479E4	2.86262E4	2.16554E4	2.25199E4	1.89264E4	2.97762E4	1.69032E6	7.89637E4	4.65512E4	1.85387E6	3.09421E6	5070.65673	2149.64019	1403.10078	1037.43172	823.25217	564.09369	583.12047	500.96622	445.99551	417.31394	536.33645
338	4.25197E4	2.50184E4	2.01174E4	2.08897E4	1.87929E4	2.2873E4	1.24048E6	1.97063E5	4.45495E4	5.43782E5	5.23859E6	7070.61867	2005.60993	1372.97184	1324.10287	767.61673	493.73664	487.52629	617.50087	632.23429	469.69349	414.09515
340	3.64272E4	2.5568E4	1.78203E4	2.07011E4	1.83776E4	1.90569E4	7.1584E5	4.65646E5	3.91912E4	1.00622E5	6.38918E6	1.92321E4	2603.64711	1599.20055	820.55081	589.90071	627.00749	617.12541	464.60932	518.37369	458.83785	364.03763
342	3.5917E4	2.89507E4	1.99814E4	1.82419E4	1.85247E4	1.68928E4	3.40645E5	8.46448E5	3.3637E4	5.43418E4	5.59016E6	1.92996E5	3044.75055	1889.94009	1244.31764	827.19534	617.16065	762.59555	417.49436	371.0896	411.01596	440.36652
344	4.34029E4	2.73E4	1.8929E4	1.77278E4	1.81703E4	1.59225E4	1.24638E5	1.26924E6	3.06336E4	4.2236E4	3.40708E6	9.99404E5	3043.75194	2014.41614	924.80393	841.91135	791.39245	604.40003	454.03133	476.13464	448.49448	332.01142
346	3.98271E4	3.12656E4	2.09223E4	1.75153E4	1.97485E4	1.46083E4	5.16508E4	1.48712E6	3.09203E4	3.71932E4	1.42317E6	2.58468E6	4264.06648	1742.93697	1224.14791	840.37246	531.6059	594.61009	448.98442	400.74233	539.75925	398.10148
348	4.80695E4	3.11681E4	2.06328E4	1.73038E4	1.92635E4	1.35162E4	2.61974E4	1.39647E6	5.64053E4	3.53299E4	3.62176E5	4.41547E6	6323.4501	1837.11411	1031.33723	984.74022	523.9045	519.95129	429.95097	301.20789	385.63379	405.58043
350	4.52995E4	2.96534E4	1.97682E4	1.5893E4	1.64131E4	1.2646E4	1.80046E4	1.08699E6	1.351E5	3.21404E4	7.62887E4	5.21804E6	1.47933E4	2080.42208	1018.10631	890.60599	573.81405	444.03925	481.76856	333.04551	303.92038	389.74967
352	3.38158E4	2.27941E4	1.84613E4	1.53061E4	1.50884E4	1.31386E4	1.3036E4	6.58303E5	3.24053E5	2.83396E4	4.22274E4	4.45708E6	1.62203E5	2452.65462	1297.60326	867.03609	624.94603	474.6636	556.53099	461.1652	478.56215	326.82358
354	3.93214E4	2.87439E4	1.53972E4	1.52212E4	1.5344E4	1.35358E4	1.16279E4	3.3241E5	5.98747E5	2.52191E4	3.37636E4	2.75253E6	7.6774E5	2906.7633	1274.39782	938.77623	488.57289	515.51061	480.24106	277.25258	429.15853	346.38788
356	3.59958E4	2.45702E4	1.99005E4	1.50577E4	1.43E4	1.32155E4	9310.45262	1.37371E5	9.03509E5	2.33318E4	3.00405E4	1.14202E6	2.08854E6	3663.76112	1298.30186	805.59374	540.75578	433.17123	410.41292	344.83361	520.03592	223.03553
358	3.42868E4	2.17419E4	1.75614E4	1.48302E4	1.38794E4	1.31934E4	9054.37461	5.69616E4	1.11878E6	2.24293E4	2.82198E4	3.09172E5	3.63194E6	5517.09705	1489.69412	1047.52072	737.10583	580.63512	206.32926	453.18813	410.40073	272.85775
360	3.62917E4	2.55348E4	1.71281E4	1.3868E4	1.24729E4	1.38263E4	8253.88837	2.62705E4	1.11701E6	3.36303E4	2.70086E4	6.49381E4	4.45501E6	1.29846E4	1540.50714	852.37797	779.14897	794.59972	258.97187	325.36693	269.75982	267.43115
362	3.72971E4	2.73153E4	1.67511E4	1.50249E4	1.27577E4	1.35417E4	7760.19825	1.71494E4	9.22624E5	7.55703E4	2.51059E4	3.77889E4	3.98403E6	1.31732E5	1899.75511	1042.55909	743.89665	631.04008	393.18017	442.81507	384.4165	308.88918
364	4.30143E4	2.95975E4	1.53068E4	1.39109E4	1.22832E4	1.34614E4	7544.998	1.21459E4	6.2007E5	1.8337E5	2.20322E4	2.87894E4	2.56351E6	6.61487E5	2418.00453	994.67174	816.34173	618.99825	386.23355	376.73847	437.44672	201.8727
366	3.96633E4	2.71785E4	1.75258E4	1.2714E4	1.25663E4	1.21206E4	7682.96969	8935.91285	3.25687E5	3.77247E5	1.9292E4	2.48609E4	1.06773E6	1.87807E6	2879.78744	1029.48935	562.40095	619.30233	454.65715	460.87053	354.39361	223.29586
368	3.5393E4	2.24838E4	1.52255E4	1.34767E4	1.12828E4	1.10612E4	7192.1324	7719.95598	1.45479E5	6.23171E5	1.79032E4	2.2813E4	3.0015E5	3.21994E6	4901.39652	1329.19817	851.25604	660.63085	368.47381	436.5265	380.64414	170.82498
370	3.13943E4	2.29939E4	1.64369E4	1.32272E4	1.14952E4	1.00838E4	7762.53204	7884.23346	5.81794E4	8.32897E5	1.77558E4	2.22619E4	5.87531E4	3.92177E6	1.17355E4	1389.43123	844.33294	771.21867	415.49492	305.14536	327.38846	259.67128
372	3.60739E4	2.24022E4	1.41298E4	1.18403E4	1.13351E4	9469.60926	8169.68285	6711.42717	2.72416E4	8.92965E5	2.37872E4	2.1255E4	3.37659E4	3.39714E6	1.16619E5	1422.18206	785.35235	568.78268	449.04369	390.97781	326.84216	260.36242
374	4.60206E4	2.42275E4	1.38535E4	1.2455E4	1.08092E4	8609.75041	8450.05061	5686.13443	1.65188E4	7.80655E5	5.34003E4	1.89955E4	2.427E4	2.07076E6	5.85533E5	1783.75121	777.13235	555.19519	442.04702	353.29479	280.67681	255.93417
376	2.72538E4	2.10789E4	1.29976E4	1.24003E4	1.12423E4	8376.26493	8599.19521	5619.26682	1.15088E4	5.71476E5	1.25164E5	1.66084E4	2.09861E4	8.49488E5	1.55482E6	2494.58272	799.15224	778.75461	484.06629	343.01673	245.97982	298.00879
378	3.03911E4	2.26827E4	1.22427E4	1.10365E4	1.08735E4	8263.67893	8718.42733	5960.18633	8544.13859	3.34606E5	2.63418E5	1.5203E4	1.85548E4	2.19635E5	2.68768E6	4010.02519	1068.30007	736.76832	444.51002	286.62395	392.47635	239.84338
380	3.2852E4	2.14677E4	1.1939E4	1.09325E4	9233.32642	7969.32617	8136.31876	5361.2261	7672.34732	1.6507E5	4.47464E5	1.38769E4	1.88099E4	4.78763E4	3.24651E6	9371.36801	922.01694	715.89153	438.41866	414.64121	273.93741	191.91297
382	3.73432E4	2.39025E4	1.17437E4	9358.84659	9304.75655	8055.88835	7255.82942	5826.78461	7148.28511	7.22267E4	6.17053E5	1.34611E4	1.85473E4	3.01933E4	2.88144E6	8.80652E4	1284.10068	771.84762	572.70826	317.68604	322.56541	138.01443
384	3.60527E4	2.34122E4	1.27982E4	1.1246E4	1.01715E4	8079.286	6981.37042	5567.45789	6198.90587	3.33048E4	7.18125E5	1.64461E4	1.72872E4	2.32938E4	1.83509E6	4.47235E5	1525.61555	942.64636	474.96422	432.85315	297.1938	208.96394
386	3.41158E4	2.34975E4	1.18325E4	1.06717E4	9847.25742	7384.4882	6467.54863	6207.2978	5994.83897	1.87059E4	6.8852E5	3.29667E4	1.52729E4	1.85872E4	7.76345E5	1.29438E6	2201.98449	1001.65884	580.54273	296.55151	283.07772	254.03414
388	4.10836E4	2.30946E4	1.05326E4	9937.71774	8850.71624	7891.34821	6345.43935	5888.10128	5374.49071	1.32591E4	5.53144E5	7.7001E4	1.38116E4	1.67156E4	2.21546E5	2.32424E6	3341.94347	1008.98453	500.95202	550.37294	313.53201	303.97034
390	3.80695E4	2.44714E4	1.14026E4	9875.53576	8496.83722	8722.37376	6502.73029	6255.78473	5419.0186	9485.39092	3.64531E5	1.70981E5	1.28962E4	1.61302E4	4.64174E4	2.97947E6	8094.35289	1233.73723	609.05967	430.85415	383.39342	286.73189
392	3.34712E4	2.89512E4	1.13353E4	1.04558E4	8151.52434	8195.14808	5711.93504	6907.50774	5700.69715	7917.85741	1.9599E5	3.11879E5	1.18993E4	1.68782E4	2.62587E4	2.70157E6	8.89542E4	1615.08021	574.47392	541.62048	407.30475	272.53533
394	3.79426E4	2.89129E4	1.18904E4	9635.64558	8086.03823	7251.21438	6087.6849	6582.19165	4666.37251	6896.70145	9.30482E4	4.61603E5	1.08589E4	1.64858E4	2.04282E4	1.78212E6	4.25813E5	2042.1541	519.48407	510.14163	347.47843	195.99747
396	4.22977E4	3.33605E4	1.21047E4	1.03498E4	8658.28213	7535.8077	5913.65149	6485.67284	5604.06063	5857.09905	4.09478E4	5.77924E5	1.22814E4	1.48114E4	1.6736E4	7.5704E5	1.20219E6	2747.6379	646.7245	608.84919	386.07305	123.96144
398	4.28168E4	3.58102E4	1.18584E4	9568.34821	8590.21824	7780.9226	5542.67099	6629.99241	5429.40264	5857.91371	2.12628E4	5.9745E5	1.95951E4	1.32752E4	1.37028E4	2.10701E5	2.08974E6	4410.8654	678.30228	531.07161	364.78587	225.97131
400	4.28208E4	3.59424E4	1.12213E4	9415.7482	8061.57993	6803.84183	6077.24902	5929.49575	5013.6785	5576.57208	1.40344E4	5.14522E5	4.47998E4	1.18045E4	1.3043E4	4.23475E4	2.54562E6	9053.48831	818.75114	539.52216	358.66753	260.42443
402	3.98996E4	3.97443E4	1.13389E4	8955.31405	7424.4015	7163.24139	6086.06802	5451.47684	5725.524	5388.26721	1.03514E4	3.66783E5	1.02363E5	1.03466E4	1.33344E4	2.34661E4	2.19675E6	9.81673E4	934.02501	543.55355	516.90148	220.11998
404	4.13543E4	3.7436E4	1.20806E4	8901.09411	7848.16605	6452.0506	5771.27042	5335.88427	5464.49823	5592.99471	8099.61067	2.12931E5	2.03645E5	1.00779E4	1.32405E4	1.84087E4	1.33967E6	6.36153E5	1347.71223	456.2467	380.68183	346.8064
406	4.1734E4	3.88144E4	1.08378E4	8662.64304	8164.22408	6984.20591	5331.41434	5304.00613	5864.92372	5018.19087	6735.76445	1.08139E5	3.27504E5	9884.46433	1.2829E4	1.45046E4	5.46449E5	1.91035E6	1677.03903	523.56106	368.61851	353.88572
408	3.87622E4	4.00755E4	1.08038E4	8046.90136	7524.03391	6530.80084	5677.22124	5258.02327	6204.55344	5080.65278	6245.81164	4.97804E4	4.44028E5	9074.519	1.12676E4	1.20164E4	1.45409E5	3.31991E6	2860.19083	599.7127	372.35142	343.48795
410	3.86055E4	4.07263E4	1.18441E4	8074.14771	7166.7967	6419.27467	4933.62404	4757.31546	5790.48147	5014.03132	5927.8759	2.41732E4	5.0031E5	1.41397E4	1.01926E4	1.10391E4	3.06565E4	3.79789E6	6060.81216	796.9854	487.94492	220.16957
412	5.21482E4	4.22788E4	1.03828E4	8404.40026	7034.1525	6220.8384	5444.57103	5241.52962	5970.57019	4953.27541	5657.0306	1.54124E4	4.71291E5	2.98353E4	9390.15236	1.09463E4	1.90048E4	3.06418E6	5.70574E4	896.74504	483.00317	306.27645
414	4.48809E4	4.47231E4	1.26814E4	8082.1421	6794.61373	6450.67094	4972.59303	4980.68824	5668.84948	5305.05512	5428.52483	1.13094E4	3.82832E5	6.62751E4	8890.28363	1.09689E4	1.49927E4	1.70388E6	2.98261E5	1160.80392	484.72549	278.89011
416	4.8388E4	4.36609E4	1.17888E4	8219.57794	7611.49384	5482.03268	5318.82996	4898.50927	5405.28675	4857.09192	5260.93406	9313.78509	2.55942E5	1.33357E5	8459.60345	1.10948E4	1.23119E4	6.01909E5	8.67137E5	1599.21142	531.91885	278.44916
418	4.25288E4	4.29451E4	1.1433E4	8525.21237	7809.70663	5735.95952	5132.12361	5088.19684	5591.26977	4737.77012	5167.05846	7716.10427	1.46249E5	2.30641E5	6868.31161	1.05489E4	1.05073E4	1.51115E5	1.59957E6	2653.27054	642.72371	333.80334
420	4.00614E4	4.13746E4	1.04742E4	8171.95567	6872.89437	6204.26292	5072.33308	4731.0316	4448.75738	5295.46921	4842.7801	6647.50199	7.0336E4	3.30607E5	6719.13039	9039.33032	8624.54478	3.26557E4	2.03405E6	5629.64523	801.69256	312.19926
422	4.08311E4	4.18279E4	1.27077E4	8775.24842	7135.23451	5367.77198	4869.95146	4779.22681	4542.12646	5422.77352	5211.53836	6054.62095	3.31345E4	4.08714E5	9057.7162	8169.81636	8205.77151	1.8241E4	1.81651E6	6.13516E4	875.97437	371.51526
424	4.65906E4	4.49639E4	1.25043E4	7354.40381	6847.43972	5615.84945	4597.8993	4817.83732	4527.05867	5011.84757	5060.89783	5900.83918	1.82166E4	4.22319E5	1.62178E4	7562.02488	8377.7884	1.47804E4	1.17318E6	2.98036E5	1040.82622	410.00406
426	3.91591E4	4.86048E4	1.2803E4	7139.73967	7125.63942	6039.05655	4680.48217	4805.4136	4457.73216	5426.4809	5060.32781	6320.69832	1.26973E4	3.6737E5	3.75462E4	7118.1446	8946.82782	1.17824E4	4.81228E5	8.50518E5	1494.6896	483.01282
428	3.92136E4	5.30487E4	1.22899E4	7395.5493	6999.978	5743.44061	4477.7768	4432.7999	4728.09419	5660.71595	5289.88781	6002.38268	9630.90461	2.67103E5	7.97196E4	6594.01876	8601.27535	9605.1734	1.24673E5	1.50354E6	2352.41921	439.73957
430	4.46585E4	5.14235E4	1.27543E4	7701.42296	7044.77633	5464.4122	4837.9319	4631.16218	4557.49852	5696.2861	5803.88494	6212.12651	7597.40215	1.6387E5	1.45635E5	5780.98865	7979.95445	8340.71123	2.58837E4	1.80627E6	5813.96693	547.5433
432	5.35098E4	4.95647E4	1.29025E4	7505.81057	6374.75018	5451.61276	4774.78768	4164.05322	4208.81515	5484.69192	5387.12897	6212.73025	6082.80585	8.62976E4	2.30244E5	5118.31141	7048.74942	7595.75407	1.57385E4	1.5372E6	5.60082E4	703.82941
434	4.71289E4	4.927E4	1.26399E4	7720.89733	6090.6481	5758.05739	4689.61235	4489.4231	4366.1553	5374.97109	5992.35513	6765.99087	5428.69273	4.08751E4	3.04828E5	6467.18884	6306.18607	7607.04082	1.2735E4	9.19706E5	2.80743E5	1022.10749
436	3.4623E4	5.8473E4	1.42756E4	7821.27636	6419.35486	4914.65156	4423.44428	4012.29776	4571.47958	5201.86589	6339.34182	6472.78456	5653.34158	2.15799E4	3.40328E5	9341.61875	5936.72686	7811.0031	1.02025E4	3.82268E5	7.44591E5	1473.88451
438	4.65658E4	6.04102E4	1.35443E4	7845.06992	5822.41889	5675.56027	5049.74439	4250.11773	4321.96961	5372.62485	6317.06011	7078.94918	5402.42737	1.32857E4	3.26538E5	1.93198E4	6158.91924	8086.96836	8813.07799	1.05634E5	1.29502E6	1914.14293
440	3.98873E4	5.35281E4	1.31228E4	7983.1182	6435.2049	5792.64574	4952.35996	4633.06911	4785.99281	5027.47267	6628.55254	6937.01599	5006.03816	1.05606E4	2.70475E5	4.28238E4	5473.32236	7743.80353	7116.23677	2.2832E4	1.60613E6	4229.29966
442	4.26018E4	6.0473E4	1.38963E4	8317.2427	6059.50122	5955.43849	4795.73695	4419.43973	4456.04309	5168.84727	7067.39559	7534.41874	5268.50099	7849.58775	1.9299E5	8.09132E4	5038.7064	7305.33085	6518.20017	1.41887E4	1.41629E6	3.28713E4
444	4.43773E4	5.85661E4	1.39275E4	7287.43188	6056.06181	5170.85206	4703.85919	4392.34559	4636.60956	5392.02861	6986.15791	7975.50966	5323.80922	6240.99899	1.14753E5	1.37583E5	4579.672	5908.90275	6492.892	1.14285E4	8.9843E5	1.80098E5
446	4.02068E4	5.87512E4	1.3664E4	7019.22096	6139.92939	5506.86904	4810.23598	4205.20854	4377.66416	5227.69044	7365.86556	8245.03223	5481.73623	4821.41202	5.97563E4	2.03547E5	4367.60713	6061.19813	6331.879	9203.00674	3.77391E5	5.72037E5
448	4.33212E4	6.20525E4	1.61949E4	6658.37403	6122.43979	5463.25569	4810.22105	4223.75943	4703.20469	5368.26251	6902.48227	7837.31782	4834.83098	4250.89918	2.90789E4	2.5538E5	6575.07731	5721.23456	6339.57871	7716.48093	1.02206E5	1.10276E6
450	5.58933E4	6.02393E4	1.4752E4	7409.17174	6559.97856	5020.65222	4686.00228	4633.07676	4286.64507	5011.01812	6867.39143	8545.81011	5191.81929	4031.6372	1.53806E4	2.77358E5	1.1867E4	5878.523	6642.53356	6487.13157	2.12419E4	1.44558E6
452	3.80143E4	6.01535E4	1.42214E4	7109.14716	6074.31659	5083.35808	4842.96207	4270.01356	4610.71927	5071.02594	6643.24214	9031.15771	5250.16657	4008.76292	1.04912E4	2.58912E5	2.61325E4	5026.579	6711.26534	5681.43739	1.27574E4	1.31438E6
454	4.10168E4	6.60992E4	1.67528E4	6160.80689	5664.75999	5618.6513	4952.50447	4205.39912	4700.5144	5489.54686	6602.96061	8531.26116	5134.32983	3663.33921	8261.92463	2.05842E5	5.32509E4	4504.96619	5618.08759	5593.25971	1.05285E4	8.31687E5
456	4.74432E4	6.58197E4	1.5425E4	7051.77201	5858.80091	5065.39633	4544.23669	4383.86896	4383.84817	5189.1439	6627.7131	8646.29132	5127.14278	3329.9553	6108.0746	1.3796E5	9.53549E4	4266.40104	5120.35639	5178.07392	8921.50766	3.41399E5
458	3.82027E4	5.93342E4	1.44231E4	6579.67567	5778.21719	4911.92782	4236.76961	4488.22329	4322.64241	5039.78182	6625.41784	8926.92672	4959.29132	3497.59968	5530.05351	8.21941E4	1.464E5	3865.44098	4882.45515	5211.38136	7018.40418	8.88333E4
460	4.17587E4	5.89699E4	1.49139E4	7123.27015	6132.3166	4438.39909	4467.11534	4200.67174	4138.35433	4857.33026	6217.77718	8700.28243	4907.88128	3483.17923	4064.29939	4.14356E4	1.95269E5	4469.46821	4138.91058	5470.59965	5769.40777	1.87899E4
462	4.4754E4	5.64381E4	1.61137E4	6211.28476	5965.12622	4760.61778	4368.63708	3958.96555	4536.03332	5453.04072	6593.02173	9024.78127	5166.58655	3492.26121	3459.81353	2.00844E4	2.25604E5	7690.75908	4515.20745	6273.23605	5138.49304	1.07533E4
464	5.05125E4	6.38522E4	1.60328E4	6221.83875	6061.39128	5051.81204	4496.56826	4701.82263	4268.91917	5113.83015	6509.71203	8770.09113	5255.77528	3528.08335	3254.24698	1.19055E4	2.25085E5	1.4609E4	4109.90143	5774.96365	4674.41543	9041.45361
466	5.80079E4	6.24892E4	1.81103E4	7482.47362	6297.47202	5230.48024	4169.99621	4114.36632	4116.06064	5118.6502	6733.14454	8851.27109	5043.87398	3150.31423	3203.60077	8507.65151	1.98642E5	2.89604E4	3755.5151	4965.12039	4320.50259	7479.96228
468	1.54158E5	6.47279E4	1.77189E4	6469.14834	6090.84531	5559.45604	4510.67971	3997.7598	3871.35139	5123.70898	6774.44612	8926.962	5320.79968	3149.33938	2937.65518	7099.23091	1.48405E5	5.45557E4	3466.30981	4537.63819	4322.68008	6389.82327
470	4.41132E5	6.15618E4	1.86266E4	8070.16257	5875.62565	4478.25872	4317.83076	3984.30904	4288.65733	5446.03121	6532.08586	8690.6324	5510.23913	3106.82397	2997.55697	5828.5853	9.7638E4	9.04082E4	2792.81836	3922.24672	4141.54335	5357.93234
472	1.09564E6	6.66169E4	1.68475E4	7405.93068	5119.9139	5370.3263	4642.93839	3951.40464	4512.74359	5473.72902	6493.82477	9386.11461	5259.42509	3091.29429	3226.74565	4508.3042	5.44935E4	1.31509E5	3299.29906	4015.73455	4797.75532	4562.49464
474	2.21593E6	6.61243E4	1.64225E4	6773.8122	5935.01806	4902.36531	4320.54633	4192.82976	4216.74861	4990.31685	6426.74816	8928.07753	5108.79743	3114.94916	2849.17319	3721.80618	2.77816E4	1.70821E5	4046.92759	3952.32959	5073.1436	4172.03275
476	3.85448E6	6.61619E4	1.83302E4	8267.91319	5613.03174	5063.55105	4565.43687	4115.63794	4361.74894	5035.84615	6263.55297	8433.10346	5497.91498	3215.02517	3110.57011	2942.61515	1.4777E4	1.91136E5	7244.94193	3930.27094	4297.21699	3594.20422
478	5.76638E6	7.21655E4	1.89934E4	7088.28449	5781.98431	5424.80368	4290.75446	3773.67385	4121.96618	5318.12242	6847.09916	8810.09046	5461.45492	2812.20969	2725.20554	2633.09917	9151.67462	1.90404E5	1.50457E4	3253.24301	4280.77754	3600.68359
480	7.58049E6	6.37287E4	1.63223E4	7574.45442	5649.18173	5048.33702	4036.23057	3800.3627	3942.67455	4847.07149	6281.33895	8771.84817	5451.34364	3120.75781	2733.87203	2441.25909	6759.53439	1.62731E5	3.09803E4	2829.29739	3714.15226	3709.18285
482	8.63076E6	6.46343E4	1.76145E4	6935.03549	4894.891	4998.12301	4250.42645	4365.55283	3715.41223	5074.83745	6502.12591	8885.27338	5145.29674	3348.57497	2568.02808	2637.76218	5665.82219	1.17962E5	5.56459E4	2514.32455	2893.46344	3748.81279
484	8.34381E6	7.35819E4	1.89487E4	6593.15229	5441.10476	4898.18178	4186.29725	3706.92425	3954.11124	4771.72214	6315.41036	8466.68747	4863.97388	2850.87956	2441.81448	2299.12036	4266.74666	7.49105E4	8.90383E4	2361.52954	2746.83111	4163.78363
486	7.01264E6	8.0222E4	1.87723E4	7601.2554	5710.3596	4873.14822	4334.95922	3902.75158	4183.0028	4603.77075	6008.00351	8155.2101	4845.6207	3027.82099	2313.48258	2662.24522	3439.78797	4.24389E4	1.22518E5	2942.84186	3029.42879	4480.07822
488	5.07649E6	2.08256E5	1.74821E4	7503.73504	6177.69448	4609.56716	4307.27518	3906.66914	4021.21459	4704.21269	5461.98043	7968.48715	4551.64736	3072.59506	2459.10868	2243.15673	2843.74917	2.09434E4	1.50707E5	4705.63413	2949.96691	3835.58324
490	3.10409E6	5.88138E5	1.81161E4	7596.51986	4969.49305	4469.71832	4227.40885	4041.84711	3996.07142	5113.74142	5849.01325	7766.71095	4426.7295	2625.24696	2327.7872	2341.85701	2432.03499	1.17411E4	1.63537E5	9228.93542	2417.88543	3555.48883
492	1.40932E6	1.44902E6	2.02133E4	8608.2429	5146.01671	4561.6627	4269.13759	4046.47552	4128.99212	4029.5836	5522.43745	7557.90994	4191.479	2873.40452	2079.88796	2106.68731	1970.69049	7890.80559	1.57024E5	1.76851E4	2136.38981	2930.54801
494	5.18103E5	2.8534E6	2.03415E4	7273.9178	5340.17581	4396.86895	3953.87102	3505.2037	3418.4717	4368.97625	5424.77989	7485.0043	3802.18739	2794.50018	2063.36581	2074.7186	1853.40742	5958.87454	1.34417E5	3.27669E4	1717.99015	2383.48002
496	1.92163E5	4.75525E6	2.15263E4	8091.55595	5417.04924	4731.24878	4215.69538	3722.54896	3395.26112	4126.25775	5604.56729	7098.58762	4229.74054	2803.12276	2349.33884	2244.53828	1851.56577	4827.67539	9.57808E4	5.59389E4	1715.59377	2436.76544
498	1.40247E5	6.84161E6	1.89781E4	8255.84785	4304.32616	4415.07828	4531.5805	3575.11896	3638.58061	4261.6804	5296.37046	6965.24276	4473.07376	2993.06362	2177.65966	1885.8406	1952.30395	4067.40287	6.38717E4	8.39349E4	1918.71922	2435.96306
500	1.32727E5	8.62328E6	2.41868E4	7730.65027	6012.86685	4140.28705	4207.7254	3684.4278	3288.2543	4011.27237	5496.14053	6461.8923	3789.57984	2978.67688	2111.40812	1766.01378	1784.63631	3434.46509	3.57063E4	1.10092E5	2197.72438	2472.25839
502	1.13297E5	9.41573E6	2.42536E4	8783.95953	5552.35883	4356.98904	3851.28652	3694.27264	3438.97806	3780.03041	5442.42144	6722.71281	3922.70648	2719.6588	2302.1316	1850.43044	1937.97787	2694.6983	1.81353E4	1.29493E5	4634.33745	2079.19308
504	1.00585E5	8.89294E6	2.75143E4	8665.5983	6002.78139	4297.78591	4118.98933	3875.87886	3852.73883	4000.83056	5204.52736	6756.74419	3512.35624	2306.46981	2452.60476	1813.51544	1713.37882	2103.83228	9839.52419	1.38022E5	8472.53866	1772.90682
506	1.20943E5	7.44222E6	4.39739E4	9430.56625	5625.53439	4820.8371	3668.0828	3450.64389	3474.56613	4265.24893	4689.20899	6447.47086	3479.883	2545.6211	2026.89473	2107.40699	1542.46477	1955.87605	6175.34502	1.28591E5	1.74623E4	1486.13214
508	1.32306E5	5.32191E6	1.78735E5	9496.27512	5783.13833	5396.70237	3698.26202	3664.11708	3433.20654	3700.38071	4406.71519	7118.48509	3572.52367	2117.67273	2335.85685	1812.5453	1607.50482	1921.18144	5333.91969	1.09371E5	3.07151E4	1355.34492
510	1.99383E5	3.17279E6	6.36142E5	9980.3036	6415.43648	4413.99435	4023.58846	3533.7263	3601.4461	3502.17231	4925.37854	6340.13641	3339.32132	2239.00756	2253.95273	1826.93591	1694.5344	1706.582	4185.75227	7.87053E4	5.09087E4	1442.95041
512	3.44431E5	1.36488E6	1.6889E6	1.05391E4	5790.26101	4898.15508	4127.53337	3795.80719	3427.99366	3582.8698	4378.79691	6200.52566	3608.32126	2434.95612	2216.61179	1575.40397	1530.62861	1579.39677	3439.60179	4.87429E4	7.27439E4	1513.87583
514	5.83885E5	4.98999E5	3.25692E6	1.20139E4	5917.71495	4442.69506	4208.99769	3744.2244	3278.80601	3531.80351	4143.72225	6184.19442	3488.2179	1984.51772	2106.76294	1796.68069	1530.39575	1625.09646	3078.73477	2.65496E4	9.40513E4	2311.6107
516	9.23782E5	2.08559E5	5.28951E6	1.11697E4	6868.66781	4432.27538	4107.39114	3533.71967	3557.668	3623.96417	4338.54004	5292.65405	3200.41837	2179.62652	2216.94766	1678.77852	1464.07864	1532.61397	2007.84635	1.41375E4	1.09712E5	3818.4577
518	1.33574E6	1.54309E5	7.42022E6	1.45016E4	7318.82345	5277.67406	4148.00752	3395.68168	3393.96623	3319.70444	4534.42551	5315.09105	3074.16728	1974.79793	2041.78433	1850.79099	1566.4855	1554.50644	2055.25356	7688.9566	1.15682E5	8087.64331
520	1.76133E6	1.38753E5	9.04203E6	1.50558E4	7176.16709	5396.79957	4391.55312	3181.16036	3276.92592	3356.07003	4249.32851	6238.38791	3195.01276	1911.10998	1820.81516	1591.69133	1459.08992	1410.16047	1431.45422	5449.46538	1.06828E5	1.53993E4
522	2.16419E6	1.24152E5	9.49283E6	1.68199E4	7148.07768	5457.34135	3881.10264	3394.29865	3448.0052	3319.9608	4287.04288	5202.37853	3236.11903	1700.35045	1792.139	1758.42637	1294.02332	1495.73508	1158.52908	4207.65899	8.82113E4	2.69863E4
524	2.36142E6	1.12393E5	8.71718E6	2.16991E4	7708.04378	5462.80005	4055.42552	3409.83282	3662.97614	3235.08988	3920.39862	5214.54343	3128.89022	1855.82827	1988.32801	1467.12857	1242.15	1516.4314	1112.19779	3723.41299	6.34053E4	4.33497E4
526	2.44357E6	1.03923E5	7.07192E6	4.08735E4	8309.75611	5934.69213	3917.03046	3695.29572	3812.73731	3632.53514	3954.03024	5126.6163	2707.03194	1813.3117	1754.11499	1511.66556	1196.9652	1343.23394	1135.53276	2826.54037	4.19781E4	6.16969E4
528	2.34084E6	1.06617E5	4.95229E6	1.84786E5	8313.97052	5535.08782	3879.01389	3750.87577	3302.65041	3496.07174	3868.35699	4906.78027	3013.99133	1797.27512	1623.2054	1546.57532	1104.8369	1087.50011	1195.83654	2718.74914	2.38207E4	7.93431E4
530	2.0271E6	1.14006E5	2.79271E6	6.89606E5	9043.60087	5083.15658	4637.06129	3450.10655	3608.55103	2981.65388	3697.24752	4155.72893	2824.47375	1705.2366	1547.95596	1548.47115	1371.3385	1126.02965	1214.049	2056.23767	1.21953E4	9.20365E4
532	1.51854E6	1.58384E5	1.22057E6	1.80817E6	8884.33049	5503.41169	4224.44516	4033.69339	3295.68446	3361.50176	3292.38611	4782.53386	2754.78344	1764.27247	1538.13065	1667.08208	1294.98358	1190.30486	1035.77806	1821.26796	6991.99639	9.80253E4
534	9.78818E5	2.71578E5	4.20039E5	3.47755E6	9582.93908	5919.93579	4291.27135	4021.5717	2883.557	3114.6976	3847.87804	3967.46957	2525.832	1551.36683	1633.93629	1342.02751	1301.02387	1110.84242	946.44891	1234.82632	4153.17721	9.12496E4
536	6.39619E5	4.70557E5	1.53915E5	5.54441E6	1.10986E4	5649.24423	4389.63629	3716.42553	3373.49783	3472.08679	3319.01508	4236.56439	2367.63159	1837.21708	1421.96313	1516.29925	1221.93175	1157.21451	875.4781	1229.54901	3725.29442	7.84219E4
538	3.03269E5	7.77212E5	1.22213E5	7.59355E6	1.30658E4	6225.27619	4178.18402	3532.54558	3513.82864	3235.48927	3776.43242	4003.45765	2206.89351	1444.25189	1732.86105	1357.47967	1270.71652	1050.75731	1148.13554	1056.84263	3061.33238	5.72171E4
540	1.52813E5	1.14382E6	1.05195E5	9.07122E6	1.38044E4	6190.05067	4550.5009	3903.80002	3162.24081	3325.24363	3348.33379	3738.38635	2099.92069	1658.41047	1501.65042	1394.43132	1240.64301	1152.98654	1142.84593	778.48778	2670.65317	3.70906E4
542	9.40179E4	1.65256E6	9.73819E4	9.33407E6	1.52918E4	7302.69401	4509.56901	3177.82061	3108.31743	3298.27133	3421.98562	4045.43516	2514.75944	1411.98702	1497.95771	1255.59988	1159.00047	1041.74743	909.66932	885.67068	2117.37735	2.09587E4
544	8.11992E4	2.11043E6	8.87152E4	8.35391E6	2.2156E4	7869.217	4956.10687	3425.2631	3416.45831	3384.23278	3172.98667	4063.33005	2433.80204	1795.54082	1271.58291	1032.74246	1300.14655	935.66739	807.77003	977.8246	2072.19953	1.12365E4
546	5.89635E4	2.52396E6	8.67681E4	6.6291E6	4.29976E4	7678.23154	5058.6268	3628.61427	3084.15006	3174.21445	3158.42423	3390.699	2203.26222	1498.19479	1771.5438	1314.1807	1196.10061	991.54104	619.87456	668.08188	1227.13191	6412.64415
548	6.04049E4	2.67912E6	8.4409E4	4.55433E6	2.03545E5	8081.67607	4626.45125	4181.35614	2935.09671	3125.38202	2888.58335	3980.97142	2334.80318	1460.11054	1349.53646	1201.61904	1341.98759	932.09666	808.53311	893.33759	1446.89564	3947.7372
550	4.31552E4	2.69128E6	7.68698E4	2.58292E6	7.22267E5	9433.70448	5733.77632	3847.92577	3158.5139	2484.72793	3092.58056	3224.95029	2291.05763	1611.70088	1438.80212	992.11672	1011.3864	1129.7732	770.82887	835.1438	1091.37785	3102.59768
552	5.06368E4	2.4135E6	7.80099E4	1.14143E6	1.83198E6	9550.4945	5877.76875	3214.39241	3602.1576	2932.18048	3065.0705	3643.72764	1946.82311	1543.28799	1187.75191	1195.72307	1280.6764	1105.11082	908.34648	747.84036	823.33516	2822.92438
554	3.8878E4	2.01604E6	1.03298E5	3.74884E5	3.45525E6	1.0021E4	5466.67418	4037.5244	3479.72164	3097.65695	3066.68062	3069.56203	2181.5562	1395.98729	1460.36432	1318.61219	1082.70301	935.84202	608.65769	882.53122	773.71368	2497.65976
556	4.69843E4	1.52542E6	1.60081E5	1.47128E5	5.39059E6	9759.689	5832.32915	4815.80263	3757.07446	3091.95381	2896.19991	3405.20346	2118.11549	1374.66244	1208.47325	1053.86925	1209.78945	915.32923	801.48741	1033.14571	759.05355	2063.82718
558	5.38357E4	1.01997E6	2.96823E5	1.16324E5	7.35228E6	1.10396E4	5748.57852	3568.80189	3416.86289	2617.57593	2967.80906	2972.1068	2117.23163	1743.62674	862.71003	1043.52012	954.84302	1080.17836	667.75246	564.46343	564.55221	1850.01187
560	3.93301E4	6.25652E5	5.1273E5	9.89766E4	8.69463E6	1.36719E4	6356.93381	3823.84443	3075.95884	2659.97788	2696.37106	3547.61022	1993.40349	1537.0057	1485.84822	942.36615	1289.05569	1352.82076	659.85067	881.00998	738.28689	1419.4321
562	4.55981E4	3.1603E5	8.44001E5	8.49806E4	8.98442E6	1.37089E4	6510.84532	4284.69817	3343.2584	2447.94601	2883.57571	3417.10977	2015.97328	1274.88035	1303.47959	949.59136	892.71026	1089.55442	527.2495	835.99127	762.04386	1079.47099
564	5.74388E4	1.70132E5	1.2679E6	8.77505E4	7.99039E6	2.04303E4	6848.59536	5162.56793	3361.7634	3235.65125	2658.3673	3049.69073	1772.43996	1591.18609	1034.43464	945.17153	1103.46408	1002.31562	576.12114	738.70768	495.62298	861.42079
566	5.67141E4	9.5212E4	1.69711E6	8.01226E4	6.27977E6	4.04211E4	7162.23632	4996.82509	3647.83761	2735.94803	3158.52951	2862.31378	1901.93936	1297.88081	1264.9793	974.01512	670.50208	1169.21937	716.24327	426.47657	637.39317	702.40275
568	4.47508E4	6.66316E4	2.09447E6	7.88263E4	4.19919E6	2.14847E5	8724.3048	4622.71982	3997.35808	2973.99966	2870.68966	2768.21869	2065.5434	1504.99105	1071.52844	778.10961	893.76903	1111.49693	527.03249	691.66784	762.28195	922.29193
570	4.79452E4	4.86955E4	2.43302E6	7.75973E4	2.32828E6	7.83312E5	8656.24506	4621.18014	3457.84844	3335.28921	2821.66086	2708.84314	2039.90553	1234.59268	1407.28445	912.69215	860.47951	1120.70155	588.92398	716.17335	671.95394	546.48384
572	3.82456E4	4.47195E4	2.53959E6	7.10274E4	9.78135E5	1.89016E6	8771.70448	5218.20349	3769.63325	3095.8305	2467.02574	3164.6902	1724.15433	1499.4594	1323.6131	972.75243	800.13956	816.97514	736.75095	639.11486	779.22181	526.36557
574	4.69902E4	3.92991E4	2.43496E6	6.70539E4	3.23585E5	3.51032E6	9812.30883	4963.87088	3462.13236	2564.85331	3011.49236	2579.8885	2033.40217	1522.3281	1007.47069	820.8587	877.15366	830.14594	534.14979	560.82619	651.80922	426.01576
576	5.55708E4	4.08568E4	2.12185E6	7.58606E4	1.42517E5	5.32244E6	8765.25256	5077.2827	3494.33358	2630.32641	2509.19995	3071.94205	1555.40014	1564.77461	1260.41099	948.53931	838.24958	984.50114	706.52045	626.96291	708.20622	483.36829
578	5.31518E4	3.63585E4	1.7374E6	1.00011E5	1.03871E5	7.01588E6	1.09829E4	5800.33914	3827.06124	2993.19683	2532.25699	2640.72147	1611.51703	1814.82736	1442.96062	1104.87819	886.35957	958.53804	475.15099	649.5933	460.8139	553.44021
580	4.62645E4	2.79583E4	1.26745E6	1.57043E5	8.86706E4	8.17899E6	1.15372E4	5827.73838	3846.08589	2511.71586	2769.86975	2700.9223	2239.21246	1386.38705	1176.06378	732.74863	989.71758	909.42205	945.49586	399.96143	537.07691	207.0881
582	3.21698E4	3.50387E4	8.65344E5	2.89972E5	8.32629E4	8.28875E6	1.49354E4	5042.30822	3858.8204	3267.03235	2279.70902	2510.79777	2063.0094	1534.14373	1440.72729	1071.33085	793.92913	1120.33723	870.72338	684.60905	605.63305	530.96127
584	4.37502E4	3.69402E4	5.08275E5	4.98783E5	7.8049E4	7.25542E6	2.003E4	5782.0644	3522.34832	2787.27207	3103.88267	2163.66139	1972.45663	1649.05089	942.70146	981.59829	969.04375	765.73916	477.11413	672.20869	497.78652	420.62646
586	4.73392E4	3.54938E4	2.74764E5	8.04651E5	7.46939E4	5.56942E6	3.656E4	6835.96082	3850.66912	3687.82913	2613.06396	2093.63988	1730.06938	1504.93105	1027.17262	811.59323	904.73513	959.73347	640.1353	485.15874	373.38717	451.23059
588	3.97243E4	3.04937E4	1.392E5	1.1795E6	7.22168E4	3.63049E6	1.92339E5	8013.06736	4359.39363	3559.68353	2595.71228	2724.70882	1848.90369	1299.49015	1223.99399	902.10852	871.18658	613.04114	773.03399	822.91328	428.83698	694.97068
590	3.53547E4	3.52237E4	7.75349E4	1.55963E6	6.89745E4	1.92933E6	7.20844E5	9113.09952	5307.69444	2840.52104	2983.12446	2550.85843	1941.47088	1451.04593	1313.82136	788.15389	777.64521	771.27152	847.76481	397.73279	437.08239	523.36879
592	4.18088E4	3.11106E4	5.15861E4	1.9253E6	6.68163E4	7.65947E5	1.80398E6	7811.8248	5372.70444	2490.96562	2330.59536	2468.4128	2145.77619	1406.11293	1267.437	1145.88402	816.16622	771.43089	675.31995	931.42814	508.25939	626.80068
594	5.30837E4	3.32638E4	4.98289E4	2.15497E6	6.0493E4	2.51263E5	3.32531E6	8901.84313	4406.40945	3260.34761	3042.49064	2472.6564	1726.93579	1183.27894	1331.5227	936.38873	717.69292	899.69954	648.47954	626.38547	620.83007	423.98683
596	2.72815E4	3.58194E4	4.71926E4	2.22141E6	5.85011E4	1.18771E5	5.1057E6	8453.90057	5107.02377	2994.8993	3268.20572	1966.9254	1439.13955	1409.25967	1295.78791	941.04653	807.93348	591.89619	893.99013	502.05602	473.45064	407.30325
598	3.8807E4	3.33834E4	3.43367E4	2.10326E6	5.84607E4	9.43278E4	6.68028E6	9816.7274	5408.05793	3561.56071	2407.47968	2091.85245	2351.70773	1450.31586	1024.16072	652.64345	954.88549	682.20789	791.48044	568.13824	562.68317	599.79206
600	3.15267E4	4.29298E4	3.0359E4	1.87771E6	6.64873E4	8.21825E4	7.63924E6	1.24504E4	5429.63685	3300.21302	3141.91095	2798.35084	1895.98993	991.63667	1226.44887	992.25143	1025.20282	817.08403	658.8002	606.79149	436.78829	473.49423
