300	6.1798E4	4.83989E4	5.1382E4	2.67851E6	2.01896E5	1.57062E5	1.23398E7	4.32238E4	6100.50409	3933.66661	1880.73423	1784.25612	1203.58788	1275.87005	1174.5628	827.12668	1010.67553	593.84482	549.8112	601.90278	736.81857	670.83525
302	6.7752E4	4.79582E4	4.46048E4	1.69941E6	5.03574E5	1.03149E5	1.06214E7	4.93655E5	7181.5249	3432.78488	2474.31379	1890.82478	1457.96355	1504.20156	1264.15397	916.08593	566.31951	592.37076	661.58255	482.28698	822.54041	563.07424
304	5.71614E4	4.90989E4	3.85995E4	8.81111E5	1.0968E6	8.74593E4	6.68391E6	2.19588E6	9239.26125	3549.74139	2660.6431	2352.71135	1627.7448	1443.24105	825.79292	998.91397	553.62565	689.17715	746.27307	1004.09719	625.72312	631.57909
306	5.72729E4	4.678E4	3.28089E4	3.57868E5	1.87111E6	8.34819E4	2.86947E6	5.53352E6	1.04082E4	4177.9265	2542.54319	1756.64456	1318.67957	1402.18622	1344.08649	732.5496	831.1361	621.03466	440.22393	710.57823	623.18505	418.84854
308	7.19299E4	4.38182E4	3.56528E4	1.26788E5	2.61091E6	7.4177E4	7.66704E5	9.70072E6	1.49067E4	4342.67448	2935.56301	2070.44406	1384.24133	1033.9498	927.31278	817.95901	731.82908	936.62622	695.43896	542.96621	515.93492	676.39356
310	5.94822E4	4.60716E4	3.46874E4	6.16517E4	2.79411E6	8.19045E4	1.58382E5	1.1832E7	3.66673E4	5059.7995	3065.07394	2220.31439	1809.20233	1276.29732	851.101	628.79704	1069.50948	815.10068	641.56513	869.40009	527.34349	576.84881
312	5.9613E4	3.90336E4	3.5383E4	4.50179E4	2.37363E6	1.62971E5	9.13802E4	1.04009E7	3.97473E5	5628.60975	2824.40008	2338.05694	1836.45616	1375.75473	1110.71522	637.90111	926.06316	892.31475	619.2057	469.55879	963.82375	387.00194
314	5.9043E4	3.46942E4	3.54027E4	3.915E4	1.54984E6	4.19719E5	7.83225E4	6.26762E6	1.96105E6	6646.14737	2981.08273	2260.04981	1308.44017	1373.79685	997.79435	867.06957	851.0933	806.4132	727.5796	418.066	385.93844	519.05556
316	4.75962E4	3.75548E4	3.94053E4	3.54239E4	8.0126E5	9.30532E5	7.02845E4	2.58066E6	5.12397E6	8920.40692	3570.84791	2595.17299	1828.94818	1112.71443	981.17337	973.41741	726.99247	751.19323	724.31034	636.39076	398.02146	518.40917
318	5.52857E4	3.37626E4	3.76737E4	3.0447E4	3.24893E5	1.58974E6	6.46115E4	6.51601E5	8.63179E6	1.30564E4	4096.38893	2812.71938	1606.3167	1416.72118	1059.66151	855.90437	819.8367	641.29375	748.90376	626.67608	224.50378	267.69074
320	5.64642E4	4.06554E4	3.32959E4	3.29815E4	1.16106E5	2.16069E6	5.82469E4	1.26111E5	1.03075E7	3.17216E4	4151.78741	2539.00926	1692.11513	1485.02922	873.29322	1017.32633	916.06094	733.28366	631.70729	564.1665	470.18995	350.72428
322	4.24661E4	3.62774E4	3.50154E4	2.87415E4	5.52688E4	2.28421E6	6.46869E4	7.76028E4	8.56254E6	3.55425E5	4903.51261	2815.1803	1832.62498	1318.77677	859.38759	942.35534	701.27071	758.79531	742.94781	800.92555	373.66536	495.32367
324	6.03258E4	3.92223E4	3.12498E4	2.73926E4	3.89799E4	1.93229E6	1.22615E5	6.38502E4	5.03711E6	1.71277E6	5669.11385	2400.84385	2185.0037	1501.45202	955.75348	972.83583	699.6916	658.43153	643.44371	693.44374	463.65954	381.68558
326	5.48367E4	3.7776E4	2.80949E4	2.73246E4	3.33139E4	1.32252E6	2.99577E5	5.89451E4	2.04484E6	4.3166E6	6702.02136	3029.92287	1796.1938	1341.09226	1101.76649	787.62874	597.64345	643.45662	496.66833	412.47841	595.76984	634.35367
328	7.89764E4	4.06139E4	3.2476E4	3.05311E4	3.38036E4	7.28493E5	6.59669E5	5.56464E4	5.49081E5	7.19219E6	1.01514E4	3014.13107	2001.1839	1685.76897	1056.48428	900.74995	809.50068	830.49925	687.61236	703.64178	586.48874	519.9316
330	8.88672E4	4.76643E4	3.24777E4	3.46626E4	3.41378E4	3.2052E5	1.20105E6	5.19848E4	1.08721E5	8.77483E6	2.37439E4	3717.87519	2120.45131	1503.92717	1086.65635	913.28195	696.64368	682.84516	583.43306	738.08677	526.47482	401.19009
332	1.04068E5	4.3543E4	3.43289E4	3.6841E4	3.26996E4	1.32874E5	1.6633E6	4.85696E4	6.73405E4	7.82472E6	2.56899E5	4214.13464	2104.56746	1553.61546	1004.36779	801.97304	834.55751	476.16238	528.22352	553.86271	454.29331	482.1381
334	1.26645E5	5.43675E4	3.46237E4	3.69469E4	3.51303E4	6.52805E4	1.87198E6	5.36869E4	5.75131E4	4.9821E6	1.2397E6	4876.07039	2139.1244	1525.19444	1185.03611	765.7281	581.14982	551.35881	546.19574	481.22981	590.00849	402.7129
336	1.32454E5	5.38748E4	3.79738E4	3.52287E4	3.53897E4	4.92677E4	1.69682E6	9.01894E4	5.3879E4	2.00328E6	3.40096E6	5751.47829	2666.61373	1573.27489	998.97246	748.28288	615.10476	538.35135	596.17149	378.24178	663.26309	334.70353
338	1.33876E5	5.55139E4	3.16822E4	3.29587E4	3.84043E4	4.39795E4	1.25595E6	2.07373E5	5.11828E4	5.5476E5	5.84535E6	8594.29574	2688.69325	1776.25989	1356.69541	683.32005	874.51821	580.92782	820.94971	434.80439	477.22345	414.03994
340	1.48549E5	5.52454E4	3.38913E4	3.47904E4	3.96474E4	4.044E4	7.30211E5	4.78767E5	4.80665E4	1.09823E5	7.1237E6	2.02654E4	3038.66541	1970.45557	1268.52762	866.45187	707.85407	658.01845	510.74192	520.33846	428.01483	446.69646
342	1.64817E5	5.36776E4	3.24509E4	3.56032E4	3.78954E4	3.78074E4	3.55625E5	8.52563E5	4.15773E4	6.21621E4	6.27703E6	2.07936E5	3203.60908	2167.19294	1285.2203	986.99375	868.85656	582.71124	431.17915	337.94662	327.71319	565.4914
344	1.45604E5	5.28115E4	3.41431E4	3.47537E4	3.8934E4	3.8615E4	1.43547E5	1.25822E6	3.78368E4	4.92576E4	3.8702E6	1.11978E6	3662.29187	1901.07588	1311.49369	886.3993	747.34613	630.65208	526.07337	313.50853	404.76721	376.38641
346	1.4357E5	5.83008E4	3.30015E4	3.29061E4	4.15312E4	3.78512E4	7.09574E4	1.49359E6	3.96521E4	4.44781E4	1.62888E6	2.90354E6	4628.36157	1717.43353	1302.54863	949.44737	732.83848	605.80444	519.26681	370.80599	458.88682	231.35891
348	1.64556E5	5.93507E4	3.35911E4	3.30875E4	4.09956E4	3.42763E4	4.90904E4	1.41164E6	6.31888E4	4.24048E4	4.22201E5	5.03204E6	7269.6421	2252.03605	1098.46228	982.57739	789.45739	483.49847	404.93935	466.60373	377.67453	350.16282
350	1.61593E5	5.58546E4	3.54812E4	3.08279E4	3.92607E4	3.9002E4	4.04169E4	1.09205E6	1.39961E5	3.91986E4	8.39471E4	6.04397E6	1.54108E4	2207.12907	1487.23709	927.84497	649.6803	339.81395	432.20612	495.75177	367.58934	347.25417
352	1.64697E5	5.99199E4	3.68278E4	3.38146E4	3.78116E4	3.84659E4	3.52927E4	6.62094E5	3.28706E5	3.64178E4	4.50432E4	5.24167E6	1.74378E5	2718.75362	1472.67381	1064.52613	646.30523	496.33628	562.37081	321.48257	364.52944	284.35478
354	1.55519E5	5.51165E4	3.52734E4	3.14419E4	3.63159E4	3.70366E4	3.23435E4	3.44126E5	6.05089E5	3.34363E4	3.46495E4	3.29045E6	8.53147E5	2929.87961	1330.23227	943.0956	683.60814	693.21527	484.18562	471.62724	379.793	329.29319
356	1.69876E5	5.69763E4	3.29705E4	3.2709E4	3.33093E4	3.55028E4	3.21643E4	1.49751E5	9.15362E5	2.84644E4	3.13483E4	1.34337E6	2.31756E6	4077.7504	1494.34499	948.75952	692.14768	580.59896	400.54975	376.47792	345.55457	309.76614
358	1.43328E5	5.07187E4	3.31086E4	3.14133E4	3.57007E4	3.60625E4	3.08611E4	6.7983E4	1.1166E6	2.83007E4	2.97328E4	3.58549E5	4.11271E6	6675.37262	1607.95521	916.52255	867.35183	598.58504	494.34387	482.21117	376.01953	321.02715
360	1.5525E5	5.18277E4	3.12893E4	2.96718E4	3.26698E4	3.62318E4	2.83301E4	3.94906E4	1.12296E6	3.88703E4	2.7423E4	6.9222E4	5.11187E6	1.57291E4	1762.56813	1144.99811	704.89073	563.31694	502.53516	503.10311	237.25754	276.30407
362	1.39549E5	4.68125E4	2.75921E4	2.91178E4	3.03254E4	3.28701E4	2.85024E4	3.03284E4	9.30771E5	8.0315E4	2.49757E4	3.89701E4	4.55618E6	1.62145E5	2183.11609	1008.01009	873.46177	582.32101	360.39088	318.91194	403.32526	351.38181
364	1.38071E5	5.09332E4	3.03904E4	2.72652E4	3.00643E4	3.36742E4	2.63237E4	2.41201E4	6.17693E5	1.88264E5	2.26083E4	2.88513E4	2.97596E6	7.61443E5	2546.00965	1055.24136	808.76319	559.25337	314.79157	353.84892	217.42592	260.74723
366	1.39556E5	5.73069E4	2.51473E4	2.64698E4	2.82516E4	3.13715E4	2.50553E4	2.12353E4	3.31726E5	3.79512E5	1.99046E4	2.47317E4	1.20625E6	2.18647E6	3292.26179	1243.56421	811.61534	445.95289	309.65052	435.17997	236.36087	266.7226
368	1.40032E5	4.90701E4	2.75589E4	2.69103E4	2.70152E4	2.91967E4	2.49969E4	1.97999E4	1.50707E5	6.14986E5	1.77375E4	2.3982E4	3.20994E5	3.6922E6	5476.56	1281.53791	954.50489	700.49548	457.49392	405.85265	309.85982	267.7451
370	1.1995E5	4.69882E4	2.73443E4	2.57992E4	2.66444E4	2.84308E4	2.45862E4	1.88923E4	6.19431E4	8.32521E5	1.65976E4	2.25605E4	5.73426E4	4.53485E6	1.22482E4	1486.61459	797.38301	688.25719	530.36581	472.87452	316.46019	383.32766
372	1.40235E5	4.41068E4	2.59255E4	2.47933E4	2.56521E4	2.60762E4	2.48313E4	1.89098E4	3.18505E4	8.89284E5	2.31521E4	2.11706E4	3.34241E4	3.8986E6	1.331E5	1716.34706	893.45473	678.29366	326.75736	503.9452	203.74848	283.68755
374	1.18899E5	4.50229E4	2.29478E4	2.27626E4	2.52328E4	2.44521E4	2.35381E4	1.69275E4	2.21459E4	7.80119E5	5.30029E4	1.877E4	2.44259E4	2.347E6	6.73455E5	1935.51013	905.58168	682.34158	409.3029	397.31648	402.01652	380.16275
376	1.11441E5	4.26737E4	2.53863E4	2.26357E4	2.40107E4	2.45279E4	2.27925E4	1.58486E4	1.62371E4	5.65269E5	1.2257E5	1.75286E4	2.10892E4	9.62124E5	1.85159E6	2654.78587	1214.49777	687.34347	490.4484	359.10139	296.42145	298.54562
378	1.03617E5	4.4602E4	2.51645E4	2.16381E4	2.27233E4	2.44776E4	2.27836E4	1.50472E4	1.34138E4	3.32497E5	2.60818E5	1.43794E4	1.84285E4	2.48415E5	3.26204E6	4510.71366	1120.03128	798.9522	575.75408	439.34687	364.67164	289.99166
380	1.02948E5	3.9069E4	2.25381E4	2.21136E4	2.01835E4	2.15335E4	2.04889E4	1.44437E4	1.26979E4	1.63569E5	4.422E5	1.31056E4	1.81188E4	5.08666E4	3.95294E6	1.01845E4	1358.37103	757.45277	547.78545	282.00014	348.38044	290.89399
382	9.46777E4	3.46868E4	2.1813E4	2.04299E4	1.97595E4	2.1436E4	2.01868E4	1.35429E4	1.13703E4	7.5793E4	6.11511E5	1.21665E4	1.81176E4	3.02209E4	3.52443E6	9.95318E4	1691.33118	901.52072	452.49866	302.09671	272.74586	373.62013
384	9.56951E4	3.73968E4	2.31202E4	1.93716E4	2.14153E4	2.08066E4	1.94155E4	1.42254E4	1.04093E4	3.4729E4	7.13324E5	1.53279E4	1.67064E4	2.3873E4	2.24207E6	5.17405E5	1978.13092	804.47323	574.89955	411.3426	272.11595	359.17311
386	8.95021E4	3.89594E4	2.03176E4	1.81051E4	2.02561E4	1.97459E4	1.88096E4	1.37566E4	1.02186E4	2.17907E4	6.86275E5	3.18758E4	1.51952E4	1.86405E4	9.21032E5	1.5135E6	2780.56253	959.78171	511.23195	426.69956	252.29237	243.78621
388	8.85079E4	4.04498E4	2.00516E4	1.9471E4	1.83974E4	1.95482E4	1.67053E4	1.38203E4	9593.62365	1.49516E4	5.5197E5	7.50136E4	1.38085E4	1.64763E4	2.58917E5	2.66521E6	4295.97306	1041.13218	526.77092	528.35977	293.53875	304.8206
390	8.05926E4	4.14027E4	2.174E4	1.73624E4	1.95122E4	1.92608E4	1.77744E4	1.35343E4	8760.04655	1.20113E4	3.62076E5	1.64735E5	1.21009E4	1.60417E4	5.05038E4	3.41441E6	9201.9436	999.01342	574.55333	738.92968	294.19944	314.50565
392	8.99818E4	4.1004E4	2.08732E4	1.77519E4	1.86388E4	1.7575E4	1.6416E4	1.33111E4	9100.26942	9783.03676	1.9298E5	3.06591E5	1.14866E4	1.61264E4	2.74033E4	3.13315E6	9.8334E4	1493.56545	681.92896	648.60383	359.61709	244.7395
394	9.00574E4	4.17301E4	1.87637E4	1.8617E4	1.79831E4	1.79642E4	1.61359E4	1.36488E4	8708.00691	8836.98113	9.15107E4	4.5575E5	1.06825E4	1.5627E4	2.1724E4	2.15525E6	5.1019E5	1744.08167	656.64181	573.2565	389.1761	262.39662
396	6.96423E4	4.60711E4	1.8376E4	1.86703E4	1.71888E4	1.7624E4	1.59582E4	1.32704E4	8539.33133	8706.52594	3.97877E4	5.71808E5	1.18993E4	1.4357E4	1.73011E4	9.41584E5	1.56467E6	2410.90685	685.85101	478.31842	358.03726	239.03075
398	9.68961E4	4.4805E4	1.70396E4	1.67428E4	1.63782E4	1.72671E4	1.4838E4	1.26925E4	8391.45992	7897.98397	2.10727E4	5.91634E5	1.96521E4	1.3092E4	1.4376E4	2.71582E5	2.81086E6	3643.40609	880.36819	533.35232	376.37604	343.59439
400	8.52071E4	4.73841E4	1.96887E4	1.72043E4	1.73439E4	1.63001E4	1.52289E4	1.17166E4	8839.98267	8154.67216	1.4127E4	5.12987E5	4.39573E4	1.18116E4	1.36235E4	4.58864E4	3.44752E6	7867.18746	1046.59849	521.88797	511.172	438.33224
402	8.11273E4	4.47492E4	1.80733E4	1.75769E4	1.7133E4	1.59231E4	1.38487E4	1.16581E4	8861.69334	7432.76885	9735.1583	3.66247E5	1.02543E5	1.11878E4	1.39571E4	2.48265E4	2.94793E6	8.62296E4	1264.54027	611.9236	374.28994	327.34492
404	7.29384E4	4.75536E4	1.61647E4	1.53348E4	1.5797E4	1.47589E4	1.44103E4	1.13036E4	8917.11557	6962.39578	7863.94391	2.1427E5	2.00621E5	1.02848E4	1.37369E4	1.8004E4	1.75901E6	4.71588E5	1538.31207	733.02974	427.97005	334.96856
406	8.43113E4	4.6886E4	1.92928E4	1.59185E4	1.51239E4	1.43483E4	1.35148E4	1.04538E4	8743.78411	7357.64727	6367.79319	1.06045E5	3.23593E5	9482.18245	1.29655E4	1.47321E4	6.89184E5	1.28472E6	2048.02747	698.45553	440.18439	505.28537
408	7.64349E4	5.16671E4	1.8158E4	1.56507E4	1.43532E4	1.58389E4	1.34042E4	1.05268E4	9083.36138	6879.90831	5749.29017	4.8084E4	4.36379E5	9588.16223	1.174E4	1.20281E4	1.70297E5	2.24382E6	3093.59798	706.56024	492.09859	296.02424
410	7.65622E4	5.71028E4	1.67164E4	1.58125E4	1.50865E4	1.47827E4	1.28662E4	1.06826E4	8247.5892	6792.51694	5691.46557	2.36042E4	4.95711E5	1.35703E4	1.0268E4	1.13304E4	3.39235E4	2.82079E6	6776.66835	874.0286	449.56709	343.26423
412	7.33665E4	5.35739E4	1.86696E4	1.46602E4	1.52445E4	1.41408E4	1.30506E4	1.01341E4	9009.46689	6794.39222	5378.40394	1.51666E4	4.74717E5	2.95755E4	9625.66441	1.14091E4	1.99152E4	2.54236E6	6.19956E4	1137.10777	522.41822	356.21902
414	7.40444E4	4.86504E4	1.86467E4	1.5787E4	1.4024E4	1.47833E4	1.22265E4	9564.61758	8762.19698	6597.29273	5095.93134	1.18107E4	3.79921E5	6.60144E4	8993.83299	1.11049E4	1.60166E4	1.6591E6	3.37081E5	1562.5061	441.871	474.03699
416	7.26867E4	5.47035E4	1.8252E4	1.42621E4	1.35711E4	1.4243E4	1.20511E4	9189.02295	8211.01926	6466.33492	4913.01756	8941.35069	2.55821E5	1.30432E5	8379.31786	1.09734E4	1.25499E4	7.40921E5	9.99813E5	2145.29387	626.45304	353.77164
418	7.03443E4	5.48651E4	1.8417E4	1.4734E4	1.34335E4	1.35358E4	1.21148E4	9460.42311	7687.42417	6942.88981	4766.76203	6970.74434	1.42708E5	2.24558E5	7289.27579	1.06901E4	1.03806E4	1.99547E5	1.852E6	3340.61018	600.28759	445.10134
420	6.63322E4	5.44916E4	1.56022E4	1.51599E4	1.34991E4	1.24073E4	1.19031E4	9189.40684	7655.9035	6690.34768	4726.42996	6375.67097	7.05303E4	3.28315E5	7543.29576	9080.47433	9313.84524	3.45848E4	2.40667E6	7037.05067	809.81259	436.74596
422	6.63016E4	5.65494E4	1.75643E4	1.50478E4	1.34163E4	1.30694E4	1.18421E4	8601.3268	7316.11789	6872.14654	5021.02268	5706.69609	3.13239E4	4.04896E5	8993.76627	7929.36509	8734.74571	1.82405E4	2.16441E6	7.36176E4	976.24525	445.34128
424	7.38081E4	5.24494E4	1.7704E4	1.48995E4	1.29082E4	1.24602E4	1.10623E4	8982.65788	7423.16938	7312.60028	5162.99049	5755.60162	1.83155E4	4.1873E5	1.63617E4	7531.08054	9131.44456	1.41796E4	1.45763E6	3.9146E5	1257.61817	370.63382
426	7.33745E4	5.71659E4	1.67445E4	1.41275E4	1.30438E4	1.25592E4	1.05713E4	8768.65213	6601.5899	7144.76238	4732.47821	5528.85752	1.25287E4	3.6391E5	3.72388E4	7244.22403	9302.57486	1.12042E4	5.96233E5	1.13459E6	1540.6945	656.97696
428	6.34664E4	5.31977E4	1.70357E4	1.34297E4	1.31847E4	1.17452E4	1.07701E4	8475.65534	6959.53445	6657.9495	4840.67668	6050.97961	9480.35916	2.65262E5	7.98597E4	6485.50962	8535.76935	9083.73382	1.50397E5	2.10572E6	2875.87682	529.51078
430	7.21127E4	5.93056E4	1.69381E4	1.4846E4	1.20557E4	1.24993E4	1.0455E4	9011.40044	6543.71925	6724.45166	5205.04026	5654.04252	7749.04495	1.64073E5	1.4507E5	6053.21244	8087.67316	8223.47454	2.89683E4	2.6256E6	5688.77311	688.1022
432	6.79493E4	5.71058E4	1.88587E4	1.43887E4	1.22568E4	1.17423E4	1.02108E4	8302.62663	6843.41188	6659.03029	5128.98862	5906.58861	6176.35315	8.58907E4	2.28076E5	5397.62148	7317.69681	7350.78853	1.61423E4	2.28794E6	6.31473E4	785.53169
434	6.43207E4	6.12593E4	1.6708E4	1.36023E4	1.16307E4	1.18355E4	1.0786E4	8214.79757	6836.25567	6617.17197	5862.58494	5609.39336	5404.60108	3.95678E4	2.98288E5	5855.9913	6384.97119	6970.97307	1.29507E4	1.32603E6	3.44974E5	1299.65522
436	7.12711E4	5.77863E4	1.72344E4	1.37266E4	1.25174E4	1.11666E4	9902.77797	8486.56433	6257.28687	6282.80439	5412.8823	5505.73298	5130.2835	2.08812E4	3.34941E5	9431.07678	6533.83478	7762.74031	1.00576E4	5.04483E5	9.15172E5	1376.86855
438	6.33414E4	6.02806E4	1.93475E4	1.37936E4	1.12595E4	1.12399E4	1.01307E4	7572.22385	6357.43064	6535.75855	6248.07538	6025.88698	5161.67373	1.34965E4	3.24861E5	2.01683E4	5707.73121	7863.24685	8581.55514	1.26733E5	1.60119E6	2160.10232
440	6.75143E4	5.92194E4	1.70924E4	1.41462E4	1.17016E4	1.1104E4	9214.05896	7851.26475	6068.86819	5997.62614	5864.88922	6253.2745	5260.92029	1.05001E4	2.69144E5	4.2217E4	5425.52481	7747.50173	6938.6838	2.36417E4	1.96747E6	4605.541
442	5.68932E4	6.77772E4	1.96203E4	1.25983E4	1.21347E4	9984.10302	1.00002E4	7870.77823	5962.34259	5871.21686	6240.34272	5879.86235	4739.67731	7640.03085	1.89623E5	8.13839E4	5115.39937	6802.71113	6665.47123	1.49432E4	1.72741E6	3.60109E4
444	6.17103E4	5.48698E4	1.82685E4	1.35908E4	1.1516E4	9487.2046	9589.15482	7567.39576	6334.17076	6124.26663	6261.0764	6484.96898	4696.20055	6163.7229	1.13905E5	1.38225E5	4452.38711	6173.78712	5808.63108	1.13233E4	1.08883E6	2.40812E5
446	5.48249E4	6.14943E4	1.72431E4	1.44596E4	1.11652E4	1.03694E4	8752.38848	6894.0377	6330.29223	5548.79433	5762.13736	6427.66957	4698.90246	5239.26111	5.90768E4	2.01218E5	4775.83855	5399.32994	6445.36937	9723.97518	4.53966E5	8.17601E5
448	6.32209E4	6.25609E4	1.85563E4	1.46785E4	1.10603E4	9734.38609	8656.08767	6991.06351	6138.00532	5856.56753	6092.34127	6301.77625	4649.00875	4298.63483	2.87917E4	2.52622E5	6094.82371	5601.97382	6593.8154	8241.32856	1.17748E5	1.64097E6
450	5.95338E4	6.78765E4	1.76958E4	1.27782E4	1.03256E4	9994.56644	8288.82208	6638.93039	6188.7559	5815.06715	6057.56039	6653.75254	4618.12243	4110.95655	1.53678E4	2.74331E5	1.20682E4	5056.00767	6786.98134	6645.0239	2.25104E4	2.07509E6
452	6.56369E4	6.21626E4	1.84094E4	1.27202E4	1.11568E4	9780.11801	8374.55277	7103.81948	5743.47106	5716.83528	5401.3803	6479.17729	4341.24292	4080.52636	1.05698E4	2.5638E5	2.60457E4	4858.17071	6159.27756	5928.07001	1.30873E4	1.8433E6
454	5.24464E4	5.86014E4	1.85591E4	1.31388E4	1.04583E4	9867.44318	7970.57818	6869.47585	5587.41555	5573.658	5715.95357	6593.83682	4418.77701	3472.31063	8221.60139	2.04643E5	5.2352E4	4637.66539	5945.59532	5674.71644	1.04369E4	1.12876E6
456	6.22956E4	6.2744E4	1.71759E4	1.33115E4	1.02374E4	9417.16298	7591.4226	6396.1885	5879.09081	5861.74453	5651.76215	7367.31117	4199.11821	3244.01504	6449.03409	1.35291E5	9.31756E4	3721.51971	5233.99061	5387.41802	8337.55874	4.40075E5
458	4.18698E4	5.64258E4	2.08089E4	1.26968E4	1.0503E4	9386.91881	7803.44519	6637.44776	5647.80165	5481.74785	5101.36179	6777.9067	4092.32586	3286.16104	5138.50892	8.0525E4	1.44176E5	3501.42044	4595.97578	5155.14635	6914.32374	1.13947E5
460	5.79885E4	6.00172E4	2.16971E4	1.15213E4	9910.02608	9117.4538	7320.38899	6359.7928	5072.68999	5290.41252	5407.89609	7094.7748	4108.55913	3442.19198	4009.65785	3.97184E4	1.94442E5	4045.69191	4517.30813	5609.82179	5611.70096	2.11732E4
462	6.42488E4	5.72572E4	1.89039E4	1.23052E4	1.10329E4	8687.99425	7359.61809	6367.70953	5366.84148	5550.08921	5463.03727	6889.30401	4515.45763	3234.62996	3456.99748	2.01744E4	2.25544E5	6834.51883	4424.0605	5850.26977	4823.7853	1.14157E4
464	5.68E4	6.04973E4	1.98218E4	1.17122E4	1.02285E4	9234.20297	7482.21603	6080.88473	5120.51097	4681.5534	5548.01708	6580.97993	4208.12886	3198.0762	3450.11194	1.16115E4	2.23025E5	1.40131E4	4303.69738	5756.99618	4579.4934	9392.9618
466	6.78483E4	6.01001E4	2.10538E4	1.32056E4	9763.50767	8556.75627	6714.51311	5904.2232	5369.64651	5101.91295	5608.28814	6627.22092	4170.68767	3121.28902	2916.88942	7986.76689	1.96797E5	2.91934E4	3592.83084	4571.81403	4433.999	8053.66193
468	1.49099E5	5.73972E4	1.82416E4	1.18725E4	1.01829E4	8071.51476	6690.39787	5852.56771	5158.2585	4876.63918	5945.64275	6852.73596	4313.06793	3188.41703	2911.61788	6349.51306	1.48522E5	5.38867E4	3037.69	4316.77663	4453.04112	6389.17299
470	4.71445E5	5.56849E4	2.0901E4	1.2379E4	9493.48885	7822.71258	7076.84591	6069.65178	5211.30402	4861.76682	5628.26863	6435.01241	4212.81158	3113.02171	2727.38915	5667.89205	9.63022E4	9.11148E4	3053.45635	3846.48567	4534.95922	4996.07467
472	1.13508E6	5.84045E4	1.81068E4	1.15852E4	9678.16881	8889.21912	7395.59217	5383.89714	5007.5191	5133.17711	5527.18283	6163.88804	4182.59122	3335.6007	3064.31069	4284.12228	5.3552E4	1.32739E5	2644.40365	3778.58117	4847.64147	4550.0692
474	2.31738E6	5.89016E4	2.0222E4	1.13833E4	1.01461E4	8172.03325	6110.2306	5783.31858	4822.08813	4838.82054	5304.14115	6345.53258	4538.68456	3013.90617	2911.43514	3706.96144	2.74575E4	1.69614E5	3814.12527	3893.88499	4692.63735	4034.62831
476	3.97396E6	5.82421E4	1.99515E4	1.29701E4	9078.7524	7452.80318	6409.77738	5054.42798	4782.02258	4987.92185	5713.32408	7118.97499	4702.99596	2931.35345	2747.43149	3016.7865	1.44435E4	1.9141E5	7249.22148	3535.4624	4731.42966	3789.96802
478	5.99089E6	5.76184E4	1.95705E4	1.09746E4	1.01932E4	8373.90881	6186.83852	5655.99765	4707.96214	5053.54881	4780.26704	6233.43156	4241.19825	2646.64407	2583.69521	2739.5646	9146.91575	1.8812E5	1.46169E4	3000.93337	4172.9306	3360.08435
480	7.92357E6	5.62485E4	2.12035E4	1.07957E4	9362.36132	8231.69053	5693.14101	5102.74627	4527.48986	4871.80959	4588.83541	6197.34681	4383.89799	2642.887	2306.45252	2239.79429	6545.20615	1.61115E5	2.9595E4	2624.82846	3691.05527	3682.38093
482	8.86602E6	6.44037E4	1.9995E4	1.28525E4	7975.10729	8663.7073	6415.56223	5640.37924	4501.6387	4548.72289	5087.33465	6289.00675	4154.25038	2633.4345	2581.85182	2196.38688	5386.22379	1.17383E5	5.40763E4	2378.32128	3086.38388	3800.00525
484	8.48462E6	6.83974E4	2.13203E4	1.22509E4	9449.49475	7849.63803	5624.04111	5163.71972	4259.17321	4785.65845	4599.86909	6332.37347	3993.08363	2827.01075	2101.67532	2343.69516	4042.83588	7.3016E4	8.81422E4	2035.96363	3015.51499	4304.42351
486	7.28056E6	7.78452E4	2.05851E4	1.17295E4	9868.34232	7443.49153	6366.63394	4490.96112	3867.57914	4849.20427	4842.42966	6291.37217	3810.47902	3081.97911	2158.39234	2163.53615	3383.47489	4.01862E4	1.22796E5	2747.17143	3240.13454	4472.99206
488	5.11316E6	1.97383E5	2.16541E4	1.36925E4	7842.92367	7422.91729	6396.35236	4977.47838	4446.84243	3995.67104	4657.6509	6004.12133	3735.33331	2639.25249	2168.83809	1990.99161	2739.8396	2.09633E4	1.51002E5	4926.74862	2935.12639	3977.60073
490	3.07116E6	5.90513E5	2.43235E4	1.23331E4	9235.33466	7212.45398	6340.20979	4895.00172	4054.94906	4392.5758	4580.23802	5159.77942	3446.98995	2906.95818	2172.54811	2070.52942	2261.60641	1.06358E4	1.63563E5	8946.35085	2324.97553	3527.70991
492	1.40193E6	1.48727E6	2.20316E4	1.19383E4	8878.94646	7294.74157	5731.99773	3980.40285	4030.46377	3862.11264	4298.24353	5407.10983	3253.59153	2647.27144	1900.03315	1979.94736	2441.5778	7068.48123	1.58009E5	1.76698E4	2163.21422	2679.84059
494	5.30864E5	2.94976E6	2.3918E4	1.25356E4	8500.67081	7249.12383	6342.0533	4519.24894	4341.04825	4192.36656	4266.2386	5532.78502	3529.35859	2590.87031	2287.33516	1625.0163	1737.99271	5716.09035	1.30808E5	3.35718E4	1867.4652	2806.71938
496	2.08655E5	4.91384E6	2.34548E4	1.2567E4	9228.97807	7184.17838	6060.46933	3991.70435	3736.89002	4169.37839	4363.24996	5380.55122	3151.59267	2844.94682	2278.99767	1535.95217	1902.51486	4669.23229	9.46554E4	5.76159E4	1836.03896	2558.46509
498	1.67775E5	7.07776E6	2.44886E4	1.21572E4	8836.60003	6439.4503	5460.61024	4467.48309	4039.25391	4184.39901	4228.40945	4986.05629	3290.00016	2538.90201	2098.33065	1675.67939	1813.46338	3820.60037	6.12701E4	8.20707E4	1875.95844	2419.52946
500	1.20971E5	8.87833E6	2.50135E4	1.28185E4	8580.7183	6977.28309	5842.71103	4400.40188	3458.12297	3465.8337	3726.41026	4703.8663	3099.14457	2695.4172	1865.5144	1609.09761	1485.13084	2992.49213	3.50358E4	1.10685E5	2768.62299	2485.89917
502	1.3395E5	9.67739E6	2.74063E4	1.38187E4	9800.81369	7340.81053	5209.71553	4371.34495	4494.56673	3647.98256	4120.88307	4881.20146	2944.27271	2626.0367	2013.20599	1766.80989	1356.41886	2308.06231	1.83238E4	1.28854E5	4410.40103	2089.93197
504	1.27084E5	9.28852E6	2.97668E4	1.29992E4	9830.04033	6622.12371	5090.5119	3757.51988	3730.34068	4057.65904	4070.90079	4842.83492	2629.32129	2438.26123	2194.1909	1511.11785	1397.84026	2023.28926	9682.64497	1.36851E5	8295.93215	1821.46246
506	1.17984E5	7.57332E6	4.94563E4	1.35493E4	8725.52156	6471.05128	4911.07225	4864.4382	3540.16906	3543.84032	4121.71683	4557.12145	2998.40968	2499.87965	2195.35121	1563.29142	1524.2981	1680.17278	5914.63273	1.30452E5	1.75167E4	1512.99233
508	1.37731E5	5.54716E6	1.83837E5	1.41113E4	9012.71377	7495.22541	5605.96409	4558.42529	3890.6128	3527.26996	4007.19506	4425.85621	2772.91174	2612.98951	2225.62289	1507.1002	1458.07488	1583.31454	5256.34889	1.072E5	2.9538E4	1309.68701
510	1.9397E5	3.17418E6	6.79318E5	1.3991E4	8805.14313	7442.49538	5705.28475	4522.5598	3944.98057	3368.08198	3623.5167	4676.66321	2848.73237	2009.82431	2138.49288	1539.70625	1431.53237	1450.84009	4047.83591	7.6627E4	5.06766E4	1449.06267
512	3.27596E5	1.39293E6	1.77757E6	1.4477E4	9927.55311	8017.69371	5346.45753	4923.77408	3912.60083	3377.78556	3488.67639	4559.29865	2924.98299	2123.02344	2251.04383	1606.70427	1153.11263	1407.86352	3393.9892	4.76783E4	7.19244E4	1530.8596
514	5.53044E5	4.92805E5	3.43025E6	1.64997E4	1.02651E4	7396.77772	5043.81013	4257.34914	3847.37731	3928.76012	4273.2408	4314.42616	2742.61736	1908.98938	2177.63105	1492.62013	1112.87599	1208.19899	2527.40317	2.71706E4	9.47982E4	2529.30855
516	9.01587E5	1.92399E5	5.51564E6	1.72433E4	9926.9908	7320.66963	5222.62813	3926.58768	3669.54303	3382.56746	3488.33124	4316.45954	2741.77907	2150.58638	1998.17183	1440.12449	1378.96681	1347.34463	2062.47437	1.32481E4	1.07698E5	4356.13966
518	1.26474E6	1.48224E5	7.64136E6	1.76027E4	9498.9538	6659.6607	5331.16698	4626.90929	3927.97745	3035.8195	3155.66196	4084.95107	2404.83629	1784.7197	2062.23129	1540.74029	1330.95283	1275.71902	1769.27059	7633.83874	1.1551E5	8128.32565
520	1.82311E6	1.30207E5	9.42042E6	1.98456E4	9977.57877	6883.03714	5831.08295	4245.35557	3881.72553	3538.69551	3743.89671	4175.28808	2312.90315	1958.35949	1744.4591	1293.2645	1292.68442	1385.62557	1404.55251	5229.02179	1.05767E5	1.55083E4
522	2.13802E6	1.22202E5	9.72328E6	2.07882E4	1.05611E4	6493.52512	4846.04696	4295.70703	3969.26302	3109.11286	3318.11403	3688.73081	2835.9405	1677.79934	1875.7886	1401.68525	1154.5505	1212.77144	1427.22325	4186.9442	8.96704E4	2.73632E4
524	2.40451E6	1.10176E5	8.92733E6	2.4259E4	1.09624E4	6382.20359	5401.20049	4023.80741	3810.2796	3336.34422	3556.95205	3801.74018	2478.68183	1854.40489	1989.84393	1506.4191	1274.74637	1069.39154	1072.78646	3664.33875	6.28646E4	4.35057E4
526	2.46454E6	1.13592E5	7.06222E6	4.28595E4	1.20599E4	7796.44206	5579.27195	3714.45534	3530.81754	3649.50489	3115.23581	3294.93117	2536.28841	1617.11903	1671.19691	1507.42382	1158.39313	1084.71489	1074.33468	2937.04606	4.15474E4	6.01677E4
528	2.3017E6	1.1131E5	4.91411E6	1.90567E5	1.03778E4	7401.10872	5472.33564	4349.98274	3840.11158	2742.59853	3188.74585	3743.32451	2336.74301	1707.14869	1796.27158	1316.72782	1124.28904	951.3575	916.25909	2583.66979	2.36754E4	7.82332E4
530	1.98194E6	1.1441E5	2.71608E6	7.09326E5	1.0342E4	7504.30985	5362.9468	4317.12085	3425.98948	3346.69074	3369.81279	3544.24463	2362.37802	1749.33126	1598.46348	1846.5422	1057.75435	821.111	946.19711	1801.30896	1.16777E4	9.15432E4
532	1.46737E6	1.57297E5	1.17967E6	1.85072E6	1.27435E4	7468.82073	4190.08886	5069.78397	3695.97703	3048.05185	3108.61616	3515.30181	2438.17224	1788.31158	1658.45617	1189.1472	1096.69417	1004.5955	869.05103	1443.67529	7142.11838	9.68632E4
534	9.62071E5	2.57853E5	3.86674E5	3.64222E6	1.30503E4	7097.23361	5145.01559	4322.54053	4093.25531	3340.67682	3122.96772	3300.96411	2080.81238	1855.1621	1321.08112	1701.51094	1139.00367	808.16421	1010.68354	1306.37062	4517.38813	9.20962E4
536	5.9729E5	4.57526E5	1.61151E5	5.78871E6	1.4453E4	7913.99284	5320.7899	4650.34053	3233.91197	3430.65861	2927.1346	3039.8535	2215.22467	1711.57645	1592.25706	1325.03309	1100.36874	940.22553	1039.83678	1025.22559	3423.41166	7.69424E4
538	2.95751E5	7.40611E5	1.24436E5	7.97659E6	1.39311E4	8090.26903	4932.42645	4107.32597	3996.99119	2835.10309	2884.0737	3225.17345	2174.08478	1689.29367	1298.24846	1403.07178	1107.66447	1196.52451	1071.36612	996.57019	2814.14136	5.71219E4
540	1.62085E5	1.19277E6	1.0559E5	9.58238E6	1.55896E4	7666.64476	5776.96436	4347.21685	3394.19757	3214.1901	3247.73023	3038.38156	2075.30631	1760.65824	1583.37923	1172.52884	1223.51022	895.02342	839.56048	718.26102	2709.57646	3.68522E4
542	9.14945E4	1.64117E6	9.58277E4	9.84202E6	1.78795E4	8779.72546	5681.39719	4620.48948	3665.68365	3218.08877	2729.43105	2896.79755	2533.03597	1799.60351	1566.52632	1200.3331	1294.10156	1101.1746	594.22738	860.949	2039.31056	2.17248E4
544	8.13887E4	2.11596E6	9.12002E4	8.86462E6	2.35626E4	8395.79344	6336.93341	5058.28507	3473.27986	3640.72877	2979.11849	2931.11516	1996.16066	1592.37568	1465.04019	1194.69309	1162.8464	745.82961	758.2419	787.0046	1777.40995	1.10786E4
546	5.99633E4	2.45037E6	8.2961E4	7.00388E6	4.54281E4	1.00841E4	5686.26242	5071.47423	3433.45991	3636.86762	3024.8984	3123.61461	1781.33595	1682.36065	1573.42734	1195.46223	916.27248	706.02402	890.35925	797.85053	1276.12905	6075.96741
548	5.16591E4	2.62278E6	8.35759E4	4.84068E6	2.08396E5	8831.11938	6180.25554	3721.85467	3476.92214	2966.2014	2546.1178	2752.76848	1517.86431	1699.75995	1304.67735	1189.5499	1323.59072	988.67505	765.42069	1006.46101	1459.96495	4200.48285
550	5.78034E4	2.59745E6	8.09608E4	2.7483E6	7.5748E5	8878.08251	6118.51545	4426.03014	3214.8957	3091.09999	2692.66144	2842.83636	2042.05712	1576.62888	1491.51055	1067.01962	1142.11253	719.91449	633.51581	938.7638	818.90773	2890.76542
552	5.66815E4	2.32408E6	8.58476E4	1.16923E6	1.9502E6	1.12284E4	5703.57282	4694.32946	3858.41578	2913.60971	3314.89798	2903.70457	2265.86887	1513.9935	1514.30597	1009.1943	1206.45058	787.80662	708.64473	810.96426	712.82345	2709.47263
554	5.76083E4	1.88637E6	1.02642E5	3.88761E5	3.64079E6	1.26404E4	6359.88533	5166.10473	3721.54528	2872.07304	2840.58635	2690.55093	2030.63885	1885.60296	1311.93108	1230.41124	1061.94501	717.26557	776.14824	727.51767	876.61497	2554.62655
556	5.18577E4	1.45967E6	1.59129E5	1.5996E5	5.65654E6	1.13227E4	5805.95289	5009.88936	3152.97878	3027.71376	2754.19057	2896.71135	2079.99381	1430.28445	1121.90045	1202.71128	1292.01244	879.46309	836.67247	690.62952	612.22569	1936.92166
558	6.01652E4	9.44527E5	2.8604E5	1.13091E5	7.64008E6	1.14576E4	6219.80779	4430.00879	3353.17792	3391.78166	3050.99158	2438.94756	2090.34067	1422.70632	1337.69806	1183.13267	1004.28933	981.22651	813.95936	824.02486	848.15632	1661.08733
560	4.79407E4	5.86691E5	5.15863E5	9.75074E4	9.08055E6	1.37096E4	7188.39016	5161.77178	3812.43463	3511.12776	2392.90027	2712.49429	1972.70554	1609.3556	1577.97545	968.49382	934.87009	1027.91897	760.92448	736.37445	674.33025	1400.04024
562	4.46564E4	3.23247E5	8.3067E5	9.38017E4	9.38335E6	1.60089E4	7672.82643	4683.50272	4272.62556	3460.92997	2552.20281	2514.11972	1520.93437	1245.15899	1373.42208	1036.1874	1128.37208	829.41711	674.14868	728.35613	696.80203	1030.41237
564	5.32318E4	1.55238E5	1.2696E6	8.50095E4	8.15588E6	2.27583E4	8029.08327	5299.4698	3426.94422	3833.82014	2967.71173	2580.33516	2192.84793	1181.83748	1167.65012	792.06922	1049.72358	944.82009	958.92156	709.2199	667.51683	991.29176
566	5.61138E4	9.42235E4	1.71071E6	7.98178E4	6.37757E6	4.18055E4	7818.29613	5605.23956	4504.55575	3209.53544	2464.01249	2592.41071	1854.363	1601.4244	1271.61018	1183.03463	1027.73434	787.96321	790.89494	624.8307	857.7024	676.05071
568	4.40981E4	6.96106E4	2.0903E6	7.68264E4	4.1896E6	2.22585E5	9187.06387	5266.09132	3667.56531	3457.40392	2513.19035	2424.82117	1903.37581	1834.73799	1143.15664	1085.87208	912.59853	917.54115	828.92194	692.55254	575.71307	941.91025
570	5.45541E4	5.02597E4	2.39179E6	7.32775E4	2.28271E6	8.12398E5	9969.45466	5609.63646	4173.54937	2769.30036	2392.80964	2800.79232	1764.38799	1446.41076	1572.17646	915.61293	802.7817	1053.14268	906.32849	660.09541	586.0661	702.01318
572	4.36784E4	4.84241E4	2.49091E6	7.06293E4	9.50234E5	1.96768E6	9948.18264	5312.83641	4646.18846	3274.62315	2514.11013	2651.07941	2238.57356	1219.53434	1428.32174	1036.14448	870.13299	919.13568	902.40362	854.62183	785.15749	531.83893
574	4.98043E4	4.09285E4	2.40583E6	7.01116E4	3.2182E5	3.65824E6	1.06868E4	5557.84652	4383.97791	3059.28184	2161.68676	2710.63268	1620.18409	1492.08318	1202.93127	936.0462	830.03904	813.3464	848.61093	555.25522	853.97956	581.94559
576	5.78261E4	3.87527E4	2.07668E6	7.1336E4	1.37693E5	5.54697E6	1.09875E4	5603.51801	4180.6534	3496.42221	2808.34052	2450.35584	1965.99902	1585.73463	1631.24908	705.96062	1001.62029	826.83669	886.15146	505.82667	388.07442	758.93018
578	4.19922E4	3.0547E4	1.68321E6	9.66531E4	1.07599E5	7.33776E6	1.1459E4	6250.82521	4278.99314	3426.09894	2676.12844	2598.70945	2000.51995	1257.75294	1374.47222	896.59818	779.18378	852.79325	592.90343	502.88777	592.75828	708.88543
580	4.54476E4	3.35984E4	1.22471E6	1.52297E5	9.53358E4	8.56753E6	1.36528E4	6174.77053	4581.31355	3132.43213	3021.57952	2973.36318	1907.31534	1319.82287	1413.70654	1157.07769	1265.27422	658.76273	684.71438	596.92614	342.4336	484.12954
582	5.11371E4	3.15418E4	7.9726E5	2.88695E5	7.89949E4	8.71306E6	1.64805E4	7389.20628	4100.01809	3697.72013	2773.26759	2461.53419	1808.49492	1657.63336	1182.71742	1314.34896	1124.71114	743.00523	721.31366	720.50991	469.30919	722.9146
584	5.28002E4	3.50021E4	4.8791E5	4.99462E5	7.65063E4	7.61484E6	2.0691E4	6435.57103	4821.16186	4012.58121	2688.80587	2474.51993	1799.14511	1626.48486	1030.36662	1086.31825	822.76127	803.01855	914.57303	378.57601	404.08797	757.68813
586	4.36096E4	3.03725E4	2.46517E5	8.04292E5	7.10872E4	5.77559E6	3.99204E4	6854.66031	3796.36464	3963.55299	2474.01478	2358.04683	1845.9213	1462.28165	1348.14599	1154.94201	1091.50005	671.52391	675.29908	708.67109	535.48839	726.46128
588	3.99365E4	3.41905E4	1.35669E5	1.18528E6	6.81674E4	3.74033E6	1.99977E5	8360.45403	4896.94741	3801.15909	2817.41559	2578.99395	2001.92921	1383.41347	1193.86233	1111.16807	1025.4785	633.13637	1010.051	735.26119	507.53862	669.55334
590	2.55884E4	2.85105E4	7.60464E4	1.56028E6	6.60729E4	1.96797E6	7.88E5	7873.63223	4662.33602	3640.89737	2759.02836	2428.04545	2338.25434	1441.91397	1442.08498	849.57232	1041.87114	909.93832	675.43797	788.41192	775.51286	494.51163
592	3.74702E4	3.56623E4	5.2413E4	1.92159E6	6.36167E4	7.80185E5	2.02895E6	9169.08874	4856.69522	3983.95577	2640.33031	2335.42764	2142.09419	1497.94741	1354.04735	1068.27699	703.2013	964.57433	968.70689	950.04665	460.86596	610.15593
594	3.42491E4	3.76171E4	4.36319E4	2.15277E6	5.72579E4	2.57102E5	3.74082E6	9042.7913	5139.04476	3057.39421	3508.13225	2462.41766	1511.72589	1382.61232	1314.18446	1002.75889	819.31781	929.53108	802.62067	454.7316	669.70246	511.52053
596	3.41399E4	3.44028E4	3.66473E4	2.20754E6	5.61724E4	1.17866E5	5.62346E6	1.13667E4	4835.82549	3006.00689	2776.76017	2491.59935	1870.98062	1669.29835	1520.44358	546.81264	1073.18578	452.73471	748.69816	589.19664	559.25836	383.93372
598	4.93421E4	3.44616E4	3.35829E4	2.05446E6	5.69218E4	9.62066E4	7.34168E6	1.02119E4	5034.88737	3540.40032	2786.55505	2359.25023	1484.05004	1699.00063	1473.88585	971.06937	1363.81593	678.5487	982.49172	688.05157	652.6716	733.99398
600	3.54936E4	4.4397E4	3.63062E4	1.81695E6	6.21983E4	8.15213E4	8.28249E6	1.18665E4	5416.29974	3124.05954	3000.83727	2150.04851	1496.09735	1697.48751	1127.97979	1064.46935	893.99663	622.72766	707.36237	670.03296	578.86757	617.96338
