300	8.47271E4	5.49201E4	5.21728E4	2.61365E6	2.04059E5	1.7383E5	1.6407E7	5.62147E4	8517.74075	4868.63856	3494.92411	2467.97507	2195.44969	1467.2434	2216.06494	1495.10358	1403.2648	907.91679	1002.57549	734.34343	963.77449	690.83238
302	1.05747E5	6.36068E4	5.21792E4	1.68332E6	5.14408E5	1.09039E5	1.44015E7	6.32031E5	9650.75345	5545.05168	4167.96845	2238.58752	1672.06198	1754.50213	2064.62182	1188.43926	1044.58269	1052.00273	990.91765	1225.16212	1077.82328	1003.66946
304	7.40254E4	5.50766E4	4.61061E4	8.56353E5	1.11365E6	9.62731E4	9.13488E6	2.82599E6	1.16035E4	5377.24068	3922.99723	2580.05584	2150.21416	1659.81673	2020.29569	1340.05849	1436.82561	967.07236	1141.99995	748.1698	1031.48668	750.42206
306	7.88054E4	5.62253E4	4.72263E4	3.48579E5	1.8808E6	8.8669E4	3.95238E6	7.32881E6	1.34101E4	5880.14504	3877.11007	2431.27099	2019.07625	1792.03273	2259.52885	1225.93398	1249.66312	977.00677	928.11935	666.81307	979.19328	560.11911
308	6.87065E4	5.52391E4	4.77832E4	1.32786E5	2.56464E6	7.86988E4	1.00245E6	1.27635E7	1.89799E4	5445.13668	3969.31648	3007.39417	2121.80559	1587.16276	1592.99251	1256.41942	1290.48961	1034.06143	839.82142	989.89836	1139.32801	703.93216
310	9.10502E4	4.66458E4	4.54492E4	7.24347E4	2.71951E6	9.31681E4	1.7327E5	1.55533E7	5.14512E4	6822.84412	4769.19295	2554.68236	1798.05745	1740.5938	1652.76685	1535.3705	1276.61001	781.00732	1007.79552	929.46368	1140.44735	539.40152
312	8.097E4	5.07027E4	4.78519E4	5.80976E4	2.28271E6	1.62432E5	9.94837E4	1.37135E7	5.7102E5	7700.90711	4311.96939	3190.4406	2364.21231	1890.05978	1648.35368	1170.46535	1343.00574	944.50763	1089.74713	1090.316	913.43689	567.06326
314	7.4901E4	5.17809E4	4.88817E4	4.65706E4	1.47751E6	4.25825E5	8.59173E4	8.36001E6	2.77999E6	9418.52238	4082.70598	3139.64485	2309.76495	1486.53621	1959.69985	1539.51304	1210.4274	1247.64975	1020.29616	833.16408	967.49157	710.1553
316	6.25737E4	5.41884E4	4.86558E4	4.33987E4	7.60139E5	9.26847E5	7.90159E4	3.39205E6	7.20697E6	1.17258E4	5008.58845	3491.21763	2467.53305	1945.85171	2020.14544	1548.47286	1312.10985	948.20255	1173.12822	979.70204	1093.52786	653.26784
318	8.45034E4	4.70587E4	4.721E4	4.46761E4	3.09124E5	1.57399E6	6.63546E4	8.52102E5	1.18594E7	1.84766E4	5496.9644	3466.21838	2271.08885	1784.46929	1770.28516	1146.46127	1102.98806	741.87436	898.24003	596.26643	961.00387	789.5206
320	7.18867E4	4.90076E4	4.79364E4	4.02781E4	1.17718E5	2.13124E6	6.22118E4	1.40821E5	1.41816E7	4.74608E4	6451.27936	3587.88539	2503.67483	1757.76668	1538.81834	1105.55079	1201.12141	1034.68704	1176.87634	1010.34885	1028.58195	587.37384
322	7.11032E4	4.80005E4	4.21278E4	3.72943E4	5.866E4	2.2346E6	6.92952E4	8.25301E4	1.21364E7	5.19663E5	6435.58098	3696.99491	2660.75977	1932.94007	1843.45112	1358.72714	980.91957	834.41072	1181.61446	966.43352	928.01705	687.41481
324	7.25327E4	5.01788E4	3.98262E4	3.74225E4	4.45202E4	1.87916E6	1.27442E5	6.90115E4	7.22202E6	2.39935E6	7768.71612	3754.98122	2998.66051	1872.54848	2181.50882	1404.02036	918.51197	838.46493	1270.8757	645.12357	980.02293	547.54581
326	7.01136E4	4.24426E4	3.48569E4	3.43913E4	3.61334E4	1.28627E6	3.05841E5	6.30871E4	2.85299E6	6.09018E6	1.02867E4	3923.77181	2495.69719	2116.58296	1881.75593	1122.18683	1168.37534	879.84226	987.00376	793.32952	813.64308	599.20921
328	6.65594E4	4.52054E4	3.38075E4	3.67029E4	3.31053E4	7.12577E5	6.57411E5	5.44413E4	7.40393E5	1.01535E7	1.49452E4	4338.80813	2397.0883	1932.47736	1602.45293	1034.44831	1193.71705	832.68128	1384.03713	948.93912	705.75661	645.00848
330	7.389E4	4.30252E4	3.13424E4	3.46049E4	3.08319E4	3.10407E5	1.17406E6	4.93618E4	1.22603E5	1.22586E7	3.48265E4	5122.31402	2716.3274	2371.0715	2179.11329	1522.90388	1223.15379	794.94476	948.00676	594.66031	797.01409	726.39141
332	7.28426E4	3.60818E4	3.07397E4	3.48971E4	2.87867E4	1.2021E5	1.63951E6	4.35028E4	6.8791E4	1.07852E7	3.73159E5	6216.57828	2762.71279	2313.98225	1600.88784	973.62997	902.90132	920.08759	988.32631	774.93219	851.32684	497.64415
334	6.44819E4	3.70094E4	3.09075E4	3.36973E4	2.89509E4	5.14756E4	1.82561E6	4.79709E4	5.53514E4	6.67601E6	1.84848E6	6744.02429	2861.43862	2222.19333	1790.98468	1145.50975	973.64789	800.09793	1004.01725	704.77309	730.93707	594.89373
336	5.51233E4	3.51637E4	2.68367E4	2.97031E4	2.77759E4	3.56066E4	1.65298E6	8.31811E4	5.06522E4	2.80744E6	4.86481E6	8548.88353	3503.57358	2443.65056	1669.09617	1169.45191	1270.12161	949.99596	893.64669	663.48013	806.93369	594.13711
338	5.93576E4	2.89311E4	2.59355E4	2.72467E4	2.61747E4	2.73615E4	1.21872E6	1.98871E5	4.4069E4	7.81865E5	8.05019E6	1.23514E4	3368.07188	2371.18547	2123.96617	1103.6748	1088.55179	945.2133	1087.38753	689.29588	720.81113	644.9725
340	7.60342E4	3.79677E4	2.35726E4	2.66601E4	2.53749E4	2.40177E4	7.03844E5	4.67167E5	4.00723E4	1.17474E5	9.74663E6	2.93084E4	3963.45697	2375.67725	2079.50324	1143.71373	1130.22402	734.5977	782.39952	720.25991	698.9938	541.61856
342	5.22678E4	2.81226E4	2.58338E4	2.55484E4	2.57457E4	2.18542E4	3.29021E5	8.36297E5	3.58476E4	5.97652E4	8.62757E6	3.03265E5	4513.70412	2495.23183	2187.24794	1335.66207	1148.98302	956.94431	971.61308	715.81276	708.10986	514.12058
344	5.86056E4	3.80963E4	2.3281E4	2.14137E4	2.46813E4	1.80039E4	1.22416E5	1.24672E6	3.1346E4	4.52528E4	5.26954E6	1.63883E6	5443.93423	2772.58717	2082.69272	1271.44171	1138.92129	867.68011	857.27554	704.34974	696.30856	674.65559
346	4.86926E4	3.51358E4	1.9781E4	2.26886E4	2.40796E4	1.69981E4	5.17388E4	1.43483E6	3.19497E4	4.02656E4	2.20388E6	4.29365E6	6843.07502	2953.2702	2115.28209	1285.20641	1067.2132	810.41437	917.18612	793.10768	719.05805	405.68805
348	4.07194E4	3.03244E4	2.24388E4	1.94739E4	2.13806E4	1.63211E4	2.80619E4	1.3695E6	5.58077E4	3.63624E4	5.51955E5	7.19875E6	1.03243E4	2867.98226	2128.94118	1568.0166	1074.47968	975.74316	780.68434	773.41875	607.0324	554.0263
350	5.30354E4	3.06915E4	2.2626E4	1.87939E4	1.90288E4	1.49652E4	2.06413E4	1.0529E6	1.33671E5	3.33625E4	9.23025E4	8.60201E6	2.23271E4	3392.46747	2619.53703	1618.94266	1063.36931	841.09787	696.75284	663.79386	720.34503	528.07878
352	4.27187E4	3.02743E4	2.11937E4	1.78826E4	1.93989E4	1.48437E4	1.60645E4	6.29496E5	3.1581E5	2.92233E4	4.73358E4	7.5934E6	2.79759E5	4145.24155	2304.10057	1530.76627	1073.10913	892.61749	759.49116	737.44918	607.17573	460.97569
354	4.99408E4	2.80727E4	2.00258E4	1.63258E4	1.70947E4	1.4672E4	1.48996E4	3.1449E5	5.83559E5	2.61801E4	3.63512E4	4.90004E6	1.3207E6	4834.39101	2557.10853	1460.00807	1120.66318	680.69906	573.66671	712.09873	583.54544	477.27905
356	3.98342E4	2.88864E4	1.97599E4	1.64159E4	1.65137E4	1.48283E4	1.262E4	1.31124E5	8.87532E5	2.31159E4	3.14958E4	2.03832E6	3.6243E6	6477.10554	3192.99539	1532.06261	1254.35222	747.23756	857.53111	463.27674	625.10742	482.06982
358	4.77334E4	2.63886E4	1.78562E4	1.60939E4	1.59553E4	1.4439E4	1.13337E4	5.3257E4	1.08643E6	2.36517E4	3.0104E4	5.18279E5	5.97217E6	9518.90043	3145.75737	1769.12552	1199.42608	842.69696	794.01638	485.3221	552.89039	451.50802
360	5.0086E4	2.7203E4	1.74972E4	1.48607E4	1.38948E4	1.43368E4	1.05102E4	2.71417E4	1.08929E6	3.38058E4	2.76322E4	7.93281E4	7.1846E6	1.95169E4	3560.86418	1644.99558	1421.32326	627.45437	807.89813	578.33951	635.36359	415.86292
362	3.6286E4	2.62773E4	2.0708E4	1.53959E4	1.45491E4	1.38048E4	1.01559E4	1.8492E4	8.93044E5	7.66708E4	2.51705E4	4.0714E4	6.47493E6	2.22489E5	4268.77368	1908.99997	1382.07407	839.54604	838.4599	584.79047	526.8696	538.91214
364	4.31162E4	2.55231E4	1.72832E4	1.58956E4	1.39403E4	1.28476E4	9616.85211	1.37138E4	5.99679E5	1.79387E5	2.1534E4	3.07041E4	4.2262E6	1.13673E6	4652.85812	2052.95503	1488.51117	708.9314	862.45214	818.43432	770.42478	539.10794
366	4.62491E4	2.43134E4	1.51992E4	1.53814E4	1.21232E4	1.22721E4	8984.44202	1.09862E4	3.17471E5	3.71319E5	1.9474E4	2.53374E4	1.74276E6	3.28931E6	5858.24606	2003.96465	1302.75599	897.30067	652.47829	604.75012	613.55067	413.9926
368	3.8259E4	2.54811E4	1.7016E4	1.36655E4	1.17099E4	1.18475E4	8670.96487	9750.52162	1.39669E5	6.05429E5	1.76419E4	2.47664E4	4.5843E5	5.54247E6	9566.53532	1953.14934	1252.73835	872.65841	753.95749	629.08353	582.48309	447.70191
370	4.1094E4	2.06281E4	1.59535E4	1.38206E4	1.0919E4	1.03438E4	9033.46296	8555.21118	5.57729E4	8.10106E5	1.76285E4	2.31124E4	6.91665E4	7.02394E6	2.13472E4	2172.71938	1424.71808	1042.11862	852.74214	618.61009	749.98544	455.1297
372	3.55293E4	2.36433E4	1.58692E4	1.12453E4	1.14778E4	1.06357E4	9417.53566	8817.16313	2.62773E4	8.63887E5	2.43509E4	2.14237E4	3.59304E4	6.30352E6	2.86256E5	2562.77552	1459.7181	968.5049	829.0827	505.3041	643.02876	289.5547
374	4.15178E4	2.31506E4	1.43027E4	1.17496E4	1.15074E4	9409.60072	9354.67172	8384.41167	1.71155E4	7.56516E5	5.20396E4	1.94195E4	2.63494E4	3.868E6	1.28531E6	3426.56889	1456.54943	1001.85089	915.82816	571.51214	539.73153	373.679
376	4.06504E4	2.32393E4	1.5507E4	1.14985E4	9740.41941	9518.81785	9603.0845	7613.97902	1.14892E4	5.47811E5	1.25666E5	1.67366E4	2.22343E4	1.55562E6	3.38447E6	4468.6407	1786.75234	1032.22346	974.18126	559.06344	597.75735	340.66998
378	4.60253E4	2.45515E4	1.34967E4	1.13727E4	9399.32911	8557.59772	9276.75613	8143.96577	8948.28401	3.21762E5	2.56845E5	1.47492E4	1.9663E4	3.77785E5	5.64871E6	6989.07111	1894.48222	891.73498	1134.59983	576.68884	583.64243	427.57262
380	3.30009E4	2.08755E4	1.36373E4	1.19894E4	9314.27423	8733.9137	9414.35998	7219.65099	7739.80598	1.55122E5	4.36562E5	1.3308E4	1.90658E4	5.896E4	7.02157E6	1.65306E4	2100.40936	981.56902	1182.89111	641.46274	576.79677	322.96161
382	3.94422E4	1.88786E4	1.44704E4	1.03657E4	8759.20813	8450.59868	8653.27605	7629.99148	6892.18637	6.7914E4	6.03661E5	1.30098E4	1.90534E4	3.18713E4	6.52517E6	1.73971E5	2550.20717	1076.27593	1143.57969	603.40744	708.73193	308.45565
384	3.33922E4	2.2181E4	1.24705E4	1.13977E4	9826.71938	8508.61504	7850.82893	7113.17956	6636.32171	3.18458E4	7.02121E5	1.65949E4	1.69804E4	2.37093E4	4.43512E6	9.1775E5	3028.7958	1335.61007	1331.8816	678.47439	727.41566	470.69448
386	4.02348E4	1.68021E4	1.34947E4	1.0456E4	9356.33054	8457.14224	8114.33892	7881.17928	6702.03242	1.76339E4	6.67555E5	3.30732E4	1.56129E4	1.97773E4	1.86768E6	2.54901E6	4101.54798	1137.17666	1030.34673	724.67114	563.94631	361.11384
388	3.97968E4	2.02992E4	1.13259E4	1.02956E4	8948.66996	8177.84931	7416.54686	7662.58374	6153.55191	1.22677E4	5.3641E5	7.57653E4	1.46653E4	1.7197E4	4.74159E5	4.39151E6	6217.34278	1543.53292	1312.4146	867.54687	690.86016	471.34194
390	4.31113E4	2.4089E4	1.19861E4	1.18534E4	8446.22875	7894.42101	7256.96472	8108.407	6378.55456	9398.06887	3.54347E5	1.66507E5	1.28694E4	1.67742E4	6.60966E4	5.52424E6	1.44997E4	1865.18435	1301.8628	858.9343	791.8055	549.36248
392	4.34214E4	2.50619E4	1.20308E4	9728.65271	8239.06712	8735.51603	6776.09449	8706.88629	6005.70268	7578.43531	1.86866E5	3.04957E5	1.17882E4	1.71791E4	3.06832E4	4.98906E6	1.68823E5	2088.98183	1523.34328	842.66673	640.63168	463.26716
394	4.09498E4	3.04121E4	1.29292E4	9662.17548	7627.38044	8340.95837	6897.33774	9066.15852	5763.95828	6530.03618	8.95442E4	4.44621E5	1.13737E4	1.67648E4	2.32181E4	3.24387E6	8.81809E5	2588.29224	1501.4045	845.58094	856.40883	466.30077
396	4.63899E4	3.29316E4	1.31138E4	1.04662E4	9145.79152	8728.73612	6828.39678	8094.31652	6268.30851	6123.72663	3.80274E4	5.61239E5	1.26694E4	1.60566E4	1.87937E4	1.37399E6	2.49228E6	3391.93619	1651.43344	847.43307	804.94983	406.01972
398	4.35337E4	3.80026E4	1.28978E4	1.0441E4	8543.63379	8384.86327	6826.41877	8545.42314	5809.43524	5893.93371	2.01492E4	5.8215E5	2.07587E4	1.37756E4	1.58033E4	3.60702E5	4.39502E6	5463.74893	1798.52746	904.48306	930.83409	351.11192
400	5.11092E4	3.79971E4	1.24981E4	9408.59506	7826.22826	8129.77479	6692.59258	8169.73543	6103.36232	5679.38559	1.33006E4	4.94968E5	4.49823E4	1.26667E4	1.49932E4	5.70268E4	5.40634E6	1.17648E4	1724.59393	972.04658	897.46876	354.42952
402	4.38089E4	4.30619E4	1.33567E4	8761.73716	7528.34527	8240.97668	7117.23899	7441.8897	6602.32276	5500.09767	9996.29736	3.51905E5	1.0147E5	1.1593E4	1.48402E4	2.59521E4	4.95711E6	1.33999E5	2451.6897	920.2302	709.145	531.72361
404	4.4274E4	4.07024E4	1.2221E4	1.03095E4	8461.55426	7326.67449	7001.67029	6827.62702	6717.77442	5367.42929	8177.81469	2.05368E5	2.01749E5	1.07512E4	1.43171E4	2.05442E4	3.14875E6	7.29401E5	3083.19285	1197.2038	763.90157	600.90309
406	5.01475E4	4.34528E4	1.31384E4	1.04486E4	7596.53399	8499.37595	6839.58777	6849.99259	6558.83662	5073.19615	6470.9855	1.04768E5	3.18886E5	9523.51782	1.39067E4	1.55842E4	1.29195E6	2.08339E6	4008.5214	1352.69394	874.00889	385.45933
408	5.07155E4	4.57794E4	1.20707E4	8284.96789	7220.94761	7490.57362	6357.92287	6361.38583	7259.82429	5085.85571	5870.76044	4.60908E4	4.3364E5	1.02005E4	1.25286E4	1.30983E4	3.07514E5	3.67877E6	6307.97679	1478.31175	945.36264	660.29895
410	4.77539E4	4.48159E4	1.47987E4	8452.9263	7912.49351	8073.57038	5937.02076	6193.0507	7215.16551	4781.88769	5740.37159	2.31053E4	4.83659E5	1.4435E4	1.11608E4	1.17643E4	4.26027E4	4.52676E6	1.29037E4	1546.03201	941.44946	482.6674
412	4.56736E4	4.35614E4	1.56977E4	9691.72518	6896.39051	6913.69387	6194.75489	6635.48884	6401.77462	4957.68133	5382.0196	1.52762E4	4.60262E5	3.0002E4	1.04337E4	1.17314E4	2.27373E4	3.97809E6	1.12499E5	1761.40061	881.11662	576.67176
414	4.27542E4	4.86417E4	1.3434E4	8901.87276	7336.42636	7623.71622	6613.51115	6480.1898	6662.83686	4906.42049	5556.94517	1.10672E4	3.70144E5	6.53365E4	9841.02879	1.15897E4	1.73071E4	2.54141E6	6.02709E5	1959.39285	973.5103	449.27364
416	4.90044E4	4.66909E4	1.52898E4	9312.97421	7771.4082	7108.36264	5908.60537	6626.15203	6167.00508	5152.23965	5244.78442	8716.97588	2.50166E5	1.28829E5	9148.82932	1.13252E4	1.4332E4	1.07944E6	2.06062E6	3216.28378	1142.95092	465.23222
418	4.64059E4	5.03949E4	1.47816E4	9559.24929	7694.3456	7422.97604	6002.60042	6930.32607	5957.7422	5305.28773	5380.77844	7510.37404	1.40847E5	2.2475E5	8191.29382	1.13173E4	1.12552E4	2.77181E5	4.30036E6	4638.05474	1284.82138	603.89577
420	4.25434E4	4.8072E4	1.62734E4	8517.61361	8109.09435	7866.60089	6239.33761	6257.98254	5563.1863	4891.5871	5085.64102	6707.4458	6.88992E4	3.22521E5	8041.39763	9850.30263	1.01561E4	4.04989E4	5.84982E6	1.01227E4	1263.19743	628.91363
422	5.709E4	5.15532E4	1.32515E4	8617.74908	7448.87105	8007.80651	5690.52743	6314.41599	5904.03425	5501.10903	4939.18472	6097.23811	3.09155E4	3.97753E5	9381.02118	8637.31876	9392.95112	1.97942E4	5.70041E6	1.29275E5	1658.04626	611.39022
424	4.51849E4	5.23687E4	1.38828E4	1.00256E4	6868.49561	7327.41792	5571.87098	6362.8188	5550.25997	5787.72942	5272.80705	5844.67594	1.77073E4	4.11359E5	1.67041E4	8190.49487	9589.02658	1.53305E4	3.62112E6	6.25755E5	1985.22997	791.76432
426	5.45719E4	5.66795E4	1.35834E4	9187.78942	7633.50197	7497.17168	5784.57719	6018.16282	5379.62631	5567.15436	5192.93893	6080.52703	1.24929E4	3.55074E5	3.78991E4	7721.5607	9347.03997	1.24081E4	1.45213E6	1.79705E6	3277.11231	766.23685
428	5.15506E4	5.92337E4	1.59497E4	8679.54657	7262.5202	7337.36993	5745.99448	6247.17455	5261.20485	5489.84228	5317.10056	5863.00566	9438.15958	2.56997E5	7.99616E4	7230.55901	9033.20054	1.01969E4	2.64038E5	3.14339E6	4950.46751	756.98548
430	5.26278E4	5.50446E4	1.44885E4	9724.77857	7496.18464	7152.27322	5771.19058	6467.90759	5186.16343	5499.56211	5457.43301	5879.04195	7993.46563	1.56892E5	1.44656E5	6185.39164	8391.57129	8376.19251	3.6909E4	3.83698E6	1.0552E4	978.68754
432	4.70908E4	6.05876E4	1.55871E4	8867.20772	7040.82633	7061.33395	6215.44779	5434.74601	5194.33274	5381.55713	5407.19576	6149.95245	6667.83762	8.26814E4	2.23817E5	6122.64913	7535.43893	8114.89942	1.8908E4	3.37779E6	1.19233E5	1085.54392
434	5.03198E4	6.16356E4	1.51747E4	8099.60889	7157.47638	6913.07241	5697.87889	5853.25749	5332.98766	5574.68485	5817.84925	6135.7987	5718.61711	3.98778E4	2.92821E5	6582.71262	6928.26804	7461.63739	1.44877E4	2.07721E6	6.16026E5	1750.19359
436	5.4597E4	6.07645E4	1.60744E4	9655.82559	7320.12799	6991.11873	5523.43398	5782.87657	5109.729	5780.92984	5676.73489	6252.16743	5192.61204	2.11626E4	3.30366E5	1.00834E4	6825.21165	7953.10634	1.19271E4	8.65024E5	1.72472E6	2248.16083
438	5.90589E4	6.13623E4	1.47117E4	1.01146E4	7407.33138	6504.90245	5615.36674	6104.21343	5267.34786	4868.13451	5779.99344	6722.10879	5539.50383	1.40544E4	3.18236E5	2.07165E4	6539.1377	8208.63491	9931.64258	2.16041E5	3.19315E6	3703.08744
440	4.95248E4	6.56783E4	1.65891E4	1.0444E4	7968.33857	6985.47528	5547.40406	5738.87861	5630.50899	5368.67342	6200.49549	6744.94804	5682.82596	1.01059E4	2.63583E5	4.3187E4	6015.44123	7652.96733	8234.14802	2.95641E4	3.91639E6	7492.92634
442	4.28535E4	6.62734E4	1.60979E4	8641.98291	7163.64392	6307.93206	5803.98337	6091.55138	5334.0869	5338.02985	6659.12366	6910.40846	5774.04254	8310.28752	1.86093E5	8.10545E4	5405.41002	7172.2518	7194.17939	1.5801E4	3.60162E6	7.04789E4
444	4.71625E4	6.4533E4	1.71001E4	9737.35818	7628.72646	6718.29246	5614.61109	5693.05141	5001.48821	5472.38983	6566.45608	7296.01647	5213.26826	6620.94384	1.1105E5	1.373E5	4591.92102	6667.79659	6510.19443	1.25877E4	2.24691E6	4.26823E5
446	4.93447E4	6.98661E4	1.72234E4	9506.1516	7484.43442	6864.72212	5967.76374	5594.68723	4755.07901	5476.2131	7103.38762	7295.03382	5290.86335	5601.99131	5.73639E4	1.99434E5	4896.08158	5648.74861	6634.99649	1.01344E4	8.84156E5	1.37691E6
448	5.67688E4	6.87237E4	2.00043E4	9687.95033	7343.84894	6961.87799	5699.20766	5911.16142	5287.07709	5482.81536	6867.06168	7243.54652	5219.63237	4834.24597	2.77456E4	2.49505E5	6740.60503	5994.63844	7134.63443	8090.26506	2.20597E5	2.66196E6
450	5.61348E4	7.08898E4	1.81655E4	9290.15009	7519.77261	6915.61168	4998.25088	5734.99903	5139.06944	5551.81507	6521.26109	7337.52228	4577.33255	4499.05847	1.54047E4	2.68593E5	1.23277E4	5769.02411	7299.04427	6825.74875	3.00036E4	3.45587E6
452	5.00871E4	6.90651E4	1.72141E4	8644.60463	7114.02991	6754.17896	5306.62747	5615.62265	5045.04399	5117.57511	6445.5486	7743.46554	4796.25651	4545.08721	1.09628E4	2.51463E5	2.58039E4	5073.50491	6737.70984	6439.49855	1.4864E4	3.15065E6
454	5.04824E4	6.80336E4	1.81163E4	1.05295E4	7108.73114	7075.38919	5149.07601	5634.5154	5175.44942	5020.24319	6305.96223	7703.68852	4974.65401	4315.66786	8811.59255	2.00772E5	5.21116E4	4621.59695	6115.86972	5532.67965	1.13965E4	2.02093E6
456	5.26365E4	6.69772E4	1.86068E4	9816.91391	7957.54505	6522.36205	4981.62332	5533.38374	5059.2105	4979.79284	6114.56896	7316.44794	5001.00794	4280.84379	6675.80373	1.35727E5	9.15849E4	4125.88521	5341.53485	5665.83161	9283.88931	8.09681E5
458	5.71249E4	6.90231E4	1.79103E4	9631.89237	7870.47433	7295.21615	5079.3289	5397.81131	5002.84265	4993.23869	5992.06502	7957.02321	4824.46796	4029.67858	5391.87897	7.91638E4	1.41187E5	3903.51687	5031.67666	5564.50518	7666.89001	1.90036E5
460	4.91346E4	6.43621E4	1.95771E4	9911.95432	7637.46298	6580.94165	5320.50367	5694.91295	5033.31257	5075.32442	6315.45584	7941.01473	4998.00781	3750.60266	4438.25516	4.00546E4	1.87928E5	4418.4125	5050.91157	6182.18563	6288.57213	2.82504E4
462	4.81315E4	6.87184E4	1.76583E4	1.10413E4	7953.26321	6293.54732	5457.47044	5687.31521	4893.25415	5128.06608	6448.76965	7782.54879	4962.47101	3915.27127	3666.54788	2.01933E4	2.19472E5	7127.30978	4864.14879	5921.43269	5470.27745	1.29086E4
464	6.40383E4	7.21956E4	1.94171E4	9621.93283	8361.49378	6559.1347	5381.81868	5239.5184	4704.27986	5051.91685	6587.75537	7536.55437	5048.86848	3605.14844	3643.19326	1.19391E4	2.21073E5	1.47114E4	4640.59864	5791.41328	5133.85622	1.02275E4
466	7.47487E4	7.2294E4	1.99841E4	9886.15353	7556.5201	6491.45255	5515.63834	5181.37242	5104.26126	5487.61418	6223.29267	8324.83276	4909.01754	3735.20567	3539.81427	8833.96246	1.91899E5	2.8578E4	4276.7851	5323.0089	4911.10314	8731.05251
468	1.82102E5	6.61478E4	2.10722E4	1.06646E4	7627.65401	6232.15428	5093.08023	5193.42727	4883.90719	5163.42201	6036.54813	8442.5319	5307.61805	3606.07811	3273.95317	6914.15714	1.44969E5	5.37038E4	3514.99308	4438.61652	5014.43139	7142.82349
470	5.43486E5	7.67818E4	2.37695E4	1.03999E4	8048.15498	7241.41337	5138.64681	5430.75658	4848.19319	4984.16666	6094.75687	7785.59106	5333.68633	3436.78709	3379.52479	5491.32837	9.38642E4	8.85214E4	3308.00459	4458.9332	5127.30889	5811.38584
472	1.34524E6	7.54494E4	2.1362E4	1.11792E4	8039.23292	7188.25406	5252.23496	5449.29143	5065.09	5040.73388	6453.88726	7864.16726	4870.30607	3494.41015	3845.29874	4544.99055	5.28196E4	1.30342E5	3283.2665	4466.97884	5370.48931	5098.6919
474	2.64655E6	7.43774E4	2.18902E4	1.16593E4	7595.40991	7218.12786	5272.91433	4856.65296	5014.7631	5159.05725	6249.89347	8082.19134	5168.77893	3543.29928	3320.95439	4123.92934	2.74219E4	1.65861E5	4575.11795	4232.66361	5479.04948	4256.90105
476	4.54154E6	7.27311E4	2.3766E4	1.09077E4	7275.35697	7040.26174	4895.17094	5279.24408	5203.37598	4711.78327	6918.61801	7699.27344	5476.66797	3473.09704	2976.64764	3294.53072	1.4245E4	1.88102E5	7311.68763	3737.5715	4907.38708	4036.29035
478	6.69838E6	7.29476E4	1.97655E4	1.02692E4	7473.80828	6485.33435	4930.6175	5115.31383	4299.56066	5078.66082	6240.671	7415.39375	5103.96907	3491.45051	2979.41339	3299.62126	9114.75752	1.87313E5	1.5031E4	3384.95768	4366.25183	3791.67118
480	8.92293E6	7.32904E4	2.25691E4	1.03579E4	8029.9863	7012.66278	5288.68739	4977.82199	4914.91488	4990.16752	6187.67545	7491.77243	5052.63053	3304.99493	2977.37569	2877.16071	6927.54812	1.57001E5	3.10779E4	3047.47467	3623.80601	4003.90626
482	9.9329E6	6.98362E4	2.19123E4	1.19202E4	8944.37024	7755.28939	5264.21994	4376.81951	4523.72134	4899.69215	5840.54242	7544.96436	4824.42428	3156.99854	2857.14683	2939.69293	5738.61432	1.16725E5	5.60857E4	2666.01327	3221.51682	4018.20963
484	9.60953E6	7.48468E4	1.99137E4	1.2048E4	7859.19904	6796.22705	5720.81055	5420.38398	4700.48167	5211.25092	5574.94965	7036.99649	4563.65263	3373.92851	2822.34566	2817.48705	4557.58921	7.23118E4	8.76544E4	2472.21924	3377.95328	4501.12384
486	8.05346E6	9.15445E4	2.10923E4	1.18312E4	8265.12779	6622.3442	5173.01306	4742.95234	4177.25271	4731.41652	6004.47448	7199.74385	5034.02316	3362.86578	2734.50912	2777.50838	3513.31551	4.02473E4	1.18657E5	3317.6377	3446.01796	4837.34221
488	5.7836E6	2.49508E5	2.39413E4	1.11969E4	8703.85306	7001.12289	4859.49582	4971.03991	4038.67008	4763.11343	5309.59675	6783.68198	4357.79834	3711.62058	2554.07747	2340.22504	3072.64936	2.00776E4	1.45848E5	5019.17415	3166.4109	4299.86567
490	3.34551E6	7.35958E5	2.37222E4	1.24835E4	8509.1668	7018.26722	6138.20766	4537.16973	4442.13752	5012.11046	5500.59075	7230.23962	4162.602	3230.7128	2565.87867	2319.30056	2895.80893	1.06547E4	1.58273E5	8954.91787	2756.6414	3867.40061
492	1.4518E6	1.89497E6	2.38044E4	1.31299E4	7690.20301	7053.48038	5169.67313	4699.61815	4096.80805	4545.04038	5408.95399	6832.72215	4096.10731	3314.21707	2657.33801	2387.53724	2233.84078	7003.50203	1.53767E5	1.81214E4	2152.12241	3127.32248
494	5.29372E5	3.71147E6	2.46956E4	1.33306E4	8042.86275	7165.57527	6180.01958	4790.37905	3791.24057	4572.24239	5004.37723	6642.45634	4378.12049	3188.86532	2287.80204	2355.45848	2281.67665	6055.74642	1.28706E5	3.2852E4	2155.80056	3088.69363
496	2.07424E5	6.36453E6	2.8024E4	1.13145E4	8600.33099	7263.08519	5069.59904	4329.55029	3694.36209	4552.00944	5391.5576	6982.2734	3724.6153	3312.73088	2476.96621	2300.95855	2296.04989	4886.36918	9.27551E4	5.55536E4	1755.88255	2717.10768
498	1.64936E5	9.16489E6	2.49533E4	1.42236E4	8971.42224	6712.5379	5318.09083	3978.25251	4473.91878	4449.43894	4861.53506	6357.97093	4019.90091	3099.94611	2601.41033	2247.77297	2154.09387	4039.4217	5.99738E4	8.21133E4	1876.42088	2801.6539
500	1.45678E5	1.14991E7	2.64919E4	1.2976E4	8403.93566	6563.60307	5580.97525	4425.14609	3942.67569	4330.12844	5401.03038	6508.6572	3986.36316	3163.62452	2250.6307	2144.39808	1713.52228	3243.25502	3.32794E4	1.07468E5	2627.33589	2879.91746
502	1.39901E5	1.24766E7	3.04718E4	1.33877E4	7836.48953	6984.46176	4825.19439	4825.55287	4426.92151	4533.30699	5307.5693	6274.535	3935.07989	2875.08006	2566.15376	2145.06529	1787.2217	2706.71253	1.706E4	1.26504E5	4381.78119	2254.15324
504	1.19365E5	1.17473E7	3.42401E4	1.19662E4	9013.02733	6721.20037	5457.09472	5112.49878	3933.11918	4163.01741	4549.54974	6053.79796	3815.11729	2809.06626	2159.44743	1908.58716	1762.61981	2036.56515	1.01461E4	1.34488E5	8779.47045	2035.61836
506	1.32085E5	9.72012E6	5.90377E4	1.62325E4	9194.46427	6958.10339	5475.58709	4816.89762	3764.41412	3908.60389	4786.07111	6077.05102	3560.8406	2702.21933	2748.00188	1793.90055	1760.40184	1971.94524	6243.59652	1.26244E5	1.64447E4	1744.82519
508	1.60896E5	6.94625E6	2.21306E5	1.46517E4	9744.6467	7367.32041	5262.28701	4567.14066	4137.4333	4152.52172	4847.66117	5414.33581	3382.16623	2795.15624	2679.67329	2076.69544	1719.08195	1674.44871	5140.96961	1.0535E5	3.04159E4	1480.81763
510	2.20441E5	3.96768E6	8.02482E5	1.59384E4	1.05133E4	7286.05176	5530.79581	4515.2252	4103.74619	4648.93755	4646.39325	5729.97394	3712.85247	2688.60778	2511.45362	1866.16991	1443.39639	1312.4942	4096.7186	7.62324E4	4.8708E4	1694.41519
512	3.60691E5	1.6822E6	2.16668E6	1.53004E4	1.22049E4	7954.88115	5832.69352	4746.86658	4218.73513	3961.00846	4335.9898	5434.62988	3507.39168	2606.53996	2321.57403	2069.49884	1480.86288	1427.29027	3632.3808	4.62564E4	7.11305E4	1958.34986
514	5.5397E5	5.69941E5	4.21346E6	1.86384E4	1.06789E4	7664.73293	5803.70853	4691.90699	4513.6747	4387.2908	4959.41427	4986.48574	3370.8337	2611.20464	2305.5879	1818.06984	1713.87191	1489.98721	3030.14205	2.55646E4	9.25751E4	2447.17436
516	8.8855E5	2.2785E5	6.63642E6	1.82251E4	9967.0293	7753.32985	6040.99301	4283.54818	3903.89652	4265.62132	4304.57339	5320.3189	3611.75592	2482.09745	2196.78634	2013.47118	1499.34068	1639.88137	2154.99941	1.37022E4	1.05304E5	4482.51927
518	1.31327E6	1.65251E5	9.22762E6	1.88566E4	1.05668E4	7041.63821	5911.73815	4717.5633	3932.21853	3886.54367	4568.38222	5162.70952	3247.20151	2303.48545	2393.14431	1987.7126	1489.5932	1544.42037	1950.37559	7890.1213	1.12968E5	8586.94551
520	1.70007E6	1.51668E5	1.13004E7	2.30927E4	1.0795E4	8677.92201	6036.73082	4491.6652	4443.19134	3717.75714	4030.2194	5305.62935	3225.02746	2299.87703	2152.71942	1953.52886	1577.35501	1373.30069	1774.09113	5474.69264	1.05481E5	1.54743E4
522	2.05869E6	1.32396E5	1.17154E7	2.41614E4	9438.60033	7590.47259	5491.30224	4874.26683	4241.62263	3685.91462	4362.48418	4881.00615	3204.34147	2456.60178	2298.14036	2209.42784	1432.06958	1476.14519	1540.95102	4598.21271	8.86046E4	2.6969E4
524	2.30208E6	1.247E5	1.0689E7	3.17941E4	1.02916E4	8736.89096	6542.07755	4395.72478	4544.0623	3887.96836	4072.05246	5265.90531	2939.07458	2300.4501	2090.15367	2020.56988	1677.20787	1254.09607	1389.93483	3445.2471	6.30368E4	4.27589E4
526	2.39635E6	1.11752E5	8.5555E6	5.35538E4	1.23347E4	8940.37832	6133.68386	4558.17527	4049.4199	3965.69924	3664.79236	4428.4518	3080.9612	2334.47059	2449.26693	1853.54559	1415.72725	1344.81334	1279.29071	3639.07616	4.12389E4	5.97076E4
528	2.24938E6	1.18224E5	5.8507E6	2.45459E5	1.30957E4	8776.343	5915.44052	4933.71935	4719.72149	3641.51677	3785.03402	4493.17599	2937.01078	2643.47633	1912.06857	1915.12249	1572.71642	1123.47371	1076.02495	2346.9289	2.2939E4	7.58564E4
530	1.8821E6	1.24639E5	3.32567E6	9.10784E5	1.33106E4	9178.17337	6754.22649	4691.93833	4152.51704	3925.11917	4113.27818	4377.68886	2998.78036	2170.97812	1616.16347	1985.31497	1532.72036	1332.04421	1442.76024	2171.70345	1.24727E4	9.07122E4
532	1.45366E6	1.7268E5	1.40075E6	2.39485E6	1.42439E4	9301.92418	6564.60657	4603.08662	3626.39447	3719.00841	4467.30252	4468.80212	2719.72328	1981.74143	2091.57083	1896.18169	1239.49085	1264.50045	1246.19986	1588.50813	6970.44234	9.56192E4
534	9.85904E5	2.72966E5	4.3134E5	4.68924E6	1.44314E4	9228.71162	6297.71888	4985.49032	4080.68933	3415.15977	3838.3356	4442.07978	2636.40419	2384.54916	1812.0199	1848.18167	1504.90387	1293.58434	996.47439	1314.61358	4527.12382	9.09342E4
536	5.58019E5	4.78705E5	1.6669E5	7.36259E6	1.63285E4	9521.65799	6485.52477	4760.18779	3713.34473	3963.94051	3616.79125	4004.09785	2514.64716	2347.34364	1604.42288	2062.93393	1319.82858	993.23456	1170.82625	1293.33547	4039.66567	7.57188E4
538	2.78902E5	7.69311E5	1.23655E5	1.01723E7	1.68675E4	1.09082E4	6348.49136	4740.25171	4140.48339	4102.42013	3704.94352	4301.54339	2580.24273	2140.28492	2054.78158	1968.7358	1435.2437	1243.82494	1187.60818	1414.5131	2909.08651	5.51523E4
540	1.72894E5	1.17744E6	1.10468E5	1.22023E7	1.84669E4	1.06771E4	7519.08319	4935.94894	4047.21157	3859.57981	3524.94692	4016.20034	2488.26441	1858.95442	1741.98028	1608.48003	1461.58552	1022.47876	1309.01793	1026.5077	2636.96092	3.50661E4
542	1.08153E5	1.62054E6	1.0106E5	1.25902E7	2.28606E4	1.00647E4	6371.58445	5043.10289	3915.54329	3946.3223	3458.66077	3611.84599	2510.1407	1728.84354	1903.22269	1709.99578	1356.95183	875.48814	1191.79724	1208.6159	2525.71577	2.03312E4
544	8.96373E4	2.04823E6	9.76363E4	1.1429E7	2.66537E4	1.1504E4	7281.63144	4557.73906	4370.74418	4019.11685	3875.78451	4069.66065	2558.33972	2021.64373	1816.50754	1573.20264	1581.52231	1087.94817	1001.16755	1052.84032	2005.79523	1.09183E4
546	9.74392E4	2.4102E6	8.80054E4	9.21683E6	5.77556E4	1.11257E4	7543.09672	5374.94748	3981.29814	3787.57434	3764.7272	3621.40348	2309.3977	1920.61121	1773.7998	1596.21402	1243.43446	971.51861	941.90721	998.65789	1391.22784	5847.29226
548	6.73154E4	2.53357E6	8.12442E4	6.17198E6	2.79249E5	1.2126E4	7524.27925	5715.07978	4042.85634	3557.82503	3641.99558	4013.33432	2633.46296	1692.81328	1704.56711	1518.78892	1654.12882	1124.91707	758.35504	913.59698	1149.47548	4238.87533
550	5.65446E4	2.54429E6	8.32329E4	3.41991E6	1.02226E6	1.3061E4	8147.82035	5531.53877	3940.45325	3519.9597	3277.4268	3572.07079	2482.80234	2132.99934	1759.88349	1661.59469	1311.01939	870.59915	885.25541	809.84563	1381.37687	3333.57848
552	7.27744E4	2.30698E6	8.28334E4	1.43949E6	2.5055E6	1.4276E4	8440.13281	6067.42179	4035.91527	3693.28356	3738.89686	3734.74068	2771.90743	1740.77032	1693.13807	1335.99498	1584.47259	825.61493	750.05308	805.64522	1287.06661	2673.19601
554	6.23111E4	1.94867E6	1.02744E5	4.64149E5	4.66747E6	1.62589E4	8147.31295	6355.35801	4282.23151	3903.09184	3108.75294	3568.36482	2425.58702	1935.77293	1802.00671	1718.26238	1533.65709	1172.75029	1015.71424	1020.74473	1228.6017	2932.70881
556	6.93609E4	1.39672E6	1.63041E5	1.69896E5	7.17029E6	1.52558E4	8569.092	5749.86262	3569.17709	3424.27824	3592.0876	3388.74198	2151.3404	2156.23268	1874.40376	1506.37378	1204.10891	1021.27832	692.5782	1125.47844	808.18068	2682.82971
558	6.5737E4	9.49694E5	2.98364E5	1.24514E5	9.62613E6	1.71846E4	9236.89763	5950.34698	4724.44672	3535.75742	3882.33187	3794.17299	2462.14863	2355.83487	1960.65194	1579.06252	1133.61844	1075.75896	921.87298	968.06013	928.25081	1900.35164
560	7.17349E4	5.51404E5	4.91025E5	1.1176E5	1.12782E7	1.91605E4	9791.69099	6648.30279	3959.44542	3484.45107	3832.13457	3748.57964	2272.15832	1608.19245	2008.28536	1789.61563	1265.88339	1256.32001	861.41936	1124.9852	972.20668	1631.8129
562	5.29328E4	3.09635E5	8.26665E5	9.38861E4	1.15421E7	2.16442E4	9210.10826	6381.09268	4551.30465	3781.18694	3597.48774	3483.11095	2371.97847	2003.9992	1637.64418	1719.5155	1318.68656	1219.81721	1012.74743	695.7273	575.45858	1301.7836
564	7.31817E4	1.55705E5	1.2419E6	8.62981E4	1.01031E7	3.05768E4	9821.52046	6239.87282	4480.44726	3545.05652	3519.77442	3596.61801	2806.20299	1764.82754	1644.87901	1072.7101	1437.28568	1331.24894	803.51797	915.31796	746.62966	1368.1398
566	6.79328E4	9.85545E4	1.6604E6	8.78961E4	7.86094E6	6.03718E4	1.16784E4	6444.94106	4850.34005	3460.13174	3467.26404	3659.25538	2286.50434	1857.69749	1709.35561	1813.73071	1115.53792	1234.16356	867.58728	667.75102	832.36301	1273.82182
568	6.5089E4	7.40852E4	2.08034E6	8.58106E4	5.18498E6	3.62838E5	1.221E4	6422.28622	4418.15691	3958.44945	3550.71659	3829.4246	2422.23858	2007.10324	1741.92985	1577.82097	1321.55548	952.4783	854.01255	831.64493	745.30138	879.5281
570	5.76285E4	6.88799E4	2.36191E6	7.4613E4	2.86149E6	1.26876E6	1.31863E4	7835.0481	5391.37561	4286.49233	4108.55421	3300.19995	2268.25766	2207.1703	1704.96525	1599.04778	1005.79139	1188.53651	838.04579	924.87999	727.68142	981.43337
572	6.29906E4	5.36747E4	2.41636E6	7.20904E4	1.17869E6	2.93736E6	1.37979E4	6397.29223	5084.77416	4038.78528	3109.07055	3366.86213	2320.9698	2026.04758	1864.74335	1858.79483	1422.72871	1357.24532	1043.54346	1129.66706	805.27644	1028.58627
574	7.44077E4	5.25491E4	2.32673E6	6.87098E4	3.66192E5	5.35212E6	1.44427E4	7604.24364	5104.77617	4351.16715	3174.98636	3356.27135	2625.1785	2030.33286	1739.14918	1450.9106	845.83908	744.62662	607.86678	991.05543	684.75964	875.83565
576	7.22431E4	3.9027E4	2.03581E6	8.05927E4	1.51556E5	7.93771E6	1.55999E4	7274.28443	5236.29525	3970.91029	3059.73921	3082.51608	2415.06074	2372.02712	1943.79119	1586.29097	1459.16565	943.03866	860.17883	1017.80083	921.35108	1054.76926
578	6.9537E4	4.03405E4	1.65342E6	9.56506E4	1.12327E5	1.02955E7	1.63008E4	7926.57026	5171.62836	4135.32216	3698.17087	3690.73867	2001.91465	2062.45874	2214.37708	1404.31183	1008.44458	1362.11993	1086.2923	1072.62721	788.04292	1063.47969
580	6.60082E4	3.82216E4	1.20641E6	1.59271E5	9.57772E4	1.18238E7	1.86952E4	7099.01145	5874.55882	4432.93966	3423.55453	3222.4258	2259.40235	2197.60417	1434.40683	1617.6375	969.70993	930.92949	993.06925	1101.41116	755.14288	932.98189
582	8.23314E4	4.32846E4	8.24369E5	2.85502E5	8.28295E4	1.18261E7	2.245E4	7944.55734	5609.26488	4019.37911	3474.63806	3460.59316	2200.00578	1664.99665	1578.84441	1330.70873	1399.38524	1007.50758	929.554	930.02371	711.02688	1025.92896
584	6.57173E4	4.07933E4	4.70069E5	4.94229E5	7.79682E4	1.03389E7	2.911E4	8099.33747	5291.60788	3828.84991	3483.95576	3345.75606	2456.72684	2831.96937	1830.32337	1786.60384	1040.45258	1222.35862	1112.33589	1095.19658	471.46076	824.51045
586	4.90405E4	3.97075E4	2.58918E5	7.97433E5	7.82532E4	7.84909E6	5.59782E4	1.0526E4	5637.23068	4675.93852	4023.04183	3227.17494	2250.06654	2170.55302	1499.21893	1516.50762	1523.73669	1306.14173	1022.9534	886.15927	882.4377	816.97737
588	5.87111E4	3.70836E4	1.34693E5	1.18457E6	7.65685E4	5.07538E6	2.79575E5	1.17389E4	5823.85047	3808.14879	3277.42675	3046.77479	2653.79297	2300.68388	1827.06933	1799.85	1248.23661	647.28625	1151.9574	1004.84382	985.52207	1103.61879
590	6.17475E4	3.74422E4	7.83374E4	1.53661E6	7.2187E4	2.5968E6	1.08077E6	1.21981E4	6187.80506	4394.02556	3387.41831	3146.59377	2551.97443	2042.93463	1817.37186	1831.03326	1195.43481	1031.21212	1060.67929	969.51486	774.98887	1087.19632
592	7.11394E4	4.28294E4	5.83763E4	1.87585E6	6.65651E4	9.95885E5	2.78013E6	1.22695E4	6333.29741	4633.49222	3671.01214	3481.97838	2409.17562	2002.76492	1892.15565	1549.3221	1092.41985	1188.35732	1029.31534	867.75508	867.40265	543.68577
594	5.19318E4	3.44088E4	4.39003E4	2.08058E6	6.45049E4	2.93494E5	5.26855E6	1.14829E4	6094.39967	4220.6277	3804.93407	3061.13716	2422.28113	1961.9235	1840.26161	2152.02976	1391.53824	1117.88206	1033.50584	855.02508	829.44977	1077.58143
596	6.22198E4	4.10041E4	4.29144E4	2.1601E6	5.79159E4	1.2696E5	8.01649E6	1.29191E4	6877.98481	4992.35059	3804.45932	3425.61869	2444.36223	1805.01908	1829.62337	1535.55905	884.58767	1296.68063	920.88377	1105.25609	1005.48407	940.91481
598	5.61367E4	3.39777E4	3.6792E4	2.04567E6	5.89354E4	1.02538E5	1.04649E7	1.37406E4	7495.01007	5789.65817	3586.52983	3453.20173	2065.28502	2067.16559	1746.10228	1940.81657	1391.54438	1135.9616	1019.53661	914.89273	738.11369	970.29707
600	6.29745E4	4.07851E4	3.52658E4	1.76601E6	6.65518E4	8.92025E4	1.19626E7	1.60774E4	6713.36768	4464.1309	3578.20399	2781.23738	2505.94374	2565.88611	1486.25644	1795.8521	1038.87167	871.69973	887.83482	1064.88881	586.35318	876.02889
