300	1.2828E5	9.95971E4	1.05868E5	2.75054E6	2.72265E5	2.22883E5	1.73655E7	6.2585E4	1.00478E4	5100.64836	3742.73995	2609.65608	2117.02969	2138.17063	1577.8604	1193.95143	1256.10568	986.35726	1167.4389	1308.37386	846.81603	825.53658
302	1.25553E5	1.15695E5	1.09363E5	1.83168E6	5.85199E5	1.56561E5	1.50172E7	7.00031E5	1.06367E4	5721.26898	3957.68316	2812.92962	2557.97381	1802.6246	1817.91682	1593.21387	1229.69432	1028.31339	1056.7379	1004.111	940.62233	766.44139
304	1.49063E5	9.85316E4	1.14209E5	9.64484E5	1.17109E6	1.46431E5	9.48097E6	3.07333E6	1.25381E4	6174.13192	3636.81657	2896.76857	1983.75467	2388.43297	1257.86294	1268.48684	1000.36157	815.20778	989.53233	1074.02053	878.2781	581.02424
306	1.62713E5	9.92376E4	1.08237E5	4.63584E5	1.96508E6	1.42413E5	4.09277E6	7.91552E6	1.63558E4	6076.68269	4195.00911	2791.64772	2396.13035	1712.71469	1679.06687	1559.83657	1178.52523	1027.46503	1033.7006	1072.56432	827.33978	775.39334
308	1.72652E5	1.11601E5	1.21029E5	2.26081E5	2.66417E6	1.43024E5	1.06859E6	1.37646E7	2.16094E4	6411.36839	4007.1522	3005.12695	2329.26852	1771.51669	1914.42424	1425.2081	1239.75307	997.64343	1054.04961	923.34708	696.98105	1058.93402
310	1.65568E5	1.06534E5	1.25103E5	1.69493E5	2.87446E6	1.52352E5	2.03672E5	1.68157E7	5.79361E4	7321.24611	4517.16319	3410.95315	2362.62294	1639.3304	1755.23639	1621.28978	915.04008	878.68276	1036.71036	957.38491	878.73801	793.23265
312	1.75895E5	1.09498E5	1.28432E5	1.5423E5	2.47238E6	2.2601E5	1.21127E5	1.4706E7	6.34549E5	8356.3454	4299.2588	3621.25419	1864.86354	1608.84648	1266.83106	1363.25893	1184.36015	970.82559	917.48316	826.6279	631.36025	983.261
314	1.78578E5	9.99946E4	1.24651E5	1.52573E5	1.63981E6	4.91598E5	1.04159E5	8.95046E6	3.01079E6	9578.9922	5339.26647	3333.65076	2494.20559	1649.22186	1408.0602	1182.74007	1208.09918	1118.01877	909.40965	1025.82267	1016.62871	591.30145
316	1.92932E5	1.12746E5	1.22536E5	1.54921E5	9.16221E5	9.94921E5	9.74421E4	3.61757E6	7.57934E6	1.26153E4	5246.89227	3567.70127	2549.92331	2159.44226	1637.19052	1060.16487	902.67588	1012.73344	930.34347	1088.82184	979.06542	705.78684
318	1.69636E5	1.18928E5	1.29575E5	1.59643E5	4.50839E5	1.64191E6	9.25729E4	9.24648E5	1.249E7	1.80584E4	5939.5764	3285.5966	2797.41058	1620.22116	1725.88238	1377.24314	1053.60499	928.83889	1025.84648	781.70167	663.61532	840.38431
320	1.89112E5	1.23571E5	1.38513E5	1.64196E5	2.60584E5	2.24655E6	9.1573E4	1.62596E5	1.47506E7	5.18888E4	6138.97838	3736.93144	3004.62082	2180.87199	1544.50896	1429.28685	1154.17938	948.66091	1090.09671	806.56359	734.83914	680.09407
322	2.10006E5	1.24309E5	1.47216E5	1.6972E5	2.10296E5	2.3801E6	1.0015E5	9.77197E4	1.25676E7	5.34161E5	7057.58581	4010.53892	3017.81692	2166.36107	1514.62797	1488.40368	1191.74825	986.91944	1266.84844	785.23916	851.36702	769.33668
324	2.15832E5	1.31425E5	1.44168E5	1.68755E5	1.9475E5	2.04363E6	1.5982E5	8.07091E4	7.67932E6	2.39487E6	8416.90789	3931.12735	2857.325	2360.0125	1598.05122	1187.37784	918.35858	967.46443	927.50774	781.24986	775.66253	480.63917
326	2.22197E5	1.32641E5	1.43923E5	1.78786E5	1.91482E5	1.45283E6	3.43056E5	7.98757E4	3.10214E6	6.06925E6	1.06809E4	4001.27622	3188.41372	2464.60941	1999.45964	1269.1769	845.73441	981.56604	975.19146	818.75277	690.46172	842.36321
328	2.57725E5	1.42128E5	1.54325E5	1.83986E5	1.96943E5	8.65587E5	6.97014E5	7.9608E4	8.22464E5	1.00194E7	1.46084E4	4386.83508	3313.30338	2636.29233	1865.06744	1328.17117	1273.78849	1107.53405	959.96119	708.39222	867.56428	650.01818
330	2.89143E5	1.46445E5	1.51292E5	1.94723E5	2.09094E5	4.63511E5	1.22803E6	7.72705E4	1.4587E5	1.21125E7	4.0603E4	5139.11773	2667.7787	2377.95461	1461.97583	1152.16138	1026.12947	877.64323	804.26063	541.61361	560.36573	816.82669
332	3.14366E5	1.55823E5	1.57156E5	1.97486E5	2.05379E5	2.73807E5	1.71692E6	7.85556E4	9.0842E4	1.06777E7	4.21105E5	5319.98158	2980.57326	2635.0031	1505.0859	1257.13422	1081.56896	707.88587	728.18644	695.58373	708.95834	728.96081
334	3.51819E5	1.60424E5	1.61981E5	1.99133E5	2.18699E5	2.08811E5	1.93537E6	8.85765E4	7.90931E4	6.79258E6	1.94625E6	6480.17216	3237.99336	2485.74419	1870.07501	1151.39587	903.80876	1002.7799	897.63924	637.41882	794.72968	621.57302
336	3.56734E5	1.83377E5	1.60717E5	2.0106E5	2.13101E5	2.00199E5	1.76448E6	1.28874E5	8.15425E4	2.85195E6	5.0336E6	8383.25142	3794.73758	2253.84341	1627.85645	1348.66451	868.23081	772.22442	700.97808	863.40095	688.38483	635.042
338	3.87709E5	1.7865E5	1.69901E5	1.98891E5	2.16915E5	1.98282E5	1.3387E6	2.50404E5	7.84134E4	8.05787E5	8.37245E6	1.21152E4	3950.46544	2607.26888	1765.31897	989.93359	906.7837	907.06236	828.97516	641.5132	788.9667	552.81251
340	4.03347E5	1.84954E5	1.7232E5	2.04814E5	2.26386E5	1.96719E5	8.24563E5	5.24286E5	7.58976E4	1.45852E5	1.01203E7	3.08849E4	4377.3583	2981.03787	1965.51779	1332.88446	990.06946	930.80846	885.43671	649.62105	786.18381	663.29054
342	4.22394E5	1.95742E5	1.77756E5	2.01736E5	2.23836E5	1.96349E5	4.55947E5	9.03643E5	7.89878E4	8.29372E4	8.95622E6	3.25084E5	4453.07183	2697.12785	2033.37765	1212.91991	1217.99567	900.11802	666.84227	640.77326	439.10998	612.65601
344	4.24925E5	1.97879E5	1.71161E5	1.9937E5	2.20969E5	1.98462E5	2.37684E5	1.33529E6	7.57634E4	7.2577E4	5.55694E6	1.66234E6	6368.81142	2788.35597	2079.44574	1137.89909	924.60751	714.1118	857.46831	759.6956	468.87214	588.2302
346	4.55248E5	2.03534E5	1.70751E5	1.93817E5	2.22072E5	2.0068E5	1.73317E5	1.54375E6	8.27092E4	6.96333E4	2.39125E6	4.21398E6	7280.35711	3071.85386	1853.83246	1211.38814	837.75418	850.37731	649.9126	789.25765	773.15255	522.94012
348	4.40085E5	2.08223E5	1.77818E5	1.90461E5	2.21325E5	2.01079E5	1.56153E5	1.49931E6	1.09235E5	7.00443E4	6.01996E5	7.05446E6	1.06101E4	2851.64254	1888.39398	1514.69158	1006.20175	911.51463	595.22772	762.53027	484.3085	776.66903
350	4.47295E5	2.11681E5	1.78426E5	2.00005E5	2.16645E5	2.03457E5	1.53586E5	1.17442E6	1.95093E5	7.0636E4	1.1469E5	8.17468E6	2.25597E4	3398.76287	2016.17357	1638.28337	1104.84595	627.71124	872.84373	602.52932	732.16734	585.23951
352	4.42415E5	2.15734E5	1.81227E5	1.94867E5	2.18744E5	2.0167E5	1.52139E5	7.64221E5	3.8076E5	7.45455E4	6.72858E4	6.95807E6	2.70957E5	4005.69582	2258.86359	1465.06765	1039.04717	928.64528	801.08322	756.90077	567.80568	470.83392
354	4.57965E5	2.18848E5	1.78929E5	1.92848E5	2.15167E5	2.00351E5	1.58557E5	4.35446E5	6.63129E5	7.44896E4	5.77471E4	4.31923E6	1.2672E6	4993.73175	1997.04149	1578.56999	1045.8515	890.62954	650.4742	742.38477	527.5686	750.72132
356	4.35146E5	2.22406E5	1.77497E5	1.94901E5	2.08298E5	2.02375E5	1.58754E5	2.48771E5	9.74065E5	7.77757E4	5.72625E4	1.7947E6	3.46364E6	6203.41221	2186.38646	1485.2233	929.67323	906.08246	713.27425	593.81877	618.46773	523.58451
358	4.26529E5	2.33854E5	1.86898E5	1.88821E5	2.09669E5	2.06878E5	1.60661E5	1.67172E5	1.18934E6	8.25578E4	5.77252E4	4.79237E5	6.02296E6	9728.57829	2845.94158	1708.96922	1087.23035	869.75234	751.27927	606.29856	481.13137	530.27655
360	4.5691E5	2.20371E5	1.84291E5	1.91967E5	2.08662E5	2.01325E5	1.62477E5	1.48556E5	1.21029E6	9.72306E4	6.06137E4	9.61876E4	7.27053E6	2.14749E4	2699.88102	1632.87301	1152.11904	927.75795	560.76529	672.57027	570.38006	503.90996
362	4.24328E5	2.34465E5	1.86233E5	1.91596E5	2.01322E5	1.96997E5	1.63217E5	1.41216E5	1.03003E6	1.42347E5	6.39618E4	5.9253E4	6.46311E6	2.19334E5	3412.2009	1484.44399	1080.79656	943.50285	655.36744	619.1815	468.98962	594.1162
364	4.3093E5	2.25199E5	1.87281E5	1.93087E5	2.00138E5	1.99186E5	1.67812E5	1.42448E5	7.2491E5	2.55468E5	6.61375E4	5.12218E4	4.23689E6	1.12707E6	3996.43923	1668.68674	1133.2845	818.17474	727.95178	590.29591	505.79289	506.30936
366	4.24423E5	2.39638E5	1.91216E5	1.93908E5	1.97479E5	1.99305E5	1.7174E5	1.47806E5	4.4261E5	4.55644E5	6.70918E4	4.93123E4	1.79216E6	3.18409E6	4868.88754	1881.41791	1134.34967	916.12546	758.22263	750.41466	572.78251	448.08291
368	4.29774E5	2.5118E5	1.95207E5	1.87225E5	1.9669E5	2.00078E5	1.72735E5	1.48652E5	2.62437E5	7.00624E5	7.00839E4	5.09114E4	4.94213E5	5.35789E6	7778.81767	2169.89768	1330.76237	1019.10895	745.94656	638.75772	511.29066	554.79213
370	4.43882E5	2.44889E5	1.88882E5	1.87718E5	1.96301E5	1.96578E5	1.74247E5	1.51903E5	1.7766E5	9.1879E5	7.52147E4	5.48322E4	8.8675E4	6.51258E6	1.9601E4	2331.90347	1267.48423	1015.3532	555.98868	721.71598	523.92875	555.91194
372	4.23328E5	2.38764E5	1.9444E5	1.89622E5	1.9682E5	1.98234E5	1.80696E5	1.56506E5	1.52881E5	9.87855E5	8.83713E4	5.89234E4	5.30226E4	5.67216E6	2.07073E5	2445.2343	1419.86372	990.17554	695.43148	587.17204	668.06262	632.52967
374	4.1056E5	2.45285E5	2.02297E5	1.89858E5	1.95109E5	1.9459E5	1.78505E5	1.57692E5	1.52171E5	8.89872E5	1.19614E5	5.92881E4	4.61998E4	3.53839E6	1.01319E6	3591.46201	1443.41206	968.5317	770.33984	753.27311	507.15068	452.52455
376	4.30936E5	2.54275E5	2.00827E5	1.88638E5	1.93117E5	1.93314E5	1.83843E5	1.6328E5	1.50225E5	6.75889E5	1.96388E5	6.139E4	4.32927E4	1.46393E6	2.70699E6	4327.457	1519.06415	910.45373	808.59005	600.37704	546.11448	446.36398
378	3.98991E5	2.59813E5	2.05845E5	1.85366E5	1.91559E5	1.95299E5	1.85477E5	1.67554E5	1.51589E5	4.49527E5	3.33497E5	6.42205E4	4.42449E4	3.77055E5	4.62411E6	6744.89282	1740.36874	1065.15305	902.63965	694.01114	452.21121	549.96751
380	4.25267E5	2.57279E5	2.07559E5	1.92886E5	1.92314E5	1.94356E5	1.86875E5	1.69173E5	1.54603E5	2.81511E5	5.18815E5	6.75235E4	4.80195E4	7.27762E4	5.50941E6	1.54032E4	1892.05481	1074.08368	923.72483	768.43794	338.54948	444.00806
382	4.22206E5	2.65802E5	2.14684E5	1.93074E5	1.93424E5	1.99763E5	1.88571E5	1.74513E5	1.57721E5	1.96563E5	7.02714E5	7.11154E4	4.98698E4	4.83085E4	4.90552E6	1.59462E5	2214.99108	1159.705	923.43308	759.64189	544.60786	501.16538
384	4.30339E5	2.7821E5	2.187E5	1.9656E5	1.94936E5	2.02443E5	1.92978E5	1.78121E5	1.62337E5	1.63665E5	8.10899E5	7.96407E4	5.29269E4	4.16782E4	3.16826E6	8.21623E5	2941.75651	1267.83645	979.4939	653.5155	533.96378	509.66638
386	4.49482E5	2.81714E5	2.18183E5	1.98487E5	1.99097E5	2.005E5	1.93938E5	1.8234E5	1.64647E5	1.55194E5	7.89084E5	1.00782E5	5.57034E4	4.07064E4	1.32331E6	2.29921E6	4335.81727	1338.34145	883.1706	779.30119	623.52813	594.48719
388	4.33982E5	2.85016E5	2.23129E5	1.99832E5	2.00148E5	2.01509E5	1.99355E5	1.85893E5	1.69367E5	1.53425E5	6.61693E5	1.48567E5	5.7669E4	3.9818E4	3.67954E5	4.09605E6	6868.16669	1666.15372	948.40252	990.97557	442.43361	497.14808
390	4.21429E5	2.88016E5	2.31117E5	2.0217E5	1.97286E5	2.04474E5	1.97964E5	1.88491E5	1.73777E5	1.54565E5	4.78037E5	2.45805E5	6.09034E4	4.17996E4	7.01226E4	5.19875E6	1.55751E4	1707.51924	1034.37929	963.30025	474.01076	426.47157
392	4.26355E5	2.9826E5	2.32615E5	1.98421E5	1.98659E5	2.04308E5	1.98098E5	1.91327E5	1.7756E5	1.58632E5	3.09878E5	3.88261E5	6.52349E4	4.53678E4	4.26115E4	4.92073E6	2.07017E5	2010.36143	1042.25751	873.96408	634.71988	506.992
394	4.20395E5	2.94748E5	2.42725E5	2.0807E5	2.0353E5	2.06005E5	2.005E5	1.95072E5	1.80575E5	1.58537E5	2.11779E5	5.43363E5	6.65005E4	4.87672E4	3.74217E4	3.40094E6	9.25933E5	2782.85578	1292.84036	954.25742	639.22315	505.45311
396	4.37807E5	3.08181E5	2.38747E5	2.07693E5	2.05532E5	2.0848E5	2.03033E5	2.00086E5	1.842E5	1.62214E5	1.64923E5	6.68392E5	7.14004E4	5.05927E4	3.45113E4	1.54713E6	2.50391E6	3968.59627	1210.48698	890.1521	838.62882	710.80826
398	4.12916E5	3.10868E5	2.43088E5	2.15428E5	2.01104E5	2.06212E5	2.05025E5	1.96883E5	1.83473E5	1.65732E5	1.52491E5	6.92894E5	8.49442E4	5.22982E4	3.42128E4	4.03797E5	4.00526E6	5647.36247	1413.56544	821.58163	610.81039	700.2229
400	4.23332E5	3.15426E5	2.54013E5	2.18596E5	2.07435E5	2.07783E5	2.08224E5	2.0191E5	1.84134E5	1.68188E5	1.47799E5	6.1715E5	1.13105E5	5.56386E4	3.57131E4	6.83823E4	4.66804E6	1.26783E4	1543.86538	843.65986	641.31429	615.71529
402	4.22169E5	3.22754E5	2.51556E5	2.23022E5	2.10401E5	2.08294E5	2.05533E5	2.03481E5	1.90133E5	1.70178E5	1.4723E5	4.75466E5	1.73741E5	5.93236E4	3.88016E4	3.96815E4	3.92353E6	1.31214E5	1896.29244	1098.47642	800.96363	703.7838
404	4.28152E5	3.30201E5	2.64735E5	2.22869E5	2.11688E5	2.07176E5	2.08986E5	2.02548E5	1.91029E5	1.71359E5	1.50768E5	3.26901E5	2.73527E5	6.42626E4	4.21381E4	3.45346E4	2.366E6	6.72325E5	2583.22139	1108.30652	661.37386	628.6982
406	4.33667E5	3.39041E5	2.68849E5	2.30514E5	2.15043E5	2.15571E5	2.11423E5	2.05023E5	1.95251E5	1.78549E5	1.52071E5	2.24785E5	4.04049E5	6.62048E4	4.42617E4	3.15452E4	9.82621E5	1.84922E6	3334.9248	1418.94774	804.8973	596.38612
408	4.51592E5	3.42286E5	2.74094E5	2.30702E5	2.17108E5	2.1254E5	2.0888E5	2.05E5	1.94815E5	1.77789E5	1.54301E5	1.66891E5	5.25917E5	7.08665E4	4.67541E4	3.03204E4	2.52113E5	3.27992E6	5443.88541	1621.26041	737.07256	639.97262
410	4.45149E5	3.49125E5	2.85784E5	2.34691E5	2.20668E5	2.16047E5	2.10965E5	2.07949E5	1.94874E5	1.79385E5	1.59538E5	1.49465E5	5.90411E5	7.87996E4	4.9476E4	3.13429E4	5.11466E4	4.11467E6	1.06982E4	1561.7139	876.34423	665.16974
412	4.36715E5	3.47626E5	2.8397E5	2.36748E5	2.17132E5	2.19335E5	2.11949E5	2.07486E5	1.94816E5	1.82288E5	1.60159E5	1.42016E5	5.72787E5	9.82153E4	5.14152E4	3.36358E4	3.33802E4	3.66615E6	1.05152E5	2045.97868	878.78107	661.52881
414	4.43209E5	3.5653E5	2.82792E5	2.39372E5	2.21555E5	2.16923E5	2.11826E5	2.07657E5	1.97454E5	1.83085E5	1.62329E5	1.42791E5	4.88731E5	1.35012E5	5.39283E4	3.63621E4	2.9966E4	2.3664E6	5.54633E5	2478.46963	1160.11977	638.10638
416	4.2739E5	3.54117E5	2.93108E5	2.49134E5	2.22576E5	2.17892E5	2.1059E5	2.06164E5	1.96228E5	1.84173E5	1.65043E5	1.42365E5	3.66446E5	2.08531E5	5.95234E4	3.87563E4	2.80629E4	1.04239E6	1.6285E6	3500.015	1024.91082	588.51729
418	4.34431E5	3.68154E5	2.97053E5	2.48094E5	2.29336E5	2.17219E5	2.12027E5	2.06456E5	1.97907E5	1.85928E5	1.66947E5	1.45544E5	2.58285E5	3.03471E5	6.09602E4	4.1982E4	2.72521E4	2.81587E5	2.97002E6	5780.18915	1083.78724	675.33758
420	4.504E5	3.64587E5	3.03125E5	2.5198E5	2.29035E5	2.18828E5	2.13273E5	2.05329E5	1.9807E5	1.87156E5	1.70276E5	1.4785E5	1.85312E5	4.15044E5	6.40792E4	4.32495E4	2.80914E4	5.27388E4	3.80484E6	1.25594E4	1344.65737	778.04538
422	4.46203E5	3.6869E5	3.08289E5	2.57404E5	2.27251E5	2.1883E5	2.11161E5	2.08305E5	1.9801E5	1.89316E5	1.74458E5	1.50052E5	1.52046E5	4.9976E5	6.87989E4	4.48595E4	2.96831E4	3.18054E4	3.4547E6	1.56415E5	1503.92197	802.77165
424	4.41083E5	3.61017E5	3.0815E5	2.58227E5	2.29515E5	2.17117E5	2.10548E5	2.07013E5	1.99403E5	1.89861E5	1.72012E5	1.51879E5	1.38827E5	5.19708E5	8.03426E4	4.8467E4	3.14995E4	2.74876E4	2.24141E6	7.08878E5	2157.57266	879.60765
426	4.49294E5	3.72948E5	3.14406E5	2.64802E5	2.30041E5	2.18215E5	2.13278E5	2.07597E5	1.95672E5	1.91116E5	1.74969E5	1.54478E5	1.3843E5	4.70617E5	1.03581E5	5.00166E4	3.44543E4	2.53494E4	9.45616E5	1.87965E6	3050.46496	961.27553
428	4.4809E5	3.68588E5	3.14984E5	2.6475E5	2.32126E5	2.17435E5	2.09547E5	2.06085E5	1.96539E5	1.88495E5	1.75748E5	1.56553E5	1.38179E5	3.73802E5	1.4882E5	5.32126E4	3.66099E4	2.4882E4	2.39246E5	3.17185E6	4688.51215	949.03356
430	4.39548E5	3.80029E5	3.20032E5	2.7058E5	2.34827E5	2.17394E5	2.09021E5	2.04937E5	1.95448E5	1.92101E5	1.78002E5	1.58374E5	1.38957E5	2.72223E5	2.15745E5	5.55633E4	3.81684E4	2.61088E4	4.37527E4	3.91461E6	1.01537E4	1172.99694
432	4.43861E5	3.83736E5	3.26432E5	2.75715E5	2.36585E5	2.16634E5	2.09695E5	2.00933E5	1.9574E5	1.89793E5	1.75099E5	1.60854E5	1.39616E5	1.98885E5	3.03534E5	5.84014E4	4.05697E4	2.70225E4	2.85674E4	3.37026E6	1.06743E5	1510.14749
434	4.40249E5	3.7721E5	3.17978E5	2.80048E5	2.36694E5	2.17914E5	2.09314E5	2.01882E5	1.93485E5	1.89679E5	1.79219E5	1.63166E5	1.42663E5	1.54634E5	3.80777E5	6.31179E4	4.2933E4	2.94199E4	2.61331E4	2.01766E6	5.58219E5	2026.58899
436	4.51925E5	3.91244E5	3.21315E5	2.78407E5	2.3549E5	2.21054E5	2.08394E5	2.02123E5	1.96928E5	1.92131E5	1.80415E5	1.63972E5	1.43675E5	1.38538E5	4.26281E5	6.84992E4	4.51054E4	3.12062E4	2.42583E4	7.98204E5	1.49296E6	2603.97461
438	4.56658E5	3.94772E5	3.2811E5	2.77146E5	2.37742E5	2.1562E5	2.0524E5	1.99857E5	1.94166E5	1.87519E5	1.80241E5	1.62142E5	1.45685E5	1.35435E5	4.19028E5	8.14042E4	4.78418E4	3.35774E4	2.40672E4	2.07136E5	2.6278E6	3880.68666
440	4.21009E5	3.81835E5	3.29425E5	2.80907E5	2.37896E5	2.16146E5	2.03236E5	1.99505E5	1.89088E5	1.88888E5	1.79937E5	1.63914E5	1.46775E5	1.32118E5	3.65931E5	1.06343E5	4.98062E4	3.68731E4	2.36087E4	4.00249E4	3.23499E6	7719.72203
442	4.3081E5	3.95649E5	3.32276E5	2.86852E5	2.41884E5	2.1742E5	2.02803E5	1.95459E5	1.91571E5	1.87827E5	1.79121E5	1.6569E5	1.48157E5	1.31315E5	2.86415E5	1.48492E5	5.12657E4	3.73587E4	2.48076E4	2.73749E4	2.85947E6	6.19217E4
444	4.31489E5	3.8403E5	3.34886E5	2.89557E5	2.45137E5	2.13843E5	2.01524E5	1.94262E5	1.92165E5	1.84738E5	1.79922E5	1.65208E5	1.48368E5	1.33581E5	2.11433E5	2.05982E5	5.45071E4	4.0484E4	2.66814E4	2.48591E4	1.79373E6	3.5153E5
446	4.31792E5	3.89046E5	3.34532E5	2.85378E5	2.42006E5	2.15651E5	1.99852E5	1.92644E5	1.89287E5	1.83559E5	1.76072E5	1.64541E5	1.49657E5	1.34571E5	1.58256E5	2.72872E5	5.72335E4	4.09125E4	2.82455E4	2.27935E4	7.60158E5	1.11952E6
448	4.24742E5	3.9024E5	3.46595E5	2.86137E5	2.46543E5	2.14957E5	1.98738E5	1.91634E5	1.85715E5	1.83415E5	1.76392E5	1.65513E5	1.51988E5	1.35018E5	1.33136E5	3.33103E5	6.08946E4	4.36373E4	3.07146E4	2.30241E4	1.97531E5	2.15066E6
450	4.28287E5	3.84945E5	3.37074E5	2.84008E5	2.40001E5	2.11659E5	1.96599E5	1.90997E5	1.84545E5	1.80819E5	1.74878E5	1.66111E5	1.52047E5	1.37082E5	1.21589E5	3.57989E5	7.09187E4	4.64113E4	3.4132E4	2.37344E4	3.81301E4	2.85111E6
452	4.28786E5	3.93117E5	3.35588E5	2.90633E5	2.43472E5	2.09421E5	1.94475E5	1.89439E5	1.85056E5	1.81027E5	1.75566E5	1.65896E5	1.51275E5	1.38701E5	1.18223E5	3.42453E5	8.64729E4	4.66701E4	3.47259E4	2.36762E4	2.44438E4	2.61714E6
454	4.17154E5	3.90737E5	3.5189E5	2.90246E5	2.44603E5	2.11817E5	1.96572E5	1.87518E5	1.85019E5	1.77764E5	1.74476E5	1.64677E5	1.50261E5	1.39877E5	1.18499E5	2.93902E5	1.14574E5	5.03008E4	3.62063E4	2.56033E4	2.23591E4	1.65106E6
456	4.06403E5	3.81699E5	3.41472E5	2.86643E5	2.40188E5	2.10946E5	1.94361E5	1.84135E5	1.80008E5	1.75279E5	1.69992E5	1.63093E5	1.51898E5	1.38746E5	1.17403E5	2.25494E5	1.56941E5	5.0899E4	3.83799E4	2.61514E4	2.1474E4	6.69789E5
458	4.08492E5	3.69101E5	3.37368E5	2.90798E5	2.44278E5	2.10133E5	1.92334E5	1.82512E5	1.75924E5	1.73974E5	1.68431E5	1.61947E5	1.53784E5	1.39847E5	1.18298E5	1.69521E5	2.12907E5	5.31461E4	3.99454E4	2.79929E4	2.08295E4	1.70092E5
460	4.08896E5	3.79817E5	3.32039E5	2.88126E5	2.40494E5	2.111E5	1.86948E5	1.79772E5	1.75486E5	1.72756E5	1.68599E5	1.59949E5	1.50635E5	1.40162E5	1.17354E5	1.30971E5	2.62703E5	5.60868E4	4.18168E4	3.08734E4	1.98569E4	3.37361E4
462	3.8896E5	3.84549E5	3.33038E5	2.86642E5	2.41013E5	2.06935E5	1.8868E5	1.79641E5	1.72597E5	1.70611E5	1.65013E5	1.59812E5	1.49319E5	1.40121E5	1.17999E5	1.1122E5	2.9785E5	6.12434E4	4.30781E4	3.24423E4	2.11414E4	2.13382E4
464	4.19487E5	3.71465E5	3.28431E5	2.91653E5	2.41754E5	2.0203E5	1.83425E5	1.75477E5	1.68955E5	1.68001E5	1.64328E5	1.5769E5	1.48608E5	1.39024E5	1.17253E5	1.05315E5	3.0003E5	6.95367E4	4.55148E4	3.42364E4	2.16172E4	1.98772E4
466	4.28175E5	3.62134E5	3.29786E5	2.87737E5	2.39733E5	2.04695E5	1.84323E5	1.72064E5	1.69085E5	1.66864E5	1.6117E5	1.54185E5	1.4844E5	1.40192E5	1.16545E5	1.02538E5	2.74636E5	8.4207E4	4.68046E4	3.49072E4	2.26179E4	1.86561E4
468	5.50087E5	3.76358E5	3.25613E5	2.85549E5	2.38043E5	2.02218E5	1.79101E5	1.71883E5	1.66425E5	1.63836E5	1.6104E5	1.55085E5	1.46263E5	1.3887E5	1.19632E5	1.01296E5	2.27092E5	1.1226E5	4.7129E4	3.62142E4	2.42119E4	1.76583E4
470	9.65913E5	3.64267E5	3.21914E5	2.85352E5	2.38931E5	2.02558E5	1.77723E5	1.67326E5	1.64348E5	1.62307E5	1.58657E5	1.52769E5	1.4799E5	1.38111E5	1.19015E5	1.01774E5	1.74253E5	1.4957E5	4.85414E4	3.63538E4	2.50751E4	1.76351E4
472	1.89885E6	3.65042E5	3.17206E5	2.83537E5	2.36279E5	2.01944E5	1.76139E5	1.7019E5	1.59989E5	1.59968E5	1.54416E5	1.50332E5	1.44534E5	1.38187E5	1.18462E5	1.01025E5	1.33661E5	1.9312E5	5.01661E4	3.76796E4	2.61735E4	1.69743E4
474	3.58175E6	3.55896E5	3.30086E5	2.84134E5	2.33242E5	1.97822E5	1.75306E5	1.62305E5	1.58764E5	1.56492E5	1.53429E5	1.49479E5	1.439E5	1.38308E5	1.18588E5	1.00565E5	1.07514E5	2.31603E5	5.1663E4	3.92895E4	2.83634E4	1.79334E4
476	5.90816E6	3.55033E5	3.20916E5	2.76845E5	2.31227E5	1.98925E5	1.74908E5	1.61839E5	1.5682E5	1.53885E5	1.52518E5	1.49206E5	1.40093E5	1.36722E5	1.16684E5	9.85123E4	9.59669E4	2.58715E5	5.64071E4	3.96626E4	2.83027E4	1.83372E4
478	8.77815E6	3.45654E5	3.11736E5	2.75826E5	2.27478E5	1.91757E5	1.7067E5	1.58039E5	1.53879E5	1.50674E5	1.47241E5	1.4461E5	1.41183E5	1.33845E5	1.17431E5	9.85629E4	8.91271E4	2.56747E5	6.34462E4	4.07705E4	2.93846E4	1.89385E4
480	1.13938E7	3.47414E5	3.10508E5	2.74756E5	2.28251E5	1.89586E5	1.68183E5	1.54979E5	1.50779E5	1.49466E5	1.44846E5	1.40429E5	1.37593E5	1.34896E5	1.14994E5	9.89015E4	8.70852E4	2.30388E5	7.87664E4	4.1375E4	2.95585E4	1.99077E4
482	1.26241E7	3.38031E5	3.00512E5	2.69565E5	2.20982E5	1.88606E5	1.66136E5	1.52853E5	1.50121E5	1.4513E5	1.43666E5	1.39699E5	1.33742E5	1.31399E5	1.16117E5	9.7105E4	8.60953E4	1.87748E5	1.03559E5	4.21187E4	3.06692E4	2.12492E4
484	1.23713E7	3.47017E5	2.97526E5	2.68423E5	2.25549E5	1.86813E5	1.62636E5	1.51274E5	1.45697E5	1.43349E5	1.40556E5	1.35654E5	1.34077E5	1.3057E5	1.12747E5	9.71999E4	8.42477E4	1.40713E5	1.3879E5	4.27321E4	3.04026E4	2.17093E4
486	1.0441E7	3.66762E5	3.02191E5	2.6437E5	2.23054E5	1.86152E5	1.58581E5	1.53007E5	1.41377E5	1.39823E5	1.37538E5	1.35722E5	1.29932E5	1.27741E5	1.12489E5	9.61825E4	8.45267E4	1.08295E5	1.73605E5	4.3316E4	3.18408E4	2.35494E4
488	7.52491E6	5.43857E5	3.04619E5	2.60402E5	2.17745E5	1.83688E5	1.58531E5	1.46381E5	1.39332E5	1.36835E5	1.35109E5	1.32567E5	1.28381E5	1.24858E5	1.12059E5	9.68101E4	8.24906E4	8.80537E4	2.05191E5	4.56109E4	3.2895E4	2.42128E4
490	4.50717E6	1.16548E6	2.93252E5	2.56016E5	2.12343E5	1.81015E5	1.57116E5	1.43305E5	1.34167E5	1.35397E5	1.33409E5	1.29033E5	1.28359E5	1.24277E5	1.10279E5	9.52699E4	8.13979E4	7.84767E4	2.17658E5	5.09528E4	3.20759E4	2.325E4
492	2.17765E6	2.45119E6	2.93309E5	2.54001E5	2.12104E5	1.74889E5	1.55196E5	1.39436E5	1.36734E5	1.34248E5	1.32056E5	1.27969E5	1.24914E5	1.22581E5	1.09601E5	9.38412E4	8.14378E4	7.27951E4	2.13587E5	6.04271E4	3.2865E4	2.36969E4
494	9.28671E5	4.50042E6	2.87523E5	2.53244E5	2.08115E5	1.76033E5	1.49759E5	1.38241E5	1.31623E5	1.28335E5	1.25915E5	1.2372E5	1.20992E5	1.21521E5	1.07402E5	9.33309E4	8.0624E4	7.28981E4	1.88788E5	7.61862E4	3.396E4	2.44345E4
496	5.02385E5	7.27839E6	2.82018E5	2.50824E5	2.10045E5	1.72096E5	1.52477E5	1.36729E5	1.29953E5	1.27284E5	1.25309E5	1.22614E5	1.19315E5	1.19284E5	1.06338E5	9.21911E4	7.90433E4	7.13535E4	1.53493E5	9.67547E4	3.33532E4	2.59396E4
498	4.50353E5	1.02021E7	2.77429E5	2.48744E5	2.03491E5	1.6638E5	1.48356E5	1.34056E5	1.27373E5	1.24384E5	1.21279E5	1.19898E5	1.18047E5	1.16362E5	1.04061E5	9.03547E4	7.99124E4	6.95706E4	1.17362E5	1.24154E5	3.42077E4	2.55046E4
500	4.07053E5	1.27437E7	2.79719E5	2.36754E5	1.98535E5	1.67267E5	1.44315E5	1.32728E5	1.24029E5	1.21531E5	1.20353E5	1.16523E5	1.15849E5	1.14624E5	1.02739E5	8.85969E4	7.87935E4	6.9111E4	9.10974E4	1.51905E5	3.46225E4	2.63027E4
502	3.80695E5	1.37075E7	2.79922E5	2.35839E5	1.98644E5	1.6568E5	1.40827E5	1.30204E5	1.21536E5	1.16922E5	1.15752E5	1.16225E5	1.13178E5	1.13007E5	1.01211E5	8.91152E4	7.64424E4	6.84909E4	7.32157E4	1.75208E5	3.76211E4	2.65784E4
504	3.76846E5	1.31045E7	2.76775E5	2.36636E5	1.98779E5	1.64728E5	1.41594E5	1.27714E5	1.19357E5	1.14766E5	1.12314E5	1.11381E5	1.10575E5	1.09298E5	1.00923E5	8.85856E4	7.67822E4	6.76155E4	6.49857E4	1.83263E5	4.19483E4	2.706E4
506	3.78719E5	1.08013E7	2.99061E5	2.30331E5	1.94333E5	1.60672E5	1.37782E5	1.24708E5	1.19628E5	1.14821E5	1.13694E5	1.09624E5	1.07551E5	1.08451E5	9.81735E4	8.61051E4	7.56388E4	6.56128E4	6.01731E4	1.76135E5	5.0517E4	2.69416E4
508	4.02377E5	7.82676E6	4.92057E5	2.24925E5	1.83019E5	1.56763E5	1.34513E5	1.20955E5	1.14568E5	1.10502E5	1.0795E5	1.07113E5	1.04903E5	1.06971E5	9.57609E4	8.49895E4	7.48808E4	6.55808E4	5.93927E4	1.55131E5	6.37285E4	2.70183E4
510	4.47076E5	4.61053E6	1.20994E6	2.27318E5	1.87553E5	1.51993E5	1.3111E5	1.20249E5	1.12153E5	1.09488E5	1.06284E5	1.07939E5	1.03232E5	1.0324E5	9.49223E4	8.34467E4	7.25197E4	6.532E4	5.80031E4	1.23631E5	8.25592E4	2.82216E4
512	5.54207E5	2.08429E6	2.80655E6	2.2098E5	1.77555E5	1.4991E5	1.29383E5	1.16776E5	1.10858E5	1.0743E5	1.03228E5	1.02613E5	9.99601E4	9.94964E4	9.05193E4	8.17847E4	7.4272E4	6.39414E4	5.55967E4	9.43891E4	1.05925E5	2.79028E4
514	7.73431E5	8.44715E5	5.12373E6	2.20145E5	1.80125E5	1.47656E5	1.2657E5	1.14589E5	1.07168E5	1.01892E5	1.00071E5	9.94725E4	9.96571E4	9.93415E4	9.06201E4	7.90345E4	7.09885E4	6.28378E4	5.55791E4	7.18214E4	1.28947E5	2.88666E4
516	1.10625E6	4.6968E5	8.04789E6	2.15006E5	1.77232E5	1.44317E5	1.2386E5	1.11746E5	1.06321E5	1.0149E5	1.00472E5	9.82221E4	9.73433E4	9.62889E4	8.84797E4	8.0232E4	6.96801E4	6.12692E4	5.33164E4	5.70281E4	1.44152E5	3.17641E4
518	1.48864E6	3.60504E5	1.10807E7	2.16335E5	1.71203E5	1.46341E5	1.21831E5	1.0982E5	1.03893E5	9.8532E4	9.60529E4	9.61088E4	9.39327E4	9.43917E4	8.65316E4	7.66425E4	6.80056E4	6.05857E4	5.35078E4	5.1143E4	1.51193E5	3.45138E4
520	1.8746E6	3.45416E5	1.34057E7	2.1278E5	1.73074E5	1.43048E5	1.21535E5	1.09286E5	1.01115E5	9.7192E4	9.55517E4	9.28943E4	9.23303E4	9.07847E4	8.62959E4	7.51864E4	6.62044E4	6.0138E4	5.28257E4	4.81249E4	1.44695E5	4.12495E4
522	2.29591E6	3.28268E5	1.40056E7	2.12811E5	1.68544E5	1.4126E5	1.20613E5	1.07745E5	9.87846E4	9.4406E4	9.1924E4	9.15199E4	8.91826E4	8.86288E4	8.13619E4	7.38453E4	6.75761E4	5.95308E4	5.21108E4	4.75872E4	1.25244E5	5.23228E4
524	2.5288E6	3.16791E5	1.28337E7	2.11002E5	1.66492E5	1.38227E5	1.13519E5	1.03854E5	9.59918E4	9.07693E4	9.10046E4	8.94732E4	8.75914E4	8.82593E4	8.07848E4	7.18552E4	6.45504E4	5.73603E4	5.06808E4	4.51943E4	1.02109E5	6.96683E4
526	2.6801E6	3.011E5	1.03877E7	2.372E5	1.65242E5	1.36706E5	1.1335E5	1.02642E5	9.44702E4	9.00047E4	8.83811E4	8.60144E4	8.57588E4	8.66026E4	7.73788E4	7.24127E4	6.34702E4	5.64107E4	5.0721E4	4.46055E4	7.52289E4	8.77317E4
528	2.44909E6	2.99256E5	7.31541E6	4.62485E5	1.62548E5	1.30137E5	1.12368E5	1.00194E5	9.0845E4	9.12605E4	8.53871E4	8.46734E4	8.28717E4	8.42849E4	7.59522E4	6.9887E4	6.23498E4	5.60129E4	4.87495E4	4.35742E4	5.78116E4	1.04795E5
530	2.08741E6	3.01813E5	4.16473E6	1.22535E6	1.58894E5	1.28086E5	1.07601E5	9.70826E4	9.08373E4	8.6306E4	8.30709E4	8.12161E4	8.06169E4	8.31306E4	7.44498E4	6.8151E4	6.12188E4	5.50434E4	4.78215E4	4.36365E4	4.63008E4	1.18478E5
532	1.6734E6	3.40492E5	1.88327E6	2.88913E6	1.57634E5	1.26575E5	1.06729E5	9.59841E4	8.89643E4	8.2805E4	8.13646E4	8.12269E4	7.83978E4	7.88301E4	7.31321E4	6.57713E4	5.93306E4	5.33296E4	4.69219E4	4.15862E4	4.04051E4	1.24386E5
534	1.19225E6	4.39097E5	6.98546E5	5.45692E6	1.54614E5	1.24287E5	1.04811E5	9.36946E4	8.48521E4	8.0645E4	7.94039E4	7.70105E4	7.72505E4	7.69816E4	7.0582E4	6.50525E4	5.9177E4	5.2229E4	4.593E4	4.11351E4	3.64371E4	1.21995E5
536	7.69288E5	6.30348E5	3.62277E5	8.49977E6	1.50514E5	1.22371E5	9.89391E4	9.07943E4	8.46012E4	8.01317E4	7.92787E4	7.45605E4	7.47192E4	7.41403E4	6.82821E4	6.24506E4	5.66605E4	5.08283E4	4.60818E4	3.95998E4	3.4848E4	1.05731E5
538	4.49822E5	9.00354E5	3.16659E5	1.15636E7	1.44601E5	1.21607E5	9.99206E4	9.00754E4	8.14525E4	7.72854E4	7.39123E4	7.29762E4	7.13904E4	7.24918E4	6.8121E4	6.19335E4	5.49068E4	4.9623E4	4.45299E4	3.90589E4	3.5604E4	8.39159E4
540	3.23555E5	1.30189E6	2.85411E5	1.35932E7	1.46291E5	1.16024E5	9.71876E4	8.86476E4	8.0496E4	7.65865E4	7.22122E4	7.24547E4	7.15056E4	7.06968E4	6.59105E4	5.93609E4	5.45786E4	4.92225E4	4.25207E4	3.8105E4	3.29166E4	6.24716E4
542	2.69536E5	1.75766E6	2.72674E5	1.39289E7	1.46803E5	1.165E5	9.53102E4	8.38331E4	7.81542E4	7.51459E4	7.04318E4	7.01665E4	6.96919E4	6.92266E4	6.27445E4	5.7944E4	5.26354E4	4.66139E4	4.2369E4	3.68226E4	3.19905E4	4.62562E4
544	2.38134E5	2.19122E6	2.57995E5	1.24012E7	1.54081E5	1.11494E5	9.39162E4	8.14618E4	7.74644E4	7.32545E4	6.8861E4	6.802E4	6.82117E4	6.85204E4	6.10787E4	5.57809E4	5.15213E4	4.59967E4	4.09229E4	3.72499E4	3.23859E4	3.65048E4
546	2.18979E5	2.53021E6	2.43799E5	9.77248E6	1.83085E5	1.11716E5	9.01862E4	8.19972E4	7.46088E4	7.0478E4	6.65559E4	6.64023E4	6.41681E4	6.4307E4	5.87379E4	5.63691E4	4.89327E4	4.55694E4	3.98752E4	3.70057E4	3.13071E4	3.06383E4
548	2.03226E5	2.76327E6	2.41845E5	6.69799E6	4.47687E5	1.05689E5	9.11926E4	7.6545E4	7.36796E4	7.09582E4	6.6311E4	6.45275E4	6.31184E4	6.37437E4	5.84835E4	5.3338E4	4.80997E4	4.42011E4	3.99788E4	3.50758E4	2.96643E4	2.83642E4
550	2.1015E5	2.74146E6	2.34691E5	3.7779E6	1.26312E6	1.09928E5	8.82281E4	7.6391E4	7.19528E4	6.56269E4	6.46258E4	6.28148E4	6.06013E4	6.06716E4	5.69667E4	5.19403E4	4.84564E4	4.39997E4	3.80594E4	3.47249E4	2.96532E4	2.73675E4
552	2.09098E5	2.45784E6	2.28088E5	1.68223E6	2.96016E6	1.01838E5	8.66353E4	7.78329E4	6.88981E4	6.43076E4	6.2054E4	6.09925E4	5.99943E4	5.88767E4	5.47803E4	4.90469E4	4.54849E4	4.22457E4	3.58935E4	3.3014E4	2.95593E4	2.55205E4
554	2.0797E5	2.09874E6	2.4797E5	6.22294E5	5.40274E6	1.0336E5	8.45543E4	7.44263E4	6.73371E4	6.35512E4	6.01431E4	6.032E4	5.75364E4	5.73612E4	5.40081E4	4.90275E4	4.46179E4	4.1682E4	3.69158E4	3.19109E4	2.81679E4	2.53667E4
556	1.97537E5	1.63095E6	3.03246E5	3.16254E5	8.252E6	1.0332E5	8.11898E4	7.43518E4	6.6896E4	6.15831E4	5.98366E4	5.86463E4	5.68764E4	5.59342E4	5.21605E4	4.799E4	4.37155E4	4.03457E4	3.60308E4	3.23256E4	2.7521E4	2.46143E4
558	1.94944E5	1.12022E6	4.32369E5	2.60471E5	1.10093E7	1.02463E5	8.07692E4	7.14793E4	6.59962E4	6.00294E4	5.89465E4	5.63176E4	5.46002E4	5.45141E4	5.0811E4	4.65505E4	4.17694E4	3.93331E4	3.50772E4	3.17286E4	2.68098E4	2.45124E4
560	1.86051E5	7.32783E5	6.31645E5	2.32994E5	1.29586E7	1.03763E5	8.1535E4	6.99935E4	6.4554E4	6.0403E4	5.68142E4	5.45241E4	5.2823E4	5.35166E4	4.98035E4	4.48769E4	4.21473E4	3.82494E4	3.39189E4	3.07989E4	2.67504E4	2.27855E4
562	1.87477E5	4.38328E5	9.50857E5	2.23302E5	1.32524E7	1.08648E5	8.10075E4	6.94867E4	6.19387E4	5.66664E4	5.50728E4	5.23736E4	5.048E4	5.07744E4	4.72596E4	4.34366E4	4.00833E4	3.69109E4	3.32358E4	2.93643E4	2.63831E4	2.18233E4
564	1.89982E5	2.88492E5	1.35105E6	2.19318E5	1.1806E7	1.09267E5	7.69001E4	6.66949E4	5.92862E4	5.69364E4	5.34505E4	5.04821E4	5.06342E4	4.91577E4	4.65397E4	4.06969E4	3.81921E4	3.52512E4	3.1597E4	2.87988E4	2.46311E4	2.162E4
566	1.8766E5	2.12751E5	1.75741E6	2.03825E5	9.2271E6	1.41343E5	7.63865E4	6.60057E4	5.89583E4	5.32762E4	5.17141E4	4.94778E4	4.90828E4	4.76339E4	4.46336E4	4.08868E4	3.75979E4	3.54176E4	3.19395E4	2.79591E4	2.32907E4	2.14766E4
568	1.84168E5	1.90789E5	2.17528E6	1.9759E5	6.21189E6	4.07429E5	7.62924E4	6.46431E4	5.64867E4	5.25626E4	5.0069E4	4.83973E4	4.73988E4	4.73631E4	4.32096E4	3.90619E4	3.59213E4	3.32177E4	3.00683E4	2.73098E4	2.43843E4	2.09831E4
570	1.88659E5	1.72989E5	2.48589E6	1.88292E5	3.40732E6	1.28918E6	7.58153E4	6.3299E4	5.40286E4	4.9361E4	4.92222E4	4.62732E4	4.62466E4	4.43937E4	4.22117E4	3.90357E4	3.6556E4	3.36853E4	3.05718E4	2.77307E4	2.29705E4	2.0384E4
572	2.00158E5	1.72163E5	2.6312E6	1.92358E5	1.45223E6	2.98976E6	7.47463E4	5.98952E4	5.35656E4	5.13939E4	4.59868E4	4.56712E4	4.51854E4	4.52062E4	3.91599E4	3.7723E4	3.36252E4	3.07471E4	2.83795E4	2.58946E4	2.38695E4	1.98141E4
574	1.9423E5	1.63938E5	2.47004E6	1.83943E5	5.08871E5	5.43374E6	7.19727E4	5.81583E4	5.40416E4	4.94351E4	4.67128E4	4.53006E4	4.37239E4	4.28807E4	3.92878E4	3.60398E4	3.33555E4	3.12368E4	2.83637E4	2.53205E4	2.1946E4	1.90579E4
576	1.7707E5	1.45423E5	2.20338E6	1.96046E5	2.56078E5	8.18415E6	7.17007E4	5.87097E4	5.24952E4	4.81373E4	4.53368E4	4.26577E4	4.18419E4	4.07555E4	3.90735E4	3.50025E4	3.17293E4	3.03037E4	2.70516E4	2.51136E4	2.13488E4	1.75435E4
578	1.9069E5	1.49095E5	1.80827E6	2.10285E5	2.18425E5	1.07274E7	7.22382E4	5.66448E4	4.98316E4	4.71414E4	4.24258E4	4.07635E4	4.00889E4	3.91069E4	3.70908E4	3.42782E4	3.19902E4	2.97452E4	2.59276E4	2.40506E4	2.08043E4	1.73557E4
580	1.62591E5	1.51496E5	1.3791E6	2.67727E5	1.97985E5	1.24466E7	7.15891E4	5.59778E4	4.93221E4	4.5991E4	4.29663E4	3.94977E4	3.82756E4	3.95581E4	3.56977E4	3.33264E4	3.09711E4	2.82673E4	2.4989E4	2.34654E4	1.95964E4	1.79928E4
582	1.62563E5	1.49588E5	9.73041E5	3.96106E5	1.82846E5	1.25951E7	7.40876E4	5.61914E4	4.74658E4	4.29548E4	4.05357E4	3.86706E4	3.82359E4	3.8066E4	3.44478E4	3.24359E4	3.05409E4	2.74814E4	2.43375E4	2.16612E4	1.87688E4	1.77711E4
584	1.89231E5	1.3814E5	6.1604E5	6.02697E5	1.79162E5	1.09655E7	7.71401E4	5.30517E4	4.77725E4	4.24239E4	3.90248E4	3.64659E4	3.74291E4	3.72224E4	3.39863E4	3.09531E4	2.95148E4	2.72613E4	2.48034E4	2.31429E4	1.97078E4	1.69465E4
586	1.57112E5	1.42719E5	3.84345E5	9.07639E5	1.70953E5	8.40477E6	1.09042E5	5.26207E4	4.68374E4	4.24755E4	3.82473E4	3.80288E4	3.57027E4	3.44117E4	3.31312E4	3.04634E4	2.68738E4	2.5478E4	2.32681E4	2.10926E4	1.89664E4	1.66118E4
588	1.68821E5	1.33934E5	2.45488E5	1.29093E6	1.74116E5	5.50675E6	3.63034E5	5.34105E4	4.44204E4	3.90787E4	3.94693E4	3.63789E4	3.41427E4	3.536E4	3.15267E4	2.95986E4	2.72565E4	2.61045E4	2.36804E4	2.05365E4	1.75114E4	1.58148E4
590	1.64694E5	1.5572E5	1.96269E5	1.67189E6	1.66807E5	2.88597E6	1.21777E6	5.32182E4	4.50835E4	3.83424E4	3.49547E4	3.32393E4	3.42128E4	3.36389E4	3.10962E4	2.9527E4	2.54156E4	2.43114E4	2.36383E4	1.98163E4	1.74722E4	1.57086E4
592	1.66325E5	1.33887E5	1.64335E5	2.02804E6	1.68396E5	1.1506E6	2.93528E6	5.20607E4	4.24379E4	3.91742E4	3.49632E4	3.39185E4	3.20089E4	3.23049E4	2.95349E4	2.78626E4	2.52347E4	2.47793E4	2.18614E4	1.88384E4	1.64669E4	1.46894E4
594	1.59053E5	1.37654E5	1.55532E5	2.22819E6	1.67032E5	3.99427E5	5.34E6	5.03872E4	4.19711E4	3.66721E4	3.51805E4	3.32328E4	3.17332E4	3.23785E4	3.01087E4	2.65935E4	2.46455E4	2.23227E4	2.06951E4	1.81341E4	1.70779E4	1.58932E4
596	1.53728E5	1.2486E5	1.42971E5	2.28895E6	1.65326E5	2.05975E5	8.02015E6	5.17779E4	4.24629E4	3.75854E4	3.48718E4	3.19199E4	3.00769E4	2.97984E4	2.87716E4	2.5436E4	2.41154E4	2.22666E4	2.02991E4	1.77308E4	1.57434E4	1.44544E4
598	1.3865E5	1.29935E5	1.41323E5	2.19283E6	1.62126E5	1.74497E5	1.03758E7	5.46342E4	4.04791E4	3.72961E4	3.12817E4	3.16549E4	3.0702E4	3.02509E4	2.77296E4	2.49759E4	2.34884E4	2.14792E4	1.94617E4	1.82215E4	1.65172E4	1.36511E4
600	1.55102E5	1.26324E5	1.36186E5	1.93547E6	1.69249E5	1.58514E5	1.17198E7	5.51047E4	3.9684E4	3.63158E4	3.22903E4	2.92985E4	3.04057E4	2.85937E4	2.62022E4	2.40386E4	2.38539E4	2.03357E4	1.96101E4	1.78607E4	1.4865E4	1.31344E4
