300	1.69116E5	9.99597E4	1.06875E5	2.73368E6	3.03123E5	2.33706E5	1.77429E7	6.58641E4	1.05365E4	5930.39086	4491.66096	2941.86465	2419.99253	2401.9903	1471.33432	978.60544	1100.80093	1160.89533	1152.27357	1035.51734	1061.0162	874.7962
302	1.60837E5	1.03264E5	1.15256E5	1.78627E6	6.25755E5	1.63269E5	1.52795E7	7.33974E5	1.14281E4	5338.01043	4271.70752	2626.94247	2460.53575	2050.00577	1993.29795	1649.49635	1215.34348	1081.30323	976.58016	920.81182	1137.91407	915.84956
304	1.5307E5	1.1545E5	1.23034E5	9.7835E5	1.20796E6	1.55315E5	9.55244E6	3.21405E6	1.2475E4	6344.07652	4587.00504	3547.86991	2633.84192	1756.33966	2033.3435	1623.58917	1190.96417	1239.75547	984.55574	654.43593	819.80095	706.90326
306	1.59206E5	1.1091E5	1.22874E5	4.74987E5	2.00575E6	1.59959E5	4.0815E6	8.17331E6	1.58127E4	6495.45628	4738.29246	2955.86923	2328.44139	2230.78391	1592.33417	1314.94735	1527.97232	847.5716	818.38303	958.40543	844.7851	868.09724
308	1.74117E5	1.2812E5	1.39512E5	2.64553E5	2.68487E6	1.56579E5	1.05759E6	1.39973E7	2.17955E4	7235.10027	5266.6244	3085.01175	2614.90846	2280.87944	1562.79215	1150.73492	1357.05163	1202.06655	876.43902	834.45701	1006.2089	623.58129
310	2.00805E5	1.19083E5	1.42005E5	2.04103E5	2.88148E6	1.71796E5	2.04025E5	1.67171E7	5.97603E4	7928.31968	5326.81245	3092.32794	2329.72054	2193.674	1522.92876	1246.51128	1252.02364	927.79055	1151.95237	1126.22383	793.88328	480.6907
312	1.93706E5	1.20602E5	1.54368E5	2.00042E5	2.46536E6	2.56139E5	1.24684E5	1.4523E7	6.54359E5	8414.72872	5683.4242	3549.22384	2374.54968	1995.63366	1693.77497	1202.61682	1249.5782	791.34704	863.05285	1169.19681	748.4371	933.27935
314	1.98057E5	1.28776E5	1.55585E5	1.92144E5	1.64147E6	5.18666E5	1.09357E5	8.69595E6	3.15972E6	9808.47465	5581.62431	3429.35048	2506.37848	2243.92968	1345.49239	1353.85603	1495.83293	1319.8365	885.8676	850.37511	955.18045	816.19642
316	2.19697E5	1.37688E5	1.58668E5	1.96347E5	9.37182E5	1.03039E6	1.02734E5	3.49631E6	7.80528E6	1.28052E4	6024.80361	4103.23417	2522.97287	2386.42899	1664.3298	1552.33627	1328.39506	990.64946	754.7638	905.95812	886.35122	551.95754
318	2.22271E5	1.43271E5	1.57293E5	2.00196E5	4.97566E5	1.66558E6	1.01374E5	8.72631E5	1.25188E7	1.94344E4	6343.88885	3687.22253	2728.48146	2104.04936	1626.43387	1651.51161	1457.47111	917.7549	1238.15737	564.0086	1110.54988	655.64905
320	1.97459E5	1.51418E5	1.68607E5	2.07374E5	3.0391E5	2.23536E6	1.00689E5	1.56423E5	1.44248E7	5.34865E4	6172.25499	4094.44446	2338.87579	2203.12969	1861.44938	1512.07748	1187.73423	1101.85363	1114.56106	1016.90048	1032.10212	591.86875
322	2.26007E5	1.46429E5	1.65042E5	2.10209E5	2.47763E5	2.36863E6	1.11308E5	9.71422E4	1.20585E7	5.55558E5	7222.59596	4104.02757	2648.9513	2201.02616	1482.25548	1235.59679	1383.34215	777.67437	986.01884	763.79864	668.19687	777.94074
324	2.06631E5	1.53714E5	1.78605E5	2.10235E5	2.28926E5	2.04136E6	1.67877E5	8.29965E4	7.2532E6	2.49386E6	9278.52293	4628.72136	2949.80124	2239.51621	1352.54834	1303.48385	941.11072	808.62015	1201.84046	861.6353	684.2086	721.66162
326	2.05894E5	1.51117E5	1.69814E5	2.17591E5	2.26737E5	1.42782E6	3.54472E5	7.82428E4	2.95218E6	6.14817E6	1.18526E4	4724.83366	3065.26107	1863.12746	1676.8408	1132.12555	1249.3994	783.23178	802.14781	832.94516	748.48926	739.50855
328	2.22817E5	1.51118E5	1.79834E5	2.16595E5	2.36343E5	8.62895E5	7.10651E5	7.83094E4	7.8019E5	9.98481E6	1.66618E4	5097.48313	2971.24653	2301.8911	1519.85273	1397.0007	1156.0971	870.59128	848.75472	891.76728	854.90688	866.68423
330	2.37815E5	1.65867E5	1.77512E5	2.26031E5	2.32863E5	4.58261E5	1.24426E6	7.70226E4	1.42528E5	1.19698E7	4.57574E4	5445.39432	3115.35062	2206.3782	1933.54023	1384.75618	1022.62092	1188.22227	786.76081	1069.6537	860.01572	470.48657
332	2.51046E5	1.60441E5	1.82882E5	2.2255E5	2.38218E5	2.80174E5	1.71208E6	7.64192E4	8.5621E4	1.04285E7	4.65497E5	6554.36096	3114.39019	2681.75203	1783.8874	1357.6695	1134.15765	787.18079	909.8191	670.25994	679.5545	532.82253
334	2.27464E5	1.61556E5	1.88325E5	2.2625E5	2.34399E5	2.13949E5	1.90358E6	8.54561E4	7.4561E4	6.5935E6	2.16601E6	7169.69941	3206.49888	2531.94307	1883.39034	1083.89999	1257.26453	900.18644	800.77237	816.6308	424.45915	613.88989
336	2.53949E5	1.67526E5	1.82689E5	2.26408E5	2.33374E5	2.00759E5	1.73552E6	1.27811E5	7.25116E4	2.75936E6	5.6022E6	1.02422E4	3665.36062	2429.63397	1882.36895	1225.95341	910.22958	955.11351	842.92885	717.18686	740.1209	661.15175
338	2.7823E5	1.7931E5	1.97326E5	2.20664E5	2.36943E5	2.01517E5	1.32179E6	2.46569E5	7.11603E4	7.51263E5	9.09404E6	1.42295E4	3879.51067	2555.75178	1631.32739	1171.85625	1039.78925	965.43249	839.01323	826.57547	703.64392	705.01044
340	2.57444E5	1.73216E5	1.87998E5	2.20714E5	2.38438E5	1.9439E5	7.98817E5	5.08496E5	7.30272E4	1.3084E5	1.07091E7	3.86432E4	4246.81365	2949.39524	2111.42903	1486.30451	960.15462	870.07446	828.5754	802.52128	679.64283	736.82795
342	2.86351E5	1.80821E5	1.8888E5	2.19086E5	2.3689E5	1.98028E5	4.41233E5	8.9068E5	7.23145E4	7.83868E4	9.16248E6	4.31975E5	4798.91482	2667.81593	2169.99579	1318.17127	1080.88323	1039.99472	934.77512	630.61915	800.36819	724.10796
344	2.51969E5	1.85783E5	1.91534E5	2.16911E5	2.34582E5	2.02816E5	2.39201E5	1.30811E6	7.66499E4	6.60663E4	5.57253E6	2.16622E6	6123.12227	2856.17221	1832.94147	1222.81472	1319.63176	997.94406	853.76923	817.46641	627.845	768.65683
346	2.79099E5	1.97009E5	2.02111E5	2.21628E5	2.33118E5	1.99408E5	1.66937E5	1.52798E6	8.13722E4	6.80936E4	2.25755E6	4.98954E6	7041.79029	3280.2169	2059.79415	1408.22213	1155.297	855.92975	842.75544	767.66939	468.00102	510.41601
348	3.09765E5	1.91163E5	1.94984E5	2.23544E5	2.40118E5	2.00008E5	1.53407E5	1.47342E6	1.13559E5	7.04255E4	5.54747E5	7.8114E6	1.07234E4	3283.43395	1832.19641	1385.89861	958.3982	964.21721	795.538	726.42333	568.46867	551.83245
350	2.89062E5	2.1134E5	2.01162E5	2.17857E5	2.32568E5	2.05115E5	1.53527E5	1.15676E6	1.99671E5	7.39404E4	1.11504E5	8.74408E6	2.43558E4	3479.37618	2013.66441	1328.13093	1071.23465	957.77368	786.89929	747.385	612.6261	543.1047
352	2.90694E5	2.15444E5	2.00317E5	2.21121E5	2.30726E5	2.07046E5	1.57142E5	7.50334E5	3.9016E5	7.59121E4	7.1127E4	7.30476E6	2.94125E5	4371.45719	2150.45163	1660.82448	1148.07542	907.624	667.02301	669.33553	582.81595	564.1845
354	3.16351E5	2.13657E5	2.00381E5	2.17125E5	2.29784E5	2.07349E5	1.58205E5	4.37159E5	6.67596E5	7.93029E4	6.38271E4	4.52872E6	1.3912E6	4940.17901	2280.72902	1533.32607	978.07644	846.15697	642.88003	815.06206	628.65184	564.96676
356	3.08594E5	2.33446E5	2.10565E5	2.19144E5	2.28866E5	2.14793E5	1.62251E5	2.52111E5	9.79202E5	8.41339E4	6.52319E4	1.89373E6	3.66617E6	6606.24792	2530.05038	1502.16736	979.36367	779.76892	834.11057	641.87153	703.6646	596.26822
358	3.04766E5	2.33634E5	2.2296E5	2.19653E5	2.29549E5	2.14303E5	1.67548E5	1.8292E5	1.19565E6	9.01387E4	6.87785E4	5.10703E5	6.0576E6	1.01176E4	2604.76575	1326.59626	1248.16156	931.93654	881.32055	743.44105	485.50636	540.48104
360	3.21366E5	2.44549E5	2.20691E5	2.19973E5	2.24142E5	2.21165E5	1.76353E5	1.66548E5	1.2114E6	1.11965E5	7.2307E4	1.01591E5	7.52378E6	2.17757E4	2868.24084	1593.01564	1343.04527	949.5252	871.12164	407.19511	486.9018	509.81461
362	3.3643E5	2.56835E5	2.25235E5	2.22621E5	2.33836E5	2.18527E5	1.83443E5	1.63121E5	1.0329E6	1.59746E5	7.59315E4	6.52057E4	7.07547E6	2.38905E5	3419.00087	1722.66946	1233.60447	758.27752	648.20143	668.72939	569.59191	577.42544
364	3.29376E5	2.61381E5	2.32139E5	2.2909E5	2.32674E5	2.23536E5	1.88001E5	1.65419E5	7.38961E5	2.73712E5	8.07859E4	5.84563E4	4.46915E6	1.16594E6	4091.32202	1726.48367	1373.76537	837.59708	647.97264	681.59633	575.29302	582.59657
366	3.52796E5	2.76102E5	2.32813E5	2.28639E5	2.32981E5	2.23388E5	1.94494E5	1.76007E5	4.54255E5	4.74242E5	8.50774E4	5.92263E4	1.83102E6	3.35287E6	5494.14496	2020.61124	1521.62025	993.9691	884.31627	758.60093	636.62721	386.88472
368	3.63855E5	2.86057E5	2.36207E5	2.32713E5	2.38368E5	2.22636E5	1.99661E5	1.80406E5	2.89941E5	7.10589E5	9.00868E4	6.17312E4	4.87422E5	5.65896E6	8552.53128	2094.59233	1313.97689	1015.98412	670.40606	681.66179	508.22081	494.08827
370	3.8402E5	2.84721E5	2.49002E5	2.31339E5	2.3647E5	2.30474E5	2.06197E5	1.85492E5	2.12009E5	9.35823E5	9.72542E4	6.54504E4	8.89203E4	6.60994E6	2.06441E4	2432.47962	1236.0572	1047.98	726.00924	687.09332	500.45702	496.06961
372	3.76868E5	2.93096E5	2.50807E5	2.34659E5	2.3724E5	2.30887E5	2.13306E5	1.96558E5	1.87942E5	1.00987E6	1.12574E5	7.03025E4	5.79105E4	5.74883E6	2.3392E5	2845.91436	1242.27423	1148.30333	786.94065	600.50057	580.73627	531.16324
374	3.7718E5	3.02748E5	2.60684E5	2.41936E5	2.40298E5	2.33285E5	2.22006E5	2.02601E5	1.88437E5	9.09013E5	1.47372E5	7.32964E4	5.11544E4	3.59631E6	1.14748E6	3446.42992	1511.6806	1111.2274	752.59383	754.67256	504.83891	631.01504
376	3.99062E5	3.24811E5	2.69045E5	2.43656E5	2.37056E5	2.37715E5	2.22825E5	2.09794E5	1.95245E5	6.99715E5	2.25084E5	7.7939E4	5.1869E4	1.50235E6	2.95277E6	4763.57624	1772.26316	1176.08522	1040.5635	523.7836	451.23119	421.96827
378	4.17441E5	3.32164E5	2.81244E5	2.49505E5	2.42409E5	2.39999E5	2.28436E5	2.13831E5	1.95262E5	4.7385E5	3.71547E5	8.14726E4	5.33113E4	3.82679E5	4.81447E6	7317.10206	1412.35977	1104.07824	957.57195	677.73796	501.08196	526.76191
380	4.37748E5	3.32089E5	2.86035E5	2.5301E5	2.46336E5	2.43385E5	2.35301E5	2.20413E5	2.00454E5	3.16968E5	5.60172E5	8.82128E4	5.80374E4	7.74935E4	5.66306E6	1.70027E4	2281.20961	1338.5511	1047.51141	710.05571	454.46431	437.63385
382	4.37938E5	3.57425E5	2.94785E5	2.59828E5	2.49078E5	2.46128E5	2.42154E5	2.26477E5	2.09842E5	2.36395E5	7.38165E5	9.40957E4	6.20104E4	5.41717E4	5.04539E6	1.71499E5	2484.65248	1157.21892	993.09359	692.2767	547.42972	527.82007
384	4.3896E5	3.56931E5	2.95288E5	2.66582E5	2.54871E5	2.48568E5	2.46694E5	2.3373E5	2.15401E5	2.08544E5	8.4195E5	1.03101E5	6.74627E4	4.81691E4	3.23613E6	8.59336E5	3056.20433	1519.79033	1226.08447	625.30893	580.07635	423.07674
386	4.41097E5	3.75538E5	3.14574E5	2.62906E5	2.58968E5	2.57066E5	2.46856E5	2.41621E5	2.22594E5	2.0165E5	8.23881E5	1.27744E5	6.96664E4	4.72468E4	1.34326E6	2.35273E6	4405.67096	1474.72693	933.24194	742.965	659.33948	415.28448
388	4.6879E5	3.84495E5	3.20665E5	2.74024E5	2.63671E5	2.59861E5	2.55086E5	2.47093E5	2.26483E5	2.05669E5	6.91929E5	1.76353E5	7.53121E4	4.89295E4	3.68013E5	4.10743E6	6233.40734	1746.60839	1017.82422	826.98716	561.8232	559.77535
390	4.75758E5	3.98444E5	3.26919E5	2.77558E5	2.62225E5	2.62292E5	2.56641E5	2.57496E5	2.36903E5	2.10888E5	5.16833E5	2.73188E5	8.03952E4	5.32174E4	7.2898E4	5.18228E6	1.49849E4	1978.8145	1260.50235	966.99952	618.37758	601.3197
392	4.84353E5	4.08824E5	3.34469E5	2.84029E5	2.67009E5	2.682E5	2.64538E5	2.58909E5	2.41435E5	2.12875E5	3.55586E5	4.17511E5	8.66485E4	5.82285E4	4.79963E4	4.694E6	1.65461E5	2331.6755	1174.3502	862.00018	626.87891	618.0409
394	4.97501E5	4.21778E5	3.4433E5	2.91763E5	2.73414E5	2.70318E5	2.68325E5	2.65812E5	2.44748E5	2.14956E5	2.61099E5	5.78708E5	9.36818E4	6.28165E4	4.327E4	3.15556E6	7.99086E5	2775.16271	1287.65034	916.026	871.65203	500.12719
396	5.00706E5	4.29751E5	3.53129E5	2.94272E5	2.74454E5	2.72565E5	2.72413E5	2.67473E5	2.53604E5	2.24851E5	2.17295E5	7.03192E5	1.00659E5	6.77647E4	4.16743E4	1.33122E6	2.23108E6	4093.69995	1621.23586	798.50406	757.3431	655.90214
398	4.9957E5	4.3745E5	3.66586E5	3.04613E5	2.78616E5	2.78093E5	2.78425E5	2.73388E5	2.54735E5	2.27622E5	2.04463E5	7.28833E5	1.12931E5	7.10947E4	4.32286E4	3.65027E5	3.8214E6	6420.91466	1739.98368	897.1752	871.45745	594.70029
400	5.24245E5	4.5425E5	3.67142E5	3.1124E5	2.89566E5	2.79214E5	2.82564E5	2.78263E5	2.5995E5	2.36197E5	2.07148E5	6.56485E5	1.44781E5	7.66084E4	4.68366E4	6.99355E4	4.66982E6	1.37195E4	1960.4242	1140.14687	789.86604	593.87498
402	5.24282E5	4.63333E5	3.76837E5	3.12727E5	2.88804E5	2.85464E5	2.84625E5	2.80211E5	2.65751E5	2.39596E5	2.09668E5	5.18811E5	2.0871E5	8.12434E4	4.99264E4	4.41411E4	4.11286E6	1.49786E5	2326.59598	1111.09012	841.3192	674.63821
404	5.31679E5	4.76986E5	3.89427E5	3.20489E5	2.98788E5	2.91791E5	2.86411E5	2.84585E5	2.72563E5	2.44736E5	2.13784E5	3.75379E5	3.11764E5	8.64657E4	5.47974E4	3.92884E4	2.57806E6	7.80899E5	3268.49706	1072.59793	828.41798	626.26038
406	5.61491E5	4.72946E5	3.96796E5	3.29747E5	2.9754E5	2.91352E5	2.91223E5	2.91448E5	2.74381E5	2.50016E5	2.18501E5	2.76907E5	4.3859E5	9.22514E4	6.00498E4	3.74025E4	1.07588E6	2.1022E6	3979.89682	1178.76909	909.02681	779.80898
408	5.47862E5	4.86381E5	4.14399E5	3.35464E5	3.03876E5	2.94021E5	2.95323E5	2.91068E5	2.80131E5	2.53395E5	2.22645E5	2.2273E5	5.60721E5	9.9023E4	6.32173E4	3.79356E4	2.77001E5	3.62375E6	5885.02829	1757.95907	893.05903	759.53794
410	5.58255E5	4.93376E5	4.11717E5	3.42716E5	3.12224E5	2.9877E5	2.95831E5	2.92064E5	2.81776E5	2.58051E5	2.30471E5	2.04415E5	6.29187E5	1.10973E5	6.70537E4	3.9847E4	5.42675E4	4.39173E6	1.17487E4	1560.05114	875.14847	797.16553
412	5.57648E5	4.92688E5	4.23679E5	3.50305E5	3.08667E5	2.97837E5	2.9791E5	2.94531E5	2.85786E5	2.61425E5	2.33639E5	2.02134E5	6.11611E5	1.30697E5	7.05563E4	4.30185E4	3.82052E4	3.9342E6	1.13098E5	1941.31147	1037.1131	783.30204
414	5.87177E5	5.10455E5	4.26262E5	3.56506E5	3.18733E5	3.00267E5	3.00252E5	2.97854E5	2.86915E5	2.64793E5	2.37609E5	2.04257E5	5.31218E5	1.70922E5	7.47596E4	4.65917E4	3.48589E4	2.54601E6	6.00655E5	2713.81674	1009.62694	644.2966
416	5.60556E5	5.29543E5	4.41264E5	3.6342E5	3.1913E5	3.00025E5	3.02138E5	3.01833E5	2.89349E5	2.69441E5	2.43068E5	2.07562E5	4.12254E5	2.46921E5	7.94423E4	5.10176E4	3.37169E4	1.05972E6	1.83179E6	3574.23093	1144.14065	751.97438
418	5.92818E5	5.16222E5	4.57289E5	3.70088E5	3.20529E5	3.08288E5	3.02386E5	2.99399E5	2.90654E5	2.72949E5	2.4412E5	2.10375E5	3.09799E5	3.44027E5	8.41382E4	5.4215E4	3.37833E4	2.74009E5	3.43102E6	5695.2024	1336.78108	848.51792
420	5.86546E5	5.45414E5	4.51603E5	3.73452E5	3.30562E5	3.13517E5	3.01747E5	3.03551E5	2.93176E5	2.76642E5	2.50198E5	2.14118E5	2.40344E5	4.5545E5	8.9604E4	5.68607E4	3.58661E4	5.27994E4	4.40069E6	1.15329E4	1388.25259	953.98335
422	5.80523E5	5.52367E5	4.67798E5	3.83151E5	3.3619E5	3.12961E5	3.04722E5	3.04361E5	2.94454E5	2.7637E5	2.52136E5	2.20624E5	2.07606E5	5.36416E5	9.68294E4	6.04513E4	3.73523E4	3.46021E4	4.01423E6	1.20845E5	1731.17934	835.69847
424	6.13264E5	5.37178E5	4.7083E5	3.87856E5	3.33694E5	3.09505E5	3.02965E5	3.05764E5	2.95468E5	2.78544E5	2.5464E5	2.2545E5	1.97612E5	5.58873E5	1.09799E5	6.62359E4	4.06629E4	3.23763E4	2.59371E6	6.09532E5	2539.01037	939.72778
426	5.9468E5	5.50147E5	4.62871E5	3.86146E5	3.40956E5	3.11055E5	3.08684E5	3.02329E5	2.96464E5	2.79691E5	2.5669E5	2.30681E5	1.98041E5	5.10989E5	1.36511E5	6.92495E4	4.53884E4	3.05285E4	9.8463E5	1.7356E6	3237.90222	1033.81235
428	6.2599E5	5.66668E5	4.85466E5	4.02352E5	3.38685E5	3.18058E5	3.01866E5	3.00333E5	2.96478E5	2.84031E5	2.63229E5	2.28848E5	1.99202E5	4.17805E5	1.84602E5	7.41048E4	4.90331E4	3.08826E4	2.35789E5	3.00878E6	4960.25642	1240.81733
430	6.07351E5	5.70413E5	4.93245E5	3.98271E5	3.46212E5	3.16693E5	3.04167E5	3.02984E5	2.94438E5	2.81811E5	2.6165E5	2.33276E5	2.02809E5	3.20579E5	2.53099E5	7.8026E4	4.99962E4	3.12995E4	4.63786E4	3.58658E6	1.12477E4	1362.61707
432	6.27087E5	5.60814E5	4.99135E5	4.12276E5	3.49728E5	3.15817E5	3.04945E5	3.01666E5	2.90893E5	2.82605E5	2.65824E5	2.34342E5	2.06883E5	2.4677E5	3.41247E5	8.19925E4	5.39463E4	3.38237E4	3.27965E4	3.09524E6	1.17709E5	1558.50463
434	6.03986E5	5.767E5	4.95809E5	4.20247E5	3.53753E5	3.15243E5	3.04496E5	2.98157E5	2.93721E5	2.86589E5	2.67205E5	2.38187E5	2.10213E5	2.07218E5	4.18657E5	8.79034E4	5.77488E4	3.72494E4	3.01571E4	1.86867E6	6.0197E5	2128.91339
436	6.07204E5	5.66371E5	5.03498E5	4.15365E5	3.5169E5	3.15788E5	3.01885E5	3.0212E5	2.94334E5	2.84382E5	2.69153E5	2.4288E5	2.12771E5	1.96327E5	4.62028E5	9.50461E4	6.09866E4	4.00708E4	2.83372E4	7.7068E5	1.62441E6	3032.92656
438	6.11487E5	5.74132E5	5.06921E5	4.24355E5	3.5359E5	3.18388E5	3.02235E5	2.96221E5	2.94996E5	2.85577E5	2.68615E5	2.42971E5	2.13009E5	1.92415E5	4.58457E5	1.09515E5	6.57359E4	4.32938E4	2.93695E4	2.01035E5	2.77447E6	4247.67199
440	6.05979E5	5.84197E5	5.05398E5	4.24596E5	3.55206E5	3.16944E5	2.97956E5	2.92896E5	2.91349E5	2.81637E5	2.71223E5	2.46304E5	2.17528E5	1.91549E5	4.03397E5	1.34935E5	6.80902E4	4.71028E4	3.0257E4	4.04252E4	3.3767E6	8390.15308
442	6.25571E5	5.82004E5	5.11794E5	4.26472E5	3.55139E5	3.19003E5	2.9746E5	2.94478E5	2.88119E5	2.81288E5	2.66866E5	2.45343E5	2.19941E5	1.9307E5	3.27161E5	1.7976E5	7.16122E4	4.95195E4	3.15822E4	2.96913E4	2.9769E6	7.41736E4
444	6.34778E5	5.77473E5	5.14428E5	4.25665E5	3.60743E5	3.15867E5	2.99322E5	2.92771E5	2.88486E5	2.80476E5	2.68335E5	2.47904E5	2.20459E5	1.94785E5	2.53509E5	2.39092E5	7.57628E4	5.15496E4	3.35052E4	2.77896E4	1.86387E6	4.13668E5
446	6.03721E5	5.73352E5	5.13307E5	4.32491E5	3.6519E5	3.15708E5	2.97633E5	2.93435E5	2.84484E5	2.76369E5	2.70458E5	2.47026E5	2.23428E5	1.98538E5	2.05135E5	3.05672E5	7.92258E4	5.46421E4	3.58851E4	2.74071E4	7.65662E5	1.26979E6
448	6.22482E5	5.88956E5	5.19262E5	4.31851E5	3.61428E5	3.13865E5	2.95234E5	2.86697E5	2.83964E5	2.76795E5	2.70777E5	2.46272E5	2.24943E5	1.9853E5	1.7859E5	3.62669E5	8.47314E4	5.83498E4	3.9553E4	2.75761E4	1.9894E5	2.52448E6
450	6.04196E5	5.71501E5	5.12364E5	4.46432E5	3.64252E5	3.17234E5	2.94782E5	2.889E5	2.82611E5	2.75142E5	2.68962E5	2.51488E5	2.26245E5	2.02825E5	1.70128E5	3.91139E5	9.4657E4	6.11215E4	4.34792E4	2.83204E4	3.89677E4	3.25468E6
452	6.20418E5	5.83248E5	5.12786E5	4.36016E5	3.64442E5	3.19084E5	2.92721E5	2.84216E5	2.78223E5	2.73973E5	2.67645E5	2.49715E5	2.27106E5	2.06788E5	1.69328E5	3.75935E5	1.11956E5	6.40713E4	4.60904E4	2.9138E4	2.75847E4	2.90382E6
454	5.92875E5	5.80429E5	5.26521E5	4.43454E5	3.69418E5	3.16066E5	2.88604E5	2.84069E5	2.77765E5	2.73771E5	2.65219E5	2.47825E5	2.28441E5	2.06017E5	1.68588E5	3.27916E5	1.38765E5	6.79036E4	4.66711E4	3.18301E4	2.5752E4	1.80197E6
456	5.88947E5	5.90351E5	5.10427E5	4.36184E5	3.63689E5	3.12819E5	2.90245E5	2.78042E5	2.75146E5	2.6839E5	2.61769E5	2.46571E5	2.25108E5	2.06755E5	1.69865E5	2.64654E5	1.83786E5	6.88515E4	4.84488E4	3.31319E4	2.48654E4	7.0535E5
458	6.06214E5	5.91282E5	5.15754E5	4.40571E5	3.58295E5	3.12306E5	2.84617E5	2.75589E5	2.6894E5	2.67863E5	2.60485E5	2.45723E5	2.28726E5	2.05038E5	1.73524E5	2.09188E5	2.35152E5	7.25356E4	5.20002E4	3.67503E4	2.47723E4	1.7937E5
460	5.65135E5	5.77384E5	5.11649E5	4.44267E5	3.63599E5	3.08531E5	2.80509E5	2.72484E5	2.64916E5	2.63556E5	2.56464E5	2.42681E5	2.28253E5	2.08749E5	1.69921E5	1.71139E5	2.86771E5	7.49848E4	5.49405E4	3.85189E4	2.53822E4	3.57707E4
462	6.10195E5	5.6445E5	5.09715E5	4.35048E5	3.64415E5	3.10508E5	2.79548E5	2.71435E5	2.66267E5	2.60702E5	2.55239E5	2.41318E5	2.28123E5	2.08616E5	1.71549E5	1.51487E5	3.24236E5	8.10054E4	5.68492E4	4.03952E4	2.60675E4	2.44026E4
464	5.94787E5	5.52031E5	5.066E5	4.35319E5	3.65054E5	3.09436E5	2.77841E5	2.67991E5	2.63039E5	2.57726E5	2.49757E5	2.40163E5	2.24389E5	2.09251E5	1.72124E5	1.46311E5	3.30603E5	9.08876E4	6.0336E4	4.262E4	2.7364E4	2.3103E4
466	5.9808E5	5.65208E5	5.06324E5	4.38468E5	3.57097E5	3.04977E5	2.73839E5	2.59679E5	2.54343E5	2.5312E5	2.50383E5	2.38002E5	2.23607E5	2.09345E5	1.73381E5	1.42135E5	3.02326E5	1.07944E5	6.09163E4	4.45609E4	2.97181E4	2.2386E4
468	7.21699E5	5.4611E5	5.07095E5	4.29245E5	3.62738E5	3.02962E5	2.69797E5	2.58585E5	2.54437E5	2.49847E5	2.49045E5	2.33105E5	2.23446E5	2.08446E5	1.73402E5	1.43077E5	2.57269E5	1.35554E5	6.39136E4	4.65718E4	3.04937E4	2.20501E4
470	1.13309E6	5.51956E5	5.00588E5	4.31874E5	3.55434E5	3.04558E5	2.68186E5	2.57438E5	2.49747E5	2.45898E5	2.40218E5	2.33173E5	2.19954E5	2.0786E5	1.7517E5	1.45343E5	2.05434E5	1.72117E5	6.58156E4	4.80485E4	3.16536E4	2.21365E4
472	2.13863E6	5.42515E5	5.06601E5	4.3782E5	3.57416E5	2.98243E5	2.68825E5	2.54867E5	2.46088E5	2.45675E5	2.3635E5	2.28748E5	2.20434E5	2.08241E5	1.74172E5	1.44871E5	1.65616E5	2.1872E5	6.78143E4	4.94279E4	3.43888E4	2.19727E4
474	3.65669E6	5.35325E5	4.93484E5	4.2856E5	3.51723E5	2.98084E5	2.61991E5	2.49177E5	2.44238E5	2.41431E5	2.37545E5	2.28965E5	2.20175E5	2.03581E5	1.75971E5	1.44632E5	1.40902E5	2.54174E5	7.01804E4	5.13981E4	3.55698E4	2.31048E4
476	5.97774E6	5.37434E5	4.84768E5	4.27568E5	3.4912E5	2.98525E5	2.57057E5	2.47597E5	2.39759E5	2.37033E5	2.34935E5	2.24964E5	2.16392E5	2.01687E5	1.73928E5	1.43601E5	1.28321E5	2.8093E5	7.41582E4	5.28473E4	3.73455E4	2.30864E4
478	8.80978E6	5.22005E5	4.82459E5	4.22651E5	3.45269E5	2.959E5	2.59053E5	2.39836E5	2.32563E5	2.308E5	2.2848E5	2.20192E5	2.12489E5	2.02718E5	1.72507E5	1.44315E5	1.22883E5	2.7992E5	8.32591E4	5.457E4	3.80265E4	2.49805E4
480	1.13651E7	5.21381E5	4.74326E5	4.12267E5	3.44787E5	2.86156E5	2.55092E5	2.39085E5	2.32513E5	2.27023E5	2.26387E5	2.16526E5	2.08604E5	1.99202E5	1.72539E5	1.42267E5	1.22797E5	2.54373E5	9.94474E4	5.54378E4	3.90409E4	2.63734E4
482	1.26112E7	5.09846E5	4.70917E5	4.12614E5	3.40133E5	2.87949E5	2.48814E5	2.3448E5	2.2569E5	2.25414E5	2.22029E5	2.15392E5	2.06675E5	1.97408E5	1.72795E5	1.43055E5	1.21437E5	2.12474E5	1.23579E5	5.4815E4	4.13051E4	2.77329E4
484	1.1967E7	5.22363E5	4.63248E5	4.10502E5	3.3923E5	2.85315E5	2.4608E5	2.30922E5	2.22305E5	2.20032E5	2.18232E5	2.09482E5	2.04698E5	1.9541E5	1.70382E5	1.42409E5	1.19307E5	1.66098E5	1.59861E5	5.68189E4	4.08917E4	2.95236E4
486	1.02349E7	5.27206E5	4.61848E5	4.06642E5	3.39724E5	2.76762E5	2.43118E5	2.27817E5	2.17601E5	2.15795E5	2.14565E5	2.07232E5	2.00793E5	1.93187E5	1.68771E5	1.41603E5	1.20772E5	1.35639E5	1.95052E5	5.93324E4	4.25662E4	3.11584E4
488	7.4485E6	7.07488E5	4.58766E5	3.91433E5	3.30571E5	2.73441E5	2.40272E5	2.2403E5	2.13864E5	2.13077E5	2.09457E5	2.02673E5	1.9797E5	1.91412E5	1.64284E5	1.41894E5	1.19906E5	1.16259E5	2.27497E5	6.26392E4	4.42484E4	3.24323E4
490	4.52114E6	1.32208E6	4.67171E5	3.87551E5	3.22095E5	2.71889E5	2.38183E5	2.18131E5	2.1254E5	2.05264E5	2.0554E5	1.98634E5	1.94168E5	1.87104E5	1.63598E5	1.41058E5	1.16932E5	1.069E5	2.38838E5	6.67659E4	4.38558E4	3.21708E4
492	2.24924E6	2.62728E6	4.41374E5	3.90812E5	3.24186E5	2.67638E5	2.30785E5	2.16281E5	2.03679E5	2.02739E5	1.99836E5	1.93803E5	1.91558E5	1.83918E5	1.62169E5	1.38326E5	1.16904E5	1.02486E5	2.32697E5	7.61394E4	4.47103E4	3.31238E4
494	1.08058E6	4.61628E6	4.36771E5	3.88681E5	3.18519E5	2.66378E5	2.29315E5	2.09278E5	2.03621E5	2.00505E5	1.97103E5	1.89849E5	1.86745E5	1.83518E5	1.61172E5	1.38184E5	1.16405E5	1.01035E5	2.11395E5	9.16197E4	4.63815E4	3.28218E4
496	6.61467E5	7.44647E6	4.28446E5	3.82293E5	3.14781E5	2.6201E5	2.24151E5	2.10458E5	1.99873E5	1.95531E5	1.93647E5	1.88641E5	1.83261E5	1.78119E5	1.56564E5	1.38325E5	1.15369E5	9.921E4	1.75269E5	1.13489E5	4.65473E4	3.46339E4
498	5.9987E5	1.03736E7	4.19679E5	3.78173E5	3.12596E5	2.54333E5	2.25035E5	2.03483E5	1.95064E5	1.93939E5	1.88633E5	1.82961E5	1.81283E5	1.77002E5	1.54628E5	1.357E5	1.14852E5	9.90456E4	1.39032E5	1.43497E5	4.74785E4	3.57903E4
500	5.57181E5	1.2861E7	4.18126E5	3.63237E5	3.07032E5	2.55512E5	2.2188E5	2.02505E5	1.93422E5	1.86685E5	1.83521E5	1.79295E5	1.77107E5	1.74019E5	1.54869E5	1.32569E5	1.14981E5	9.73332E4	1.13279E5	1.69375E5	4.86376E4	3.59817E4
502	5.31077E5	1.384E7	4.18218E5	3.62654E5	3.02879E5	2.5037E5	2.1712E5	1.96628E5	1.86825E5	1.84827E5	1.81643E5	1.76975E5	1.7379E5	1.71351E5	1.52185E5	1.3039E5	1.12516E5	9.70183E4	9.54702E4	1.94169E5	5.19641E4	3.6399E4
504	5.21994E5	1.32082E7	4.23818E5	3.62099E5	2.99135E5	2.49394E5	2.11811E5	1.9369E5	1.84018E5	1.78426E5	1.77074E5	1.73089E5	1.70039E5	1.65689E5	1.50827E5	1.29278E5	1.10999E5	9.53971E4	8.64639E4	2.0409E5	5.5644E4	3.6767E4
506	4.82414E5	1.07825E7	4.37057E5	3.56304E5	2.95595E5	2.43017E5	2.12065E5	1.92052E5	1.81059E5	1.78739E5	1.72106E5	1.68773E5	1.66987E5	1.62923E5	1.46739E5	1.28015E5	1.12878E5	9.33647E4	8.39006E4	1.92404E5	6.48117E4	3.83531E4
508	5.24752E5	7.8633E6	6.37537E5	3.44219E5	2.91588E5	2.38008E5	2.05135E5	1.87879E5	1.77065E5	1.75409E5	1.7197E5	1.67397E5	1.62838E5	1.60223E5	1.45282E5	1.25672E5	1.09194E5	9.31807E4	8.31476E4	1.72273E5	7.84679E4	3.77128E4
510	5.68247E5	4.71343E6	1.34641E6	3.51016E5	2.86368E5	2.31751E5	2.02727E5	1.82732E5	1.7393E5	1.69082E5	1.65007E5	1.6249E5	1.58841E5	1.58678E5	1.43167E5	1.24995E5	1.08662E5	9.29584E4	7.972E4	1.41507E5	9.66895E4	3.75071E4
512	6.97313E5	2.20749E6	2.91285E6	3.36211E5	2.75429E5	2.3076E5	1.97974E5	1.78816E5	1.71066E5	1.66582E5	1.65089E5	1.58045E5	1.5681E5	1.55328E5	1.39296E5	1.21034E5	1.06023E5	9.21093E4	8.07929E4	1.10842E5	1.19766E5	3.94296E4
514	9.04996E5	9.63278E5	5.16365E6	3.30632E5	2.70336E5	2.26196E5	1.94524E5	1.74922E5	1.67274E5	1.62028E5	1.60645E5	1.54898E5	1.54344E5	1.5175E5	1.37214E5	1.18416E5	1.06791E5	9.17955E4	7.89481E4	9.02296E4	1.43199E5	4.00275E4
516	1.1848E6	5.59196E5	8.0371E6	3.26847E5	2.72642E5	2.24162E5	1.90181E5	1.7363E5	1.64607E5	1.58525E5	1.56447E5	1.53472E5	1.49994E5	1.47171E5	1.3518E5	1.16508E5	1.02369E5	9.07924E4	7.71091E4	7.68681E4	1.57203E5	4.16877E4
518	1.56982E6	4.93336E5	1.09896E7	3.3466E5	2.69551E5	2.18601E5	1.87556E5	1.7121E5	1.59363E5	1.53701E5	1.50307E5	1.47439E5	1.46079E5	1.4438E5	1.32414E5	1.16965E5	1.01982E5	8.88526E4	7.6675E4	7.02639E4	1.63711E5	4.53237E4
520	2.01491E6	4.79575E5	1.33841E7	3.25022E5	2.62417E5	2.1516E5	1.84692E5	1.66103E5	1.5539E5	1.48891E5	1.4995E5	1.43346E5	1.42549E5	1.42838E5	1.28281E5	1.14356E5	9.94613E4	8.77146E4	7.47102E4	6.66039E4	1.57917E5	5.41635E4
522	2.37456E6	4.56303E5	1.39762E7	3.21426E5	2.62273E5	2.12172E5	1.80428E5	1.62969E5	1.52036E5	1.45604E5	1.45321E5	1.39105E5	1.40201E5	1.37934E5	1.25917E5	1.11588E5	9.83361E4	8.56118E4	7.51525E4	6.46997E4	1.4054E5	6.43108E4
524	2.57466E6	4.29212E5	1.27887E7	3.18124E5	2.50467E5	2.05361E5	1.74322E5	1.61045E5	1.48922E5	1.46837E5	1.39519E5	1.36609E5	1.35235E5	1.35903E5	1.21971E5	1.07859E5	9.78602E4	8.54351E4	7.23993E4	6.40251E4	1.14112E5	8.09509E4
526	2.64817E6	4.20441E5	1.03426E7	3.37602E5	2.53383E5	2.06294E5	1.7324E5	1.57318E5	1.4623E5	1.41246E5	1.38081E5	1.3243E5	1.32043E5	1.3334E5	1.19085E5	1.06316E5	9.41844E4	8.27803E4	7.24172E4	6.19155E4	9.06571E4	9.89479E4
528	2.50051E6	4.0621E5	7.2628E6	5.50172E5	2.4408E5	2.01107E5	1.69559E5	1.57036E5	1.428E5	1.38633E5	1.34626E5	1.2927E5	1.30216E5	1.30093E5	1.14978E5	1.04633E5	9.34065E4	8.23172E4	7.21279E4	6.27838E4	7.31481E4	1.15764E5
530	2.19453E6	4.12543E5	4.20694E6	1.31878E6	2.39405E5	1.99506E5	1.70414E5	1.50551E5	1.3826E5	1.34518E5	1.31168E5	1.28355E5	1.26995E5	1.24995E5	1.12776E5	1.02959E5	9.06897E4	7.96633E4	7.05281E4	6.06353E4	6.08382E4	1.31455E5
532	1.76865E6	4.41916E5	1.93769E6	2.98082E6	2.38694E5	1.94271E5	1.6431E5	1.45656E5	1.36391E5	1.30634E5	1.26999E5	1.25112E5	1.22019E5	1.21011E5	1.11467E5	9.95473E4	8.90888E4	7.80631E4	6.7722E4	5.97683E4	5.36034E4	1.37637E5
534	1.30787E6	5.35975E5	7.73294E5	5.53203E6	2.34291E5	1.87902E5	1.5838E5	1.46485E5	1.32194E5	1.27087E5	1.24415E5	1.20105E5	1.20613E5	1.18019E5	1.06822E5	9.91878E4	8.68434E4	7.67031E4	6.77694E4	5.82082E4	5.12747E4	1.33357E5
536	8.4929E5	7.09699E5	4.49346E5	8.59435E6	2.27115E5	1.836E5	1.57087E5	1.39864E5	1.31413E5	1.25316E5	1.22172E5	1.16592E5	1.16968E5	1.14648E5	1.04671E5	9.5931E4	8.55298E4	7.54063E4	6.71685E4	5.74381E4	4.93126E4	1.16267E5
538	5.97427E5	1.01311E6	3.85019E5	1.15419E7	2.24927E5	1.82645E5	1.51821E5	1.35722E5	1.27041E5	1.20761E5	1.18345E5	1.14017E5	1.14839E5	1.14996E5	1.02251E5	9.3214E4	8.09886E4	7.43706E4	6.42259E4	5.53473E4	4.82663E4	9.54138E4
540	4.3552E5	1.36807E6	3.71858E5	1.36388E7	2.2516E5	1.79331E5	1.49239E5	1.34459E5	1.21287E5	1.16864E5	1.15053E5	1.12208E5	1.08335E5	1.09139E5	1.01094E5	9.09724E4	8.08577E4	7.28298E4	6.32337E4	5.42807E4	4.85018E4	7.32946E4
542	3.80649E5	1.83447E6	3.48151E5	1.40078E7	2.18611E5	1.7085E5	1.48281E5	1.30293E5	1.20338E5	1.17449E5	1.13571E5	1.10997E5	1.07646E5	1.05004E5	9.57189E4	8.79519E4	7.89402E4	7.02703E4	6.19334E4	5.31204E4	4.73789E4	5.70791E4
544	3.47337E5	2.26443E6	3.48768E5	1.26344E7	2.25E5	1.69458E5	1.42683E5	1.29038E5	1.1686E5	1.13116E5	1.09423E5	1.06344E5	1.04248E5	1.04254E5	9.33215E4	8.41292E4	7.57856E4	6.90561E4	6.13382E4	5.26253E4	4.39993E4	4.75968E4
546	3.16873E5	2.59626E6	3.37515E5	9.91456E6	2.53921E5	1.67719E5	1.42313E5	1.25691E5	1.14769E5	1.10924E5	1.03799E5	1.04498E5	1.01912E5	1.01108E5	9.18187E4	8.30428E4	7.50661E4	6.93061E4	6.01925E4	5.24409E4	4.48082E4	4.17834E4
548	2.90419E5	2.76258E6	3.2446E5	6.77975E6	5.2949E5	1.63117E5	1.36203E5	1.22246E5	1.12596E5	1.06084E5	1.0335E5	9.88608E4	9.80427E4	9.74332E4	8.94047E4	8.21611E4	7.39795E4	6.70395E4	5.89281E4	4.98166E4	4.39776E4	3.91248E4
550	2.9158E5	2.76548E6	2.9459E5	3.848E6	1.3728E6	1.62818E5	1.33103E5	1.17303E5	1.08468E5	1.04091E5	9.99948E4	9.7053E4	9.60586E4	9.55935E4	8.89224E4	7.85176E4	7.11922E4	6.52343E4	5.5855E4	4.98069E4	4.33328E4	3.83712E4
552	2.69778E5	2.49324E6	3.09299E5	1.74835E6	3.13041E6	1.59084E5	1.35056E5	1.15833E5	1.05326E5	1.00424E5	9.67559E4	9.39657E4	9.2607E4	9.43008E4	8.55312E4	7.62355E4	7.01719E4	6.33354E4	5.45326E4	4.8369E4	4.18741E4	3.73014E4
554	2.57838E5	2.13606E6	3.17441E5	6.86197E5	5.63165E6	1.54442E5	1.2783E5	1.13563E5	1.03735E5	9.7614E4	9.40673E4	9.26756E4	9.09704E4	9.04364E4	8.37658E4	7.26243E4	6.82263E4	6.16431E4	5.40007E4	4.84976E4	4.15397E4	3.55828E4
556	2.77925E5	1.65383E6	3.64096E5	3.74225E5	8.611E6	1.55063E5	1.25607E5	1.12318E5	9.95877E4	9.61538E4	9.18747E4	8.81175E4	8.74233E4	8.90573E4	7.92878E4	7.32211E4	6.5391E4	5.95522E4	5.32299E4	4.86397E4	3.94107E4	3.49589E4
558	2.42808E5	1.17602E6	4.96333E5	3.20734E5	1.12736E7	1.50784E5	1.21873E5	1.10131E5	9.71324E4	9.2602E4	8.92436E4	8.81347E4	8.48036E4	8.55263E4	7.85285E4	7.08689E4	6.49409E4	5.77229E4	5.19108E4	4.55026E4	3.84079E4	3.36944E4
560	2.83791E5	7.81875E5	7.16581E5	2.9061E5	1.30754E7	1.5112E5	1.21052E5	1.06403E5	9.7013E4	9.17469E4	8.87624E4	8.39246E4	8.32169E4	8.19217E4	7.61057E4	6.78368E4	6.27021E4	5.52941E4	5.04423E4	4.39668E4	3.81312E4	3.34972E4
562	2.76672E5	4.86516E5	1.01148E6	2.84468E5	1.34338E7	1.50979E5	1.17601E5	1.03182E5	9.35357E4	8.95495E4	8.5018E4	8.06871E4	8.07847E4	8.05985E4	7.55336E4	6.67231E4	5.98676E4	5.50051E4	4.90976E4	4.37903E4	3.92238E4	3.29065E4
564	2.53038E5	3.43318E5	1.40861E6	2.71784E5	1.17876E7	1.50123E5	1.15746E5	1.01432E5	9.29148E4	8.59633E4	8.39166E4	7.9723E4	7.92181E4	7.91752E4	7.03768E4	6.46306E4	5.75752E4	5.32307E4	4.72671E4	4.1072E4	3.5598E4	3.13614E4
566	2.5267E5	2.82939E5	1.81038E6	2.6384E5	9.20583E6	1.90083E5	1.1261E5	9.86228E4	9.01997E4	8.70855E4	8.05106E4	7.80606E4	7.61018E4	7.57993E4	6.89079E4	6.31718E4	5.64543E4	5.25862E4	4.68071E4	4.1556E4	3.60663E4	3.1008E4
568	2.206E5	2.49426E5	2.21355E6	2.56315E5	6.1568E6	4.65855E5	1.09367E5	9.20985E4	8.64612E4	8.23935E4	7.78631E4	7.36055E4	7.35333E4	7.27075E4	6.78112E4	6.15748E4	5.55153E4	5.03475E4	4.65474E4	4.11223E4	3.51046E4	3.09792E4
570	2.33224E5	2.36135E5	2.51279E6	2.41354E5	3.37603E6	1.35759E6	1.10989E5	9.43053E4	8.65411E4	8.15057E4	7.43436E4	7.16584E4	7.23472E4	7.11803E4	6.55313E4	5.88306E4	5.38985E4	4.85322E4	4.49279E4	3.89308E4	3.26171E4	2.96161E4
572	2.25607E5	2.11463E5	2.62063E6	2.44957E5	1.47174E6	3.11043E6	1.08118E5	9.30617E4	8.38416E4	7.72191E4	7.26519E4	7.10258E4	6.83845E4	6.80251E4	6.23117E4	5.75449E4	5.31258E4	4.78262E4	4.31643E4	3.75641E4	3.23681E4	2.88418E4
574	2.29362E5	2.19888E5	2.49597E6	2.34586E5	5.51979E5	5.59622E6	1.05188E5	8.66086E4	8.05362E4	7.28615E4	7.19238E4	6.8846E4	6.70822E4	6.55015E4	6.1818E4	5.59978E4	4.98115E4	4.69937E4	4.18613E4	3.83038E4	3.2712E4	2.78043E4
576	2.24688E5	2.09835E5	2.22341E6	2.38055E5	2.98969E5	8.45926E6	1.0496E5	8.78861E4	7.88384E4	7.65765E4	6.73603E4	6.66823E4	6.5597E4	6.52863E4	5.90312E4	5.51151E4	4.98779E4	4.58406E4	4.10649E4	3.57942E4	3.20903E4	2.78063E4
578	2.0373E5	1.87349E5	1.83145E6	2.56491E5	2.59582E5	1.11778E7	1.04054E5	8.29447E4	7.75596E4	7.27815E4	6.62924E4	6.53639E4	6.30503E4	6.27015E4	5.68537E4	5.27709E4	4.83998E4	4.35408E4	3.90332E4	3.53719E4	3.06296E4	2.65856E4
580	2.17177E5	2.04301E5	1.3976E6	3.22217E5	2.40217E5	1.29815E7	1.04013E5	8.41517E4	7.17379E4	7.04168E4	6.46266E4	6.36268E4	6.08931E4	6.13408E4	5.54874E4	5.04859E4	4.68154E4	4.22551E4	3.82434E4	3.49178E4	2.9785E4	2.59386E4
582	2.09243E5	1.68554E5	9.8247E5	4.42703E5	2.31813E5	1.29413E7	1.0255E5	7.78012E4	7.20996E4	6.65872E4	6.42072E4	6.11287E4	6.04049E4	5.80223E4	5.45544E4	4.90271E4	4.53167E4	4.14323E4	3.67976E4	3.38157E4	2.9341E4	2.59833E4
584	2.08838E5	1.85396E5	6.46957E5	6.33729E5	2.30159E5	1.12211E7	1.05446E5	7.94886E4	7.25552E4	6.56511E4	5.87723E4	5.88742E4	5.83418E4	5.80527E4	5.15805E4	4.66289E4	4.3282E4	3.99547E4	3.60623E4	3.2687E4	2.78885E4	2.47276E4
586	2.04103E5	1.90873E5	4.19109E5	9.30868E5	2.21733E5	8.54732E6	1.37497E5	7.91806E4	6.99943E4	6.42916E4	5.91167E4	5.72584E4	5.48408E4	5.48434E4	5.22772E4	4.67209E4	4.3138E4	3.91525E4	3.51176E4	3.09446E4	2.71616E4	2.40852E4
588	1.79245E5	1.79553E5	2.83454E5	1.28821E6	2.22581E5	5.59078E6	3.95008E5	7.44361E4	6.65553E4	6.1778E4	5.82418E4	5.56576E4	5.43151E4	5.33711E4	4.9304E4	4.38992E4	4.084E4	3.69571E4	3.45643E4	3.05296E4	2.73228E4	2.24364E4
590	1.98298E5	1.73529E5	2.289E5	1.70478E6	2.14337E5	2.90668E6	1.29799E6	7.50325E4	6.39217E4	6.02088E4	5.34882E4	5.50167E4	5.31265E4	5.09491E4	4.67042E4	4.26765E4	3.89775E4	3.7368E4	3.29427E4	2.90532E4	2.62569E4	2.28242E4
592	1.92245E5	1.77504E5	2.02445E5	2.04077E6	2.18341E5	1.18343E6	3.04678E6	7.34632E4	6.41225E4	5.99531E4	5.57035E4	5.20451E4	5.16087E4	5.04102E4	4.54906E4	4.2291E4	3.87628E4	3.49298E4	3.26039E4	2.90187E4	2.60185E4	2.3197E4
594	1.9889E5	1.7239E5	1.91638E5	2.25478E6	2.07202E5	4.21357E5	5.52306E6	7.35597E4	6.009E4	5.75724E4	5.20217E4	4.98689E4	5.02076E4	4.80909E4	4.46715E4	4.00258E4	3.628E4	3.52126E4	3.05058E4	2.86641E4	2.37951E4	2.17632E4
596	1.90064E5	1.71308E5	1.84605E5	2.31456E6	2.08171E5	2.36121E5	8.18102E6	7.36708E4	5.93563E4	5.65875E4	5.13453E4	5.02536E4	4.88225E4	4.70868E4	4.4714E4	3.96516E4	3.57943E4	3.28442E4	3.05057E4	2.74403E4	2.36414E4	1.9002E4
598	1.89484E5	1.84014E5	1.77439E5	2.1882E6	2.14065E5	2.15668E5	1.05965E7	7.09183E4	5.8335E4	5.59204E4	5.20701E4	4.72485E4	4.76786E4	4.52559E4	4.28621E4	3.8398E4	3.59623E4	3.23718E4	2.90026E4	2.61952E4	2.34419E4	2.05323E4
600	2.13455E5	1.57209E5	1.78278E5	1.95973E6	2.12798E5	1.93531E5	1.18826E7	7.10923E4	5.88943E4	5.67079E4	4.96897E4	4.68988E4	4.45406E4	4.35526E4	4.12811E4	3.766E4	3.49218E4	3.23407E4	2.82544E4	2.51304E4	2.193E4	2.03617E4
