300	2.59274E5	1.82666E5	2.56146E5	2.72437E6	4.12186E5	3.04351E5	2.48068E7	9.86681E4	1.47352E4	9519.05761	6799.10496	6343.85916	3943.08805	4123.40482	2781.91239	2292.01644	2601.15351	2237.23379	1774.15818	1445.93879	1716.39774	1755.68302
302	2.83598E5	1.89802E5	2.49668E5	1.82655E6	7.32113E5	2.23778E5	2.15928E7	1.15048E6	1.68552E4	9342.5029	6633.05647	5648.9732	3558.63192	3835.90612	3520.38624	2592.19754	2250.91398	2106.24332	2026.31693	1755.65261	1690.31149	1417.95167
304	3.0206E5	1.95241E5	2.66527E5	1.05991E6	1.30686E6	2.1979E5	1.37484E7	4.90958E6	1.90602E4	1.081E4	6903.08897	6138.87381	4200.14706	3614.38802	2662.54225	2306.56195	2626.99169	2005.87511	1916.86083	1647.8615	1507.85664	1657.69583
306	2.9769E5	1.99125E5	2.6632E5	6.13512E5	2.05725E6	2.26969E5	6.03703E6	1.24882E7	2.38835E4	1.09651E4	6923.44208	6049.28353	4387.49203	3859.48512	2883.23897	2881.78384	2385.20259	2104.53066	1505.23245	1882.15227	1552.71908	1774.76643
308	3.44866E5	2.07077E5	2.79618E5	4.24981E5	2.7452E6	2.30748E5	1.54323E6	2.10418E7	3.50042E4	1.0088E4	8113.03608	6414.32209	4277.67425	4031.66255	3399.90028	2471.51402	2302.34391	1881.55153	1854.53273	1869.94913	1665.76226	1673.67202
310	2.98385E5	2.26981E5	2.78481E5	3.64816E5	2.93803E6	2.57147E5	2.59605E5	2.48748E7	9.1697E4	1.24763E4	7548.22832	6405.18725	4560.11745	4018.80441	3138.29328	2555.85206	2188.9297	2107.80575	1923.35234	1803.04737	1434.29454	1595.32991
312	3.15142E5	2.1888E5	2.90301E5	3.60401E5	2.50564E6	3.4753E5	1.58057E5	2.20675E7	1.06721E6	1.50594E4	8179.29537	6425.72859	4031.75264	3788.01203	2726.66326	2487.98227	2238.33297	1912.85748	1687.57372	1661.848	1904.47652	1511.70852
314	3.26116E5	2.5416E5	3.063E5	3.61294E5	1.75831E6	6.12237E5	1.46229E5	1.35335E7	5.11878E6	1.60178E4	8798.20927	7683.59557	5493.93678	3944.09431	2799.7832	2403.79814	1990.05727	1696.91857	1675.09695	1817.61504	1765.44534	1278.48822
316	3.63571E5	2.4891E5	3.19818E5	3.73177E5	1.0726E6	1.10476E6	1.41949E5	5.45193E6	1.24642E7	2.14197E4	9376.57144	7473.6612	4798.34579	3788.15987	2943.67839	2215.85372	2192.59307	1820.67873	2274.48672	1682.84371	1704.53544	1570.71228
318	3.86318E5	2.63245E5	3.19885E5	3.74976E5	6.68914E5	1.73544E6	1.47235E5	1.31275E6	1.96991E7	2.89931E4	9831.08491	7492.23855	5120.81163	4627.57038	3019.40921	2481.39718	2333.83875	2185.67397	1489.70162	1809.24652	1333.21339	1417.86545
320	3.74407E5	2.81706E5	3.4037E5	4.01365E5	5.00559E5	2.30447E6	1.56908E5	2.06024E5	2.24476E7	8.2884E4	1.18425E4	8037.67509	5477.77637	3701.00191	3309.16251	2377.48551	2168.47244	1622.58898	1630.93906	1601.63232	1260.16846	1650.58388
322	3.95787E5	2.94055E5	3.45995E5	4.14537E5	4.73427E5	2.43364E6	1.7621E5	1.29473E5	1.88902E7	9.11085E5	1.26183E4	8673.18929	5530.33255	4673.46236	3084.24782	2553.77896	2155.08352	2065.74145	1651.04264	1624.13433	1541.42129	1388.21568
324	4.1896E5	2.92483E5	3.51018E5	4.16475E5	4.56783E5	2.10713E6	2.4541E5	1.24075E5	1.14732E7	4.14285E6	1.44688E4	8624.7289	5567.90404	3805.20264	2425.3387	2323.25782	2034.03959	1959.6653	1508.84057	1646.19098	1374.10754	1547.75763
326	4.33896E5	3.13056E5	3.68966E5	4.31984E5	4.67221E5	1.53623E6	4.29369E5	1.27353E5	4.73639E6	1.01299E7	1.86441E4	9082.93087	5919.71399	4511.28778	3093.89628	2212.48815	1982.46247	1955.03078	1467.97788	1556.05531	1490.76385	1247.86367
328	4.84738E5	3.39465E5	3.72965E5	4.41631E5	4.84475E5	1.02126E6	7.97891E5	1.31511E5	1.23241E6	1.62971E7	2.7136E4	1.02012E4	5026.7476	4562.02918	3265.83721	2575.72723	2206.56004	2031.52372	1826.96764	1602.13417	1419.07063	1427.21796
330	5.86966E5	3.39581E5	3.89352E5	4.59246E5	4.92481E5	6.50118E5	1.33749E6	1.42202E5	2.01698E5	1.93291E7	6.87407E4	1.22476E4	6079.61638	4351.29008	2901.29715	2416.03664	2078.08915	1705.06483	1579.05245	1408.82886	1341.7678	1427.30569
332	6.04892E5	3.76937E5	4.09263E5	4.72587E5	5.02387E5	4.95194E5	1.79157E6	1.49519E5	1.33022E5	1.68672E7	7.19028E5	1.2922E4	5556.86232	4783.80234	3358.98069	2284.86795	2244.50275	1869.49483	1340.39564	1484.67513	1469.76882	1193.35501
334	6.52736E5	4.13015E5	4.19927E5	4.76264E5	5.10437E5	4.48482E5	2.00718E6	1.72308E5	1.28683E5	1.08057E7	3.31777E6	1.50763E4	5787.63099	4453.6474	2903.83178	2383.43131	1988.14929	1849.15903	1530.13787	1195.65079	1309.16148	1230.47139
336	7.1775E5	4.22471E5	4.41471E5	4.85452E5	5.36099E5	4.49571E5	1.85526E6	2.26457E5	1.28528E5	4.61181E6	8.58816E6	1.89884E4	7038.34721	5094.48629	3176.0704	2715.41148	1975.62944	1712.02948	1492.8755	1517.32977	1418.62294	1467.17981
338	7.66218E5	4.43002E5	4.48372E5	4.91187E5	5.33165E5	4.56892E5	1.45251E6	3.55912E5	1.35405E5	1.24005E6	1.3952E7	2.90588E4	7240.81594	4633.76923	3593.52829	2671.88367	2165.27522	1836.1783	1316.48464	1606.54194	1367.32577	1232.59771
340	7.94385E5	4.53664E5	4.59079E5	5.05767E5	5.4612E5	4.72858E5	9.75751E5	6.25713E5	1.41203E5	2.04378E5	1.66237E7	6.88192E4	7478.56409	4894.30079	3274.28773	2352.53528	1923.61768	1783.89529	1505.08912	1415.71515	1352.07711	1053.67681
342	8.35896E5	4.59008E5	4.66147E5	4.98861E5	5.40586E5	4.73115E5	6.28899E5	9.95205E5	1.47937E5	1.24812E5	1.45887E7	7.92649E5	9265.05818	4756.35902	3695.79929	2372.54057	2134.5067	1698.26822	1359.52324	1218.50223	1337.4514	1361.93277
344	8.30029E5	4.80321E5	4.5894E5	5.0036E5	5.44878E5	4.81536E5	4.45138E5	1.41869E6	1.57876E5	1.1766E5	9.12676E6	4.63629E6	1.06322E4	5258.97236	3806.19562	2528.4368	2232.08588	1860.62917	1552.62657	1315.22204	1121.03286	1397.81387
346	8.89327E5	5.00458E5	4.55617E5	5.04225E5	5.40774E5	4.93836E5	3.89318E5	1.64214E6	1.7697E5	1.18637E5	3.8692E6	1.08618E7	1.43463E4	5346.80716	3696.26058	2577.48027	1998.45413	1680.70943	1374.54157	1115.45296	1119.74757	1015.19504
348	8.87153E5	5.14884E5	4.72487E5	5.05413E5	5.46106E5	4.98226E5	3.91133E5	1.58366E6	2.13511E5	1.28458E5	9.49216E5	1.62626E7	2.05708E4	6342.21874	3893.74564	2510.20491	1998.43757	1689.29897	1458.82907	1541.58948	1253.26695	1187.92778
350	9.10513E5	5.39766E5	4.86217E5	5.06109E5	5.42964E5	5.07473E5	3.98575E5	1.30246E6	3.08239E5	1.42126E5	1.65286E5	1.73355E7	4.27864E4	6668.2258	3610.06669	2928.22394	2048.787	1705.61025	1525.27055	1154.3814	1120.05804	1397.56855
352	9.75408E5	5.56008E5	4.92757E5	5.12514E5	5.42291E5	5.04948E5	4.06041E5	9.08223E5	5.02001E5	1.48076E5	1.06792E5	1.40415E7	5.01125E5	7377.73038	4034.25567	3059.13944	2045.73045	1815.25582	1310.83303	1341.28853	1257.97688	1159.96753
354	9.15694E5	5.80278E5	5.06045E5	5.15316E5	5.4257E5	5.10513E5	4.1995E5	6.13423E5	7.76765E5	1.6415E5	1.0282E5	8.49238E6	2.46427E6	9246.13983	4313.17667	2740.83106	2175.88921	1620.8181	1534.36859	1221.07286	979.65205	1003.51003
356	9.29898E5	5.82385E5	5.18137E5	5.16315E5	5.50019E5	5.21416E5	4.30301E5	4.46128E5	1.09414E6	1.73841E5	1.06793E5	3.43856E6	6.65115E6	1.11244E4	4439.19935	2522.23967	2347.65029	1662.65531	1461.26	1254.89621	1169.12511	1291.94729
358	9.33308E5	6.11149E5	5.24211E5	5.17401E5	5.46201E5	5.25435E5	4.38326E5	3.89346E5	1.31003E6	1.88378E5	1.1538E5	9.24992E5	1.10535E7	1.72417E4	4898.39668	2939.7471	2212.40366	1808.20074	1545.84302	1157.02918	1184.61824	1157.83148
360	9.75855E5	6.22371E5	5.41274E5	5.21428E5	5.4672E5	5.31374E5	4.55112E5	3.81612E5	1.33096E6	2.17396E5	1.27993E5	1.6272E5	1.32342E7	3.64702E4	5450.3889	3148.7353	2718.36228	1571.05009	1407.03228	1293.44924	1359.57341	1016.90191
362	1.00561E6	6.36723E5	5.49697E5	5.24343E5	5.48518E5	5.37356E5	4.5931E5	3.90214E5	1.17086E6	2.75121E5	1.36554E5	1.03978E5	1.20443E7	4.01336E5	6733.77706	3296.92194	2503.17532	1687.87489	1442.66331	1299.08385	1212.25819	1102.52075
364	9.96055E5	6.67286E5	5.64806E5	5.28101E5	5.53478E5	5.47335E5	4.73833E5	4.05877E5	8.92237E5	3.99931E5	1.49289E5	9.70388E4	8.1202E6	2.07721E6	7950.33855	3432.23472	2329.83491	1658.86106	1412.978	1362.00094	1410.48233	1084.32999
366	1.02023E6	6.85379E5	5.6294E5	5.4269E5	5.53558E5	5.45341E5	4.94768E5	4.23033E5	6.35211E5	6.05127E5	1.6328E5	1.01861E5	3.51625E6	5.83257E6	1.01908E4	3621.62304	2666.01384	2016.70085	1524.49126	1260.33453	1068.54877	994.93037
368	9.98495E5	7.12384E5	5.94575E5	5.4702E5	5.53552E5	5.51675E5	5.06854E5	4.4058E5	4.84318E5	8.55353E5	1.77446E5	1.11008E5	9.42647E5	9.78064E6	1.56623E4	4181.58297	2542.81415	2158.20315	1411.27046	1264.77143	1105.92276	958.13057
370	1.04162E6	7.51696E5	6.09969E5	5.54886E5	5.63615E5	5.6295E5	5.18783E5	4.5201E5	4.21984E5	1.07525E6	1.92223E5	1.19955E5	1.4415E5	1.14518E7	3.61096E4	4296.11166	2800.89362	2080.58636	1545.1679	1215.73863	1244.5453	1038.3136
372	1.04127E6	7.60088E5	6.27852E5	5.59884E5	5.71185E5	5.74266E5	5.34371E5	4.70411E5	4.08061E5	1.15085E6	2.16683E5	1.32485E5	8.87987E4	1.01402E7	4.40325E5	5506.5171	2746.92791	2102.02971	1400.32595	1269.58785	1080.40987	976.20648
374	1.06251E6	7.71133E5	6.41983E5	5.72368E5	5.62744E5	5.84189E5	5.45195E5	4.85965E5	4.19461E5	1.05352E6	2.6243E5	1.42009E5	8.63596E4	6.66073E6	2.2417E6	6627.55536	2947.31934	2050.48808	1605.7868	1543.50309	1090.98388	1180.27434
376	1.10347E6	8.11415E5	6.47401E5	5.79812E5	5.75589E5	5.79669E5	5.63385E5	5.01668E5	4.26278E5	8.73344E5	3.51291E5	1.52949E5	8.94658E4	2.8242E6	5.58886E6	8695.39613	3444.75944	2289.97585	1545.08222	1429.28956	1213.26489	1125.37641
378	1.08763E6	8.30977E5	6.81883E5	5.96303E5	5.84354E5	5.96683E5	5.68913E5	5.2177E5	4.46315E5	6.64285E5	5.05987E5	1.66345E5	9.60807E4	7.05383E5	8.8261E6	1.33226E4	3534.01375	2211.88658	1936.09272	1384.31691	1215.93397	1076.24958
380	1.07924E6	8.50402E5	6.95551E5	6.04562E5	5.97234E5	5.92102E5	5.83234E5	5.3723E5	4.66425E5	5.18227E5	6.95895E5	1.79834E5	1.06672E5	1.21454E5	1.00296E7	2.98282E4	4250.82361	2300.92196	1871.60416	1514.75186	1257.92054	1066.46367
382	1.13999E6	8.90719E5	7.21844E5	6.22147E5	6.03135E5	6.1346E5	6.02171E5	5.55712E5	4.83311E5	4.55159E5	8.82063E5	1.98281E5	1.19039E5	8.33401E4	8.94732E6	3.36386E5	5055.07056	2470.36676	1811.43841	1428.74481	1253.97883	1005.5922
384	1.15169E6	9.11896E5	7.48347E5	6.36468E5	6.19005E5	6.28146E5	6.20993E5	5.70859E5	4.97871E5	4.37133E5	9.86091E5	2.17375E5	1.28595E5	8.05966E4	5.87404E6	1.69572E6	6411.30997	2682.56224	1932.64155	1472.47016	1376.61774	1111.89386
386	1.15227E6	9.3802E5	7.66105E5	6.5488E5	6.36434E5	6.39655E5	6.37098E5	5.94272E5	5.14955E5	4.41564E5	9.75066E5	2.49191E5	1.40016E5	8.41041E4	2.54684E6	4.58254E6	8445.06133	2895.63201	1951.23826	2023.67361	1169.41481	1215.33964
388	1.23172E6	9.77568E5	7.99476E5	6.62989E5	6.40205E5	6.46918E5	6.52001E5	6.13134E5	5.35469E5	4.52486E5	8.57382E5	3.09203E5	1.54606E5	9.09653E4	6.85851E5	7.68803E6	1.26759E4	3365.74641	2119.36989	1741.66118	1281.67169	1163.73274
390	1.21993E6	9.88051E5	8.0927E5	6.80155E5	6.5345E5	6.63036E5	6.65272E5	6.32996E5	5.56338E5	4.68776E5	7.00602E5	4.16357E5	1.66822E5	1.00418E5	1.17236E5	9.35099E6	2.80068E4	4048.93576	2074.16488	2038.06763	1355.38534	1163.13608
392	1.2574E6	1.03416E6	8.38618E5	6.93414E5	6.60521E5	6.78022E5	6.78539E5	6.39537E5	5.6821E5	4.82899E5	5.52458E5	5.699E5	1.81734E5	1.1264E5	7.75134E4	8.56719E6	3.4728E5	4831.08817	2065.47184	2102.72102	1527.12676	1324.9655
394	1.31935E6	1.05224E6	8.58474E5	7.14402E5	6.74511E5	6.83045E5	6.89623E5	6.57844E5	5.83737E5	5.00788E5	4.7825E5	7.33041E5	1.96721E5	1.24334E5	7.43595E4	5.89753E6	1.67381E6	5783.29756	2490.91891	1992.65685	1644.56192	1348.72403
396	1.29104E6	1.07686E6	8.83705E5	7.32341E5	6.93228E5	7.03144E5	7.0221E5	6.72965E5	6.03763E5	5.18861E5	4.47528E5	8.60566E5	2.15E5	1.35579E5	7.8471E4	2.60783E6	4.47904E6	8367.44965	2928.21748	1985.55608	1661.30259	1243.87832
398	1.35982E6	1.10748E6	9.01457E5	7.45713E5	7.03797E5	7.17425E5	7.17468E5	6.86814E5	6.17469E5	5.34713E5	4.51257E5	8.91811E5	2.39736E5	1.4857E5	8.17147E4	7.24553E5	7.32408E6	1.23506E4	3029.65652	2026.19384	1595.51772	1172.54475
400	1.36431E6	1.14611E6	9.50519E5	7.73813E5	7.22806E5	7.30327E5	7.33353E5	6.97488E5	6.2849E5	5.49007E5	4.59674E5	8.32266E5	2.84118E5	1.64495E5	9.16651E4	1.20654E5	8.6042E6	2.42484E4	3587.14695	2534.65596	1721.82058	1301.83129
402	1.35881E6	1.15988E6	9.57898E5	7.93929E5	7.40205E5	7.33654E5	7.46264E5	7.14468E5	6.4597E5	5.64974E5	4.77453E5	7.0734E5	3.53631E5	1.76267E5	9.93762E4	6.99647E4	7.73789E6	2.96961E5	4329.05411	2320.99489	1750.77586	1213.67616
404	1.43325E6	1.19447E6	9.82836E5	8.15813E5	7.51825E5	7.50312E5	7.52548E5	7.21077E5	6.62062E5	5.80942E5	4.90614E5	5.83514E5	4.67206E5	1.89723E5	1.12714E5	6.71229E4	5.01625E6	1.58287E6	5282.79318	2539.59993	1715.39389	1568.09451
406	1.455E6	1.20262E6	1.00538E6	8.30553E5	7.54042E5	7.59337E5	7.56497E5	7.36577E5	6.76002E5	5.92399E5	5.04044E5	4.99163E5	6.02472E5	2.06128E5	1.22099E5	6.96464E4	2.20699E6	4.10874E6	6792.9375	2979.14251	1737.98799	1604.68061
408	1.44718E6	1.22895E6	1.03056E6	8.50859E5	7.74608E5	7.7348E5	7.6687E5	7.50284E5	6.83069E5	6.13052E5	5.2058E5	4.58658E5	7.30821E5	2.20042E5	1.30015E5	7.31172E4	5.48044E5	6.75746E6	1.03521E4	2990.78112	1999.71775	1572.99148
410	1.4575E6	1.27058E6	1.04272E6	8.65991E5	7.84079E5	7.75576E5	7.71154E5	7.54313E5	6.96042E5	6.24533E5	5.38224E5	4.52183E5	7.99989E5	2.38745E5	1.42183E5	7.89587E4	9.0776E4	7.95731E6	2.06847E4	3633.03076	1960.11766	1751.29629
412	1.50149E6	1.31358E6	1.08806E6	8.94102E5	7.94559E5	7.85506E5	7.79622E5	7.63221E5	7.06717E5	6.33548E5	5.45501E5	4.616E5	7.96731E5	2.70651E5	1.51067E5	8.62382E4	6.25134E4	7.14565E6	2.22281E5	4275.53998	2097.80821	1523.46895
414	1.46433E6	1.29225E6	1.10262E6	9.02514E5	7.97765E5	7.93509E5	7.87774E5	7.69017E5	7.13018E5	6.46216E5	5.59816E5	4.67861E5	7.24534E5	3.17973E5	1.64523E5	9.54492E4	6.09785E4	4.84421E6	1.16956E6	5008.9795	2352.66432	1419.71098
416	1.51959E6	1.31843E6	1.12202E6	9.23902E5	8.13876E5	7.99079E5	7.97965E5	7.73788E5	7.23392E5	6.55229E5	5.72818E5	4.77965E5	6.19489E5	3.97555E5	1.75028E5	1.03611E5	6.21384E4	2.09543E6	3.37241E6	7098.43718	2471.76052	1515.44789
418	1.52685E6	1.34821E6	1.12747E6	9.31016E5	8.27652E5	7.98381E5	7.97784E5	7.80162E5	7.28252E5	6.63245E5	5.8627E5	4.90396E5	5.23606E5	5.04324E5	1.8702E5	1.11358E5	6.51613E4	5.28435E5	6.15567E6	1.04903E4	2843.18605	1763.68418
420	1.53792E6	1.35455E6	1.15332E6	9.52254E5	8.41093E5	8.03752E5	7.98331E5	7.84807E5	7.33441E5	6.7082E5	5.96011E5	5.05568E5	4.69642E5	6.17206E5	2.00525E5	1.20774E5	7.02373E4	8.56114E4	7.73304E6	2.18259E4	3392.91777	1762.92761
422	1.54557E6	1.39183E6	1.17537E6	9.65851E5	8.42293E5	8.06541E5	8.05423E5	7.89794E5	7.37335E5	6.80847E5	6.05327E5	5.16812E5	4.46896E5	7.08538E5	2.13475E5	1.30417E5	7.72746E4	5.56464E4	7.0816E6	2.65395E5	3637.91536	1955.21371
424	1.56266E6	1.3801E6	1.18286E6	9.71258E5	8.4927E5	8.12401E5	7.92411E5	7.87013E5	7.44408E5	6.81601E5	6.15046E5	5.29131E5	4.45031E5	7.3743E5	2.34581E5	1.3921E5	8.45365E4	5.37289E4	4.81214E6	1.34487E6	4797.40806	2242.71121
426	1.59969E6	1.39997E6	1.20471E6	9.88502E5	8.5799E5	8.13281E5	8.04764E5	7.90151E5	7.48401E5	6.88755E5	6.2174E5	5.40697E5	4.49363E5	6.94327E5	2.67032E5	1.49196E5	9.27174E4	5.49804E4	2.00789E6	3.752E6	6589.13969	2461.64019
428	1.59893E6	1.41352E6	1.21911E6	1.00724E6	8.56645E5	8.14458E5	8.07376E5	7.83999E5	7.47584E5	6.94642E5	6.28605E5	5.47271E5	4.58158E5	6.22651E5	3.202E5	1.60606E5	9.99132E4	5.74561E4	4.8965E5	6.29516E6	1.01583E4	2598.62193
430	1.55775E6	1.40559E6	1.22014E6	1.01292E6	8.7982E5	8.17436E5	7.97545E5	7.82152E5	7.49175E5	6.9772E5	6.35973E5	5.55426E5	4.67362E5	5.24872E5	3.96566E5	1.68514E5	1.06961E5	6.14536E4	7.63644E4	7.36478E6	2.1151E4	3132.5671
432	1.55308E6	1.43117E6	1.23919E6	1.02517E6	8.77739E5	8.21712E5	7.95915E5	7.81622E5	7.51111E5	7.04565E5	6.44138E5	5.66642E5	4.81116E5	4.64843E5	4.86064E5	1.77216E5	1.14558E5	6.59432E4	5.05074E4	6.49909E6	2.62801E5	3828.95728
434	1.52662E6	1.454E6	1.25701E6	1.04907E6	8.87783E5	8.26364E5	7.96556E5	7.83034E5	7.50054E5	7.04103E5	6.5283E5	5.77387E5	4.85605E5	4.32414E5	5.68283E5	1.90304E5	1.22704E5	7.4174E4	4.99916E4	4.10652E6	1.3251E6	4521.0143
436	1.55153E6	1.42321E6	1.27121E6	1.0535E6	8.92944E5	8.17043E5	7.97021E5	7.82624E5	7.49631E5	7.0651E5	6.54704E5	5.77395E5	4.99205E5	4.24985E5	6.17513E5	2.04009E5	1.29745E5	8.02637E4	5.05901E4	1.72897E6	3.37963E6	6076.79237
438	1.57114E6	1.43325E6	1.28058E6	1.0527E6	8.96469E5	8.26913E5	7.93194E5	7.78155E5	7.47769E5	7.08755E5	6.54747E5	5.85356E5	5.07647E5	4.25323E5	6.17369E5	2.24045E5	1.39673E5	8.80822E4	5.34735E4	4.26138E5	5.70115E6	8636.75467
440	1.54192E6	1.44566E6	1.26722E6	1.06962E6	9.0324E5	8.12569E5	7.86121E5	7.68207E5	7.46191E5	7.09744E5	6.5348E5	5.81865E5	5.15618E5	4.30313E5	5.69913E5	2.52403E5	1.46784E5	9.3809E4	5.69724E4	6.83754E4	6.8058E6	1.64386E4
442	1.53114E6	1.44581E6	1.2661E6	1.07481E6	8.98195E5	8.20388E5	7.77484E5	7.68161E5	7.34487E5	7.01781E5	6.63322E5	5.92041E5	5.16877E5	4.39835E5	5.03551E5	3.00365E5	1.55658E5	1.00035E5	6.09518E4	4.74164E4	5.98256E6	1.55644E5
444	1.55148E6	1.44251E6	1.28736E6	1.05752E6	9.05839E5	8.15576E5	7.73328E5	7.66061E5	7.35349E5	7.09547E5	6.61107E5	5.93476E5	5.21772E5	4.43814E5	4.38348E5	3.64336E5	1.62721E5	1.06007E5	6.59804E4	4.55251E4	3.88134E6	9.05171E5
446	1.56005E6	1.44452E6	1.27954E6	1.08175E6	9.09248E5	8.10668E5	7.7158E5	7.55318E5	7.30724E5	7.03241E5	6.55668E5	5.96717E5	5.26791E5	4.51245E5	3.96101E5	4.38393E5	1.73031E5	1.13144E5	7.19027E4	4.74533E4	1.62718E6	2.82438E6
448	1.54279E6	1.43598E6	1.29701E6	1.08913E6	9.05187E5	8.13798E5	7.63597E5	7.54152E5	7.27299E5	6.98369E5	6.60491E5	6.05103E5	5.3168E5	4.61807E5	3.71988E5	4.94211E5	1.79865E5	1.19479E5	7.73809E4	4.91993E4	3.95874E5	5.1527E6
450	1.50709E6	1.45829E6	1.30385E6	1.0919E6	9.07597E5	8.13669E5	7.59314E5	7.42951E5	7.19758E5	6.97963E5	6.61322E5	5.98814E5	5.38749E5	4.6489E5	3.69902E5	5.25129E5	1.97716E5	1.27604E5	8.34952E4	5.3308E4	6.74135E4	6.51635E6
452	1.51868E6	1.41811E6	1.27454E6	1.09171E6	9.07974E5	8.03117E5	7.54074E5	7.34531E5	7.16818E5	6.90746E5	6.58376E5	6.00828E5	5.37334E5	4.71782E5	3.72802E5	5.13529E5	2.16843E5	1.33623E5	8.92289E4	5.42146E4	4.30178E4	6.15444E6
454	1.55533E6	1.42867E6	1.30123E6	1.08191E6	8.99621E5	8.00173E5	7.4802E5	7.28218E5	7.06617E5	6.86713E5	6.54361E5	6.01611E5	5.41319E5	4.73759E5	3.77089E5	4.7372E5	2.49808E5	1.41204E5	9.40904E4	5.93389E4	4.21103E4	3.98789E6
456	1.51453E6	1.43417E6	1.29206E6	1.08907E6	9.02008E5	7.9531E5	7.4145E5	7.21035E5	7.0442E5	6.81238E5	6.4842E5	5.97573E5	5.42477E5	4.80547E5	3.78185E5	4.16734E5	2.97009E5	1.46381E5	1.00055E5	6.41257E4	4.18671E4	1.6477E6
458	1.48072E6	1.41359E6	1.26837E6	1.08402E6	9.05896E5	7.92808E5	7.35965E5	7.08577E5	6.96602E5	6.71284E5	6.45254E5	5.9969E5	5.4251E5	4.81241E5	3.86328E5	3.62888E5	3.56522E5	1.54581E5	1.05459E5	6.73512E4	4.3984E4	4.00484E5
460	1.4685E6	1.39941E6	1.27223E6	1.09096E6	9.0756E5	7.88435E5	7.26607E5	7.02292E5	6.89288E5	6.74409E5	6.4093E5	5.94455E5	5.40907E5	4.85382E5	3.86357E5	3.30382E5	4.08107E5	1.61203E5	1.11944E5	7.41659E4	4.60637E4	6.50838E4
462	1.44061E6	1.40084E6	1.27057E6	1.09129E6	8.99285E5	7.79497E5	7.16771E5	6.93412E5	6.74651E5	6.60929E5	6.35609E5	5.90001E5	5.39164E5	4.87321E5	3.89528E5	3.16682E5	4.436E5	1.67342E5	1.16565E5	7.98393E4	4.81602E4	4.00502E4
464	1.44275E6	1.36941E6	1.26518E6	1.07827E6	9.02598E5	7.73746E5	7.14303E5	6.88307E5	6.65783E5	6.51836E5	6.26454E5	5.84886E5	5.42759E5	4.86367E5	3.92297E5	3.11909E5	4.5229E5	1.80939E5	1.20926E5	8.50036E4	5.30863E4	3.90548E4
466	1.44422E6	1.39312E6	1.25707E6	1.07793E6	8.9347E5	7.68709E5	7.06106E5	6.79474E5	6.63885E5	6.45673E5	6.2168E5	5.7912E5	5.35341E5	4.88639E5	3.9769E5	3.13911E5	4.25669E5	2.00158E5	1.26155E5	8.72807E4	5.64759E4	3.91224E4
468	1.59025E6	1.34657E6	1.22986E6	1.07407E6	8.78981E5	7.67864E5	6.92672E5	6.69499E5	6.56061E5	6.37667E5	6.11687E5	5.76368E5	5.32899E5	4.92178E5	4.0122E5	3.16609E5	3.85791E5	2.33361E5	1.31513E5	9.13365E4	5.86435E4	4.01395E4
470	2.00291E6	1.33618E6	1.22772E6	1.07199E6	8.81964E5	7.57717E5	6.88262E5	6.61108E5	6.4121E5	6.28373E5	6.06555E5	5.71271E5	5.31853E5	4.85726E5	3.95463E5	3.20659E5	3.36102E5	2.72828E5	1.35585E5	9.62063E4	6.28358E4	4.17255E4
472	2.98175E6	1.33523E6	1.23455E6	1.05957E6	8.80731E5	7.50709E5	6.78777E5	6.52099E5	6.33034E5	6.16927E5	5.99458E5	5.66611E5	5.27894E5	4.8282E5	4.00408E5	3.19859E5	3.02957E5	3.16655E5	1.40674E5	1.00724E5	6.73829E4	4.29479E4
474	4.72946E6	1.33595E6	1.21211E6	1.05729E6	8.77477E5	7.48034E5	6.76297E5	6.40964E5	6.25036E5	6.11295E5	5.95969E5	5.60749E5	5.26576E5	4.81088E5	4.01605E5	3.2244E5	2.81264E5	3.56284E5	1.46632E5	1.04385E5	7.12836E4	4.58289E4
476	7.23839E6	1.32134E6	1.19254E6	1.04476E6	8.70653E5	7.47435E5	6.67103E5	6.38001E5	6.16198E5	6.00721E5	5.79112E5	5.51987E5	5.18386E5	4.8248E5	4.03129E5	3.23603E5	2.69049E5	3.85674E5	1.5217E5	1.07657E5	7.51139E4	4.84421E4
478	1.04374E7	1.26111E6	1.18701E6	1.0375E6	8.52918E5	7.34352E5	6.57806E5	6.22614E5	6.0372E5	5.92353E5	5.74668E5	5.45409E5	5.16611E5	4.76417E5	4.01087E5	3.23577E5	2.64835E5	3.85232E5	1.64312E5	1.11777E5	7.6401E4	5.01902E4
480	1.29678E7	1.25752E6	1.17378E6	1.02945E6	8.45042E5	7.20737E5	6.4768E5	6.1194E5	5.88798E5	5.84344E5	5.66604E5	5.36965E5	5.06975E5	4.70115E5	3.96352E5	3.24212E5	2.66196E5	3.61947E5	1.80573E5	1.15105E5	7.94791E4	5.38904E4
482	1.4478E7	1.26983E6	1.14146E6	1.02386E6	8.34999E5	7.15403E5	6.36826E5	5.99527E5	5.85324E5	5.70837E5	5.55024E5	5.28618E5	4.98909E5	4.70003E5	3.95098E5	3.21509E5	2.66727E5	3.19976E5	2.09655E5	1.18171E5	8.38519E4	5.681E4
484	1.39204E7	1.24286E6	1.1484E6	9.95005E5	8.36272E5	7.06111E5	6.29888E5	5.88866E5	5.69347E5	5.57016E5	5.46334E5	5.18728E5	4.92378E5	4.67389E5	3.92331E5	3.24217E5	2.64543E5	2.7745E5	2.44408E5	1.20519E5	8.84477E4	6.0583E4
486	1.19713E7	1.23328E6	1.13102E6	9.89023E5	8.32479E5	7.03149E5	6.23359E5	5.7873E5	5.62258E5	5.51936E5	5.35419E5	5.13137E5	4.90119E5	4.58073E5	3.93144E5	3.2378E5	2.6439E5	2.46342E5	2.80841E5	1.26196E5	9.04014E4	6.4519E4
488	8.75667E6	1.42409E6	1.11017E6	9.81075E5	8.10902E5	6.88466E5	6.14242E5	5.75117E5	5.51873E5	5.42624E5	5.24039E5	5.05737E5	4.81484E5	4.56033E5	3.8721E5	3.20394E5	2.65144E5	2.31324E5	3.12036E5	1.3012E5	9.19735E4	6.70443E4
490	5.66893E6	2.03486E6	1.09917E6	9.70524E5	8.01283E5	6.82264E5	5.99841E5	5.65152E5	5.39163E5	5.27898E5	5.1403E5	4.93917E5	4.73155E5	4.50229E5	3.86137E5	3.20811E5	2.64964E5	2.21366E5	3.25212E5	1.36038E5	9.46622E4	6.84056E4
492	3.09903E6	3.45988E6	1.09453E6	9.71664E5	7.91495E5	6.72603E5	5.94707E5	5.50128E5	5.29587E5	5.20263E5	5.07484E5	4.84323E5	4.68779E5	4.44858E5	3.8162E5	3.18015E5	2.63562E5	2.20248E5	3.19196E5	1.49133E5	9.71494E4	7.03084E4
494	1.77504E6	5.66613E6	1.05897E6	9.36734E5	7.81015E5	6.69198E5	5.8418E5	5.41471E5	5.21684E5	5.06524E5	4.96148E5	4.80144E5	4.57279E5	4.36267E5	3.76274E5	3.16593E5	2.62728E5	2.18869E5	2.98135E5	1.63828E5	9.84925E4	7.30186E4
496	1.29371E6	8.67212E6	1.04332E6	9.25013E5	7.70627E5	6.55326E5	5.80143E5	5.37051E5	5.079E5	4.97351E5	4.86147E5	4.68447E5	4.51646E5	4.28432E5	3.70376E5	3.14558E5	2.63351E5	2.18879E5	2.62613E5	1.88773E5	1.0074E5	7.60172E4
498	1.19964E6	1.19712E7	1.04182E6	9.10193E5	7.65856E5	6.42841E5	5.61695E5	5.24934E5	5.04212E5	4.916E5	4.78267E5	4.58675E5	4.44818E5	4.25154E5	3.70985E5	3.09141E5	2.61136E5	2.15893E5	2.3219E5	2.15437E5	1.04157E5	7.83162E4
500	1.21837E6	1.481E7	1.02841E6	9.0456E5	7.63095E5	6.30959E5	5.53294E5	5.13365E5	4.91175E5	4.7936E5	4.72116E5	4.55589E5	4.36713E5	4.17579E5	3.61967E5	3.08429E5	2.60565E5	2.16377E5	2.06503E5	2.44511E5	1.06653E5	7.96898E4
502	1.14587E6	1.61295E7	1.01298E6	8.9368E5	7.51323E5	6.26808E5	5.43274E5	5.017E5	4.85572E5	4.66217E5	4.57552E5	4.43197E5	4.27926E5	4.12292E5	3.60193E5	3.05014E5	2.5721E5	2.16313E5	1.89475E5	2.67598E5	1.08961E5	7.95867E4
504	1.14421E6	1.5413E7	9.95248E5	8.87016E5	7.26978E5	6.14492E5	5.38431E5	4.91775E5	4.72864E5	4.59377E5	4.50255E5	4.38479E5	4.24151E5	4.06503E5	3.56391E5	3.01008E5	2.58175E5	2.12019E5	1.84791E5	2.75542E5	1.15107E5	8.15853E4
506	1.11933E6	1.28357E7	1.00749E6	8.73393E5	7.23245E5	6.09611E5	5.23343E5	4.86539E5	4.65523E5	4.4909E5	4.42763E5	4.29061E5	4.17203E5	3.97677E5	3.52109E5	2.99688E5	2.53824E5	2.12499E5	1.79865E5	2.68759E5	1.24498E5	8.29465E4
508	1.11507E6	9.42202E6	1.23327E6	8.47628E5	7.16856E5	5.97645E5	5.19037E5	4.7967E5	4.53801E5	4.36292E5	4.35332E5	4.19834E5	4.06225E5	3.91861E5	3.43729E5	2.94811E5	2.5286E5	2.10743E5	1.78798E5	2.49899E5	1.39308E5	8.46377E4
510	1.1425E6	5.80774E6	2.01509E6	8.29519E5	7.03048E5	5.89664E5	5.10475E5	4.65998E5	4.44742E5	4.3292E5	4.16599E5	4.11721E5	4.01845E5	3.84471E5	3.40116E5	2.88902E5	2.48892E5	2.11972E5	1.77097E5	2.1741E5	1.5884E5	8.644E4
512	1.20876E6	2.93108E6	3.93393E6	8.20557E5	6.92098E5	5.80367E5	4.96154E5	4.62704E5	4.33193E5	4.22043E5	4.15226E5	3.9884E5	3.86518E5	3.78627E5	3.33131E5	2.86965E5	2.47284E5	2.08205E5	1.75233E5	1.87477E5	1.8142E5	8.70587E4
514	1.43541E6	1.54443E6	6.69568E6	8.07458E5	6.81096E5	5.62123E5	4.92381E5	4.48641E5	4.21668E5	4.1772E5	4.01786E5	3.89122E5	3.80437E5	3.70048E5	3.23785E5	2.77939E5	2.44317E5	2.0693E5	1.72828E5	1.68527E5	2.06505E5	8.87755E4
516	1.71569E6	1.10263E6	1.00545E7	7.92464E5	6.6619E5	5.57617E5	4.7639E5	4.40657E5	4.20425E5	4.00029E5	3.95696E5	3.7977E5	3.7415E5	3.61447E5	3.20627E5	2.77081E5	2.40846E5	2.05359E5	1.70756E5	1.55214E5	2.19381E5	9.26929E4
518	2.05263E6	1.02192E6	1.39673E7	7.76305E5	6.60126E5	5.46131E5	4.81464E5	4.37152E5	4.11207E5	3.92755E5	3.82473E5	3.76493E5	3.65016E5	3.54877E5	3.13982E5	2.70939E5	2.37326E5	2.00153E5	1.69917E5	1.48705E5	2.26944E5	9.64721E4
520	2.42769E6	1.0019E6	1.6708E7	7.63541E5	6.4139E5	5.37904E5	4.65724E5	4.27188E5	4.01651E5	3.85137E5	3.79316E5	3.63919E5	3.56067E5	3.4972E5	3.08637E5	2.70136E5	2.34691E5	2.01642E5	1.70592E5	1.44877E5	2.17309E5	1.02996E5
522	2.7326E6	9.61111E5	1.75923E7	7.56883E5	6.31226E5	5.31384E5	4.48954E5	4.13418E5	3.95749E5	3.77769E5	3.71949E5	3.5646E5	3.49389E5	3.39079E5	3.04834E5	2.63807E5	2.295E5	1.97063E5	1.68136E5	1.4256E5	2.0129E5	1.14356E5
524	2.94951E6	8.9612E5	1.62926E7	7.47973E5	6.21716E5	5.13818E5	4.49466E5	4.0757E5	3.80511E5	3.66017E5	3.56148E5	3.49466E5	3.40547E5	3.30393E5	2.96347E5	2.60882E5	2.24648E5	1.95554E5	1.67261E5	1.40464E5	1.76738E5	1.31387E5
526	2.95801E6	9.07026E5	1.33038E7	7.57447E5	6.07163E5	5.11178E5	4.41491E5	3.97586E5	3.72463E5	3.60364E5	3.50489E5	3.4128E5	3.32692E5	3.27613E5	2.90566E5	2.54817E5	2.22313E5	1.90657E5	1.6276E5	1.41172E5	1.54253E5	1.48855E5
528	2.83733E6	8.56166E5	9.5225E6	1.0131E6	5.97629E5	4.97255E5	4.26019E5	3.91592E5	3.68412E5	3.53594E5	3.41393E5	3.31414E5	3.23914E5	3.1716E5	2.84781E5	2.44549E5	2.20002E5	1.88139E5	1.60823E5	1.39307E5	1.35042E5	1.6716E5
530	2.49073E6	8.65286E5	5.67696E6	1.94874E6	5.84965E5	4.89033E5	4.16772E5	3.80835E5	3.5711E5	3.41199E5	3.33565E5	3.23857E5	3.15618E5	3.09948E5	2.76013E5	2.43561E5	2.13172E5	1.86137E5	1.59549E5	1.38597E5	1.21759E5	1.8109E5
532	2.06071E6	8.88029E5	2.78669E6	3.97117E6	5.73269E5	4.82496E5	4.10178E5	3.76404E5	3.46781E5	3.36918E5	3.28147E5	3.16743E5	3.09827E5	3.02913E5	2.7277E5	2.40106E5	2.14074E5	1.83219E5	1.56742E5	1.33886E5	1.16865E5	1.86501E5
534	1.61827E6	9.52011E5	1.26705E6	7.16732E6	5.63667E5	4.67889E5	4.01461E5	3.62073E5	3.41293E5	3.26306E5	3.16785E5	3.07712E5	3.0682E5	2.93194E5	2.66151E5	2.34892E5	2.05665E5	1.79806E5	1.54072E5	1.32867E5	1.1175E5	1.81733E5
536	1.24731E6	1.12356E6	8.66345E5	1.09985E7	5.465E5	4.64792E5	3.93424E5	3.57027E5	3.31029E5	3.17595E5	3.115E5	3.02709E5	2.93553E5	2.83173E5	2.59139E5	2.28094E5	2.04213E5	1.79042E5	1.51727E5	1.3039E5	1.10977E5	1.64511E5
538	1.00852E6	1.38558E6	7.99743E5	1.47205E7	5.31926E5	4.5158E5	3.84228E5	3.44415E5	3.20943E5	3.04972E5	2.99857E5	2.9001E5	2.84909E5	2.81241E5	2.49955E5	2.21076E5	1.96511E5	1.73804E5	1.51554E5	1.31035E5	1.08943E5	1.44414E5
540	8.22436E5	1.72695E6	7.60257E5	1.73066E7	5.36488E5	4.41189E5	3.77771E5	3.3375E5	3.11816E5	3.01102E5	2.947E5	2.8113E5	2.78426E5	2.74181E5	2.44721E5	2.15047E5	1.94771E5	1.70065E5	1.4584E5	1.25196E5	1.08795E5	1.22784E5
542	7.55449E5	2.11194E6	7.50352E5	1.77131E7	5.17094E5	4.32927E5	3.67466E5	3.30455E5	3.08759E5	2.94697E5	2.81462E5	2.73951E5	2.69247E5	2.66704E5	2.40549E5	2.11581E5	1.87612E5	1.66476E5	1.43729E5	1.24951E5	1.07245E5	1.06034E5
544	7.0631E5	2.54231E6	7.26622E5	1.59625E7	5.21233E5	4.14744E5	3.60589E5	3.15389E5	2.98091E5	2.88919E5	2.75979E5	2.69626E5	2.62882E5	2.55694E5	2.31434E5	2.06106E5	1.84054E5	1.6004E5	1.41392E5	1.22116E5	1.03533E5	9.67854E4
546	7.26904E5	2.82974E6	7.06465E5	1.28473E7	5.51307E5	4.13283E5	3.53635E5	3.10086E5	2.88922E5	2.7833E5	2.70146E5	2.61595E5	2.55669E5	2.50822E5	2.27079E5	2.00487E5	1.80655E5	1.58242E5	1.39809E5	1.19747E5	1.03305E5	8.95986E4
548	7.07465E5	3.00665E6	6.91209E5	8.84662E6	8.70449E5	4.04103E5	3.40948E5	3.01916E5	2.86334E5	2.73208E5	2.63077E5	2.55141E5	2.50927E5	2.44904E5	2.21484E5	1.97577E5	1.73187E5	1.56164E5	1.36674E5	1.18393E5	9.9253E4	8.7048E4
550	6.18619E5	2.93508E6	6.70775E5	5.05545E6	1.94188E6	3.86923E5	3.39835E5	3.02919E5	2.79707E5	2.67053E5	2.55882E5	2.47787E5	2.43649E5	2.36813E5	2.13653E5	1.89636E5	1.73019E5	1.5276E5	1.33272E5	1.15199E5	9.81994E4	8.62168E4
552	6.27058E5	2.71666E6	6.81171E5	2.36623E6	4.21116E6	3.86887E5	3.23878E5	2.91574E5	2.68052E5	2.58623E5	2.5577E5	2.4069E5	2.38367E5	2.34532E5	2.1175E5	1.85749E5	1.68245E5	1.47208E5	1.31448E5	1.14638E5	9.85761E4	8.31517E4
554	5.90654E5	2.3349E6	6.81958E5	1.04722E6	7.3857E6	3.75252E5	3.20616E5	2.85221E5	2.67365E5	2.5006E5	2.42272E5	2.35321E5	2.2729E5	2.29389E5	2.04304E5	1.81769E5	1.63365E5	1.4543E5	1.26602E5	1.13179E5	9.41831E4	8.16228E4
556	6.3796E5	1.86616E6	7.29322E5	6.81318E5	1.11627E7	3.71635E5	3.11494E5	2.83709E5	2.57418E5	2.43088E5	2.33871E5	2.28965E5	2.25972E5	2.19767E5	1.97195E5	1.76271E5	1.59056E5	1.41769E5	1.25969E5	1.07596E5	9.28458E4	8.02587E4
558	6.54896E5	1.44772E6	8.19595E5	6.10906E5	1.49063E7	3.65009E5	3.0914E5	2.71328E5	2.48999E5	2.33308E5	2.29345E5	2.2276E5	2.15665E5	2.11138E5	1.94161E5	1.76923E5	1.55271E5	1.38466E5	1.22708E5	1.07523E5	9.17148E4	7.71899E4
560	5.8357E5	1.06506E6	1.01273E6	5.93197E5	1.73678E7	3.55646E5	2.98188E5	2.64498E5	2.40507E5	2.29367E5	2.20645E5	2.14379E5	2.1008E5	2.07911E5	1.8677E5	1.6857E5	1.51109E5	1.32954E5	1.17041E5	1.06655E5	8.88465E4	7.73316E4
562	5.89218E5	8.0952E5	1.30009E6	5.72354E5	1.78336E7	3.5759E5	2.94895E5	2.51324E5	2.37672E5	2.23974E5	2.1736E5	2.10895E5	2.0767E5	1.97873E5	1.82545E5	1.61887E5	1.44967E5	1.34334E5	1.15302E5	1.02001E5	8.72153E4	7.57751E4
564	5.8084E5	6.82486E5	1.65805E6	5.47726E5	1.58053E7	3.59305E5	2.83408E5	2.55875E5	2.3337E5	2.21012E5	2.10211E5	2.02276E5	2.00839E5	1.97543E5	1.78273E5	1.57214E5	1.43193E5	1.28217E5	1.12597E5	9.86117E4	8.54446E4	7.29309E4
566	5.94195E5	6.04378E5	2.03766E6	5.36889E5	1.24887E7	3.83313E5	2.78001E5	2.45518E5	2.24828E5	2.13459E5	2.0472E5	1.9766E5	1.92581E5	1.90415E5	1.722E5	1.5523E5	1.39296E5	1.26146E5	1.09987E5	9.67955E4	8.26998E4	7.29765E4
568	5.75172E5	5.51461E5	2.41698E6	5.28247E5	8.36337E6	7.39474E5	2.71261E5	2.39235E5	2.21322E5	2.05247E5	1.97992E5	1.90223E5	1.87497E5	1.87531E5	1.68898E5	1.50606E5	1.34923E5	1.22534E5	1.0885E5	9.56473E4	8.27773E4	7.21257E4
570	5.4309E5	5.50938E5	2.72175E6	5.17848E5	4.73392E6	1.9354E6	2.67369E5	2.36541E5	2.17355E5	1.99914E5	1.9417E5	1.885E5	1.80037E5	1.79228E5	1.635E5	1.45772E5	1.32016E5	1.18645E5	1.06171E5	9.40208E4	8.0387E4	6.87786E4
572	5.20701E5	5.179E5	2.7896E6	5.20375E5	2.14569E6	4.27183E6	2.66455E5	2.26898E5	2.10784E5	1.93012E5	1.87761E5	1.79448E5	1.76573E5	1.74296E5	1.58052E5	1.39797E5	1.27397E5	1.13028E5	1.04365E5	9.29719E4	7.77015E4	6.75814E4
574	5.14265E5	5.29057E5	2.68289E6	4.99178E5	8.58451E5	7.68841E6	2.58915E5	2.19084E5	2.01449E5	1.92861E5	1.81543E5	1.75969E5	1.68076E5	1.71858E5	1.5447E5	1.36173E5	1.24847E5	1.11687E5	1.00075E5	8.99544E4	7.66967E4	6.40043E4
576	4.82145E5	5.08016E5	2.39902E6	4.94382E5	5.19487E5	1.14597E7	2.4957E5	2.17618E5	1.92377E5	1.83075E5	1.75298E5	1.67748E5	1.65727E5	1.61839E5	1.48213E5	1.33888E5	1.20604E5	1.09817E5	9.76643E4	8.54206E4	7.65787E4	6.41333E4
578	4.96649E5	5.0461E5	2.02516E6	5.11292E5	4.77269E5	1.48484E7	2.49702E5	2.1128E5	1.88145E5	1.78499E5	1.69987E5	1.6522E5	1.60051E5	1.59555E5	1.43869E5	1.29245E5	1.17975E5	1.04972E5	9.39268E4	8.36005E4	7.36526E4	6.34478E4
580	5.1093E5	4.83982E5	1.60863E6	5.62207E5	4.53072E5	1.74357E7	2.3827E5	2.01845E5	1.83431E5	1.72056E5	1.67841E5	1.59543E5	1.54051E5	1.53847E5	1.42141E5	1.2562E5	1.1311E5	1.03309E5	9.13373E4	8.26669E4	6.95382E4	6.10891E4
582	5.11192E5	4.79795E5	1.22157E6	6.8407E5	4.48634E5	1.76161E7	2.46044E5	2.0119E5	1.78896E5	1.68641E5	1.61193E5	1.53063E5	1.51609E5	1.4676E5	1.37506E5	1.19588E5	1.07628E5	9.91386E4	8.90632E4	7.83956E4	6.83118E4	6.04843E4
584	5.15918E5	4.53562E5	9.01812E5	8.59962E5	4.23346E5	1.54408E7	2.43028E5	1.93107E5	1.75607E5	1.6429E5	1.59912E5	1.47857E5	1.47148E5	1.426E5	1.3094E5	1.18067E5	1.08553E5	9.58832E4	8.51715E4	7.70483E4	6.69202E4	5.87789E4
586	4.81018E5	4.52281E5	6.88857E5	1.16815E6	4.35828E5	1.1892E7	2.76111E5	1.88816E5	1.70327E5	1.59491E5	1.52653E5	1.4629E5	1.44433E5	1.39703E5	1.28443E5	1.14076E5	1.02303E5	9.29175E4	8.59316E4	7.53125E4	6.61996E4	5.7809E4
588	4.79837E5	4.40931E5	5.6023E5	1.48366E6	4.24984E5	7.73254E6	6.13551E5	1.83111E5	1.65259E5	1.5803E5	1.46899E5	1.41674E5	1.38265E5	1.36118E5	1.24312E5	1.12939E5	1.01698E5	9.07354E4	8.11373E4	7.35279E4	6.36433E4	5.5662E4
590	4.71183E5	4.37463E5	5.05609E5	1.85718E6	4.19907E5	4.07169E6	1.83735E6	1.81693E5	1.60508E5	1.52532E5	1.39913E5	1.3557E5	1.34127E5	1.31579E5	1.18455E5	1.07011E5	9.87632E4	8.84742E4	7.86103E4	7.0521E4	6.22272E4	5.23615E4
592	4.50968E5	4.09988E5	4.699E5	2.15257E6	4.22814E5	1.67099E6	4.43688E6	1.79782E5	1.55587E5	1.41413E5	1.39323E5	1.30206E5	1.28785E5	1.2592E5	1.13738E5	1.02306E5	9.62476E4	8.62143E4	7.52544E4	6.87152E4	6.09105E4	5.21902E4
594	4.77165E5	4.17938E5	4.60194E5	2.37438E6	4.15238E5	6.31612E5	8.00225E6	1.71488E5	1.50969E5	1.40316E5	1.36088E5	1.27554E5	1.25421E5	1.23393E5	1.13832E5	1.02104E5	9.07875E4	8.39767E4	7.43329E4	6.77468E4	5.90834E4	4.92836E4
596	4.82389E5	4.01356E5	4.56424E5	2.42491E6	4.25229E5	3.92639E5	1.19979E7	1.7386E5	1.47751E5	1.3439E5	1.3145E5	1.22552E5	1.23591E5	1.17889E5	1.07234E5	9.63695E4	8.846E4	8.25058E4	7.34686E4	6.66273E4	5.59462E4	4.95494E4
598	4.57128E5	4.0819E5	4.32637E5	2.32019E6	4.24695E5	3.57799E5	1.56976E7	1.66913E5	1.44655E5	1.31969E5	1.2588E5	1.19059E5	1.15848E5	1.17195E5	1.05294E5	9.37579E4	8.80282E4	7.80834E4	6.83832E4	6.22712E4	5.54363E4	4.66936E4
600	4.3683E5	4.12171E5	4.25865E5	2.12353E6	4.27828E5	3.41875E5	1.7868E7	1.63595E5	1.46122E5	1.26815E5	1.26968E5	1.15325E5	1.13179E5	1.13162E5	1.00826E5	9.00914E4	8.50025E4	7.5191E4	6.71151E4	5.96893E4	5.34469E4	4.68781E4
