300	3.54419E5	2.32615E5	2.38134E5	2.61542E6	4.43883E5	4.57115E5	5.66266E7	2.63345E5	3.86247E4	2.32292E4	1.4672E4	1.18043E4	9778.70285	9382.54101	7090.06396	6569.45935	5286.35444	4561.40128	4374.63178	4038.60078	3781.0025	3271.23227
302	3.73926E5	2.37788E5	2.54864E5	1.77374E6	7.64919E5	2.9086E5	4.98008E7	3.03956E6	4.31667E4	2.37214E4	1.62934E4	1.16757E4	9386.29993	9282.98419	7702.04674	6093.53365	4932.516	4905.2757	4226.37966	3639.43569	3775.17179	3188.12284
304	3.77832E5	2.65716E5	2.71318E5	1.05077E6	1.33985E6	2.67332E5	3.3123E7	1.29436E7	5.11512E4	2.43343E4	1.75913E4	1.27095E4	9884.80129	9040.52774	7189.47264	6050.00505	5548.97645	4894.59122	4270.57294	3602.87986	3328.53474	2910.04413
306	4.08748E5	2.80405E5	2.84718E5	6.12489E5	2.08783E6	2.72276E5	1.4648E7	3.06517E7	6.19161E4	2.60748E4	1.7432E4	1.27627E4	9677.77374	8442.14083	7084.99189	6199.07799	5593.42138	4941.86544	4016.0488	3891.41755	3595.22324	3489.5068
308	4.45492E5	3.06411E5	3.02948E5	4.39263E5	2.73268E6	2.75854E5	3.4804E6	4.74432E7	9.08824E4	2.94855E4	1.935E4	1.26833E4	9859.81631	8794.81525	7602.11668	5652.02033	5295.99005	4889.95337	4304.24619	3959.2926	3656.45988	2817.35136
310	4.34071E5	2.69956E5	3.12421E5	3.95181E5	2.88719E6	2.90979E5	4.41448E5	5.38624E7	2.51407E5	3.12192E4	1.95832E4	1.35887E4	1.06133E4	9041.44627	7500.99452	5952.67217	5681.84561	4816.83436	3844.72878	3748.57083	3639.40196	3306.93018
312	4.63985E5	3.048E5	3.229E5	3.8828E5	2.47848E6	3.74849E5	2.40887E5	4.80003E7	2.8928E6	3.68864E4	2.16503E4	1.48342E4	1.03601E4	8612.21155	7145.90075	6058.55976	5066.78952	4728.36959	3973.06462	3879.29078	3478.02526	3509.18998
314	4.28004E5	2.95683E5	3.29396E5	4.02556E5	1.70742E6	6.45287E5	2.11141E5	3.11588E7	1.32456E7	4.50104E4	2.0266E4	1.49277E4	1.03058E4	8320.75074	7721.18322	6439.09867	4820.08847	4836.80213	3760.36435	3833.07394	3674.2491	3101.26519
316	4.42629E5	3.42793E5	3.42601E5	3.91947E5	1.04407E6	1.11881E6	1.99747E5	1.31313E7	2.9519E7	5.66918E4	2.2708E4	1.56235E4	1.12819E4	9227.04935	7594.9823	5796.25894	5134.26006	4347.67715	4021.04225	4131.01019	3223.98491	3173.19592
318	4.61757E5	3.20958E5	3.56578E5	3.9442E5	6.58033E5	1.74312E6	1.99932E5	3.00135E6	4.23328E7	8.1104E4	2.60734E4	1.62842E4	1.12711E4	8938.91135	7565.04083	6487.35136	5302.1907	4511.66358	4202.9175	3836.00394	3263.74998	3185.14399
320	4.86745E5	3.47252E5	3.61135E5	4.01494E5	4.87572E5	2.27511E6	1.96541E5	3.45514E5	4.63991E7	2.57794E5	2.75173E4	1.66521E4	1.20965E4	8911.09716	7112.38254	5837.16671	5534.70649	4367.63212	3934.56012	4065.41007	3331.24666	3120.33325
322	4.82352E5	3.53163E5	3.54987E5	4.03885E5	4.45313E5	2.41295E6	2.13333E5	1.95753E5	4.04081E7	2.75907E6	3.30796E4	1.71683E4	1.20497E4	9644.25068	7005.6902	5776.1925	5492.61733	4533.09686	4452.62554	3525.32469	3221.76117	2708.90544
324	4.67526E5	3.48296E5	3.62843E5	4.03011E5	4.41132E5	2.05303E6	2.85836E5	1.66478E5	2.6698E7	1.12293E7	3.80409E4	1.86697E4	1.32835E4	9750.54485	6959.52641	6182.12973	4983.38963	4444.74957	3890.49802	3288.62829	3238.16885	2971.89914
326	4.93643E5	3.60083E5	3.57821E5	4.10119E5	4.31514E5	1.48435E6	4.79343E5	1.58059E5	1.14748E7	2.443E7	4.82734E4	1.95651E4	1.36111E4	9999.28619	7593.91773	6409.57645	5033.06993	4290.74725	3677.44705	3825.81618	3445.44908	2792.36776
328	5.17474E5	3.69138E5	3.77421E5	4.10502E5	4.36533E5	9.65947E5	8.41956E5	1.58375E5	2.76102E6	3.48021E7	6.8844E4	2.18497E4	1.36314E4	1.01946E4	7900.31557	5748.18045	4571.46857	4213.85238	3719.08263	3692.04839	2968.51727	2622.8271
330	5.00936E5	3.69758E5	3.67649E5	4.15001E5	4.44484E5	6.04569E5	1.35759E6	1.59532E5	3.05646E5	3.86041E7	1.96619E5	2.49467E4	1.36774E4	1.06669E4	8371.04675	6515.3969	4606.94513	4777.77953	3767.62727	3500.19379	3216.74274	2466.7143
332	5.58389E5	3.8112E5	3.74068E5	4.22749E5	4.45181E5	4.4783E5	1.79072E6	1.64691E5	1.68759E5	3.43786E7	2.1994E6	2.71812E4	1.52272E4	1.13449E4	7869.02496	5553.39007	4747.84844	4145.07313	3842.46344	3541.49507	3049.15423	2595.77107
334	5.30817E5	3.84754E5	3.79686E5	4.18861E5	4.41917E5	3.95874E5	1.97618E6	1.76429E5	1.43473E5	2.36909E7	9.41094E6	3.21338E4	1.50591E4	1.11E4	7665.68541	5988.46525	4970.17589	4135.69473	3548.7303	3409.60353	2986.93465	2374.71311
336	5.5006E5	4.00981E5	3.90867E5	4.26128E5	4.49693E5	3.89131E5	1.78612E6	2.26203E5	1.38936E5	1.05622E7	2.09403E7	4.12343E4	1.68325E4	1.1708E4	8482.38828	5368.02616	4911.06437	4123.09189	3513.81799	3390.02406	3200.67968	2754.19617
338	6.00818E5	3.98658E5	3.94519E5	4.25974E5	4.54168E5	3.92579E5	1.38176E6	3.49492E5	1.4086E5	2.73663E6	2.94033E7	5.83427E4	1.82834E4	1.21804E4	8649.10856	5724.97862	5016.1735	4143.0026	3865.77621	3382.40457	2941.07285	2885.16625
340	5.89509E5	4.20646E5	3.98405E5	4.37763E5	4.42235E5	4.03213E5	8.98295E5	6.35496E5	1.43886E5	3.07498E5	3.24263E7	1.56596E5	1.99441E4	1.25484E4	8839.62896	6175.00317	4924.32898	4367.28085	3914.99686	2954.20661	2758.25422	2672.05443
342	5.98169E5	4.19692E5	4.06017E5	4.25099E5	4.5236E5	3.99569E5	5.7264E5	1.01057E6	1.46946E5	1.57455E5	2.92223E7	1.71703E6	2.31652E4	1.2392E4	9047.01807	6266.56619	4940.39997	3845.27315	3320.01734	3359.36461	2915.18972	2599.06445
344	6.46129E5	4.30606E5	4.09115E5	4.28799E5	4.63342E5	4.09138E5	4.02248E5	1.41845E6	1.56373E5	1.32816E5	2.02155E7	8.12124E6	2.75127E4	1.2969E4	9189.61469	5969.08424	4768.96502	4139.62325	3659.53104	3017.0721	2762.003	2484.77603
346	6.58683E5	4.64592E5	4.13626E5	4.31726E5	4.57039E5	4.17756E5	3.54292E5	1.615E6	1.71762E5	1.31675E5	9.35609E6	1.762E7	3.33141E4	1.48158E4	9193.62557	6310.68138	4856.25924	4254.9918	3495.84215	3111.60902	2526.56708	2669.76232
348	6.56107E5	4.70134E5	4.20434E5	4.43407E5	4.57082E5	4.25085E5	3.52867E5	1.53599E6	2.14797E5	1.39252E5	2.23546E6	2.49809E7	5.07342E4	1.63346E4	9251.5256	6590.0372	4607.37985	4270.27923	3271.37631	3095.61796	2538.61015	2177.73521
350	6.53065E5	4.83994E5	4.42832E5	4.40575E5	4.65315E5	4.38489E5	3.60882E5	1.2396E6	3.05386E5	1.45405E5	2.74593E5	2.70524E7	1.12782E5	1.77309E4	1.03523E4	7284.90469	5178.36448	3867.28949	3362.99535	2942.72117	2549.24763	2191.66126
352	6.74439E5	5.09068E5	4.5048E5	4.49588E5	4.70324E5	4.38425E5	3.66794E5	8.58874E5	5.03757E5	1.55163E5	1.45438E5	2.42873E7	1.47184E6	1.96847E4	1.04016E4	7624.9094	4904.5483	3648.55233	3282.21816	3197.92164	2793.87329	2274.11471
354	6.98581E5	5.29288E5	4.63272E5	4.56303E5	4.64256E5	4.4991E5	3.79933E5	5.7884E5	7.8834E5	1.6655E5	1.30251E5	1.71638E7	6.41538E6	2.45791E4	1.09661E4	7744.45211	5235.35697	4244.68827	3265.17465	3243.11218	2751.2768	2453.21414
356	7.07363E5	5.42948E5	4.72934E5	4.60195E5	4.65976E5	4.55349E5	3.90727E5	4.26028E5	1.0974E6	1.78513E5	1.30652E5	7.94238E6	1.46856E7	3.06281E4	1.16709E4	8044.858	5429.62165	3727.78197	3429.51487	2825.91598	2837.94614	2363.64558
358	7.63232E5	5.68733E5	4.95657E5	4.67388E5	4.76875E5	4.65928E5	4.11496E5	3.78655E5	1.30628E6	1.94943E5	1.40513E5	2.00545E6	2.10943E7	4.53022E4	1.31675E4	7539.53409	5662.60131	3947.8005	3331.39712	3288.77188	2637.11603	2269.789
360	8.03094E5	5.99312E5	5.06312E5	4.72977E5	4.86729E5	4.79507E5	4.26341E5	3.72789E5	1.31839E6	2.2789E5	1.51135E5	2.48924E5	2.33462E7	1.00954E5	1.47537E4	8172.09827	5607.78575	4313.0291	3591.65815	3310.24423	2711.51056	2168.94239
362	8.0562E5	6.25856E5	5.12334E5	4.95047E5	4.93483E5	4.89228E5	4.46239E5	3.8733E5	1.14536E6	2.85992E5	1.61503E5	1.36898E5	2.16474E7	1.22771E6	1.66149E4	8688.72145	5931.94971	4417.05335	2990.54867	3022.52986	2510.74077	2281.19244
364	8.66489E5	6.51671E5	5.44314E5	5.00542E5	5.00787E5	5.01614E5	4.57834E5	4.00542E5	8.76822E5	4.10148E5	1.74263E5	1.25028E5	1.60356E7	5.84794E6	2.00297E4	8681.24239	6411.03013	4436.92792	3237.31797	2977.4049	2545.65033	2336.49848
366	8.19877E5	6.9155E5	5.59775E5	5.10648E5	5.03268E5	5.0947E5	4.74731E5	4.21746E5	6.32572E5	6.20212E5	1.88899E5	1.25885E5	7.66894E6	1.37274E7	2.58753E4	9661.91746	5934.29339	5079.82217	3150.79881	2911.94595	2509.08484	2010.01217
368	8.80774E5	7.0201E5	5.95119E5	5.19635E5	5.22436E5	5.21436E5	4.93303E5	4.39702E5	4.9016E5	8.76688E5	2.05135E5	1.33361E5	2.02161E6	1.94739E7	3.94931E4	1.06814E4	6396.79262	5046.03491	3298.96299	3068.1347	2588.16434	2491.15165
370	9.30473E5	7.41978E5	6.18046E5	5.44889E5	5.33131E5	5.40781E5	5.14251E5	4.58251E5	4.31437E5	1.08883E6	2.23596E5	1.44491E5	2.26704E5	2.14142E7	9.9691E4	1.22523E4	6465.1964	5209.46317	3504.10885	3044.64344	2556.82311	2203.27114
372	9.54815E5	7.65796E5	6.31741E5	5.50488E5	5.41367E5	5.49633E5	5.33957E5	4.80747E5	4.25391E5	1.1502E6	2.47986E5	1.55452E5	1.21851E5	1.94967E7	1.2229E6	1.39568E4	6594.5297	5450.37063	3794.41953	3156.20651	2578.28647	2332.36784
374	1.00501E6	7.91275E5	6.61914E5	5.76737E5	5.48897E5	5.56642E5	5.45682E5	5.02841E5	4.33537E5	1.07626E6	2.94528E5	1.68404E5	1.11923E5	1.39137E7	5.54638E6	1.68058E4	7383.40197	5119.79035	3686.17128	2824.44963	2394.82361	2289.91143
376	9.71293E5	8.41294E5	6.82956E5	5.86439E5	5.64443E5	5.73739E5	5.69023E5	5.27443E5	4.53452E5	8.819E5	3.89251E5	1.77251E5	1.11977E5	6.46859E6	1.21597E7	2.24544E4	8005.91788	5444.59679	4099.20629	3155.95614	2813.28505	2207.19559
378	9.94909E5	8.65408E5	7.14682E5	6.11853E5	5.83221E5	5.8886E5	5.82866E5	5.41456E5	4.75907E5	6.81962E5	5.3842E5	1.9485E5	1.17549E5	1.53626E6	1.71162E7	3.40237E4	8801.85971	5283.00033	4214.94232	3098.94614	2600.32606	2247.25554
380	1.05306E6	9.15116E5	7.30571E5	6.19751E5	5.99032E5	5.94608E5	5.97388E5	5.59784E5	4.93777E5	5.42917E5	7.30627E5	2.07973E5	1.27946E5	1.8575E5	1.8652E7	7.98179E4	1.04412E4	5804.34903	4597.97808	3235.74968	2691.38615	2205.79531
382	1.11234E6	9.37468E5	7.64675E5	6.39813E5	6.1304E5	6.18691E5	6.22059E5	5.86335E5	5.14127E5	4.86027E5	9.18634E5	2.28023E5	1.40706E5	1.1298E5	1.71682E7	9.66302E5	1.17872E4	6100.76559	4734.03408	3648.07798	2567.4642	2222.42961
384	1.13133E6	9.8767E5	8.03131E5	6.58102E5	6.34537E5	6.37629E5	6.46144E5	6.14313E5	5.41681E5	4.7368E5	1.0248E6	2.47465E5	1.51079E5	1.02801E5	1.25497E7	4.57445E6	1.42716E4	6437.39032	4559.87787	3490.87909	2623.39269	2318.72761
386	1.16807E6	1.0187E6	8.30575E5	6.85824E5	6.39832E5	6.48604E5	6.64307E5	6.29646E5	5.61629E5	4.84747E5	1.00612E6	2.8433E5	1.65697E5	1.0467E5	5.92229E6	1.07319E7	2.0493E4	7162.13085	4933.78615	4035.05372	2731.97843	2196.10618
388	1.18758E6	1.03507E6	8.54208E5	7.02128E5	6.62232E5	6.67242E5	6.82434E5	6.51738E5	5.80293E5	4.97515E5	8.95363E5	3.4786E5	1.78203E5	1.11235E5	1.59328E6	1.5452E7	3.07751E4	8322.4153	4971.85819	4121.81667	2866.83588	2269.05209
390	1.24948E6	1.07878E6	8.80219E5	7.27664E5	6.79518E5	6.85706E5	7.00426E5	6.71986E5	6.00553E5	5.15128E5	7.35444E5	4.57529E5	1.93656E5	1.21786E5	1.99355E5	1.7436E7	7.6183E4	9346.89829	4945.13676	4374.80189	2934.5344	2232.1029
392	1.27101E6	1.10348E6	8.96826E5	7.44191E5	6.9193E5	6.95725E5	7.14862E5	6.93294E5	6.21112E5	5.3354E5	5.98075E5	6.12839E5	2.09445E5	1.33491E5	1.04887E5	1.63765E7	1.00615E6	1.15605E4	5884.09275	4812.38457	3197.72514	2471.49879
394	1.27915E6	1.14107E6	9.47959E5	7.60744E5	7.00967E5	7.13458E5	7.31816E5	7.13364E5	6.37712E5	5.49863E5	5.28578E5	7.76222E5	2.2849E5	1.45833E5	9.65338E4	1.25274E7	4.36782E6	1.40552E4	5986.69068	4586.44427	3358.3542	2657.14432
396	1.31378E6	1.18074E6	9.68284E5	7.85917E5	7.24036E5	7.24165E5	7.43432E5	7.24333E5	6.58401E5	5.72758E5	4.99771E5	8.92858E5	2.45802E5	1.57478E5	9.58403E4	6.1918E6	1.01026E7	1.94998E4	6975.31636	4637.20561	3856.63035	2674.78467
398	1.35661E6	1.18636E6	9.89238E5	8.03686E5	7.41121E5	7.45698E5	7.53374E5	7.46948E5	6.78213E5	5.89157E5	5.02942E5	9.27707E5	2.70471E5	1.72136E5	1.01584E5	1.66236E6	1.43892E7	2.82986E4	7401.41257	4925.9679	4028.102	2735.71671
400	1.38682E6	1.22417E6	1.01789E6	8.31455E5	7.48281E5	7.5575E5	7.69882E5	7.62898E5	6.96033E5	6.11745E5	5.16257E5	8.67279E5	3.15453E5	1.8591E5	1.09395E5	1.95224E5	1.58844E7	5.95732E4	8418.53093	5014.60063	3909.77431	2687.56574
402	1.43034E6	1.25417E6	1.04967E6	8.41667E5	7.63288E5	7.74479E5	7.85307E5	7.78192E5	7.11118E5	6.25843E5	5.27339E5	7.46744E5	3.89664E5	1.99808E5	1.19513E5	9.65618E4	1.45577E7	7.48241E5	9993.5415	5323.15514	3903.20891	2894.2762
404	1.43034E6	1.29205E6	1.06934E6	8.62296E5	7.76611E5	7.78625E5	7.98808E5	7.86667E5	7.3063E5	6.44535E5	5.48064E5	6.2005E5	5.04701E5	2.15889E5	1.30331E5	8.79105E4	1.04315E7	3.79897E6	1.24307E4	5743.28271	3729.87023	2925.76157
406	1.47121E6	1.32572E6	1.08727E6	8.7852E5	7.97266E5	7.91607E5	8.1298E5	8.02145E5	7.386E5	6.54457E5	5.63567E5	5.40723E5	6.39728E5	2.31287E5	1.40521E5	8.55923E4	4.91305E6	9.01651E6	1.65054E4	5982.66449	3672.68656	3184.43225
408	1.51861E6	1.33903E6	1.12416E6	9.10364E5	8.06551E5	8.01978E5	8.19362E5	8.1157E5	7.55016E5	6.71083E5	5.82092E5	5.069E5	7.5976E5	2.49496E5	1.52028E5	8.92023E4	1.21255E6	1.34767E7	2.49148E4	6953.74604	4228.74985	3493.08662
410	1.49662E6	1.36189E6	1.15485E6	9.23783E5	8.23021E5	8.09806E5	8.28814E5	8.13925E5	7.66511E5	6.85049E5	5.95279E5	4.99448E5	8.318E5	2.69455E5	1.62796E5	9.53393E4	1.40045E5	1.50999E7	5.21935E4	8300.02105	4438.323	3410.9907
412	1.51927E6	1.39275E6	1.15534E6	9.41752E5	8.26564E5	8.1336E5	8.38506E5	8.28263E5	7.75504E5	7.02732E5	6.06196E5	5.08763E5	8.26255E5	3.00632E5	1.76464E5	1.0097E5	8.36897E4	1.40037E7	6.14596E5	9790.5898	4566.56629	3359.03142
414	1.54239E6	1.40465E6	1.1855E6	9.51386E5	8.41008E5	8.20197E5	8.37021E5	8.36402E5	7.8769E5	7.10976E5	6.25007E5	5.21279E5	7.50791E5	3.53825E5	1.87013E5	1.12067E5	7.61173E4	1.02814E7	3.17167E6	1.20619E4	5028.43809	3341.84255
416	1.58617E6	1.40881E6	1.19847E6	9.69793E5	8.48404E5	8.25197E5	8.42552E5	8.48831E5	7.92027E5	7.22473E5	6.35926E5	5.35529E5	6.51093E5	4.32635E5	2.01186E5	1.21227E5	7.58343E4	4.93012E6	8.10195E6	1.54354E4	5440.68343	3258.367
418	1.57918E6	1.44029E6	1.23486E6	9.86769E5	8.65553E5	8.42182E5	8.45542E5	8.55108E5	8.04733E5	7.33329E5	6.53112E5	5.48286E5	5.64688E5	5.42441E5	2.13099E5	1.30743E5	7.75481E4	1.26322E6	1.24446E7	2.35785E4	6242.51599	3690.07134
420	1.64579E6	1.46487E6	1.24996E6	1.01783E6	8.69297E5	8.47075E5	8.59632E5	8.55845E5	8.11361E5	7.41291E5	6.62405E5	5.58285E5	5.08493E5	6.62874E5	2.27636E5	1.42228E5	8.24199E4	1.45601E5	1.43415E7	5.08985E4	7301.49519	3805.60192
422	1.66676E6	1.48654E6	1.27306E6	1.03344E6	8.89811E5	8.5282E5	8.63366E5	8.62443E5	8.19599E5	7.51933E5	6.7201E5	5.77739E5	4.88317E5	7.43971E5	2.42707E5	1.49746E5	8.78568E4	7.4312E4	1.33076E7	6.94444E5	8218.44952	4023.71393
424	1.61387E6	1.49272E6	1.28516E6	1.04428E6	8.88801E5	8.59572E5	8.56167E5	8.59026E5	8.24883E5	7.65267E5	6.81333E5	5.87977E5	4.92886E5	7.70462E5	2.65619E5	1.61285E5	9.70048E4	6.73853E4	9.69612E6	3.31901E6	1.04202E4	4251.0009
426	1.62419E6	1.51624E6	1.30044E6	1.05588E6	9.07711E5	8.61401E5	8.65624E5	8.64143E5	8.24745E5	7.71261E5	6.98886E5	5.96339E5	5.0369E5	7.28853E5	3.01606E5	1.72254E5	1.05838E5	6.67803E4	4.41421E6	8.33039E6	1.35189E4	4877.3291
428	1.62933E6	1.55149E6	1.33043E6	1.07523E6	9.17497E5	8.65163E5	8.64112E5	8.6598E5	8.27857E5	7.73515E5	7.05537E5	6.09246E5	5.11106E5	6.46983E5	3.56646E5	1.83095E5	1.14759E5	6.87763E4	1.03644E6	1.24909E7	2.14921E4	5044.06422
430	1.62913E6	1.52424E6	1.34246E6	1.07817E6	9.20276E5	8.6577E5	8.6042E5	8.55227E5	8.26044E5	7.7528E5	7.12578E5	6.2236E5	5.22957E5	5.61675E5	4.34037E5	1.94792E5	1.21887E5	7.19797E4	1.15316E5	1.39885E7	4.86779E4	6126.15518
432	1.65743E6	1.52987E6	1.36014E6	1.09562E6	9.31983E5	8.6601E5	8.54449E5	8.56732E5	8.31624E5	7.84134E5	7.14802E5	6.29429E5	5.34931E5	5.0739E5	5.25668E5	2.04069E5	1.30548E5	7.85912E4	6.47464E4	1.24577E7	6.62367E5	7209.58374
434	1.66547E6	1.56191E6	1.35634E6	1.10833E6	9.37153E5	8.72806E5	8.52305E5	8.63565E5	8.30845E5	7.87257E5	7.22416E5	6.38225E5	5.45027E5	4.76642E5	6.08246E5	2.1398E5	1.38776E5	8.50744E4	6.05835E4	8.39017E6	3.25599E6	8792.50947
436	1.67142E6	1.55471E6	1.35823E6	1.11848E6	9.46405E5	8.75344E5	8.50828E5	8.50778E5	8.30734E5	7.89416E5	7.3075E5	6.46198E5	5.52201E5	4.73067E5	6.49733E5	2.31291E5	1.47622E5	9.01402E4	5.99486E4	3.69877E6	7.62685E6	1.21068E4
438	1.66065E6	1.56288E6	1.37775E6	1.1307E6	9.45173E5	8.69328E5	8.54519E5	8.57662E5	8.30761E5	7.87785E5	7.34026E5	6.51771E5	5.62422E5	4.74461E5	6.49787E5	2.51241E5	1.57747E5	9.82293E4	6.15226E4	8.74189E5	1.15352E7	1.77936E4
440	1.65279E6	1.58664E6	1.37273E6	1.1385E6	9.48973E5	8.74189E5	8.52568E5	8.5534E5	8.22811E5	7.86507E5	7.35E5	6.58318E5	5.68041E5	4.84602E5	6.00959E5	2.86945E5	1.64426E5	1.04035E5	6.36383E4	9.97969E4	1.30746E7	3.44469E4
442	1.71815E6	1.57973E6	1.38167E6	1.15469E6	9.62769E5	8.67914E5	8.50626E5	8.43263E5	8.21014E5	7.85413E5	7.39142E5	6.60023E5	5.75979E5	4.89783E5	5.34675E5	3.32986E5	1.74054E5	1.10328E5	6.79548E4	6.18694E4	1.19232E7	3.87561E5
444	1.66427E6	1.56209E6	1.40403E6	1.15461E6	9.51907E5	8.70306E5	8.41358E5	8.37516E5	8.16246E5	7.88367E5	7.39645E5	6.65035E5	5.82656E5	4.95516E5	4.69662E5	4.00476E5	1.81848E5	1.18059E5	7.36318E4	5.57141E4	8.249E6	2.17043E6
446	1.64305E6	1.56482E6	1.3919E6	1.15765E6	9.64491E5	8.71968E5	8.39578E5	8.35672E5	8.19914E5	7.85464E5	7.43481E5	6.66399E5	5.86939E5	5.02696E5	4.29839E5	4.69337E5	1.90238E5	1.25073E5	7.83186E4	5.60556E4	3.66789E6	6.17152E6
448	1.62635E6	1.57279E6	1.39599E6	1.16036E6	9.73086E5	8.73123E5	8.33753E5	8.27526E5	8.13738E5	7.83986E5	7.39022E5	6.70443E5	5.92034E5	5.11132E5	4.11652E5	5.27293E5	2.00939E5	1.31518E5	8.59813E4	5.64942E4	8.81661E5	1.02352E7
450	1.63718E6	1.54534E6	1.40789E6	1.19166E6	9.79074E5	8.65928E5	8.33374E5	8.2427E5	8.09612E5	7.78536E5	7.38976E5	6.70947E5	5.97627E5	5.18424E5	4.12527E5	5.5335E5	2.1718E5	1.40143E5	9.26966E4	5.90185E4	1.05313E5	1.22132E7
452	1.65397E6	1.54487E6	1.41046E6	1.18415E6	9.7466E5	8.66389E5	8.3377E5	8.13466E5	8.04591E5	7.74391E5	7.36591E5	6.73015E5	6.04261E5	5.26649E5	4.12355E5	5.42125E5	2.36933E5	1.46236E5	9.74943E4	6.26115E4	5.67767E4	1.13551E7
454	1.63578E6	1.52282E6	1.38867E6	1.17477E6	9.75945E5	8.68064E5	8.18302E5	8.1193E5	7.98931E5	7.65595E5	7.34926E5	6.72614E5	6.0388E5	5.30325E5	4.19305E5	4.9922E5	2.71181E5	1.53935E5	1.02206E5	6.56886E4	5.07916E4	7.97304E6
456	1.60973E6	1.53288E6	1.41998E6	1.17499E6	9.83381E5	8.55686E5	8.13441E5	8.04875E5	7.85902E5	7.6656E5	7.27505E5	6.70796E5	6.07682E5	5.33751E5	4.20585E5	4.45645E5	3.1882E5	1.6108E5	1.09206E5	7.07523E4	4.89728E4	3.52241E6
458	1.653E6	1.53728E6	1.40714E6	1.18359E6	9.77848E5	8.55603E5	8.0202E5	7.91922E5	7.74069E5	7.58326E5	7.251E5	6.71714E5	6.08391E5	5.39448E5	4.29442E5	3.94578E5	3.76137E5	1.6688E5	1.14076E5	7.5493E4	4.99666E4	8.36105E5
460	1.57278E6	1.52976E6	1.38554E6	1.17965E6	9.79246E5	8.4969E5	8.01197E5	7.80076E5	7.7207E5	7.47638E5	7.1596E5	6.7134E5	6.04431E5	5.41086E5	4.31396E5	3.63723E5	4.2853E5	1.72992E5	1.19223E5	8.18084E4	5.1674E4	9.87053E4
462	1.62027E6	1.48901E6	1.36857E6	1.18047E6	9.63614E5	8.49665E5	7.92617E5	7.7438E5	7.62479E5	7.41009E5	7.16158E5	6.62642E5	6.03605E5	5.41911E5	4.34804E5	3.49576E5	4.62442E5	1.83199E5	1.25477E5	8.57242E4	5.49295E4	5.21669E4
464	1.5791E6	1.49033E6	1.3639E6	1.18061E6	9.71477E5	8.46069E5	7.82794E5	7.63993E5	7.48324E5	7.35277E5	7.06281E5	6.61293E5	6.05796E5	5.43238E5	4.39781E5	3.47811E5	4.67555E5	1.96739E5	1.2983E5	9.14488E4	5.77459E4	4.67901E4
466	1.57162E6	1.50114E6	1.3703E6	1.15824E6	9.66385E5	8.43949E5	7.75786E5	7.61156E5	7.41325E5	7.29617E5	7.04244E5	6.58886E5	6.04193E5	5.45328E5	4.43707E5	3.5105E5	4.47171E5	2.14834E5	1.35124E5	9.61641E4	6.13688E4	4.54286E4
468	1.79818E6	1.46698E6	1.36683E6	1.16753E6	9.64065E5	8.36724E5	7.74725E5	7.46385E5	7.33831E5	7.21114E5	6.92877E5	6.47054E5	5.99643E5	5.42918E5	4.45048E5	3.50694E5	4.04257E5	2.47084E5	1.4244E5	1.01095E5	6.6189E4	4.74001E4
470	2.63122E6	1.47257E6	1.34478E6	1.15487E6	9.59403E5	8.28752E5	7.66505E5	7.39458E5	7.23544E5	7.10199E5	6.88164E5	6.43646E5	5.97735E5	5.45397E5	4.43427E5	3.52817E5	3.5781E5	2.87635E5	1.46159E5	1.04676E5	6.95601E4	4.73851E4
472	4.57158E6	1.44383E6	1.33971E6	1.15387E6	9.56442E5	8.25727E5	7.64155E5	7.30558E5	7.13924E5	7.01222E5	6.83404E5	6.38194E5	5.94594E5	5.44054E5	4.4652E5	3.57544E5	3.21072E5	3.33231E5	1.51339E5	1.08559E5	7.44246E4	4.82902E4
474	7.87986E6	1.43431E6	1.3341E6	1.16368E6	9.43836E5	8.19727E5	7.44494E5	7.21655E5	7.01429E5	6.8946E5	6.78065E5	6.34012E5	5.90664E5	5.39325E5	4.47083E5	3.59688E5	3.03751E5	3.739E5	1.56888E5	1.12507E5	7.85159E4	5.13736E4
476	1.25763E7	1.41298E6	1.3231E6	1.14552E6	9.44999E5	8.15223E5	7.40142E5	7.04755E5	6.89613E5	6.80674E5	6.5954E5	6.25967E5	5.84274E5	5.34298E5	4.46021E5	3.6002E5	2.90756E5	3.97749E5	1.62971E5	1.16126E5	8.19163E4	5.39362E4
478	1.8442E7	1.43436E6	1.30562E6	1.14221E6	9.34577E5	7.98679E5	7.24912E5	6.95746E5	6.79477E5	6.62831E5	6.53199E5	6.16656E5	5.78024E5	5.36359E5	4.44399E5	3.58634E5	2.9009E5	3.96423E5	1.74963E5	1.20688E5	8.36721E4	5.61231E4
480	2.37723E7	1.39073E6	1.28266E6	1.12014E6	9.27815E5	7.94622E5	7.20881E5	6.9157E5	6.64878E5	6.58391E5	6.40382E5	6.09705E5	5.70141E5	5.28664E5	4.40027E5	3.58078E5	2.89235E5	3.71021E5	1.95981E5	1.24122E5	8.88291E4	5.89123E4
482	2.62304E7	1.38111E6	1.2676E6	1.11512E6	9.13022E5	7.84669E5	7.1086E5	6.73259E5	6.59606E5	6.48118E5	6.31259E5	5.93734E5	5.6325E5	5.25469E5	4.43515E5	3.59893E5	2.89243E5	3.33668E5	2.21026E5	1.26358E5	9.12187E4	6.26745E4
484	2.53973E7	1.35638E6	1.25004E6	1.10532E6	9.07971E5	7.74302E5	6.99387E5	6.6487E5	6.45902E5	6.35559E5	6.18338E5	5.89401E5	5.55835E5	5.22484E5	4.3643E5	3.58987E5	2.90141E5	2.91936E5	2.58312E5	1.29625E5	9.53729E4	6.74397E4
486	2.14985E7	1.41113E6	1.23812E6	1.08951E6	9.00063E5	7.62219E5	6.96017E5	6.50312E5	6.30613E5	6.21012E5	6.08008E5	5.80526E5	5.50332E5	5.14873E5	4.36192E5	3.57809E5	2.90108E5	2.62219E5	2.92969E5	1.34012E5	9.74722E4	6.93627E4
488	1.53787E7	1.78989E6	1.20943E6	1.08289E6	8.86161E5	7.65041E5	6.77842E5	6.38205E5	6.23203E5	6.09953E5	5.97984E5	5.71599E5	5.42683E5	5.09256E5	4.30887E5	3.53159E5	2.89541E5	2.48569E5	3.25329E5	1.3942E5	1.00718E5	7.11586E4
490	9.47459E6	3.11382E6	1.22528E6	1.06482E6	8.8923E5	7.55918E5	6.74834E5	6.33218E5	6.07513E5	5.97676E5	5.85578E5	5.6034E5	5.34884E5	5.0134E5	4.29364E5	3.5208E5	2.89983E5	2.37525E5	3.37455E5	1.44505E5	1.02103E5	7.50545E4
492	4.69117E6	6.05752E6	1.184E6	1.05215E6	8.8046E5	7.44515E5	6.68747E5	6.23761E5	5.9978E5	5.86853E5	5.7629E5	5.5096E5	5.25859E5	4.95994E5	4.26503E5	3.54286E5	2.8957E5	2.38488E5	3.33497E5	1.59075E5	1.05072E5	7.65811E4
494	2.21257E6	1.06417E7	1.18233E6	1.03639E6	8.62357E5	7.36548E5	6.54908E5	6.09292E5	5.84721E5	5.7804E5	5.64938E5	5.44671E5	5.20354E5	4.89639E5	4.18757E5	3.49284E5	2.90059E5	2.36768E5	3.08457E5	1.74573E5	1.06907E5	7.96025E4
496	1.51274E6	1.69758E7	1.15134E6	1.02566E6	8.51318E5	7.28093E5	6.41368E5	5.99504E5	5.77106E5	5.65977E5	5.54957E5	5.33246E5	5.05812E5	4.81483E5	4.154E5	3.4908E5	2.88433E5	2.36682E5	2.75057E5	2.00423E5	1.09354E5	8.01848E4
498	1.40476E6	2.39069E7	1.14417E6	1.02207E6	8.44814E5	7.19667E5	6.35624E5	5.8669E5	5.68595E5	5.57829E5	5.46095E5	5.2191E5	5.0297E5	4.73578E5	4.10426E5	3.44519E5	2.87559E5	2.37209E5	2.43092E5	2.278E5	1.11379E5	8.38291E4
500	1.32193E6	2.96799E7	1.11791E6	9.91825E5	8.32422E5	7.05169E5	6.28001E5	5.84472E5	5.54891E5	5.43341E5	5.37483E5	5.11372E5	4.91583E5	4.71817E5	4.03689E5	3.43096E5	2.83448E5	2.32982E5	2.18636E5	2.54953E5	1.13115E5	8.39838E4
502	1.28088E6	3.23006E7	1.14543E6	9.85028E5	8.16801E5	6.90435E5	6.08149E5	5.71227E5	5.44841E5	5.41033E5	5.25366E5	5.05303E5	4.87609E5	4.6645E5	4.03456E5	3.4041E5	2.85789E5	2.3401E5	2.03062E5	2.7464E5	1.18641E5	8.64722E4
504	1.27731E6	3.06255E7	1.13123E6	9.72853E5	8.12726E5	6.85847E5	6.05249E5	5.57566E5	5.34923E5	5.2117E5	5.17675E5	4.90911E5	4.72239E5	4.57866E5	3.95739E5	3.37377E5	2.84288E5	2.31572E5	1.95277E5	2.82719E5	1.25701E5	8.68912E4
506	1.21663E6	2.55454E7	1.17975E6	9.48401E5	7.91179E5	6.79347E5	5.91874E5	5.49769E5	5.25652E5	5.08752E5	5.0148E5	4.81805E5	4.62772E5	4.47476E5	3.91217E5	3.32761E5	2.77422E5	2.29581E5	1.9538E5	2.75342E5	1.32757E5	8.98125E4
508	1.25305E6	1.83221E7	1.6758E6	9.43117E5	7.91424E5	6.60462E5	5.83974E5	5.40984E5	5.19375E5	5.03547E5	4.90876E5	4.75077E5	4.52696E5	4.42426E5	3.86515E5	3.28153E5	2.7459E5	2.30638E5	1.92733E5	2.537E5	1.46471E5	9.11406E4
510	1.26774E6	1.09461E7	3.51537E6	9.30619E5	7.69969E5	6.57007E5	5.77128E5	5.31924E5	5.02894E5	4.91336E5	4.80761E5	4.6302E5	4.49963E5	4.35621E5	3.78935E5	3.22209E5	2.75506E5	2.30127E5	1.89438E5	2.26196E5	1.6438E5	9.03509E4
512	1.34759E6	4.96828E6	7.59076E6	9.22329E5	7.67018E5	6.44904E5	5.68293E5	5.18737E5	4.9701E5	4.82259E5	4.71292E5	4.55015E5	4.38649E5	4.20521E5	3.6864E5	3.2149E5	2.67591E5	2.27524E5	1.91888E5	1.97419E5	1.9249E5	9.30739E4
514	1.54797E6	2.17273E6	1.3487E7	9.04033E5	7.60278E5	6.30494E5	5.56013E5	5.08474E5	4.83089E5	4.72267E5	4.61292E5	4.44542E5	4.28957E5	4.15321E5	3.67354E5	3.16482E5	2.67545E5	2.23444E5	1.87011E5	1.7668E5	2.11325E5	9.59264E4
516	1.76675E6	1.31097E6	2.07421E7	8.86373E5	7.43448E5	6.20483E5	5.50056E5	5.02556E5	4.72871E5	4.5686E5	4.48678E5	4.32786E5	4.17576E5	4.07455E5	3.5688E5	3.0623E5	2.64768E5	2.22597E5	1.86981E5	1.66345E5	2.26199E5	9.94085E4
518	2.15371E6	1.19151E6	2.8523E7	8.92121E5	7.28192E5	6.16836E5	5.29498E5	4.87095E5	4.68989E5	4.45237E5	4.40382E5	4.28918E5	4.08356E5	4.01122E5	3.51857E5	3.03533E5	2.61672E5	2.21034E5	1.84736E5	1.60378E5	2.32169E5	1.02916E5
520	2.53733E6	1.11012E6	3.43478E7	8.63749E5	7.13629E5	5.98875E5	5.28819E5	4.8531E5	4.55845E5	4.38573E5	4.27823E5	4.14834E5	4.00951E5	3.89247E5	3.45853E5	2.98237E5	2.55245E5	2.17321E5	1.8471E5	1.54792E5	2.22492E5	1.11273E5
522	2.77233E6	1.06538E6	3.61359E7	8.58468E5	7.04309E5	5.944E5	5.21331E5	4.66542E5	4.44936E5	4.29498E5	4.21E5	4.08259E5	3.9623E5	3.79781E5	3.38773E5	2.96736E5	2.53524E5	2.13927E5	1.80613E5	1.5541E5	2.06607E5	1.22928E5
524	3.06635E6	1.0587E6	3.32068E7	8.66845E5	6.9652E5	5.80001E5	5.06817E5	4.56365E5	4.32945E5	4.1952E5	4.10477E5	3.96678E5	3.84594E5	3.76019E5	3.31033E5	2.90884E5	2.49415E5	2.12388E5	1.80471E5	1.53399E5	1.8385E5	1.36854E5
526	3.02239E6	1.01653E6	2.70966E7	9.10985E5	6.86945E5	5.69617E5	4.92404E5	4.4538E5	4.25539E5	4.14164E5	3.99025E5	3.85011E5	3.73062E5	3.65331E5	3.2309E5	2.83674E5	2.47272E5	2.10399E5	1.78886E5	1.50739E5	1.58858E5	1.56201E5
528	2.84578E6	9.78254E5	1.92359E7	1.52924E6	6.76215E5	5.60975E5	4.84442E5	4.42576E5	4.17413E5	3.93803E5	3.90432E5	3.72959E5	3.69675E5	3.58364E5	3.18328E5	2.79114E5	2.42071E5	2.06978E5	1.75856E5	1.50309E5	1.44071E5	1.71612E5
530	2.51683E6	9.64E5	1.11E7	3.75074E6	6.54494E5	5.46657E5	4.79248E5	4.33155E5	4.05379E5	3.89683E5	3.83009E5	3.68202E5	3.58474E5	3.51236E5	3.09225E5	2.73413E5	2.36275E5	2.06353E5	1.72172E5	1.46986E5	1.29992E5	1.85028E5
532	2.11796E6	9.73087E5	4.95874E6	8.50002E6	6.44944E5	5.41656E5	4.69323E5	4.21222E5	3.99171E5	3.80607E5	3.70145E5	3.57866E5	3.50091E5	3.46178E5	3.0484E5	2.66996E5	2.3129E5	1.99595E5	1.69091E5	1.46204E5	1.25238E5	1.88582E5
534	1.67543E6	1.06519E6	1.90891E6	1.57949E7	6.49764E5	5.28708E5	4.56942E5	4.13676E5	3.87166E5	3.72286E5	3.64462E5	3.50572E5	3.4167E5	3.3429E5	2.96989E5	2.58961E5	2.27943E5	1.9688E5	1.68551E5	1.4638E5	1.21307E5	1.8348E5
536	1.30052E6	1.22177E6	1.03955E6	2.43146E7	6.35633E5	5.18319E5	4.45653E5	3.9829E5	3.76561E5	3.5849E5	3.53548E5	3.40384E5	3.32017E5	3.2678E5	2.88141E5	2.55003E5	2.22412E5	1.9616E5	1.66387E5	1.39592E5	1.19501E5	1.69034E5
538	1.10725E6	1.48574E6	9.3809E5	3.24404E7	6.16128E5	5.11874E5	4.38606E5	3.95593E5	3.70484E5	3.56417E5	3.44472E5	3.31498E5	3.25431E5	3.15508E5	2.83371E5	2.487E5	2.17629E5	1.88827E5	1.62298E5	1.39612E5	1.16846E5	1.46118E5
540	9.2617E5	1.80028E6	8.72167E5	3.81038E7	6.18067E5	5.0022E5	4.29874E5	3.87119E5	3.61723E5	3.42728E5	3.33322E5	3.24892E5	3.14277E5	3.08812E5	2.72232E5	2.39353E5	2.11898E5	1.8582E5	1.61796E5	1.39624E5	1.15173E5	1.27913E5
542	8.58335E5	2.17658E6	8.43399E5	3.91604E7	6.07837E5	4.92275E5	4.25105E5	3.77982E5	3.48573E5	3.34016E5	3.2461E5	3.14412E5	3.07605E5	2.99862E5	2.68118E5	2.3871E5	2.08307E5	1.80675E5	1.55408E5	1.36191E5	1.11869E5	1.10724E5
544	8.253E5	2.58332E6	8.09336E5	3.52446E7	6.0942E5	4.79687E5	4.10967E5	3.65521E5	3.38878E5	3.26894E5	3.1937E5	3.08641E5	2.99726E5	2.92377E5	2.6183E5	2.28221E5	2.01548E5	1.76867E5	1.54949E5	1.30491E5	1.10384E5	1.00864E5
546	7.96376E5	2.85958E6	7.72789E5	2.82303E7	7.12265E5	4.69626E5	4.03804E5	3.5553E5	3.32209E5	3.16142E5	3.08274E5	2.9591E5	2.90435E5	2.83123E5	2.54506E5	2.26959E5	2.00422E5	1.73094E5	1.50417E5	1.30962E5	1.11837E5	9.41104E4
548	7.90982E5	3.00592E6	7.57156E5	1.94409E7	1.53438E6	4.6512E5	3.93412E5	3.53002E5	3.2309E5	3.12229E5	2.99564E5	2.88375E5	2.82006E5	2.74717E5	2.50823E5	2.19351E5	1.96838E5	1.70545E5	1.49712E5	1.2719E5	1.06975E5	9.16604E4
550	7.81336E5	2.92924E6	7.4743E5	1.10325E7	4.23149E6	4.53115E5	3.83307E5	3.49602E5	3.1558E5	3.07783E5	2.92847E5	2.78372E5	2.73436E5	2.72975E5	2.42023E5	2.13856E5	1.87841E5	1.66292E5	1.44199E5	1.25266E5	1.0697E5	9.07546E4
552	7.59025E5	2.68416E6	7.2687E5	4.77446E6	9.58632E6	4.44787E5	3.80173E5	3.36627E5	3.07405E5	2.91741E5	2.84636E5	2.73312E5	2.64115E5	2.62864E5	2.35146E5	2.09245E5	1.84135E5	1.63633E5	1.42691E5	1.24144E5	1.0485E5	8.93755E4
554	7.35605E5	2.29244E6	7.24716E5	1.70593E6	1.72789E7	4.4518E5	3.71111E5	3.27409E5	3.01548E5	2.88138E5	2.7722E5	2.64802E5	2.61898E5	2.56946E5	2.30082E5	2.04523E5	1.82416E5	1.58E5	1.37014E5	1.18961E5	1.03674E5	8.65321E4
556	7.06951E5	1.89398E6	7.63993E5	8.27241E5	2.58826E7	4.3503E5	3.61435E5	3.20553E5	2.9561E5	2.78015E5	2.70098E5	2.62404E5	2.5316E5	2.47783E5	2.25335E5	1.97906E5	1.77306E5	1.55267E5	1.35461E5	1.19595E5	1.00627E5	8.51496E4
558	7.01161E5	1.45146E6	8.7135E5	7.33755E5	3.42493E7	4.31347E5	3.50182E5	3.12109E5	2.90299E5	2.73511E5	2.61566E5	2.50924E5	2.4919E5	2.40727E5	2.17754E5	1.94474E5	1.70756E5	1.51931E5	1.33498E5	1.16152E5	9.92898E4	8.44878E4
560	6.87255E5	1.11525E6	1.0303E6	6.67448E5	3.98484E7	4.24298E5	3.5153E5	3.07041E5	2.81915E5	2.63979E5	2.57923E5	2.4617E5	2.39384E5	2.35624E5	2.12585E5	1.8916E5	1.6993E5	1.51692E5	1.30679E5	1.1177E5	9.60917E4	8.22629E4
562	6.52144E5	8.55745E5	1.30733E6	6.47038E5	4.08807E7	4.30895E5	3.35685E5	2.97101E5	2.75149E5	2.6E5	2.48593E5	2.40626E5	2.35361E5	2.25751E5	2.05967E5	1.83665E5	1.6524E5	1.46415E5	1.26348E5	1.10497E5	9.43884E4	8.12926E4
564	6.52692E5	6.91957E5	1.65928E6	6.18036E5	3.66976E7	4.43123E5	3.27763E5	2.93414E5	2.66436E5	2.55215E5	2.41039E5	2.29759E5	2.27289E5	2.22191E5	2.00152E5	1.78475E5	1.5963E5	1.40827E5	1.24995E5	1.08835E5	9.41368E4	7.99239E4
566	6.79434E5	6.49232E5	2.04368E6	5.96936E5	2.93242E7	5.3911E5	3.28837E5	2.86171E5	2.60808E5	2.46951E5	2.32998E5	2.24158E5	2.20965E5	2.17117E5	1.95251E5	1.7393E5	1.57783E5	1.38063E5	1.21095E5	1.06331E5	9.06047E4	7.5947E4
568	6.35105E5	6.08306E5	2.38871E6	5.80832E5	1.9865E7	1.45479E6	3.25121E5	2.76985E5	2.52513E5	2.41896E5	2.32833E5	2.20063E5	2.13403E5	2.08871E5	1.88062E5	1.65787E5	1.51353E5	1.33441E5	1.19086E5	1.03581E5	8.89864E4	7.73825E4
570	6.31617E5	5.80942E5	2.65069E6	5.7277E5	1.08766E7	4.51371E6	3.12773E5	2.69467E5	2.48635E5	2.32811E5	2.2442E5	2.1366E5	2.08262E5	2.02775E5	1.82934E5	1.66074E5	1.49162E5	1.30884E5	1.14855E5	1.01083E5	8.66737E4	7.44481E4
572	6.5516E5	5.28159E5	2.72357E6	5.67099E5	4.50398E6	1.0413E7	3.12444E5	2.6491E5	2.41265E5	2.26352E5	2.15912E5	2.06285E5	2.01463E5	1.9758E5	1.80204E5	1.59558E5	1.44441E5	1.29822E5	1.11357E5	9.79242E4	8.64677E4	7.42324E4
574	5.98747E5	5.34377E5	2.59468E6	5.52504E5	1.44407E6	1.85333E7	3.10923E5	2.61988E5	2.36713E5	2.22004E5	2.09252E5	2.00927E5	1.9491E5	1.91997E5	1.71858E5	1.56517E5	1.39028E5	1.24159E5	1.11913E5	9.46947E4	8.26057E4	7.06989E4
576	6.07712E5	5.23692E5	2.32398E6	5.48158E5	6.47583E5	2.72885E7	3.04004E5	2.55468E5	2.25657E5	2.12198E5	1.99538E5	1.96186E5	1.90601E5	1.85627E5	1.66242E5	1.50126E5	1.33064E5	1.20047E5	1.05499E5	9.20251E4	8.23313E4	6.84403E4
578	5.85366E5	5.03427E5	1.98349E6	5.38824E5	5.67854E5	3.52157E7	3.01348E5	2.5173E5	2.25773E5	2.04474E5	1.99358E5	1.8929E5	1.83726E5	1.78991E5	1.62206E5	1.46306E5	1.31086E5	1.15587E5	1.01945E5	9.08908E4	7.6583E4	6.69202E4
580	5.71094E5	5.15458E5	1.54865E6	6.13032E5	5.2546E5	4.05809E7	3.05383E5	2.41105E5	2.17281E5	2.02434E5	1.88566E5	1.80778E5	1.78786E5	1.76348E5	1.57538E5	1.40578E5	1.26426E5	1.12188E5	1.0121E5	8.77706E4	7.82653E4	6.64587E4
582	5.84174E5	4.9756E5	1.16088E6	7.12556E5	5.07747E5	4.11016E7	3.05121E5	2.43083E5	2.12508E5	1.95246E5	1.90815E5	1.77136E5	1.71039E5	1.69535E5	1.51916E5	1.36303E5	1.21773E5	1.10567E5	9.77455E4	8.71612E4	7.37824E4	6.44375E4
584	5.34457E5	4.99356E5	8.84084E5	8.96632E5	4.86352E5	3.65127E7	3.22826E5	2.34123E5	2.07372E5	1.93357E5	1.82135E5	1.71444E5	1.64296E5	1.6363E5	1.48288E5	1.32846E5	1.1779E5	1.07154E5	9.37522E4	8.53945E4	7.423E4	6.3273E4
586	5.33312E5	4.56723E5	6.51292E5	1.18536E6	4.93879E5	2.87016E7	4.13587E5	2.33853E5	2.04328E5	1.8635E5	1.75458E5	1.66904E5	1.62799E5	1.60743E5	1.42788E5	1.30069E5	1.16145E5	1.02322E5	9.26258E4	8.18354E4	7.2186E4	6.24944E4
588	5.58277E5	4.58317E5	5.41012E5	1.48848E6	4.79868E5	1.9039E7	1.32915E6	2.30471E5	1.99614E5	1.80516E5	1.72211E5	1.62683E5	1.59879E5	1.55449E5	1.40359E5	1.23772E5	1.12606E5	1.01137E5	8.80855E4	8.01041E4	6.95187E4	5.98644E4
590	5.25445E5	4.7492E5	5.02449E5	1.8359E6	4.70627E5	9.89837E6	4.6019E6	2.2463E5	1.91379E5	1.78209E5	1.67437E5	1.57551E5	1.54547E5	1.50121E5	1.35744E5	1.2035E5	1.08786E5	9.64084E4	8.55704E4	7.68075E4	6.63272E4	5.81308E4
592	5.17019E5	4.5604E5	4.64184E5	2.16669E6	4.61786E5	3.76368E6	1.11553E7	2.23366E5	1.8798E5	1.70766E5	1.62098E5	1.53741E5	1.50761E5	1.45166E5	1.29171E5	1.17262E5	1.06703E5	9.49761E4	8.3789E4	7.54181E4	6.54458E4	5.68968E4
594	5.40493E5	4.65822E5	4.46766E5	2.36512E6	4.60046E5	1.11616E6	1.98304E7	2.2107E5	1.84181E5	1.66753E5	1.5517E5	1.49106E5	1.41179E5	1.38478E5	1.2547E5	1.15509E5	1.01888E5	9.345E4	8.46902E4	7.37963E4	6.14213E4	5.58661E4
596	5.09636E5	4.6329E5	4.41246E5	2.40792E6	4.54981E5	4.89446E5	2.90079E7	2.20443E5	1.7695E5	1.62712E5	1.49616E5	1.41569E5	1.38946E5	1.3572E5	1.23342E5	1.1084E5	9.77582E4	8.89213E4	8.00113E4	7.17051E4	6.12413E4	5.38431E4
598	4.77347E5	4.39356E5	4.23671E5	2.28854E6	4.53323E5	4.33999E5	3.70924E7	2.15323E5	1.75912E5	1.58829E5	1.49816E5	1.39505E5	1.38235E5	1.33394E5	1.2093E5	1.08059E5	9.79466E4	8.56311E4	7.80355E4	7.08254E4	5.96421E4	5.08489E4
600	4.83435E5	4.47685E5	4.38258E5	2.04271E6	4.63381E5	4.08104E5	4.15706E7	2.19171E5	1.73933E5	1.53148E5	1.43413E5	1.35702E5	1.32211E5	1.27639E5	1.17461E5	1.04892E5	9.37114E4	8.56645E4	7.54682E4	6.85734E4	5.74439E4	4.95748E4
