300	2.61485E5	1.83507E5	2.10444E5	2.52222E6	4.03643E5	4.0135E5	3.96221E7	1.67053E5	2.54996E4	1.55222E4	1.15109E4	8229.61055	6920.33533	7005.47734	5101.937	4235.28418	3973.57331	3665.34284	3379.16508	2738.97093	3269.22158	2304.96397
302	2.85082E5	1.98604E5	2.20556E5	1.69955E6	7.25519E5	2.51738E5	3.46714E7	1.93883E6	2.94388E4	1.66163E4	1.13329E4	8524.53564	7015.90365	6781.69876	5078.8708	4838.73227	4028.88195	3424.50492	3010.02878	3034.55736	2855.21205	2520.61441
304	2.96873E5	2.12373E5	2.27296E5	1.01405E6	1.27991E6	2.40077E5	2.26059E7	8.29554E6	3.26469E4	1.65953E4	1.25699E4	8637.00812	6862.31419	6444.23557	5423.94526	4968.31018	4169.56399	2994.37999	4091.15675	3325.98413	2782.24187	2235.57333
306	2.94911E5	2.17384E5	2.4939E5	5.60592E5	1.99238E6	2.41827E5	9.78039E6	2.03516E7	4.10018E4	1.84486E4	1.16846E4	9083.5782	7130.14956	6765.38848	5872.30919	4724.69131	4381.86957	3423.91024	2897.83007	2917.82277	2445.95394	2172.95083
308	3.21867E5	2.34218E5	2.49617E5	3.76295E5	2.61201E6	2.46371E5	2.40426E6	3.32321E7	6.10781E4	2.00471E4	1.25713E4	9134.43641	7063.31418	6583.93241	5102.19128	4306.8408	4397.4595	2910.03668	3121.35079	2896.37073	2902.4327	2370.74556
310	3.40501E5	2.26376E5	2.60076E5	3.42647E5	2.7604E6	2.67231E5	3.40547E5	3.87712E7	1.73082E5	2.2167E4	1.44026E4	9579.11219	6770.24398	6153.40673	5855.23695	4764.34203	3982.27702	4034.84477	3177.24347	2969.71063	2404.13283	2451.66185
312	3.64277E5	2.44162E5	2.70959E5	3.41593E5	2.37093E6	3.53719E5	1.92171E5	3.44181E7	1.97373E6	2.50987E4	1.32085E4	1.07385E4	8010.88796	6998.37759	5600.64579	4064.2146	3581.93112	3301.54194	3173.34081	2900.73145	2479.52911	2183.82911
314	3.54062E5	2.58656E5	2.79516E5	3.47539E5	1.64337E6	6.14965E5	1.7133E5	2.19097E7	8.95201E6	2.95464E4	1.55294E4	1.16055E4	7479.55727	6774.8338	5440.01888	4623.03454	3767.99562	3373.19393	3091.78571	2730.80113	2740.65156	2102.51764
316	3.46593E5	2.81195E5	2.98201E5	3.48454E5	1.01594E6	1.09439E6	1.68578E5	9.14201E6	2.06454E7	3.79276E4	1.54297E4	1.13633E4	8028.65523	6564.81142	5550.88036	4389.78718	3514.78627	3683.19591	3186.72215	2969.70954	2290.84485	2127.74578
318	3.88802E5	2.8864E5	3.10667E5	3.51088E5	6.17254E5	1.70724E6	1.68947E5	2.18801E6	3.08546E7	5.34984E4	1.81896E4	1.20999E4	8117.44762	7076.08803	5555.41853	4153.63871	4065.23749	3346.33362	2729.30282	2862.60964	2523.46941	2208.54104
320	3.82835E5	2.9077E5	3.22954E5	3.61823E5	4.54118E5	2.22447E6	1.76963E5	2.76158E5	3.45408E7	1.63706E5	1.95175E4	1.23198E4	8229.18026	7069.12175	5663.07407	4321.04217	3764.02782	3189.06207	3319.81399	2765.66852	2794.27556	2288.16913
322	3.78601E5	3.13784E5	3.28867E5	3.64326E5	4.00194E5	2.32586E6	1.93356E5	1.63399E5	2.96695E7	1.75964E6	2.29391E4	1.20301E4	8448.04206	6444.19693	5192.56573	4256.26677	3724.93789	3500.61729	2997.1087	2507.37165	2855.70308	2360.63488
324	3.96445E5	3.07418E5	3.20588E5	3.71265E5	3.95446E5	2.00254E6	2.66102E5	1.38835E5	1.87987E7	7.49683E6	2.67039E4	1.24882E4	9202.61072	6180.39784	6034.64812	4355.9292	3801.44214	3089.62557	2986.15043	2544.29249	2169.0911	2050.16454
326	4.22772E5	3.11983E5	3.35717E5	3.70363E5	3.99109E5	1.45701E6	4.52217E5	1.42054E5	7.86827E6	1.74298E7	3.41145E4	1.41051E4	1.04128E4	7461.22322	5426.6914	4626.44422	3595.34201	3068.51789	3270.53418	2410.32423	2464.07418	2087.3889
328	4.28071E5	3.23451E5	3.49529E5	3.91873E5	3.98601E5	9.4613E5	8.04573E5	1.38594E5	1.91372E6	2.61845E7	4.90294E4	1.45901E4	1.03489E4	7446.04563	5496.86974	4939.54657	3810.67879	3055.88123	2989.37698	2677.99905	2446.00352	2135.61932
330	4.38401E5	3.43485E5	3.5614E5	3.98048E5	4.0767E5	5.99655E5	1.3171E6	1.46178E5	2.49905E5	2.98735E7	1.4496E5	1.63509E4	1.04831E4	8435.31155	6037.94434	4828.39092	3896.4208	3221.25233	2808.79169	2711.22291	2374.34319	2076.03803
332	4.39551E5	3.54663E5	3.56219E5	3.97551E5	4.15536E5	4.32243E5	1.73527E6	1.55321E5	1.45067E5	2.66509E7	1.55664E6	1.94476E4	1.136E4	8060.13481	5641.81785	4614.93471	3561.3914	3142.92759	3089.94522	2468.56249	2222.8528	2096.00339
334	4.55048E5	3.65449E5	3.71945E5	3.96461E5	4.19534E5	3.88722E5	1.92667E6	1.68151E5	1.31087E5	1.79612E7	6.65427E6	2.28552E4	1.09999E4	8895.48654	5925.52397	4449.82615	3986.31731	3081.8942	2587.38256	2656.28292	2480.89716	2017.83308
336	4.8317E5	3.8024E5	3.79677E5	4.03472E5	4.14269E5	3.80805E5	1.76829E6	2.18092E5	1.32382E5	8.00448E6	1.5368E7	2.81128E4	1.14878E4	8346.4991	5808.60138	4407.10962	3542.98828	3200.64937	2612.14813	2716.18254	1968.64295	1895.34859
338	4.86038E5	3.85343E5	3.94213E5	4.06006E5	4.22742E5	3.84387E5	1.36003E6	3.50459E5	1.33815E5	2.16083E6	2.27576E7	4.10541E4	1.30175E4	9203.84214	6281.23856	4692.9537	3654.63623	3043.48319	2545.2459	2467.6536	2548.6647	2129.02665
340	5.42045E5	3.99602E5	3.94232E5	4.09641E5	4.31919E5	3.96465E5	9.00554E5	6.21319E5	1.40034E5	2.7265E5	2.57448E7	1.07672E5	1.35019E4	8988.18669	6783.25757	4597.49756	3762.64259	2864.98444	2794.3929	2253.03056	2195.25039	2310.05034
342	5.24771E5	4.38176E5	4.02954E5	4.14862E5	4.30842E5	4.02798E5	5.85514E5	9.90799E5	1.45914E5	1.38972E5	2.30799E7	1.16531E6	1.59025E4	9507.86406	6471.60802	4353.79451	3738.86073	2679.54849	2632.01453	2157.77131	2364.04187	1930.3471
344	5.88642E5	4.34791E5	4.11735E5	4.2605E5	4.38238E5	4.09273E5	4.15305E5	1.39826E6	1.58421E5	1.25181E5	1.53699E7	5.64755E6	1.98698E4	9947.13471	6346.94941	4780.68459	3771.65371	3042.20279	2438.82614	2460.5442	2397.49602	1869.12473
346	5.83495E5	4.52556E5	4.25068E5	4.32718E5	4.53845E5	4.20297E5	3.66524E5	1.60623E6	1.78821E5	1.28857E5	6.93955E6	1.30063E7	2.50671E4	1.03829E4	6679.82318	4374.04918	3706.0278	2860.4143	2386.74479	2206.39665	2135.43307	1874.80837
348	5.82449E5	4.88089E5	4.44538E5	4.34315E5	4.50842E5	4.3125E5	3.65834E5	1.53654E6	2.20302E5	1.41196E5	1.70024E6	1.95482E7	3.6046E4	1.16966E4	6984.71143	4931.22807	4100.63607	3265.97019	2534.84232	2519.4896	2062.34955	1787.22422
350	6.35501E5	5.21446E5	4.63026E5	4.55953E5	4.657E5	4.45521E5	3.80071E5	1.25101E6	3.18819E5	1.49461E5	2.47784E5	2.1671E7	8.41109E4	1.33816E4	7342.33919	5026.83262	3905.10213	3000.94657	2831.93447	2174.15559	1993.93882	1572.52156
352	6.78464E5	5.24246E5	4.76094E5	4.55731E5	4.71501E5	4.60479E5	3.88796E5	8.85293E5	5.2167E5	1.6405E5	1.40135E5	1.91702E7	1.07539E6	1.45903E4	8044.88937	5328.92244	3474.0641	2589.14708	2648.95573	2326.28082	1987.32373	1754.88513
354	6.82525E5	5.46488E5	4.99427E5	4.64393E5	4.79241E5	4.71344E5	4.02873E5	6.11126E5	7.9594E5	1.80908E5	1.33655E5	1.30816E7	4.77692E6	1.79411E4	8385.95892	5559.92194	3704.05381	2991.82939	2619.04416	2442.98966	2066.27309	1632.69182
356	7.00128E5	5.79742E5	5.1816E5	4.817E5	4.88803E5	4.83214E5	4.24571E5	4.55781E5	1.10052E6	1.97388E5	1.40032E5	5.91617E6	1.13246E7	2.23494E4	8937.32695	5526.99799	3806.03291	3394.77407	2789.90015	2138.30211	1998.66427	1766.41026
358	7.50072E5	6.03796E5	5.4104E5	4.98009E5	4.9524E5	4.95513E5	4.47501E5	4.0914E5	1.31672E6	2.20149E5	1.54152E5	1.55175E6	1.70167E7	3.36773E4	9208.6521	5724.68632	4447.24256	3158.90165	2561.44162	2188.3142	2018.24089	1609.8025
360	7.75251E5	6.6124E5	5.54435E5	5.14668E5	5.1441E5	5.13803E5	4.6799E5	4.13533E5	1.33959E6	2.54593E5	1.68015E5	2.30426E5	1.92346E7	7.85267E4	1.08076E4	5791.56287	4393.6785	3262.82946	2513.78458	1965.55549	1818.49528	1691.01122
362	8.19246E5	6.75753E5	5.82052E5	5.29365E5	5.29485E5	5.31118E5	4.90239E5	4.31243E5	1.18609E6	3.17264E5	1.82986E5	1.38019E5	1.76363E7	9.77016E5	1.1655E4	6207.75007	5030.5839	3136.25808	2665.81129	2530.81473	2151.99541	1973.09868
364	8.47372E5	7.12263E5	6.04339E5	5.56505E5	5.48154E5	5.43745E5	5.11889E5	4.53411E5	9.18654E5	4.48653E5	1.99633E5	1.32393E5	1.26068E7	4.6108E6	1.4223E4	6462.90809	4717.87515	3204.84266	2599.17176	2236.93933	2024.57511	1631.96104
366	9.07939E5	7.48878E5	6.33659E5	5.72591E5	5.55488E5	5.64283E5	5.38855E5	4.84083E5	6.81899E5	6.57482E5	2.2054E5	1.39436E5	5.80871E6	1.10624E7	1.93802E4	7062.00243	4777.15365	3487.41367	2665.97905	2400.31556	2061.34214	1691.24209
368	9.40689E5	7.98532E5	6.78551E5	5.96094E5	5.80174E5	5.88866E5	5.62239E5	5.05144E5	5.43815E5	9.12376E5	2.40665E5	1.49362E5	1.56747E6	1.61812E7	2.91608E4	7967.84622	4611.71819	4169.32369	2992.81865	2355.50949	1809.10718	1783.88999
370	9.8071E5	8.42304E5	7.10176E5	6.104E5	5.93308E5	6.06085E5	5.83191E5	5.34871E5	5.03066E5	1.13705E6	2.64829E5	1.64385E5	2.05989E5	1.8091E7	7.36709E4	8968.39879	5176.11824	3585.76402	2813.94488	2247.60668	2033.02191	1900.08565
372	9.88258E5	8.66616E5	7.32275E5	6.32191E5	6.06906E5	6.25725E5	6.0659E5	5.66129E5	4.97782E5	1.20124E6	2.96059E5	1.78421E5	1.24114E5	1.62086E7	9.02907E5	1.05113E4	5488.60829	4181.54744	2620.74555	2285.13238	2151.94916	1526.28008
374	1.03876E6	9.21843E5	7.76816E5	6.64449E5	6.26799E5	6.35485E5	6.38932E5	5.88264E5	5.17022E5	1.1267E6	3.46654E5	1.9536E5	1.17198E5	1.12134E7	4.16644E6	1.27756E4	5800.3431	3672.34804	3063.85421	2358.64542	2044.33044	1758.38756
376	1.08355E6	9.6056E5	7.94751E5	6.81803E5	6.41251E5	6.6366E5	6.61124E5	6.17041E5	5.35132E5	9.52483E5	4.40632E5	2.11832E5	1.21847E5	5.09651E6	9.45516E6	1.728E4	6734.58961	3779.73997	3060.70593	2407.88608	2033.3341	1848.55253
378	1.16718E6	9.85623E5	8.4207E5	7.07662E5	6.67728E5	6.7956E5	6.90797E5	6.46082E5	5.65863E5	7.58285E5	5.95775E5	2.31762E5	1.33494E5	1.27925E6	1.3964E7	2.6006E4	6869.2561	4467.88841	3437.7537	2700.72822	2148.30447	1806.61062
380	1.15739E6	1.06472E6	8.71881E5	7.2799E5	6.98E5	7.06789E5	7.15151E5	6.75627E5	5.94992E5	6.32213E5	7.9273E5	2.49219E5	1.44589E5	1.80941E5	1.55958E7	6.22217E4	7790.58423	4405.46352	3599.86078	2451.14023	2106.87286	1890.03783
382	1.24179E6	1.07299E6	9.07901E5	7.5997E5	7.24077E5	7.40112E5	7.41149E5	7.11063E5	6.25894E5	5.78238E5	9.87351E5	2.74544E5	1.6176E5	1.14479E5	1.42976E7	7.12511E5	9681.33926	4883.32186	3667.77619	2598.23983	2108.71498	2041.25396
384	1.32244E6	1.16183E6	9.48196E5	7.92725E5	7.39132E5	7.62589E5	7.79263E5	7.42856E5	6.58686E5	5.72639E5	1.09572E6	3.01167E5	1.80248E5	1.1298E5	1.02599E7	3.34929E6	1.16144E4	5049.13608	3367.21987	2912.61754	2196.05762	1793.63058
386	1.36745E6	1.21809E6	9.96969E5	8.19264E5	7.74539E5	7.86942E5	8.07534E5	7.78037E5	6.9174E5	5.86564E5	1.08452E6	3.39986E5	1.95872E5	1.17952E5	4.83872E6	8.26407E6	1.60446E4	5225.17105	3614.27729	3270.62894	2117.78497	2125.084
388	1.40204E6	1.25572E6	1.02767E6	8.40845E5	7.93879E5	8.11315E5	8.32925E5	8.12123E5	7.20243E5	6.10493E5	9.81414E5	4.1022E5	2.14522E5	1.27809E5	1.35511E6	1.25445E7	2.41418E4	6489.50038	3693.60039	3481.83123	2399.77125	1824.38028
390	1.4765E6	1.28348E6	1.08794E6	8.86715E5	8.1314E5	8.31897E5	8.63842E5	8.45839E5	7.53793E5	6.42107E5	8.3155E5	5.24175E5	2.36079E5	1.44171E5	1.92066E5	1.46835E7	5.87325E4	7521.24768	4109.65586	3685.86897	2583.26971	2083.29954
392	1.52909E6	1.36161E6	1.12089E6	9.03313E5	8.38428E5	8.63194E5	8.91173E5	8.66319E5	7.85997E5	6.6275E5	7.05201E5	6.82419E5	2.5543E5	1.58397E5	1.10535E5	1.37429E7	8.23839E5	8697.39969	4735.32373	3521.16799	2766.66708	2006.55936
394	1.5517E6	1.39002E6	1.13691E6	9.30796E5	8.66623E5	8.83406E5	9.1385E5	8.96428E5	8.07023E5	6.94261E5	6.40193E5	8.46721E5	2.79811E5	1.75E5	1.04482E5	1.01861E7	3.54468E6	1.09796E4	4881.54299	3725.90136	2977.25897	2191.77385
396	1.61418E6	1.42431E6	1.18688E6	9.65476E5	8.87342E5	9.0547E5	9.46943E5	9.32474E5	8.37077E5	7.15755E5	6.18383E5	9.77912E5	3.01971E5	1.90732E5	1.09125E5	4.88224E6	8.38516E6	1.50397E4	5341.62168	3720.94678	3200.86936	2162.26112
398	1.65742E6	1.49307E6	1.22975E6	1.00176E6	9.05168E5	9.28897E5	9.61771E5	9.53779E5	8.64779E5	7.45305E5	6.30236E5	1.02004E6	3.35775E5	2.08292E5	1.18579E5	1.34598E6	1.21391E7	2.15827E4	6102.29998	3788.43387	3374.44462	2411.84678
400	1.70849E6	1.53107E6	1.27299E6	1.02785E6	9.31627E5	9.51713E5	9.82759E5	9.73342E5	8.9273E5	7.71598E5	6.48792E5	9.58885E5	3.85677E5	2.2998E5	1.314E5	1.87147E5	1.35727E7	4.88223E4	7196.11084	3823.78978	3153.96447	2451.22453
402	1.80196E6	1.57397E6	1.31874E6	1.05357E6	9.54674E5	9.70653E5	1.00745E6	1.00839E6	9.15206E5	7.9816E5	6.71301E5	8.46808E5	4.68685E5	2.48977E5	1.43916E5	9.97802E4	1.22866E7	6.02819E5	7839.11283	4192.79749	3102.12913	2615.32548
404	1.81458E6	1.59133E6	1.35568E6	1.08351E6	9.74703E5	9.88175E5	1.02703E6	1.03051E6	9.42909E5	8.24364E5	6.93245E5	7.32587E5	5.84814E5	2.6994E5	1.57471E5	9.72819E4	8.54519E6	2.95813E6	1.01791E4	4724.66595	3213.52881	2547.0491
406	1.82426E6	1.6237E6	1.38117E6	1.11517E6	9.93824E5	1.0102E6	1.04696E6	1.04526E6	9.65236E5	8.53683E5	7.22466E5	6.62827E5	7.27252E5	2.91135E5	1.73556E5	9.98391E4	3.94309E6	7.23166E6	1.33298E4	5194.2462	3452.29369	2869.12135
408	1.88442E6	1.70006E6	1.40945E6	1.14067E6	1.01279E6	1.02094E6	1.068E6	1.06773E6	9.86987E5	8.74434E5	7.4096E5	6.2945E5	8.58202E5	3.14815E5	1.88684E5	1.0617E5	9.90995E5	1.11048E7	2.05048E4	5679.9838	3623.09292	3110.80091
410	1.92808E6	1.72033E6	1.44654E6	1.15789E6	1.03188E6	1.03608E6	1.08068E6	1.09103E6	1.01095E6	8.96404E5	7.68643E5	6.34667E5	9.33871E5	3.40857E5	2.05475E5	1.16599E5	1.37425E5	1.27481E7	4.19059E4	6633.14588	3880.47986	3122.80864
412	1.93199E6	1.79926E6	1.48252E6	1.19934E6	1.04477E6	1.05275E6	1.09117E6	1.10153E6	1.02974E6	9.2187E5	7.92542E5	6.52735E5	9.31601E5	3.76264E5	2.20231E5	1.26913E5	8.86486E4	1.16526E7	4.84158E5	8068.51724	3925.08627	2721.99059
414	1.97799E6	1.78306E6	1.50298E6	1.20786E6	1.06531E6	1.0609E6	1.10058E6	1.11025E6	1.04556E6	9.41742E5	8.14856E5	6.6924E5	8.65887E5	4.3485E5	2.38032E5	1.39718E5	8.47831E4	8.3172E6	2.45662E6	9850.94318	4200.01264	2808.72633
416	2.05112E6	1.81672E6	1.54031E6	1.23812E6	1.08655E6	1.07441E6	1.1147E6	1.12913E6	1.06005E6	9.59761E5	8.34851E5	6.91465E5	7.72848E5	5.23136E5	2.57285E5	1.52787E5	8.79221E4	3.85129E6	6.44855E6	1.29996E4	4775.96759	2947.60685
418	2.04598E6	1.86251E6	1.5608E6	1.24903E6	1.10918E6	1.08402E6	1.12032E6	1.13695E6	1.07776E6	9.78639E5	8.56956E5	7.16123E5	6.88658E5	6.369E5	2.76115E5	1.64948E5	9.35217E4	1.00504E6	1.03798E7	1.99194E4	5313.89226	3064.34911
420	2.07163E6	1.8771E6	1.60133E6	1.28369E6	1.12052E6	1.08911E6	1.12593E6	1.14921E6	1.0836E6	9.96337E5	8.73361E5	7.32188E5	6.43298E5	7.54359E5	2.92112E5	1.79641E5	1.01421E5	1.38606E5	1.2209E7	4.19064E4	6251.30235	3223.53967
422	2.08314E6	1.90043E6	1.62636E6	1.30115E6	1.13768E6	1.10033E6	1.14731E6	1.14496E6	1.1024E6	1.01392E6	8.96241E5	7.54503E5	6.31454E5	8.51141E5	3.14512E5	1.93804E5	1.12669E5	7.99686E4	1.12891E7	5.66566E5	7411.7815	3188.79672
424	2.08286E6	1.94715E6	1.62926E6	1.32591E6	1.14412E6	1.10943E6	1.13894E6	1.16118E6	1.10517E6	1.02604E6	9.08845E5	7.71968E5	6.40535E5	8.78916E5	3.40313E5	2.07492E5	1.22132E5	7.59071E4	8.00402E6	2.71174E6	9099.22121	3612.225
426	2.11897E6	1.94545E6	1.67345E6	1.35214E6	1.1605E6	1.12364E6	1.14833E6	1.1625E6	1.12306E6	1.03385E6	9.35259E5	7.95509E5	6.55402E5	8.46782E5	3.80435E5	2.21708E5	1.34759E5	7.86427E4	3.59661E6	6.8537E6	1.18898E4	3891.3216
428	2.15834E6	1.96996E6	1.6865E6	1.36566E6	1.17526E6	1.11655E6	1.14716E6	1.16497E6	1.12581E6	1.05135E6	9.42924E5	8.07637E5	6.72943E5	7.75749E5	4.39053E5	2.37595E5	1.46135E5	8.29123E4	8.86926E5	1.0571E7	1.78857E4	4506.83954
430	2.12273E6	1.9718E6	1.72175E6	1.38757E6	1.18527E6	1.1291E6	1.14318E6	1.16307E6	1.13256E6	1.0548E6	9.60067E5	8.23866E5	6.89193E5	6.93845E5	5.20724E5	2.52702E5	1.57487E5	8.86267E4	1.19518E5	1.1902E7	4.13308E4	5036.29134
432	2.13259E6	2.00974E6	1.72374E6	1.41199E6	1.19158E6	1.13719E6	1.14914E6	1.16337E6	1.13646E6	1.06655E6	9.68677E5	8.45141E5	7.05772E5	6.40138E5	6.16431E5	2.68426E5	1.69603E5	9.80724E4	7.21454E4	1.06371E7	5.13546E5	6426.99714
434	2.19946E6	2.03776E6	1.75791E6	1.43325E6	1.20511E6	1.13369E6	1.13947E6	1.1658E6	1.13401E6	1.07729E6	9.86043E5	8.54238E5	7.25491E5	6.2117E5	7.03476E5	2.82983E5	1.80331E5	1.08075E5	6.97092E4	7.085E6	2.52731E6	8081.69887
436	2.15174E6	2.01849E6	1.75489E6	1.43603E6	1.21845E6	1.13448E6	1.14241E6	1.16356E6	1.14273E6	1.07667E6	9.9648E5	8.72159E5	7.36805E5	6.17183E5	7.51165E5	3.02985E5	1.93066E5	1.1521E5	7.12852E4	3.12964E6	6.21313E6	1.04163E4
438	2.23014E6	2.01651E6	1.77689E6	1.4574E6	1.22048E6	1.14027E6	1.14201E6	1.16545E6	1.13499E6	1.08251E6	1.0089E6	8.85791E5	7.44548E5	6.30632E5	7.57955E5	3.25977E5	2.05537E5	1.26258E5	7.51117E4	7.67913E5	9.80463E6	1.55456E4
440	2.16704E6	2.02597E6	1.77736E6	1.47044E6	1.22403E6	1.13444E6	1.13392E6	1.16152E6	1.13453E6	1.08855E6	1.01403E6	8.92348E5	7.5962E5	6.35599E5	7.15815E5	3.63342E5	2.16502E5	1.35011E5	8.12127E4	1.0275E5	1.14403E7	2.90641E4
442	2.17301E6	2.05999E6	1.79497E6	1.48387E6	1.23387E6	1.14858E6	1.13253E6	1.14771E6	1.13457E6	1.08627E6	1.01584E6	8.96597E5	7.7211E5	6.54111E5	6.48988E5	4.15089E5	2.29444E5	1.47167E5	8.70832E4	6.83154E4	1.03388E7	3.15684E5
444	2.13724E6	2.03534E6	1.79961E6	1.4805E6	1.23996E6	1.13822E6	1.12473E6	1.14186E6	1.1357E6	1.08805E6	1.02134E6	9.05762E5	7.79572E5	6.61592E5	5.97682E5	4.82521E5	2.38882E5	1.54844E5	9.28672E4	6.49077E4	7.00903E6	1.75224E6
446	2.13816E6	2.0518E6	1.81181E6	1.494E6	1.2527E6	1.1327E6	1.12064E6	1.14085E6	1.12299E6	1.09068E6	1.02507E6	9.10698E5	7.91485E5	6.76222E5	5.57943E5	5.57094E5	2.50097E5	1.64088E5	1.02568E5	6.68743E4	3.05358E6	5.06629E6
448	2.1548E6	2.00467E6	1.80815E6	1.50941E6	1.25704E6	1.14567E6	1.11195E6	1.12847E6	1.12714E6	1.09061E6	1.03017E6	9.246E5	8.04761E5	6.88254E5	5.43381E5	6.20715E5	2.67129E5	1.76551E5	1.1049E5	7.05491E4	7.52383E5	8.60464E6
450	2.17468E6	2.03968E6	1.81893E6	1.52696E6	1.26528E6	1.14516E6	1.11067E6	1.12267E6	1.11845E6	1.08918E6	1.02756E6	9.24406E5	8.12632E5	6.94346E5	5.42126E5	6.52089E5	2.8298E5	1.86856E5	1.20096E5	7.45183E4	1.04372E5	1.04439E7
452	2.13126E6	2.05565E6	1.82777E6	1.52715E6	1.27062E6	1.14253E6	1.1097E6	1.11101E6	1.11338E6	1.08793E6	1.02695E6	9.28499E5	8.16597E5	7.09141E5	5.51104E5	6.41742E5	3.0951E5	1.95478E5	1.28627E5	8.09155E4	6.35875E4	9.69619E6
454	2.09434E6	2.04068E6	1.81142E6	1.54367E6	1.27009E6	1.13348E6	1.09622E6	1.10801E6	1.1008E6	1.07431E6	1.03009E6	9.31187E5	8.25762E5	7.06878E5	5.59819E5	6.03854E5	3.47566E5	2.0314E5	1.35559E5	8.67403E4	6.06575E4	6.74664E6
456	2.09113E6	2.01607E6	1.82357E6	1.52998E6	1.2638E6	1.12573E6	1.09102E6	1.0922E6	1.09407E6	1.07561E6	1.02233E6	9.25811E5	8.24805E5	7.22507E5	5.65228E5	5.48759E5	3.96457E5	2.1504E5	1.43847E5	9.32222E4	6.06646E4	2.98561E6
458	2.1292E6	2.01496E6	1.82111E6	1.53583E6	1.26714E6	1.12286E6	1.08074E6	1.0856E6	1.08447E6	1.06143E6	1.01872E6	9.30104E5	8.29003E5	7.24424E5	5.69711E5	5.04127E5	4.52352E5	2.22441E5	1.51432E5	1.0003E5	6.34481E4	7.394E5
460	2.09078E6	1.99063E6	1.80804E6	1.54011E6	1.27411E6	1.1212E6	1.08212E6	1.07205E6	1.07184E6	1.05715E6	1.0124E6	9.31054E5	8.30981E5	7.30074E5	5.77274E5	4.7406E5	5.10356E5	2.31362E5	1.58957E5	1.06133E5	6.70092E4	9.97515E4
462	2.09094E6	2.00126E6	1.80513E6	1.52988E6	1.27459E6	1.11573E6	1.06353E6	1.06157E6	1.05662E6	1.04825E6	1.00652E6	9.2294E5	8.32082E5	7.34585E5	5.8259E5	4.62309E5	5.50075E5	2.44561E5	1.68719E5	1.14722E5	7.04336E4	5.75614E4
464	2.01741E6	1.9739E6	1.7981E6	1.53325E6	1.25465E6	1.11254E6	1.05547E6	1.05184E6	1.04734E6	1.0373E6	9.9311E5	9.25981E5	8.25875E5	7.37813E5	5.91275E5	4.62131E5	5.55525E5	2.62438E5	1.76163E5	1.21169E5	7.5994E4	5.46658E4
466	2.09041E6	1.95123E6	1.79258E6	1.51378E6	1.25942E6	1.10266E6	1.04112E6	1.04152E6	1.03807E6	1.02287E6	9.87225E5	9.13939E5	8.27645E5	7.41665E5	5.95499E5	4.68926E5	5.34971E5	2.80093E5	1.83214E5	1.27226E5	8.17353E4	5.55307E4
468	2.23367E6	1.94919E6	1.77293E6	1.52148E6	1.26412E6	1.09879E6	1.03693E6	1.01668E6	1.01922E6	1.01442E6	9.81019E5	9.09625E5	8.24449E5	7.3684E5	5.99946E5	4.72574E5	4.95088E5	3.14744E5	1.90493E5	1.32256E5	8.59858E4	5.69353E4
470	2.73621E6	1.90727E6	1.77919E6	1.51485E6	1.2486E6	1.09582E6	1.01555E6	1.0081E6	1.00391E6	1.00084E6	9.72E5	9.02564E5	8.25634E5	7.42814E5	6.00335E5	4.75137E5	4.48894E5	3.54404E5	1.9413E5	1.38871E5	9.13661E4	5.83358E4
472	4.0589E6	1.92074E6	1.76695E6	1.49523E6	1.24895E6	1.08363E6	1.01875E6	1.00053E6	9.92726E5	9.90493E5	9.58886E5	8.98422E5	8.22867E5	7.40391E5	6.02464E5	4.78878E5	4.15438E5	4.03228E5	2.03463E5	1.4484E5	9.70829E4	6.11765E4
474	6.28593E6	1.88013E6	1.74189E6	1.50148E6	1.25372E6	1.07957E6	1.0075E6	9.91301E5	9.85861E5	9.72121E5	9.4493E5	8.89649E5	8.17474E5	7.36248E5	6.06566E5	4.81924E5	3.96377E5	4.43226E5	2.0973E5	1.51974E5	1.02971E5	6.49638E4
476	9.46254E6	1.88249E6	1.72145E6	1.49446E6	1.24423E6	1.07722E6	9.95121E5	9.69171E5	9.63394E5	9.64526E5	9.36296E5	8.76646E5	8.08791E5	7.32419E5	6.0829E5	4.8561E5	3.87953E5	4.71257E5	2.18065E5	1.56081E5	1.07957E5	6.92821E4
478	1.33838E7	1.86249E6	1.70409E6	1.47045E6	1.2208E6	1.07144E6	9.75798E5	9.60931E5	9.51554E5	9.44274E5	9.23375E5	8.62565E5	8.02286E5	7.34426E5	6.04806E5	4.836E5	3.89913E5	4.73388E5	2.31977E5	1.60695E5	1.11728E5	7.18357E4
480	1.71614E7	1.82329E6	1.67751E6	1.46274E6	1.21915E6	1.05253E6	9.58112E5	9.29428E5	9.31887E5	9.27885E5	9.07632E5	8.51834E5	7.92511E5	7.21764E5	6.0078E5	4.89525E5	3.91181E5	4.46534E5	2.52773E5	1.64822E5	1.16493E5	7.60513E4
482	1.87681E7	1.83163E6	1.65938E6	1.43499E6	1.21182E6	1.03206E6	9.50498E5	9.18468E5	9.13605E5	9.13936E5	8.92189E5	8.42085E5	7.85256E5	7.2141E5	5.98271E5	4.88061E5	3.90352E5	4.11422E5	2.81279E5	1.69705E5	1.2228E5	8.15254E4
484	1.82029E7	1.80573E6	1.62096E6	1.43268E6	1.19436E6	1.02749E6	9.36942E5	9.05812E5	8.94229E5	8.96652E5	8.77207E5	8.25972E5	7.706E5	7.15275E5	5.95534E5	4.82188E5	3.93182E5	3.70513E5	3.19285E5	1.74907E5	1.26715E5	8.6833E4
486	1.56822E7	1.78354E6	1.61351E6	1.40621E6	1.18471E6	1.01732E6	9.2231E5	8.87554E5	8.8583E5	8.80631E5	8.59703E5	8.21877E5	7.67108E5	7.03996E5	5.93715E5	4.90106E5	3.92041E5	3.45427E5	3.56099E5	1.79376E5	1.29926E5	9.08608E4
488	1.16996E7	2.07308E6	1.60834E6	1.39679E6	1.17686E6	1.01091E6	9.18178E5	8.74822E5	8.7379E5	8.6658E5	8.53373E5	8.04643E5	7.55808E5	7.03092E5	5.91803E5	4.85302E5	3.94045E5	3.29921E5	3.83335E5	1.85471E5	1.33377E5	9.5337E4
490	7.47173E6	2.97935E6	1.57374E6	1.40637E6	1.16471E6	1.00026E6	9.02472E5	8.64559E5	8.54407E5	8.43674E5	8.31582E5	7.91549E5	7.42969E5	6.95601E5	5.85164E5	4.8442E5	3.92758E5	3.22292E5	4.00949E5	1.95666E5	1.35856E5	9.85094E4
492	4.1888E6	4.9648E6	1.5635E6	1.37419E6	1.14841E6	9.87411E5	8.88989E5	8.4864E5	8.35815E5	8.27607E5	8.18143E5	7.79348E5	7.3381E5	6.82479E5	5.84177E5	4.78799E5	3.94413E5	3.18375E5	3.95697E5	2.07089E5	1.38732E5	9.85462E4
494	2.42739E6	8.1041E6	1.52838E6	1.34521E6	1.1357E6	9.71194E5	8.77436E5	8.39804E5	8.22003E5	8.1498E5	7.98855E5	7.69702E5	7.21731E5	6.77453E5	5.75615E5	4.77789E5	3.91425E5	3.20451E5	3.74936E5	2.25638E5	1.4104E5	1.04126E5
496	1.75704E6	1.24476E7	1.49496E6	1.33793E6	1.12344E6	9.54611E5	8.6067E5	8.18765E5	8.00423E5	7.97102E5	7.87716E5	7.56427E5	7.11473E5	6.71928E5	5.71684E5	4.73672E5	3.92254E5	3.1908E5	3.40292E5	2.53606E5	1.45744E5	1.04739E5
498	1.72917E6	1.69194E7	1.50468E6	1.31108E6	1.11046E6	9.42885E5	8.50275E5	8.0156E5	7.87197E5	7.83144E5	7.70438E5	7.41541E5	7.04193E5	6.62208E5	5.62744E5	4.70304E5	3.87494E5	3.17354E5	3.0976E5	2.77811E5	1.4992E5	1.08582E5
500	1.64093E6	2.07923E7	1.45716E6	1.30331E6	1.08794E6	9.31574E5	8.33932E5	7.9398E5	7.74634E5	7.63107E5	7.57294E5	7.25346E5	6.91772E5	6.51301E5	5.59037E5	4.6534E5	3.88608E5	3.20124E5	2.85442E5	3.04055E5	1.53105E5	1.12659E5
502	1.65906E6	2.22711E7	1.44378E6	1.28655E6	1.07127E6	9.14416E5	8.2221E5	7.76539E5	7.59744E5	7.52702E5	7.421E5	7.09889E5	6.81683E5	6.45856E5	5.54282E5	4.64179E5	3.87438E5	3.17038E5	2.73211E5	3.26678E5	1.56696E5	1.12891E5
504	1.58146E6	2.12979E7	1.43294E6	1.27016E6	1.05947E6	9.08019E5	8.11593E5	7.60315E5	7.46964E5	7.40185E5	7.25919E5	6.98788E5	6.64173E5	6.36188E5	5.4575E5	4.57863E5	3.8494E5	3.15615E5	2.61629E5	3.36089E5	1.62698E5	1.15786E5
506	1.55881E6	1.76739E7	1.43279E6	1.24061E6	1.05208E6	8.94668E5	7.94759E5	7.46886E5	7.35807E5	7.20877E5	7.13032E5	6.87673E5	6.54021E5	6.24525E5	5.37657E5	4.55586E5	3.81848E5	3.13841E5	2.62234E5	3.27412E5	1.73727E5	1.20264E5
508	1.5503E6	1.31353E7	1.79468E6	1.21799E6	1.02537E6	8.84768E5	7.81832E5	7.34868E5	7.15543E5	7.06773E5	6.95595E5	6.77709E5	6.42629E5	6.12613E5	5.30754E5	4.48573E5	3.78824E5	3.14585E5	2.58824E5	3.1115E5	1.90101E5	1.21614E5
510	1.56694E6	8.05776E6	3.01405E6	1.20944E6	1.01578E6	8.64642E5	7.67338E5	7.1994E5	6.96443E5	6.87939E5	6.89281E5	6.55058E5	6.32232E5	5.99786E5	5.23631E5	4.42456E5	3.77293E5	3.11301E5	2.56922E5	2.8125E5	2.0776E5	1.22954E5
512	1.70139E6	4.10931E6	5.63645E6	1.18356E6	1.00375E6	8.54259E5	7.53073E5	7.05974E5	6.81725E5	6.7128E5	6.66885E5	6.45914E5	6.16909E5	5.87496E5	5.12338E5	4.39867E5	3.71307E5	3.08299E5	2.57102E5	2.5096E5	2.32212E5	1.23898E5
514	1.82536E6	2.15407E6	9.45077E6	1.16477E6	9.86097E5	8.42493E5	7.32678E5	6.95179E5	6.7131E5	6.61757E5	6.52196E5	6.25808E5	6.02246E5	5.8031E5	5.04586E5	4.28181E5	3.66189E5	3.04462E5	2.52878E5	2.2855E5	2.53167E5	1.24662E5
516	2.04647E6	1.53133E6	1.42518E7	1.15481E6	9.66074E5	8.27099E5	7.27733E5	6.79883E5	6.52106E5	6.46361E5	6.38255E5	6.16078E5	5.95301E5	5.73231E5	4.99189E5	4.25613E5	3.62723E5	3.03828E5	2.53019E5	2.20328E5	2.6906E5	1.28944E5
518	2.3439E6	1.46111E6	1.92519E7	1.12325E6	9.57001E5	8.04946E5	7.1237E5	6.66884E5	6.38382E5	6.31988E5	6.23798E5	6.0188E5	5.79526E5	5.58919E5	4.87232E5	4.18688E5	3.58043E5	3.00969E5	2.50371E5	2.13333E5	2.7464E5	1.3453E5
520	2.68941E6	1.36479E6	2.30937E7	1.10071E6	9.39726E5	8.01222E5	6.99645E5	6.55052E5	6.26016E5	6.17195E5	6.06086E5	5.8642E5	5.63306E5	5.43178E5	4.78327E5	4.15107E5	3.51797E5	2.9756E5	2.50492E5	2.1202E5	2.66297E5	1.40341E5
522	3.03501E6	1.34801E6	2.41941E7	1.09634E6	9.27546E5	7.79546E5	6.92349E5	6.33359E5	6.09744E5	6.02789E5	5.9102E5	5.77048E5	5.61617E5	5.4262E5	4.69891E5	4.06586E5	3.48344E5	2.93205E5	2.44834E5	2.08397E5	2.46723E5	1.532E5
524	3.22046E6	1.31609E6	2.21667E7	1.08714E6	9.09777E5	7.62405E5	6.69107E5	6.24897E5	6.02202E5	5.87344E5	5.80305E5	5.60944E5	5.44269E5	5.23663E5	4.62461E5	3.99817E5	3.39808E5	2.90483E5	2.45076E5	2.05735E5	2.21434E5	1.71794E5
526	3.08981E6	1.28937E6	1.81723E7	1.11114E6	8.89035E5	7.52464E5	6.67045E5	6.186E5	5.87069E5	5.72029E5	5.61637E5	5.49532E5	5.32117E5	5.13865E5	4.50707E5	3.90884E5	3.38664E5	2.87092E5	2.39947E5	2.03465E5	1.99293E5	1.85971E5
528	3.07755E6	1.2583E6	1.30827E7	1.53287E6	8.82271E5	7.31289E5	6.47427E5	5.98104E5	5.75202E5	5.58833E5	5.53336E5	5.34043E5	5.19921E5	4.98959E5	4.41312E5	3.86977E5	3.28724E5	2.81978E5	2.38585E5	2.02978E5	1.81898E5	2.04743E5
530	2.68953E6	1.23045E6	7.79112E6	3.00579E6	8.66457E5	7.27335E5	6.30244E5	5.8455E5	5.59209E5	5.45564E5	5.3525E5	5.22482E5	5.07645E5	4.91049E5	4.27322E5	3.73481E5	3.21736E5	2.755E5	2.34175E5	1.9824E5	1.72691E5	2.15571E5
532	2.37381E6	1.23063E6	3.77014E6	6.04666E6	8.35195E5	7.15593E5	6.20419E5	5.72655E5	5.44415E5	5.34257E5	5.21843E5	5.1092E5	4.96574E5	4.80381E5	4.22543E5	3.68202E5	3.20426E5	2.74137E5	2.33044E5	1.96958E5	1.66677E5	2.23325E5
534	1.92786E6	1.31259E6	1.77472E6	1.0731E7	8.29833E5	7.01184E5	6.05773E5	5.54983E5	5.26794E5	5.1583E5	5.10454E5	4.91852E5	4.81788E5	4.66609E5	4.14781E5	3.58295E5	3.16912E5	2.66208E5	2.28826E5	1.93021E5	1.60835E5	2.15875E5
536	1.56521E6	1.45299E6	1.21703E6	1.62954E7	8.08318E5	6.82712E5	5.91273E5	5.39224E5	5.18815E5	5.07416E5	4.92237E5	4.83775E5	4.6942E5	4.55726E5	4.03366E5	3.5471E5	3.08749E5	2.65964E5	2.24817E5	1.91395E5	1.59071E5	2.01822E5
538	1.31939E6	1.68475E6	1.11672E6	2.16968E7	7.91982E5	6.63317E5	5.77822E5	5.30042E5	5.05895E5	4.94273E5	4.81331E5	4.69924E5	4.54846E5	4.42845E5	3.92192E5	3.45735E5	2.9819E5	2.5845E5	2.24149E5	1.87682E5	1.58862E5	1.80191E5
540	1.11243E6	1.99421E6	1.05734E6	2.53649E7	7.93749E5	6.52E5	5.6412E5	5.19243E5	4.92453E5	4.7873E5	4.73618E5	4.55966E5	4.46269E5	4.32732E5	3.80731E5	3.3646E5	2.92979E5	2.54642E5	2.17485E5	1.83393E5	1.54537E5	1.60653E5
542	1.09799E6	2.34279E6	1.02541E6	2.59883E7	7.78064E5	6.39933E5	5.57236E5	4.98564E5	4.77351E5	4.65797E5	4.56745E5	4.46255E5	4.30451E5	4.23091E5	3.74148E5	3.30471E5	2.89535E5	2.45723E5	2.1256E5	1.83247E5	1.5312E5	1.4395E5
544	1.01126E6	2.6741E6	9.85578E5	2.34122E7	7.75953E5	6.29877E5	5.36689E5	4.9169E5	4.62314E5	4.5559E5	4.44348E5	4.35626E5	4.19093E5	4.09634E5	3.67065E5	3.20938E5	2.80791E5	2.46106E5	2.09161E5	1.782E5	1.5084E5	1.31798E5
546	1.01E6	2.99394E6	9.56366E5	1.87389E7	8.37204E5	6.05234E5	5.23551E5	4.79502E5	4.59061E5	4.45071E5	4.2834E5	4.20787E5	4.06466E5	3.99463E5	3.56295E5	3.14024E5	2.7688E5	2.41176E5	2.06363E5	1.76565E5	1.47399E5	1.26177E5
548	9.50979E5	3.09346E6	9.43052E5	1.30313E7	1.41403E6	5.93275E5	5.1604E5	4.66103E5	4.39718E5	4.3452E5	4.1925E5	4.08267E5	3.9847E5	3.89912E5	3.48441E5	3.07996E5	2.67946E5	2.35743E5	1.99905E5	1.75519E5	1.46477E5	1.20682E5
550	9.2621E5	3.01471E6	9.08765E5	7.56829E6	3.2967E6	5.88581E5	5.06776E5	4.60089E5	4.30451E5	4.20346E5	4.09894E5	4.02677E5	3.91335E5	3.79044E5	3.38629E5	2.96267E5	2.64405E5	2.27158E5	1.99092E5	1.70175E5	1.4381E5	1.21854E5
552	9.31419E5	2.81922E6	8.9894E5	3.53935E6	7.19478E6	5.78207E5	4.89257E5	4.46875E5	4.20877E5	4.1204E5	4.02603E5	3.86005E5	3.7822E5	3.70405E5	3.31048E5	2.9187E5	2.5611E5	2.23743E5	1.94882E5	1.69228E5	1.41307E5	1.18058E5
554	8.85342E5	2.43586E6	9.04742E5	1.50761E6	1.28959E7	5.62359E5	4.81756E5	4.3614E5	4.02903E5	3.9597E5	3.89101E5	3.74697E5	3.65649E5	3.56024E5	3.18804E5	2.84516E5	2.52152E5	2.16941E5	1.92573E5	1.65302E5	1.39053E5	1.15977E5
556	9.19629E5	2.00679E6	9.14531E5	9.33576E5	1.96434E7	5.51718E5	4.77711E5	4.24874E5	3.96077E5	3.91165E5	3.77911E5	3.64882E5	3.58976E5	3.49458E5	3.13841E5	2.79027E5	2.44723E5	2.12341E5	1.87887E5	1.62158E5	1.34453E5	1.13867E5
558	8.24143E5	1.57626E6	1.03825E6	8.32156E5	2.65667E7	5.3917E5	4.60352E5	4.14405E5	3.89796E5	3.74592E5	3.63843E5	3.59047E5	3.47968E5	3.43815E5	3.04752E5	2.70297E5	2.41271E5	2.11999E5	1.83113E5	1.58586E5	1.31127E5	1.1269E5
560	8.56892E5	1.27284E6	1.21336E6	8.01001E5	3.13554E7	5.30622E5	4.53182E5	4.04265E5	3.75478E5	3.69642E5	3.57482E5	3.43792E5	3.36235E5	3.30796E5	2.9596E5	2.64458E5	2.31398E5	2.04376E5	1.79409E5	1.53985E5	1.31054E5	1.10306E5
562	8.33243E5	9.7941E5	1.44493E6	7.72707E5	3.23624E7	5.30323E5	4.3467E5	4.00855E5	3.66138E5	3.54557E5	3.47656E5	3.36957E5	3.26119E5	3.25692E5	2.86832E5	2.54771E5	2.28057E5	1.98457E5	1.74478E5	1.52362E5	1.27758E5	1.06704E5
564	7.82013E5	8.34305E5	1.80231E6	7.38801E5	2.9506E7	5.22985E5	4.32794E5	3.84297E5	3.58181E5	3.41349E5	3.37619E5	3.24932E5	3.1759E5	3.08936E5	2.76773E5	2.52956E5	2.21909E5	1.93679E5	1.69787E5	1.49057E5	1.27665E5	1.03893E5
566	7.47728E5	7.89958E5	2.14083E6	7.24036E5	2.39807E7	5.87983E5	4.21419E5	3.72684E5	3.47609E5	3.33512E5	3.25283E5	3.17805E5	3.11385E5	3.0378E5	2.72155E5	2.44412E5	2.13413E5	1.90585E5	1.6584E5	1.4398E5	1.20619E5	1.03779E5
568	7.43103E5	7.36584E5	2.46462E6	7.09211E5	1.63876E7	1.18376E6	4.04782E5	3.69642E5	3.39752E5	3.27667E5	3.19291E5	3.08921E5	2.98337E5	2.9137E5	2.65351E5	2.35713E5	2.10666E5	1.87091E5	1.61201E5	1.39201E5	1.19963E5	1.00855E5
570	7.62696E5	7.07937E5	2.69765E6	6.93294E5	8.80904E6	3.15678E6	4.06944E5	3.52701E5	3.29536E5	3.1942E5	3.09705E5	2.96405E5	2.91035E5	2.84445E5	2.61088E5	2.28597E5	2.06077E5	1.83999E5	1.55428E5	1.39441E5	1.17058E5	9.75977E4
572	7.21785E5	6.9515E5	2.77465E6	6.61628E5	3.56054E6	6.96042E6	3.93043E5	3.47422E5	3.18596E5	3.05481E5	2.97688E5	2.87227E5	2.80505E5	2.75551E5	2.48187E5	2.23727E5	1.98483E5	1.75374E5	1.5206E5	1.34919E5	1.12507E5	9.74932E4
574	7.48544E5	6.60097E5	2.6791E6	6.63134E5	1.27297E6	1.2326E7	3.86112E5	3.37478E5	3.1268E5	2.9787E5	2.88898E5	2.8035E5	2.74605E5	2.70814E5	2.42423E5	2.13121E5	1.92202E5	1.71979E5	1.51453E5	1.30093E5	1.12973E5	9.30401E4
576	6.76746E5	6.43038E5	2.39996E6	6.49825E5	7.16912E5	1.83241E7	3.74662E5	3.24923E5	3.06924E5	2.88354E5	2.79904E5	2.70819E5	2.67621E5	2.56043E5	2.35228E5	2.08181E5	1.85485E5	1.65602E5	1.43972E5	1.24837E5	1.08586E5	9.24813E4
578	6.68954E5	6.20695E5	2.02958E6	6.76233E5	6.4902E5	2.37758E7	3.62988E5	3.16724E5	2.94396E5	2.84113E5	2.73339E5	2.6079E5	2.53568E5	2.52658E5	2.28318E5	2.00074E5	1.82876E5	1.62091E5	1.40751E5	1.25431E5	1.05006E5	9.11478E4
580	6.09429E5	6.25166E5	1.63996E6	7.12871E5	6.07847E5	2.73069E7	3.64206E5	3.04115E5	2.87722E5	2.72123E5	2.64995E5	2.52532E5	2.49319E5	2.40745E5	2.19733E5	1.98227E5	1.76708E5	1.57733E5	1.39421E5	1.20834E5	1.04374E5	8.8856E4
582	6.7626E5	5.94277E5	1.28689E6	8.10247E5	5.81516E5	2.7596E7	3.64332E5	3.02072E5	2.8048E5	2.68421E5	2.54387E5	2.44741E5	2.40433E5	2.35492E5	2.14741E5	1.93962E5	1.72585E5	1.49809E5	1.32651E5	1.16621E5	1.01415E5	8.62184E4
584	6.35914E5	5.82337E5	9.85883E5	1.00224E6	5.72272E5	2.44372E7	3.74029E5	2.97355E5	2.78651E5	2.58962E5	2.50005E5	2.41342E5	2.33096E5	2.30102E5	2.07041E5	1.87412E5	1.68151E5	1.4769E5	1.30041E5	1.16084E5	9.75423E4	8.37054E4
586	6.26339E5	5.84532E5	7.72689E5	1.23372E6	5.63508E5	1.90311E7	4.25767E5	2.92707E5	2.65879E5	2.47149E5	2.43555E5	2.34003E5	2.26168E5	2.2532E5	1.9984E5	1.77925E5	1.61894E5	1.44316E5	1.26638E5	1.12465E5	9.50655E4	7.97167E4
588	6.33094E5	5.73798E5	6.55081E5	1.56368E6	5.53501E5	1.25205E7	1.04782E6	2.80446E5	2.58392E5	2.39395E5	2.33563E5	2.20832E5	2.19857E5	2.12308E5	1.93864E5	1.70861E5	1.54534E5	1.38391E5	1.23726E5	1.09227E5	9.33749E4	7.89913E4
590	6.39443E5	5.51806E5	5.76194E5	1.89108E6	5.42689E5	6.64563E6	3.17261E6	2.75738E5	2.47363E5	2.36456E5	2.25309E5	2.18378E5	2.10901E5	2.03652E5	1.8658E5	1.66884E5	1.49543E5	1.35575E5	1.18992E5	1.0619E5	9.10576E4	7.70589E4
592	5.72271E5	5.38257E5	5.55904E5	2.18982E6	5.45203E5	2.64147E6	7.40277E6	2.72992E5	2.44694E5	2.28545E5	2.20529E5	2.11901E5	2.0158E5	2.03665E5	1.81299E5	1.64195E5	1.46466E5	1.30276E5	1.16172E5	1.02714E5	8.80066E4	7.36902E4
594	5.80309E5	5.24768E5	5.46425E5	2.3872E6	5.34255E5	9.18893E5	1.30896E7	2.64493E5	2.34748E5	2.19939E5	2.10486E5	2.01254E5	1.97352E5	1.94687E5	1.76369E5	1.62837E5	1.41123E5	1.27681E5	1.13634E5	1.00551E5	8.48098E4	7.33256E4
596	5.7412E5	5.20081E5	5.2009E5	2.41906E6	5.25018E5	5.17285E5	1.93818E7	2.58633E5	2.30694E5	2.13338E5	2.09097E5	1.97916E5	1.93577E5	1.89219E5	1.70366E5	1.51646E5	1.36828E5	1.20431E5	1.08616E5	9.52224E4	8.31563E4	7.13888E4
598	5.65696E5	5.48719E5	5.12051E5	2.3288E6	5.18539E5	4.70998E5	2.47419E7	2.52434E5	2.22791E5	2.09528E5	2.01058E5	1.90141E5	1.84801E5	1.80821E5	1.65035E5	1.49452E5	1.32441E5	1.20104E5	1.0398E5	9.33834E4	7.99758E4	6.87489E4
600	5.37937E5	5.16883E5	5.00404E5	2.08097E6	5.35102E5	4.28921E5	2.79849E7	2.56976E5	2.18115E5	2.00618E5	1.92135E5	1.84482E5	1.80941E5	1.77913E5	1.59254E5	1.45759E5	1.28197E5	1.15083E5	1.02636E5	9.13594E4	7.88894E4	6.65514E4
