300	2.72485E5	1.96228E5	2.14115E5	2.53916E6	4.09751E5	3.66094E5	3.94047E7	1.66704E5	2.54989E4	1.59848E4	1.06133E4	8874.7397	6605.55832	6866.97851	4744.80973	4695.89466	4146.59399	3619.6694	3212.86149	3273.03117	2753.92922	2204.05846
302	2.93734E5	1.99394E5	2.22735E5	1.74678E6	7.17072E5	2.46477E5	3.45486E7	1.93341E6	2.77988E4	1.58899E4	1.13814E4	8494.33065	6607.54361	5798.39129	5372.65228	4365.32855	3916.32861	3586.455	3230.04054	2632.52394	2254.65145	2321.91522
304	2.99557E5	2.22402E5	2.22225E5	1.01922E6	1.28579E6	2.35747E5	2.23311E7	8.37227E6	3.35205E4	1.70772E4	1.1952E4	8599.4254	7056.78607	6177.78852	5336.79315	4394.50804	3948.96932	3493.0726	3488.40961	2908.22025	2571.69213	2394.07974
306	3.48844E5	2.40733E5	2.43519E5	5.68611E5	1.9801E6	2.39431E5	9.71906E6	2.04133E7	4.03864E4	1.79868E4	1.18105E4	8804.25858	7474.51161	6169.24673	5412.09154	4426.42095	4104.05859	3364.44723	3156.92688	3055.32477	2991.64833	2330.91381
308	3.76774E5	2.3431E5	2.58215E5	3.96879E5	2.63921E6	2.41333E5	2.39775E6	3.32123E7	5.92182E4	1.90631E4	1.31922E4	9548.57902	7543.94395	7059.24254	5462.18786	4270.89411	4355.44239	3369.04513	3176.73829	2611.77147	2659.6866	2201.33529
310	3.47056E5	2.49258E5	2.56119E5	3.50753E5	2.79028E6	2.5734E5	3.44279E5	3.88076E7	1.79766E5	2.22052E4	1.46591E4	1.00591E4	7568.10577	6431.31597	5259.2475	4295.34902	4049.58604	3538.47412	3292.44074	3136.04717	2846.62864	2194.44195
312	3.7816E5	2.3762E5	2.61164E5	3.36868E5	2.37646E6	3.51998E5	1.93113E5	3.45834E7	1.97223E6	2.43397E4	1.41736E4	9790.05342	7279.81063	6464.44798	5623.50713	4587.77205	3891.43356	3460.43855	3429.32103	3074.74543	2560.94778	2193.462
314	3.48022E5	2.72615E5	2.81177E5	3.39426E5	1.63904E6	6.07328E5	1.75656E5	2.19916E7	8.94176E6	2.93739E4	1.58392E4	1.10901E4	8059.27814	6722.82459	5128.97365	4588.24476	3707.38295	3756.20156	3649.84561	2707.7962	2404.93938	2689.04477
316	3.71307E5	2.79924E5	2.94535E5	3.44927E5	1.00912E6	1.09444E6	1.74243E5	9.26718E6	2.05614E7	3.7291E4	1.58888E4	1.12652E4	8411.10015	6729.76353	5937.35712	4716.13976	4034.87466	3404.5511	3113.32444	3329.75081	2542.54725	2370.21392
318	3.82559E5	2.8195E5	3.15475E5	3.48822E5	6.25428E5	1.69455E6	1.67866E5	2.20291E6	3.08285E7	5.41573E4	1.75966E4	1.17166E4	7958.67331	6489.22072	5411.08509	4532.38291	3930.57444	3291.40578	3398.58149	3015.51326	2703.58626	2197.19622
320	4.12593E5	2.89956E5	3.11998E5	3.57239E5	4.56177E5	2.22494E6	1.72203E5	2.80777E5	3.45072E7	1.58024E5	1.92799E4	1.21501E4	9023.25252	7125.42619	5762.97871	4586.30177	3956.55983	3151.93688	3414.15584	2769.74253	2506.83144	2318.75102
322	4.08688E5	2.96125E5	3.15321E5	3.68209E5	4.10919E5	2.33146E6	1.90872E5	1.58046E5	2.96766E7	1.70919E6	2.20843E4	1.28867E4	8985.74091	7313.42679	5507.97115	4375.5552	3771.36774	3597.27203	3447.63505	2705.55438	2874.78109	2393.24643
324	3.90535E5	2.98348E5	3.25783E5	3.69172E5	4.01027E5	2.01119E6	2.63524E5	1.39756E5	1.9018E7	7.3755E6	2.56751E4	1.31155E4	9244.25441	6456.90747	5891.50546	4577.93058	4109.79753	3095.14787	3264.86999	2613.54016	2371.68886	2491.58115
326	4.39115E5	3.27174E5	3.36671E5	3.71937E5	4.06925E5	1.45369E6	4.53249E5	1.38392E5	8.06915E6	1.70876E7	3.23151E4	1.41119E4	1.0461E4	7117.43994	5856.41104	4425.4144	3888.9874	3086.74777	3058.1744	2749.96545	2538.54439	2458.71547
328	4.46881E5	3.32029E5	3.42174E5	3.95482E5	4.07113E5	9.41906E5	8.06799E5	1.41173E5	2.03714E6	2.57974E7	4.69927E4	1.57134E4	9670.09236	7672.20231	5475.38407	4997.53604	3794.92127	2922.22319	2945.74078	2507.60579	2581.28715	2415.32558
330	4.6373E5	3.44377E5	3.50086E5	3.82897E5	4.16702E5	5.91874E5	1.31525E6	1.476E5	2.58884E5	2.94784E7	1.37224E5	1.72313E4	1.00231E4	7897.33318	5540.29047	4519.41653	4143.65261	3450.521	3185.00867	2820.82354	2389.10087	2279.94329
332	4.74828E5	3.56805E5	3.66054E5	3.90897E5	4.15646E5	4.35074E5	1.74931E6	1.52343E5	1.4471E5	2.63876E7	1.47542E6	1.90241E4	1.01699E4	8038.22927	6048.16847	4051.95337	3703.58796	3118.27014	3220.42056	2775.52221	2499.85533	2224.52214
334	4.64906E5	3.68295E5	3.57591E5	3.99617E5	4.20653E5	3.91548E5	1.92681E6	1.66309E5	1.30351E5	1.79818E7	6.35708E6	2.33709E4	1.1418E4	8136.08663	5833.0156	4666.75651	3925.90162	2776.96905	3131.65524	2398.92569	2338.97897	1933.58769
336	4.94828E5	3.92841E5	3.67844E5	4.05629E5	4.27567E5	3.83178E5	1.77181E6	2.15173E5	1.27193E5	8.03301E6	1.49089E7	2.9098E4	1.12739E4	8558.92354	5791.61387	4437.11	3539.32331	2997.94414	3058.57174	2344.38583	2243.80032	1968.92437
338	4.88597E5	3.87637E5	3.8346E5	4.09031E5	4.39061E5	3.82523E5	1.34917E6	3.49311E5	1.32247E5	2.17271E6	2.22386E7	4.11589E4	1.19905E4	8363.08591	6110.22266	4110.60721	3759.30619	3201.09217	2849.95233	2293.81702	2302.22183	2182.8855
340	5.18954E5	4.11662E5	3.92344E5	4.24119E5	4.41728E5	4.01139E5	9.0077E5	6.24474E5	1.40828E5	2.72102E5	2.53497E7	1.09866E5	1.48383E4	8712.50289	6466.68203	4736.7925	3681.42598	2959.08535	3164.00088	2503.54356	2254.50927	2053.34248
342	5.01434E5	4.214E5	4.01215E5	4.23439E5	4.42427E5	4.04024E5	5.85553E5	9.87483E5	1.47042E5	1.37274E5	2.26575E7	1.14932E6	1.61381E4	9245.87777	6804.02541	4416.11395	3498.51506	3073.38955	2933.36678	2506.54537	2091.32572	1879.54694
344	5.58449E5	4.41707E5	4.1022E5	4.37189E5	4.4689E5	4.13348E5	4.10113E5	1.38778E6	1.57718E5	1.24631E5	1.50238E7	5.60266E6	1.86662E4	9865.11282	6770.27081	4393.55537	3679.19912	2630.83971	2963.8428	2287.94819	2634.81343	1949.04737
346	5.77118E5	4.50775E5	4.27313E5	4.3919E5	4.50141E5	4.24724E5	3.6773E5	1.59963E6	1.78922E5	1.30869E5	6.68585E6	1.29761E7	2.41708E4	1.03076E4	7138.92245	4612.48062	3798.6616	2972.08532	2724.60205	2471.76287	1776.90228	1972.64457
348	6.16859E5	4.81248E5	4.40685E5	4.44701E5	4.60355E5	4.34794E5	3.68689E5	1.53361E6	2.20226E5	1.39728E5	1.60121E6	1.96498E7	3.608E4	1.07119E4	6625.79089	4952.19026	4009.37184	3280.60394	2659.77047	2258.06637	2348.2232	1984.50869
350	6.12931E5	4.99032E5	4.51573E5	4.52706E5	4.75281E5	4.52561E5	3.77459E5	1.25834E6	3.16519E5	1.51464E5	2.33492E5	2.20401E7	7.97879E4	1.30256E4	7698.27271	5346.24893	4020.63303	2729.8618	2725.14337	2192.54573	1808.67825	2074.93812
352	6.91535E5	5.29422E5	4.80254E5	4.68574E5	4.85232E5	4.61356E5	3.90496E5	8.97112E5	5.15539E5	1.63897E5	1.39157E5	1.96036E7	1.00214E6	1.44167E4	7326.41658	5710.4486	3818.65725	3095.64938	2435.85351	2189.3082	2141.7509	1893.76485
354	7.00336E5	5.63391E5	4.93832E5	4.73579E5	4.80243E5	4.72062E5	4.08299E5	6.14188E5	7.91837E5	1.78809E5	1.34925E5	1.34854E7	4.54567E6	1.69484E4	7534.30291	5369.59717	4179.35318	3354.25512	2591.5356	2319.61717	1875.47047	1868.65027
356	7.08915E5	5.69942E5	5.07314E5	4.77767E5	4.93052E5	4.87885E5	4.24566E5	4.65235E5	1.10504E6	1.95693E5	1.40885E5	6.10874E6	1.10598E7	2.15614E4	8917.04174	5560.75009	4212.24874	2893.4242	2771.44238	2311.10139	2079.47477	1903.77236
358	7.42348E5	6.29956E5	5.2652E5	4.96534E5	5.04588E5	4.99726E5	4.45624E5	4.10531E5	1.31412E6	2.1786E5	1.54194E5	1.58625E6	1.68259E7	3.23861E4	9463.68719	5302.08637	4411.77892	2849.44452	2539.00687	2221.84954	2100.96982	1826.49312
360	7.88629E5	6.62627E5	5.51839E5	5.15932E5	5.14405E5	5.14449E5	4.6912E5	4.13601E5	1.34507E6	2.51215E5	1.69887E5	2.34036E5	1.92399E7	7.509E4	1.07598E4	5941.84414	4705.31948	2962.24855	2551.30822	2249.56457	1833.9789	1947.87562
362	8.05851E5	6.75995E5	5.85892E5	5.29376E5	5.26736E5	5.33151E5	4.90977E5	4.31018E5	1.18338E6	3.19974E5	1.8574E5	1.37953E5	1.7736E7	8.87101E5	1.23502E4	5931.90094	4548.58912	3110.3327	2559.58467	2326.82168	1917.31736	1798.43277
364	8.25921E5	7.02517E5	6.0802E5	5.55151E5	5.51472E5	5.48346E5	5.14549E5	4.53867E5	9.15457E5	4.47064E5	2.01454E5	1.31138E5	1.25936E7	4.31713E6	1.44954E4	6847.36904	4923.426	3196.1283	2711.75258	2327.299	2036.38177	1597.60311
366	9.00856E5	7.69892E5	6.33156E5	5.74041E5	5.65285E5	5.72311E5	5.41164E5	4.7946E5	6.80791E5	6.58611E5	2.2074E5	1.39316E5	5.82359E6	1.06161E7	1.92482E4	7155.89586	5036.62494	3554.40976	2574.54775	2296.5873	2100.29098	1701.63814
368	9.14219E5	7.91507E5	6.69071E5	5.95945E5	5.77833E5	5.82913E5	5.63805E5	5.0464E5	5.47609E5	9.1746E5	2.39441E5	1.50335E5	1.56963E6	1.58099E7	2.91675E4	7889.5027	5073.24661	3874.50402	2833.6783	2261.44898	2013.59299	1677.83653
370	9.75892E5	8.29289E5	6.97266E5	6.17655E5	5.93267E5	6.04959E5	5.78337E5	5.37798E5	4.96549E5	1.1305E6	2.61619E5	1.64751E5	2.0589E5	1.7746E7	7.38007E4	8816.83354	5503.76387	4001.35837	2679.94026	2317.3703	1987.9082	1764.6317
372	1.00996E6	8.77616E5	7.33441E5	6.36773E5	6.14696E5	6.25102E5	6.10625E5	5.61011E5	4.97653E5	1.20689E6	2.91919E5	1.80732E5	1.2281E5	1.59534E7	8.83253E5	1.04969E4	6014.15085	4169.77201	2964.74861	2092.03931	1911.56354	1913.5965
374	1.07492E6	9.13027E5	7.61211E5	6.69821E5	6.31072E5	6.46695E5	6.40174E5	5.90159E5	5.17337E5	1.11826E6	3.47134E5	1.95745E5	1.16025E5	1.0834E7	4.09311E6	1.23846E4	6414.7939	4023.65344	2932.42667	2454.66737	1778.81417	2101.27292
376	1.08267E6	9.52745E5	7.92494E5	6.8208E5	6.54835E5	6.63592E5	6.67519E5	6.19997E5	5.40979E5	9.44911E5	4.3966E5	2.10491E5	1.21785E5	4.85795E6	9.45647E6	1.65981E4	6605.47905	4046.44341	3206.48047	2321.44357	2005.38495	1799.82202
378	1.15765E6	1.00286E6	8.31518E5	7.00937E5	6.70006E5	6.82976E5	6.89179E5	6.46273E5	5.62241E5	7.5611E5	5.95716E5	2.30805E5	1.31946E5	1.16988E6	1.40596E7	2.5633E4	7285.19895	3974.46268	3126.64754	2555.2904	2034.91233	1790.06181
380	1.18456E6	1.06214E6	8.74686E5	7.38528E5	6.94576E5	7.04207E5	7.21101E5	6.77152E5	5.98256E5	6.26913E5	7.9262E5	2.49272E5	1.44057E5	1.70882E5	1.57337E7	6.09476E4	8277.82743	4464.87838	3745.36265	2536.29438	2100.85197	1838.64762
382	1.26038E6	1.11766E6	9.12752E5	7.65034E5	7.18821E5	7.34749E5	7.42766E5	7.14778E5	6.21898E5	5.76036E5	9.88192E5	2.73149E5	1.61728E5	1.14586E5	1.45303E7	7.22952E5	1.0071E4	4471.89873	3919.70093	2788.02646	2184.88475	1787.85785
384	1.30399E6	1.14838E6	9.57294E5	7.97668E5	7.47064E5	7.61E5	7.81061E5	7.45807E5	6.60056E5	5.75546E5	1.0924E6	2.98387E5	1.76473E5	1.1065E5	1.04572E7	3.38951E6	1.28252E4	5039.76732	3728.22999	2950.45785	2397.45162	1760.55736
386	1.36558E6	1.18736E6	9.85829E5	8.21464E5	7.69742E5	7.94212E5	8.11287E5	7.72258E5	6.93253E5	5.87936E5	1.08725E6	3.44061E5	1.93926E5	1.16892E5	4.90053E6	8.23235E6	1.72716E4	5422.24928	3582.89409	3219.55265	2099.73521	1900.31006
388	1.3986E6	1.23884E6	1.04021E6	8.54846E5	7.90695E5	8.18009E5	8.34412E5	8.14017E5	7.19152E5	6.08677E5	9.84141E5	4.06978E5	2.15155E5	1.25979E5	1.36059E6	1.25488E7	2.62368E4	6575.53963	3838.95379	3183.04363	2248.21418	1865.41194
390	1.46592E6	1.30183E6	1.06634E6	8.85063E5	8.16137E5	8.42072E5	8.66478E5	8.38044E5	7.49913E5	6.42143E5	8.37192E5	5.23247E5	2.3288E5	1.41563E5	1.88518E5	1.45682E7	6.36284E4	7372.22619	4239.51642	3728.65209	2371.6665	2160.42429
392	1.51404E6	1.36735E6	1.11398E6	9.1056E5	8.45566E5	8.618E5	8.92724E5	8.70099E5	7.81883E5	6.62478E5	7.00175E5	6.84946E5	2.54268E5	1.58382E5	1.0891E5	1.36234E7	9.36989E5	9115.99883	4280.87619	3610.76989	2792.27165	2162.45384
394	1.54768E6	1.38608E6	1.14246E6	9.39312E5	8.65399E5	8.79244E5	9.21928E5	9.09057E5	8.03498E5	6.96015E5	6.33706E5	8.47791E5	2.75476E5	1.72175E5	1.04E5	1.012E7	4.64493E6	1.10335E4	5178.39278	3667.93751	3001.2031	2237.83291
396	1.6073E6	1.43149E6	1.19277E6	9.63715E5	8.83942E5	9.13224E5	9.45712E5	9.27578E5	8.36682E5	7.17261E5	6.18357E5	9.76493E5	3.01459E5	1.90609E5	1.09764E5	4.891E6	1.1137E7	1.44291E4	5404.65528	3748.6563	3126.78706	2160.91622
398	1.69238E6	1.49066E6	1.22122E6	9.99884E5	9.07393E5	9.24739E5	9.65238E5	9.57998E5	8.63672E5	7.43705E5	6.28834E5	1.01733E6	3.3214E5	2.08588E5	1.16794E5	1.31911E6	1.47951E7	2.221E4	6299.73875	3813.11786	3504.43264	2175.24708
400	1.7068E6	1.52596E6	1.26587E6	1.02354E6	9.29209E5	9.44165E5	9.96861E5	9.84965E5	8.92646E5	7.74625E5	6.53025E5	9.60254E5	3.82274E5	2.27191E5	1.29037E5	1.78227E5	1.56659E7	4.70054E4	7248.09749	4077.53759	3163.54186	2294.92984
402	1.74152E6	1.56764E6	1.29503E6	1.04784E6	9.53801E5	9.66642E5	1.007E6	1.01228E6	9.16132E5	7.94923E5	6.73133E5	8.44093E5	4.62613E5	2.46743E5	1.42573E5	1.00891E5	1.33274E7	5.90317E5	8459.54067	4389.24546	3288.52458	2621.77914
404	1.81168E6	1.63458E6	1.33608E6	1.08041E6	9.81037E5	9.83909E5	1.0281E6	1.0283E6	9.39263E5	8.25358E5	6.9551E5	7.32308E5	5.81798E5	2.67929E5	1.58025E5	9.59413E4	8.64375E6	2.97994E6	1.04238E4	5008.24394	3132.77789	2492.36044
406	1.86186E6	1.64698E6	1.37816E6	1.10361E6	9.9852E5	1.01187E6	1.04983E6	1.0505E6	9.70757E5	8.49648E5	7.20227E5	6.62671E5	7.27883E5	2.89546E5	1.72417E5	9.90584E4	3.8344E6	7.19643E6	1.38671E4	5164.26293	3400.43298	3064.20983
408	1.86425E6	1.67228E6	1.41673E6	1.14121E6	1.01438E6	1.02363E6	1.06699E6	1.06402E6	9.90332E5	8.69463E5	7.42722E5	6.29648E5	8.5098E5	3.10814E5	1.8798E5	1.04943E5	9.46451E5	1.10733E7	2.01567E4	5858.9171	3519.6103	2790.24886
410	1.90921E6	1.73187E6	1.43447E6	1.16729E6	1.04151E6	1.03479E6	1.07444E6	1.08114E6	1.00894E6	8.99854E5	7.67041E5	6.34604E5	9.30304E5	3.37448E5	2.03674E5	1.14944E5	1.36525E5	1.2703E7	4.38662E4	6513.19233	3898.18701	3028.2197
412	1.93673E6	1.74603E6	1.49819E6	1.18832E6	1.04538E6	1.0515E6	1.08941E6	1.0978E6	1.02816E6	9.15196E5	7.86804E5	6.50687E5	9.27551E5	3.74192E5	2.18793E5	1.27803E5	9.05264E4	1.16233E7	4.99081E5	8018.73804	3899.47198	3031.00044
414	1.97163E6	1.79144E6	1.51632E6	1.22469E6	1.07238E6	1.06298E6	1.09663E6	1.11349E6	1.04986E6	9.39335E5	8.09847E5	6.67296E5	8.60429E5	4.32565E5	2.34846E5	1.36539E5	8.63424E4	8.30526E6	2.49708E6	9740.09579	4275.54823	3006.7551
416	2.04539E6	1.84955E6	1.53131E6	1.23266E6	1.08676E6	1.073E6	1.10866E6	1.12152E6	1.06194E6	9.572E5	8.30267E5	6.85353E5	7.65904E5	5.20089E5	2.54871E5	1.53211E5	8.91093E4	3.89351E6	6.56538E6	1.32894E4	4646.65088	2954.8507
418	2.02546E6	1.84769E6	1.57352E6	1.26825E6	1.10165E6	1.08445E6	1.12085E6	1.13628E6	1.07784E6	9.72091E5	8.57141E5	7.07693E5	6.84609E5	6.31407E5	2.72495E5	1.65348E5	9.6818E4	1.02872E6	1.05442E7	2.02049E4	5383.80316	3142.38987
420	2.04401E6	1.87204E6	1.61114E6	1.29033E6	1.11794E6	1.09563E6	1.13066E6	1.14524E6	1.09408E6	9.88468E5	8.72428E5	7.27762E5	6.42061E5	7.51225E5	2.8994E5	1.77939E5	1.01951E5	1.38985E5	1.24742E7	4.21974E4	5809.65006	3506.66259
422	2.03713E6	1.90046E6	1.61598E6	1.30625E6	1.13436E6	1.09775E6	1.13842E6	1.15094E6	1.10022E6	1.0111E6	8.91428E5	7.48574E5	6.25968E5	8.4308E5	3.11381E5	1.90379E5	1.11175E5	7.88654E4	1.15137E7	5.45493E5	7117.64529	3427.62165
424	2.11001E6	1.94255E6	1.63288E6	1.33855E6	1.14601E6	1.11564E6	1.1294E6	1.15685E6	1.10971E6	1.02417E6	9.14153E5	7.67422E5	6.32789E5	8.75449E5	3.36279E5	2.07061E5	1.21227E5	7.52346E4	8.19841E6	2.59647E6	8902.04763	3701.69868
426	2.07346E6	1.96603E6	1.66422E6	1.35732E6	1.15902E6	1.11543E6	1.14256E6	1.15402E6	1.11739E6	1.03836E6	9.27565E5	7.89366E5	6.49287E5	8.42666E5	3.7574E5	2.21093E5	1.34372E5	7.71553E4	3.59996E6	6.69077E6	1.25129E4	4177.95423
428	2.11628E6	1.92787E6	1.70285E6	1.37125E6	1.16029E6	1.12528E6	1.14294E6	1.16403E6	1.12247E6	1.04962E6	9.45368E5	8.08781E5	6.6797E5	7.67145E5	4.38705E5	2.34034E5	1.44282E5	8.29341E4	8.61861E5	1.04769E7	1.87807E4	4887.21385
430	2.11853E6	1.9647E6	1.71381E6	1.39874E6	1.18163E6	1.12823E6	1.14664E6	1.1608E6	1.13196E6	1.05942E6	9.58343E5	8.21122E5	6.84586E5	6.88956E5	5.19947E5	2.49357E5	1.5594E5	8.94838E4	1.16426E5	1.20116E7	4.2307E4	5120.13677
432	2.13491E6	1.99018E6	1.7347E6	1.40248E6	1.1994E6	1.12967E6	1.14623E6	1.17109E6	1.14036E6	1.06599E6	9.74034E5	8.39745E5	7.00606E5	6.34779E5	6.1075E5	2.64901E5	1.68825E5	9.72396E4	7.20759E4	1.08246E7	5.27922E5	6450.57971
434	2.16272E6	2.01654E6	1.74913E6	1.42441E6	1.20343E6	1.13759E6	1.14357E6	1.16517E6	1.14039E6	1.07803E6	9.81769E5	8.51563E5	7.13815E5	6.15381E5	6.97451E5	2.7999E5	1.79488E5	1.07214E5	6.96924E4	7.29788E6	2.62101E6	7894.63888
436	2.16638E6	2.01669E6	1.7655E6	1.44196E6	1.2216E6	1.13722E6	1.13899E6	1.16181E6	1.1421E6	1.08502E6	9.94645E5	8.6357E5	7.29549E5	6.11204E5	7.45213E5	2.98838E5	1.89632E5	1.15301E5	7.05788E4	3.24883E6	6.37224E6	1.10297E4
438	2.16426E6	2.03929E6	1.76589E6	1.46252E6	1.21648E6	1.13417E6	1.14815E6	1.15154E6	1.14071E6	1.08448E6	1.00168E6	8.76672E5	7.43908E5	6.2177E5	7.49414E5	3.22908E5	2.03995E5	1.24483E5	7.57431E4	8.1155E5	9.85005E6	1.57091E4
440	2.16261E6	2.02576E6	1.77987E6	1.46288E6	1.22081E6	1.1423E6	1.13904E6	1.15364E6	1.13331E6	1.08934E6	1.00922E6	8.85902E5	7.56302E5	6.33069E5	7.07753E5	3.61254E5	2.14686E5	1.35169E5	7.94833E4	1.04635E5	1.14887E7	3.09199E4
442	2.17774E6	2.02399E6	1.77757E6	1.48354E6	1.24172E6	1.13984E6	1.13553E6	1.15086E6	1.13518E6	1.09376E6	1.01196E6	8.95371E5	7.66637E5	6.43507E5	6.47215E5	4.10782E5	2.25326E5	1.43301E5	8.88108E4	6.90154E4	1.0366E7	3.31756E5
444	2.14097E6	2.00705E6	1.78193E6	1.49957E6	1.24153E6	1.14789E6	1.12805E6	1.1364E6	1.12867E6	1.09386E6	1.01862E6	9.02412E5	7.77896E5	6.55759E5	5.8926E5	4.80498E5	2.36018E5	1.52824E5	9.4556E4	6.52094E4	7.00947E6	1.82168E6
446	2.158E6	2.01555E6	1.80075E6	1.49372E6	1.26026E6	1.13457E6	1.12375E6	1.14139E6	1.12368E6	1.09182E6	1.02305E6	9.09068E5	7.88721E5	6.66539E5	5.49227E5	5.49928E5	2.48796E5	1.63074E5	1.02403E5	6.62792E4	3.04125E6	5.26171E6
448	2.15911E6	2.04829E6	1.82303E6	1.51319E6	1.24795E6	1.13605E6	1.11426E6	1.13781E6	1.12044E6	1.08843E6	1.02826E6	9.14423E5	7.9586E5	6.84082E5	5.382E5	6.147E5	2.63953E5	1.73787E5	1.09772E5	7.03569E4	7.47729E5	8.73356E6
450	2.17332E6	2.05008E6	1.81083E6	1.51447E6	1.25791E6	1.12976E6	1.11457E6	1.13027E6	1.11864E6	1.08687E6	1.02973E6	9.23111E5	8.05911E5	6.88425E5	5.38E5	6.44335E5	2.80926E5	1.83296E5	1.18799E5	7.4153E4	1.05225E5	1.06064E7
452	2.17491E6	2.0473E6	1.79812E6	1.53274E6	1.26557E6	1.13485E6	1.10481E6	1.12315E6	1.11162E6	1.08226E6	1.02631E6	9.24712E5	8.14436E5	7.02445E5	5.42442E5	6.38342E5	3.04213E5	1.92831E5	1.27377E5	8.00124E4	6.39403E4	9.81233E6
454	2.12522E6	2.03032E6	1.80464E6	1.53593E6	1.26329E6	1.12833E6	1.09766E6	1.10816E6	1.10322E6	1.07834E6	1.02365E6	9.24372E5	8.14273E5	7.05961E5	5.51107E5	5.95694E5	3.43913E5	2.026E5	1.34683E5	8.58504E4	5.94987E4	6.74385E6
456	2.14522E6	2.03019E6	1.80566E6	1.53471E6	1.25833E6	1.13836E6	1.08827E6	1.09304E6	1.09045E6	1.06881E6	1.02088E6	9.24454E5	8.15017E5	7.1249E5	5.57934E5	5.43176E5	3.93508E5	2.10765E5	1.42686E5	9.22559E4	6.06234E4	2.94091E6
458	2.08803E6	1.99146E6	1.80018E6	1.52655E6	1.25522E6	1.13054E6	1.0775E6	1.089E6	1.08335E6	1.06519E6	1.01422E6	9.24386E5	8.21882E5	7.18504E5	5.64019E5	4.98566E5	4.52838E5	2.18814E5	1.51864E5	9.83124E4	6.37659E4	7.16185E5
460	2.15242E6	2.01831E6	1.80466E6	1.51845E6	1.26386E6	1.12594E6	1.06844E6	1.07437E6	1.06746E6	1.05135E6	1.01047E6	9.21071E5	8.22239E5	7.23602E5	5.69984E5	4.72369E5	5.07643E5	2.29369E5	1.58753E5	1.06751E5	6.62415E4	9.80783E4
462	2.10808E6	1.9657E6	1.79194E6	1.51804E6	1.26705E6	1.11989E6	1.06097E6	1.05681E6	1.05723E6	1.03921E6	1.00829E6	9.1899E5	8.24343E5	7.24737E5	5.76408E5	4.57345E5	5.40852E5	2.40479E5	1.66119E5	1.13295E5	7.29968E4	5.66317E4
464	2.06257E6	1.96765E6	1.79927E6	1.51543E6	1.2578E6	1.1086E6	1.05466E6	1.04137E6	1.04364E6	1.02909E6	9.97689E5	9.15457E5	8.23269E5	7.32759E5	5.84324E5	4.56451E5	5.50096E5	2.55195E5	1.7412E5	1.20444E5	7.60589E4	5.43975E4
466	2.0604E6	1.92717E6	1.77951E6	1.53218E6	1.26731E6	1.10252E6	1.04471E6	1.03387E6	1.03082E6	1.02301E6	9.884E5	9.13788E5	8.19349E5	7.28834E5	5.8966E5	4.59391E5	5.35834E5	2.78376E5	1.80227E5	1.26863E5	7.93206E4	5.49984E4
468	2.2512E6	1.95117E6	1.77194E6	1.51749E6	1.25232E6	1.10195E6	1.03223E6	1.01848E6	1.01845E6	1.00793E6	9.77284E5	9.12217E5	8.18469E5	7.3405E5	5.90292E5	4.63547E5	4.89789E5	3.12255E5	1.86745E5	1.3277E5	8.52738E4	5.66216E4
470	2.75774E6	1.90911E6	1.76037E6	1.50905E6	1.26456E6	1.09614E6	1.02603E6	1.00566E6	1.00587E6	9.98832E5	9.62161E5	8.98554E5	8.15213E5	7.34952E5	5.92867E5	4.71191E5	4.45292E5	3.49589E5	1.92506E5	1.37196E5	9.00828E4	5.85421E4
472	4.00979E6	1.89402E6	1.75045E6	1.49116E6	1.2432E6	1.08485E6	1.00819E6	9.96271E5	9.93744E5	9.82684E5	9.59963E5	8.92368E5	8.1209E5	7.29165E5	5.94818E5	4.70489E5	4.10706E5	4.00742E5	1.99275E5	1.43841E5	9.69523E4	6.03932E4
474	6.16035E6	1.87423E6	1.73986E6	1.48555E6	1.23276E6	1.08029E6	1.00281E6	9.88875E5	9.84357E5	9.69414E5	9.47786E5	8.85647E5	8.11706E5	7.31975E5	6.00933E5	4.74305E5	3.93397E5	4.4302E5	2.05422E5	1.50476E5	1.02225E5	6.40562E4
476	9.33527E6	1.86348E6	1.71729E6	1.49351E6	1.22231E6	1.07066E6	1.00209E6	9.71206E5	9.70842E5	9.62598E5	9.37424E5	8.76025E5	7.95107E5	7.25449E5	5.9463E5	4.75045E5	3.86587E5	4.65496E5	2.17478E5	1.55606E5	1.06898E5	6.89821E4
478	1.33507E7	1.83285E6	1.70742E6	1.47039E6	1.22422E6	1.06035E6	9.75283E5	9.56233E5	9.54489E5	9.45602E5	9.17352E5	8.64633E5	7.94236E5	7.25453E5	5.99512E5	4.76916E5	3.80778E5	4.69869E5	2.29355E5	1.57743E5	1.1045E5	7.24523E4
480	1.73451E7	1.8057E6	1.68446E6	1.45972E6	1.21422E6	1.04987E6	9.59421E5	9.43993E5	9.31162E5	9.33958E5	9.02932E5	8.50907E5	7.87462E5	7.20401E5	5.94091E5	4.82832E5	3.86623E5	4.45617E5	2.50231E5	1.64338E5	1.15755E5	7.53121E4
482	1.94377E7	1.79632E6	1.6562E6	1.43911E6	1.19319E6	1.03888E6	9.46882E5	9.21357E5	9.22672E5	9.06535E5	8.88191E5	8.3734E5	7.81013E5	7.12358E5	5.96416E5	4.79072E5	3.85154E5	4.05631E5	2.74569E5	1.68951E5	1.21021E5	8.15057E4
484	1.90023E7	1.76962E6	1.63408E6	1.42311E6	1.19377E6	1.02318E6	9.3666E5	9.0369E5	8.99155E5	8.94542E5	8.77322E5	8.29065E5	7.70534E5	7.09049E5	5.89031E5	4.78191E5	3.89367E5	3.69017E5	3.18086E5	1.72613E5	1.24619E5	8.61319E4
486	1.63675E7	1.79368E6	1.60337E6	1.40924E6	1.17761E6	1.00977E6	9.27383E5	8.91414E5	8.84612E5	8.79888E5	8.62313E5	8.14687E5	7.59163E5	7.00907E5	5.85572E5	4.78768E5	3.88329E5	3.41128E5	3.52865E5	1.78285E5	1.27623E5	9.0577E4
488	1.20654E7	2.0225E6	1.58989E6	1.40437E6	1.16577E6	1.00184E6	9.16049E5	8.79419E5	8.599E5	8.60799E5	8.43151E5	7.97565E5	7.4731E5	6.94182E5	5.81394E5	4.79301E5	3.87831E5	3.2207E5	3.81532E5	1.8393E5	1.32721E5	9.32127E4
490	7.76009E6	2.91259E6	1.57598E6	1.38161E6	1.15177E6	9.95007E5	8.99177E5	8.65261E5	8.51702E5	8.48384E5	8.32385E5	7.89054E5	7.45395E5	6.86592E5	5.77657E5	4.75077E5	3.86826E5	3.17817E5	3.97572E5	1.93455E5	1.35933E5	9.69706E4
492	4.27742E6	4.79126E6	1.55678E6	1.35549E6	1.13675E6	9.75359E5	8.78055E5	8.50094E5	8.31533E5	8.34459E5	8.18722E5	7.74614E5	7.34471E5	6.81047E5	5.74107E5	4.74261E5	3.87578E5	3.16276E5	3.91541E5	2.06379E5	1.39202E5	1.00259E5
494	2.39629E6	7.78032E6	1.51547E6	1.35086E6	1.13186E6	9.68815E5	8.72872E5	8.2927E5	8.15813E5	8.12875E5	7.98617E5	7.63519E5	7.19993E5	6.71539E5	5.69317E5	4.70557E5	3.88103E5	3.17232E5	3.70243E5	2.23557E5	1.42849E5	1.03851E5
496	1.8392E6	1.19935E7	1.50299E6	1.31735E6	1.11299E6	9.5894E5	8.54733E5	8.14783E5	7.99029E5	7.97687E5	7.87267E5	7.50786E5	7.06794E5	6.59957E5	5.61731E5	4.66827E5	3.87046E5	3.13459E5	3.39688E5	2.48474E5	1.43926E5	1.05815E5
498	1.71875E6	1.65338E7	1.47281E6	1.31095E6	1.10175E6	9.43723E5	8.50102E5	8.05647E5	7.88407E5	7.82198E5	7.73663E5	7.36618E5	7.00005E5	6.56372E5	5.56405E5	4.67495E5	3.86632E5	3.15483E5	3.06781E5	2.77147E5	1.47123E5	1.0931E5
500	1.74375E6	2.01841E7	1.46461E6	1.29004E6	1.09528E6	9.28513E5	8.31037E5	7.87902E5	7.72959E5	7.64912E5	7.53893E5	7.23462E5	6.87224E5	6.46199E5	5.53289E5	4.60772E5	3.8262E5	3.14241E5	2.82386E5	3.05229E5	1.51124E5	1.12846E5
502	1.62123E6	2.18011E7	1.45401E6	1.29062E6	1.07804E6	9.16271E5	8.20827E5	7.71329E5	7.57014E5	7.50054E5	7.38117E5	7.08481E5	6.78184E5	6.36145E5	5.45158E5	4.60518E5	3.83763E5	3.13879E5	2.67085E5	3.25284E5	1.54893E5	1.13988E5
504	1.59371E6	2.07473E7	1.4345E6	1.25882E6	1.06286E6	9.01194E5	8.09985E5	7.60086E5	7.4256E5	7.38608E5	7.21911E5	6.95306E5	6.63339E5	6.30835E5	5.35877E5	4.52681E5	3.79257E5	3.11596E5	2.62327E5	3.33324E5	1.63412E5	1.14952E5
506	1.6105E6	1.73237E7	1.44976E6	1.234E6	1.05366E6	8.91242E5	7.94117E5	7.46332E5	7.24248E5	7.20436E5	7.14336E5	6.76535E5	6.55396E5	6.17366E5	5.33942E5	4.50608E5	3.78022E5	3.12505E5	2.58249E5	3.27616E5	1.73041E5	1.1604E5
508	1.59129E6	1.28699E7	1.76813E6	1.22156E6	1.03766E6	8.71201E5	7.83923E5	7.34113E5	7.15139E5	7.079E5	6.9637E5	6.6755E5	6.37995E5	6.03689E5	5.23624E5	4.45736E5	3.7493E5	3.07402E5	2.55337E5	3.04174E5	1.86452E5	1.20127E5
510	1.57349E6	7.92718E6	2.97689E6	1.20291E6	1.01719E6	8.5913E5	7.63805E5	7.15436E5	7.00405E5	6.92494E5	6.77477E5	6.55957E5	6.27955E5	5.98248E5	5.15188E5	4.38573E5	3.71071E5	3.07641E5	2.56127E5	2.77897E5	2.08685E5	1.2027E5
512	1.66067E6	4.01228E6	5.60339E6	1.18827E6	1.00403E6	8.53498E5	7.58793E5	6.99784E5	6.87163E5	6.74718E5	6.67373E5	6.40654E5	6.1377E5	5.8523E5	5.0706E5	4.32291E5	3.67108E5	3.04854E5	2.52181E5	2.51595E5	2.31461E5	1.24102E5
514	1.84238E6	2.11707E6	9.36405E6	1.16114E6	9.85312E5	8.31551E5	7.3295E5	6.91757E5	6.65485E5	6.60322E5	6.46521E5	6.23406E5	5.99553E5	5.72997E5	4.96403E5	4.25938E5	3.60696E5	3.03187E5	2.52687E5	2.27391E5	2.50877E5	1.24739E5
516	1.97805E6	1.5364E6	1.41592E7	1.14891E6	9.58654E5	8.20745E5	7.22851E5	6.77527E5	6.56233E5	6.44001E5	6.33211E5	6.11694E5	5.86254E5	5.62794E5	4.91102E5	4.21788E5	3.54661E5	2.99442E5	2.5033E5	2.15959E5	2.68464E5	1.29259E5
518	2.35624E6	1.44074E6	1.91132E7	1.12665E6	9.52285E5	8.05227E5	7.06671E5	6.62666E5	6.36986E5	6.32317E5	6.16484E5	5.96334E5	5.77861E5	5.53653E5	4.83553E5	4.14146E5	3.54969E5	2.99969E5	2.49757E5	2.09046E5	2.74228E5	1.32271E5
520	2.65278E6	1.38117E6	2.29619E7	1.10828E6	9.30627E5	8.01969E5	6.99291E5	6.47968E5	6.2788E5	6.13221E5	6.03596E5	5.84541E5	5.64475E5	5.40664E5	4.70365E5	4.06971E5	3.49259E5	2.93985E5	2.4558E5	2.06876E5	2.62302E5	1.42899E5
522	2.92886E6	1.3651E6	2.40069E7	1.09067E6	9.23039E5	7.76057E5	6.81389E5	6.3606E5	6.10062E5	5.96935E5	5.88625E5	5.72922E5	5.50926E5	5.34864E5	4.68436E5	3.99845E5	3.44988E5	2.89979E5	2.44967E5	2.06151E5	2.47221E5	1.54216E5
524	3.2055E6	1.30165E6	2.20872E7	1.08242E6	8.98098E5	7.6305E5	6.68738E5	6.10999E5	5.97783E5	5.81873E5	5.78066E5	5.58549E5	5.41027E5	5.19191E5	4.57835E5	3.91071E5	3.34745E5	2.86862E5	2.43132E5	2.03738E5	2.23422E5	1.69746E5
526	3.1282E6	1.25356E6	1.8132E7	1.10329E6	8.84617E5	7.53994E5	6.55746E5	6.05278E5	5.84571E5	5.69929E5	5.61566E5	5.42845E5	5.29174E5	5.08777E5	4.46729E5	3.85627E5	3.31959E5	2.81718E5	2.39853E5	2.01106E5	2.01775E5	1.86443E5
528	2.96781E6	1.23198E6	1.30839E7	1.49951E6	8.62735E5	7.33827E5	6.42959E5	5.92242E5	5.71638E5	5.6167E5	5.48809E5	5.32207E5	5.14892E5	4.97588E5	4.41212E5	3.78944E5	3.25353E5	2.79973E5	2.38897E5	2.01531E5	1.83408E5	2.04332E5
530	2.76623E6	1.20338E6	7.7519E6	2.9154E6	8.46432E5	7.1898E5	6.3506E5	5.81487E5	5.64903E5	5.44248E5	5.33142E5	5.17665E5	5.00257E5	4.85916E5	4.31738E5	3.72653E5	3.20897E5	2.75201E5	2.33289E5	1.97416E5	1.66897E5	2.16579E5
532	2.38712E6	1.24065E6	3.80437E6	5.94844E6	8.33118E5	7.05344E5	6.18707E5	5.67976E5	5.4359E5	5.3336E5	5.24466E5	5.01954E5	4.90409E5	4.72414E5	4.16259E5	3.65047E5	3.16476E5	2.69389E5	2.33389E5	1.94991E5	1.64851E5	2.22483E5
534	1.92812E6	1.28238E6	1.78044E6	1.06155E7	8.20311E5	7.00233E5	5.98171E5	5.49751E5	5.25412E5	5.20567E5	5.09293E5	4.9234E5	4.78741E5	4.61803E5	4.06792E5	3.55033E5	3.11431E5	2.67859E5	2.26653E5	1.93085E5	1.60266E5	2.16314E5
536	1.53434E6	1.42575E6	1.18811E6	1.61159E7	8.01593E5	6.734E5	5.92135E5	5.37143E5	5.1727E5	5.05814E5	4.96602E5	4.77098E5	4.65588E5	4.51239E5	3.99563E5	3.48773E5	3.02043E5	2.6203E5	2.23222E5	1.89571E5	1.57793E5	1.9856E5
538	1.29908E6	1.65982E6	1.10286E6	2.14609E7	7.92081E5	6.64556E5	5.83056E5	5.26665E5	5.01079E5	4.91711E5	4.83539E5	4.67387E5	4.56363E5	4.41978E5	3.8649E5	3.45093E5	2.98016E5	2.5665E5	2.22023E5	1.87234E5	1.5609E5	1.80823E5
540	1.18437E6	1.98722E6	1.0547E6	2.50564E7	7.79068E5	6.48119E5	5.55576E5	5.17048E5	4.89282E5	4.75262E5	4.70146E5	4.53379E5	4.40614E5	4.32133E5	3.81892E5	3.32483E5	2.92364E5	2.52141E5	2.17382E5	1.83228E5	1.5325E5	1.5878E5
542	1.08217E6	2.33277E6	9.98713E5	2.57529E7	7.67996E5	6.3435E5	5.44433E5	4.98406E5	4.78563E5	4.67711E5	4.55898E5	4.37226E5	4.28969E5	4.18551E5	3.71546E5	3.26231E5	2.84104E5	2.46794E5	2.12851E5	1.80109E5	1.52883E5	1.40597E5
544	9.99938E5	2.7062E6	9.87366E5	2.313E7	7.47989E5	6.14622E5	5.3402E5	4.89567E5	4.633E5	4.53502E5	4.43204E5	4.29766E5	4.18788E5	4.07421E5	3.60491E5	3.17374E5	2.79584E5	2.43034E5	2.08904E5	1.78719E5	1.49144E5	1.31258E5
546	1.00721E6	2.97077E6	9.80028E5	1.85951E7	8.15849E5	6.09189E5	5.27264E5	4.82184E5	4.50355E5	4.43889E5	4.33449E5	4.18578E5	4.06499E5	3.93903E5	3.53777E5	3.09013E5	2.7218E5	2.36977E5	2.0499E5	1.75409E5	1.46278E5	1.23838E5
548	9.77948E5	3.05999E6	9.44957E5	1.2955E7	1.33686E6	5.91588E5	5.12791E5	4.64947E5	4.45684E5	4.26065E5	4.2064E5	4.05819E5	3.95666E5	3.82691E5	3.46362E5	3.0489E5	2.69633E5	2.33211E5	1.99671E5	1.72457E5	1.42398E5	1.22356E5
550	9.55752E5	3.00398E6	8.97217E5	7.51614E6	3.03909E6	5.82717E5	5.05913E5	4.59062E5	4.321E5	4.22327E5	4.07075E5	3.9451E5	3.86639E5	3.75726E5	3.33601E5	2.94323E5	2.61102E5	2.29115E5	1.99436E5	1.68918E5	1.41576E5	1.18853E5
552	8.88906E5	2.803E6	9.01643E5	3.48559E6	6.50341E6	5.72577E5	4.85727E5	4.42727E5	4.2299E5	4.06981E5	3.93167E5	3.8313E5	3.73521E5	3.64769E5	3.26323E5	2.85753E5	2.52883E5	2.21424E5	1.90815E5	1.65596E5	1.40346E5	1.17102E5
554	8.62412E5	2.40637E6	8.90407E5	1.491E6	1.14836E7	5.70463E5	4.78198E5	4.33763E5	4.11164E5	3.9693E5	3.86858E5	3.70881E5	3.64427E5	3.60162E5	3.19157E5	2.78376E5	2.47849E5	2.15158E5	1.87946E5	1.61882E5	1.37164E5	1.17729E5
556	8.40776E5	1.99386E6	9.35698E5	9.23956E5	1.72055E7	5.47956E5	4.66544E5	4.23325E5	4.02998E5	3.80969E5	3.76474E5	3.65783E5	3.53237E5	3.41513E5	3.06969E5	2.72512E5	2.4186E5	2.12542E5	1.86372E5	1.5909E5	1.35894E5	1.11507E5
558	8.28652E5	1.59192E6	1.01546E6	8.39933E5	2.28413E7	5.37958E5	4.59809E5	4.0952E5	3.86486E5	3.70802E5	3.64059E5	3.5707E5	3.40261E5	3.37468E5	3.00395E5	2.66229E5	2.34579E5	2.07981E5	1.8191E5	1.56835E5	1.30768E5	1.11559E5
560	8.3768E5	1.25837E6	1.18662E6	8.08756E5	2.64051E7	5.26273E5	4.44384E5	4.04888E5	3.76728E5	3.67164E5	3.55145E5	3.43824E5	3.33309E5	3.2401E5	2.94228E5	2.58056E5	2.31045E5	2.02999E5	1.76276E5	1.52637E5	1.29869E5	1.09974E5
562	8.0859E5	1.00809E6	1.44146E6	7.72134E5	2.70187E7	5.20311E5	4.33208E5	3.9192E5	3.64239E5	3.55971E5	3.44125E5	3.35457E5	3.21986E5	3.18429E5	2.87151E5	2.51256E5	2.23335E5	1.96982E5	1.73297E5	1.51117E5	1.24924E5	1.08007E5
564	7.56946E5	8.36661E5	1.75714E6	7.41519E5	2.41265E7	5.26712E5	4.22015E5	3.85153E5	3.60226E5	3.46793E5	3.35243E5	3.22141E5	3.12937E5	3.0968E5	2.76097E5	2.47058E5	2.16163E5	1.92603E5	1.6727E5	1.45827E5	1.2275E5	1.04371E5
566	7.91681E5	7.68257E5	2.13866E6	7.22031E5	1.91739E7	5.94566E5	4.15896E5	3.67993E5	3.47739E5	3.35727E5	3.26512E5	3.16057E5	3.07936E5	3.01972E5	2.70138E5	2.41868E5	2.10754E5	1.88318E5	1.61933E5	1.4569E5	1.22775E5	1.03692E5
568	7.21391E5	7.30579E5	2.46343E6	7.06855E5	1.3034E7	1.20393E6	4.1019E5	3.66958E5	3.38653E5	3.34594E5	3.18837E5	3.09316E5	2.96948E5	2.90213E5	2.62091E5	2.32206E5	2.06966E5	1.81674E5	1.59372E5	1.42786E5	1.19844E5	1.00909E5
570	7.52141E5	7.18699E5	2.71997E6	6.83003E5	7.21206E6	3.212E6	3.95638E5	3.57114E5	3.28544E5	3.17327E5	3.07455E5	2.98603E5	2.87256E5	2.81594E5	2.54953E5	2.28406E5	1.9918E5	1.78019E5	1.56065E5	1.35824E5	1.17102E5	9.83005E4
572	7.38474E5	6.94929E5	2.77391E6	6.73631E5	3.2134E6	7.04184E6	3.89652E5	3.47913E5	3.22166E5	3.06947E5	2.96099E5	2.86665E5	2.83922E5	2.76084E5	2.45847E5	2.1851E5	1.95801E5	1.75118E5	1.52266E5	1.33931E5	1.13532E5	9.63645E4
574	6.92952E5	6.61081E5	2.68079E6	6.56124E5	1.20137E6	1.27276E7	3.85896E5	3.37416E5	3.09344E5	2.95372E5	2.84611E5	2.82717E5	2.69423E5	2.66136E5	2.40145E5	2.13459E5	1.90913E5	1.69919E5	1.47803E5	1.29597E5	1.0927E5	9.39642E4
576	6.8399E5	6.78897E5	2.36988E6	6.50154E5	7.01618E5	1.87479E7	3.74883E5	3.33437E5	3.01664E5	2.87753E5	2.77763E5	2.72642E5	2.63981E5	2.57854E5	2.31028E5	2.06501E5	1.83868E5	1.62019E5	1.439E5	1.26114E5	1.09019E5	9.0723E4
578	7.0804E5	6.25534E5	2.05811E6	6.70707E5	6.24977E5	2.44416E7	3.67564E5	3.15638E5	2.9305E5	2.81394E5	2.7137E5	2.63241E5	2.57943E5	2.46461E5	2.23987E5	1.99545E5	1.79841E5	1.59767E5	1.40689E5	1.23925E5	1.02439E5	8.87366E4
580	6.94494E5	6.0197E5	1.66464E6	7.06407E5	6.05638E5	2.82005E7	3.59991E5	3.07127E5	2.86845E5	2.72844E5	2.61633E5	2.53383E5	2.44083E5	2.41882E5	2.17985E5	1.9253E5	1.75062E5	1.5458E5	1.37168E5	1.20788E5	1.00532E5	8.6143E4
582	6.47883E5	5.91121E5	1.27085E6	8.12462E5	5.81053E5	2.85426E7	3.55281E5	2.98415E5	2.78283E5	2.61595E5	2.5433E5	2.4631E5	2.41462E5	2.33792E5	2.14025E5	1.86982E5	1.6796E5	1.51526E5	1.33844E5	1.17591E5	9.98432E4	8.55719E4
584	6.31349E5	5.84541E5	9.85795E5	9.89636E5	5.65189E5	2.51207E7	3.62314E5	2.97534E5	2.70053E5	2.59454E5	2.51264E5	2.36169E5	2.35072E5	2.27204E5	2.04827E5	1.85027E5	1.6313E5	1.46727E5	1.28314E5	1.1268E5	9.76334E4	8.39441E4
586	5.87405E5	5.72552E5	7.7051E5	1.2355E6	5.62453E5	1.95053E7	4.21127E5	2.89489E5	2.61713E5	2.53567E5	2.34964E5	2.33167E5	2.26173E5	2.18566E5	1.9818E5	1.78714E5	1.63956E5	1.45944E5	1.24182E5	1.10354E5	9.37972E4	8.17525E4
588	6.43544E5	5.53555E5	6.56812E5	1.56153E6	5.44497E5	1.27037E7	1.02764E6	2.79889E5	2.52408E5	2.40659E5	2.32446E5	2.21375E5	2.19532E5	2.11788E5	1.96011E5	1.70588E5	1.54878E5	1.40411E5	1.24518E5	1.07408E5	9.16442E4	7.83039E4
590	6.07627E5	5.54181E5	6.04137E5	1.90041E6	5.33106E5	6.71987E6	3.10827E6	2.78509E5	2.44985E5	2.31186E5	2.2632E5	2.16821E5	2.10613E5	2.06672E5	1.85414E5	1.68102E5	1.4927E5	1.33981E5	1.17383E5	1.04556E5	8.92418E4	7.72617E4
592	6.39303E5	5.26934E5	5.56084E5	2.17852E6	5.36709E5	2.68128E6	7.20492E6	2.72387E5	2.411E5	2.29619E5	2.17734E5	2.13127E5	2.05241E5	1.98745E5	1.79639E5	1.60837E5	1.44961E5	1.30089E5	1.13411E5	9.95923E4	8.9216E4	7.4597E4
594	5.6721E5	5.27279E5	5.37338E5	2.40192E6	5.28786E5	9.23254E5	1.28486E7	2.592E5	2.35197E5	2.18314E5	2.13058E5	2.01789E5	1.99395E5	1.93531E5	1.73856E5	1.53615E5	1.38912E5	1.26493E5	1.10746E5	9.96628E4	8.57703E4	7.05324E4
596	5.32285E5	5.30292E5	5.44375E5	2.41766E6	5.1004E5	5.16229E5	1.90482E7	2.58891E5	2.26242E5	2.1535E5	2.02699E5	1.95587E5	1.8996E5	1.88522E5	1.67263E5	1.48703E5	1.36105E5	1.21434E5	1.08624E5	9.54816E4	8.0285E4	7.10687E4
598	5.92006E5	5.22409E5	5.19494E5	2.31852E6	5.0721E5	4.61612E5	2.45931E7	2.53698E5	2.20996E5	2.10123E5	1.96377E5	1.86077E5	1.81777E5	1.79396E5	1.60763E5	1.48936E5	1.29969E5	1.17846E5	1.05471E5	9.29224E4	7.99897E4	6.87679E4
600	5.39954E5	5.1811E5	5.23E5	2.08146E6	5.24183E5	4.3923E5	2.78928E7	2.5886E5	2.2057E5	2.04539E5	1.98175E5	1.85252E5	1.76794E5	1.73445E5	1.54256E5	1.44929E5	1.26964E5	1.14732E5	1.03175E5	8.86075E4	7.73713E4	6.60719E4
