[HEADER]
Format,J&M ASCII Table
Comment,NC1-1414
Date,7/31/2013 3:31:16 PM
Order,Y (evenX)
TechType,UV
NumPoints,524
FirstX,200.00
LastX,723.00
XType,NMetr
YType,Absrb
[DATA]
200.000,0.756
201.000,0.754
202.000,0.746
203.000,0.732
204.000,0.716
205.000,0.699
206.000,0.682
207.000,0.662
208.000,0.639
209.000,0.609
210.000,0.572
211.000,0.529
212.000,0.481
213.000,0.431
214.000,0.381
215.000,0.334
216.000,0.292
217.000,0.254
218.000,0.220
219.000,0.191
220.000,0.165
221.000,0.143
222.000,0.124
223.000,0.108
224.000,0.095
225.000,0.084
226.000,0.075
227.000,0.067
228.000,0.061
229.000,0.055
230.000,0.051
231.000,0.047
232.000,0.044
233.000,0.042
234.000,0.040
235.000,0.038
236.000,0.037
237.000,0.036
238.000,0.035
239.000,0.034
240.000,0.033
241.000,0.032
242.000,0.032
243.000,0.031
244.000,0.031
245.000,0.030
246.000,0.030
247.000,0.030
248.000,0.029
249.000,0.029
250.000,0.029
251.000,0.029
252.000,0.028
253.000,0.028
254.000,0.028
255.000,0.028
256.000,0.028
257.000,0.028
258.000,0.028
259.000,0.027
260.000,0.027
261.000,0.027
262.000,0.027
263.000,0.027
264.000,0.027
265.000,0.027
266.000,0.026
267.000,0.026
268.000,0.026
269.000,0.026
270.000,0.026
271.000,0.026
272.000,0.025
273.000,0.025
274.000,0.025
275.000,0.025
276.000,0.024
277.000,0.024
278.000,0.024
279.000,0.024
280.000,0.024
281.000,0.023
282.000,0.023
283.000,0.023
284.000,0.023
285.000,0.023
286.000,0.022
287.000,0.022
288.000,0.022
289.000,0.022
290.000,0.022
291.000,0.021
292.000,0.021
293.000,0.021
294.000,0.021
295.000,0.021
296.000,0.020
297.000,0.020
298.000,0.020
299.000,0.020
300.000,0.020
301.000,0.020
302.000,0.020
303.000,0.019
304.000,0.019
305.000,0.019
306.000,0.019
307.000,0.019
308.000,0.019
309.000,0.019
310.000,0.019
311.000,0.018
312.000,0.018
313.000,0.018
314.000,0.018
315.000,0.018
316.000,0.018
317.000,0.018
318.000,0.018
319.000,0.017
320.000,0.017
321.000,0.017
322.000,0.017
323.000,0.017
324.000,0.017
325.000,0.017
326.000,0.017
327.000,0.017
328.000,0.016
329.000,0.016
330.000,0.016
331.000,0.016
332.000,0.016
333.000,0.016
334.000,0.016
335.000,0.016
336.000,0.016
337.000,0.016
338.000,0.016
339.000,0.016
340.000,0.015
341.000,0.015
342.000,0.015
343.000,0.015
344.000,0.015
345.000,0.015
346.000,0.015
347.000,0.015
348.000,0.015
349.000,0.015
350.000,0.015
351.000,0.015
352.000,0.015
353.000,0.015
354.000,0.015
355.000,0.015
356.000,0.014
357.000,0.014
358.000,0.014
359.000,0.014
360.000,0.014
361.000,0.014
362.000,0.014
363.000,0.014
364.000,0.014
365.000,0.014
366.000,0.014
367.000,0.014
368.000,0.014
369.000,0.014
370.000,0.014
371.000,0.014
372.000,0.014
373.000,0.014
374.000,0.013
375.000,0.013
376.000,0.013
377.000,0.013
378.000,0.013
379.000,0.013
380.000,0.013
381.000,0.013
382.000,0.013
383.000,0.013
384.000,0.013
385.000,0.013
386.000,0.013
387.000,0.013
388.000,0.013
389.000,0.013
390.000,0.013
391.000,0.013
392.000,0.013
393.000,0.013
394.000,0.013
395.000,0.013
396.000,0.013
397.000,0.013
398.000,0.013
399.000,0.013
400.000,0.013
401.000,0.013
402.000,0.013
403.000,0.013
404.000,0.013
405.000,0.013
406.000,0.013
407.000,0.013
408.000,0.013
409.000,0.012
410.000,0.012
411.000,0.012
412.000,0.012
413.000,0.012
414.000,0.012
415.000,0.012
416.000,0.012
417.000,0.012
418.000,0.012
419.000,0.012
420.000,0.012
421.000,0.012
422.000,0.012
423.000,0.012
424.000,0.012
425.000,0.012
426.000,0.012
427.000,0.012
428.000,0.012
429.000,0.011
430.000,0.011
431.000,0.011
432.000,0.011
433.000,0.011
434.000,0.011
435.000,0.011
436.000,0.011
437.000,0.011
438.000,0.011
439.000,0.011
440.000,0.011
441.000,0.011
442.000,0.011
443.000,0.011
444.000,0.011
445.000,0.011
446.000,0.011
447.000,0.011
448.000,0.011
449.000,0.011
450.000,0.011
451.000,0.011
452.000,0.011
453.000,0.011
454.000,0.011
455.000,0.011
456.000,0.011
457.000,0.011
458.000,0.011
459.000,0.011
460.000,0.011
461.000,0.011
462.000,0.011
463.000,0.011
464.000,0.011
465.000,0.011
466.000,0.011
467.000,0.011
468.000,0.011
469.000,0.010
470.000,0.010
471.000,0.010
472.000,0.010
473.000,0.010
474.000,0.010
475.000,0.010
476.000,0.010
477.000,0.010
478.000,0.010
479.000,0.010
480.000,0.010
481.000,0.010
482.000,0.010
483.000,0.010
484.000,0.010
485.000,0.010
486.000,0.010
487.000,0.010
488.000,0.010
489.000,0.010
490.000,0.010
491.000,0.010
492.000,0.010
493.000,0.010
494.000,0.010
495.000,0.010
496.000,0.010
497.000,0.010
498.000,0.010
499.000,0.010
500.000,0.010
501.000,0.010
502.000,0.010
503.000,0.010
504.000,0.010
505.000,0.010
506.000,0.010
507.000,0.010
508.000,0.010
509.000,0.010
510.000,0.010
511.000,0.010
512.000,0.010
513.000,0.010
514.000,0.010
515.000,0.010
516.000,0.010
517.000,0.010
518.000,0.010
519.000,0.010
520.000,0.010
521.000,0.010
522.000,0.010
523.000,0.010
524.000,0.010
525.000,0.010
526.000,0.010
527.000,0.010
528.000,0.010
529.000,0.010
530.000,0.010
531.000,0.010
532.000,0.010
533.000,0.010
534.000,0.010
535.000,0.010
536.000,0.010
537.000,0.010
538.000,0.010
539.000,0.010
540.000,0.010
541.000,0.010
542.000,0.010
543.000,0.010
544.000,0.010
545.000,0.010
546.000,0.010
547.000,0.010
548.000,0.010
549.000,0.010
550.000,0.010
551.000,0.010
552.000,0.010
553.000,0.010
554.000,0.010
555.000,0.010
556.000,0.010
557.000,0.010
558.000,0.010
559.000,0.010
560.000,0.010
561.000,0.010
562.000,0.010
563.000,0.010
564.000,0.009
565.000,0.009
566.000,0.009
567.000,0.009
568.000,0.009
569.000,0.009
570.000,0.009
571.000,0.009
572.000,0.009
573.000,0.009
574.000,0.009
575.000,0.009
576.000,0.009
577.000,0.009
578.000,0.009
579.000,0.009
580.000,0.009
581.000,0.009
582.000,0.009
583.000,0.009
584.000,0.009
585.000,0.009
586.000,0.009
587.000,0.009
588.000,0.009
589.000,0.009
590.000,0.009
591.000,0.009
592.000,0.009
593.000,0.009
594.000,0.009
595.000,0.009
596.000,0.009
597.000,0.009
598.000,0.009
599.000,0.009
600.000,0.009
601.000,0.009
602.000,0.009
603.000,0.009
604.000,0.009
605.000,0.009
606.000,0.009
607.000,0.009
608.000,0.009
609.000,0.009
610.000,0.009
611.000,0.009
612.000,0.009
613.000,0.009
614.000,0.009
615.000,0.009
616.000,0.009
617.000,0.009
618.000,0.009
619.000,0.009
620.000,0.009
621.000,0.009
622.000,0.009
623.000,0.009
624.000,0.009
625.000,0.009
626.000,0.009
627.000,0.009
628.000,0.009
629.000,0.009
630.000,0.009
631.000,0.009
632.000,0.009
633.000,0.009
634.000,0.009
635.000,0.009
636.000,0.009
637.000,0.009
638.000,0.009
639.000,0.009
640.000,0.009
641.000,0.009
642.000,0.009
643.000,0.009
644.000,0.009
645.000,0.009
646.000,0.009
647.000,0.009
648.000,0.009
649.000,0.009
650.000,0.009
651.000,0.009
652.000,0.009
653.000,0.009
654.000,0.009
655.000,0.009
656.000,0.009
657.000,0.009
658.000,0.009
659.000,0.009
660.000,0.009
661.000,0.009
662.000,0.009
663.000,0.009
664.000,0.009
665.000,0.009
666.000,0.009
667.000,0.009
668.000,0.009
669.000,0.009
670.000,0.009
671.000,0.009
672.000,0.009
673.000,0.009
674.000,0.009
675.000,0.009
676.000,0.009
677.000,0.008
678.000,0.008
679.000,0.008
680.000,0.008
681.000,0.008
682.000,0.008
683.000,0.008
684.000,0.008
685.000,0.008
686.000,0.008
687.000,0.008
688.000,0.008
689.000,0.008
690.000,0.008
691.000,0.008
692.000,0.008
693.000,0.008
694.000,0.008
695.000,0.008
696.000,0.008
697.000,0.008
698.000,0.008
699.000,0.008
700.000,0.008
701.000,0.008
702.000,0.008
703.000,0.008
704.000,0.008
705.000,0.008
706.000,0.008
707.000,0.008
708.000,0.008
709.000,0.008
710.000,0.008
711.000,0.008
712.000,0.008
713.000,0.008
714.000,0.008
715.000,0.008
716.000,0.008
717.000,0.008
718.000,0.008
719.000,0.008
720.000,0.008
721.000,0.008
722.000,0.008
723.000,0.008
