[HEADER]
Format,J&M ASCII Table
Comment,SAT05-06/05-1000-2
Date,6/6/2013 1:27:17 PM
Order,Y (evenX)
TechType,UV
NumPoints,524
FirstX,200.00
LastX,723.00
XType,NMetr
YType,Absrb
[DATA]
200.000,0.186
201.000,0.181
202.000,0.176
203.000,0.171
204.000,0.166
205.000,0.161
206.000,0.156
207.000,0.151
208.000,0.147
209.000,0.144
210.000,0.141
211.000,0.138
212.000,0.135
213.000,0.133
214.000,0.130
215.000,0.127
216.000,0.123
217.000,0.120
218.000,0.117
219.000,0.114
220.000,0.110
221.000,0.107
222.000,0.103
223.000,0.099
224.000,0.096
225.000,0.094
226.000,0.091
227.000,0.088
228.000,0.086
229.000,0.083
230.000,0.081
231.000,0.079
232.000,0.078
233.000,0.076
234.000,0.075
235.000,0.073
236.000,0.072
237.000,0.071
238.000,0.070
239.000,0.069
240.000,0.068
241.000,0.067
242.000,0.066
243.000,0.065
244.000,0.065
245.000,0.064
246.000,0.063
247.000,0.062
248.000,0.061
249.000,0.061
250.000,0.060
251.000,0.059
252.000,0.059
253.000,0.058
254.000,0.058
255.000,0.057
256.000,0.057
257.000,0.057
258.000,0.056
259.000,0.056
260.000,0.055
261.000,0.055
262.000,0.055
263.000,0.054
264.000,0.054
265.000,0.053
266.000,0.053
267.000,0.052
268.000,0.051
269.000,0.051
270.000,0.050
271.000,0.050
272.000,0.049
273.000,0.048
274.000,0.048
275.000,0.047
276.000,0.046
277.000,0.046
278.000,0.045
279.000,0.044
280.000,0.044
281.000,0.043
282.000,0.042
283.000,0.041
284.000,0.041
285.000,0.040
286.000,0.039
287.000,0.039
288.000,0.038
289.000,0.037
290.000,0.036
291.000,0.036
292.000,0.035
293.000,0.034
294.000,0.034
295.000,0.033
296.000,0.033
297.000,0.032
298.000,0.031
299.000,0.031
300.000,0.030
301.000,0.030
302.000,0.029
303.000,0.029
304.000,0.028
305.000,0.028
306.000,0.027
307.000,0.027
308.000,0.026
309.000,0.026
310.000,0.025
311.000,0.025
312.000,0.024
313.000,0.024
314.000,0.023
315.000,0.023
316.000,0.022
317.000,0.022
318.000,0.022
319.000,0.021
320.000,0.021
321.000,0.020
322.000,0.020
323.000,0.020
324.000,0.019
325.000,0.019
326.000,0.019
327.000,0.018
328.000,0.018
329.000,0.018
330.000,0.017
331.000,0.017
332.000,0.017
333.000,0.016
334.000,0.016
335.000,0.016
336.000,0.015
337.000,0.015
338.000,0.015
339.000,0.015
340.000,0.014
341.000,0.014
342.000,0.014
343.000,0.014
344.000,0.013
345.000,0.013
346.000,0.013
347.000,0.013
348.000,0.012
349.000,0.012
350.000,0.012
351.000,0.012
352.000,0.012
353.000,0.011
354.000,0.011
355.000,0.011
356.000,0.011
357.000,0.011
358.000,0.010
359.000,0.010
360.000,0.010
361.000,0.010
362.000,0.010
363.000,0.010
364.000,0.009
365.000,0.009
366.000,0.009
367.000,0.009
368.000,0.009
369.000,0.009
370.000,0.008
371.000,0.008
372.000,0.008
373.000,0.008
374.000,0.008
375.000,0.008
376.000,0.008
377.000,0.007
378.000,0.007
379.000,0.007
380.000,0.007
381.000,0.007
382.000,0.007
383.000,0.007
384.000,0.007
385.000,0.007
386.000,0.006
387.000,0.006
388.000,0.006
389.000,0.006
390.000,0.006
391.000,0.006
392.000,0.006
393.000,0.006
394.000,0.006
395.000,0.006
396.000,0.006
397.000,0.005
398.000,0.005
399.000,0.005
400.000,0.005
401.000,0.005
402.000,0.005
403.000,0.005
404.000,0.005
405.000,0.005
406.000,0.005
407.000,0.005
408.000,0.004
409.000,0.004
410.000,0.004
411.000,0.004
412.000,0.004
413.000,0.004
414.000,0.004
415.000,0.004
416.000,0.004
417.000,0.004
418.000,0.004
419.000,0.004
420.000,0.003
421.000,0.003
422.000,0.003
423.000,0.003
424.000,0.003
425.000,0.003
426.000,0.003
427.000,0.003
428.000,0.003
429.000,0.003
430.000,0.003
431.000,0.003
432.000,0.003
433.000,0.003
434.000,0.003
435.000,0.003
436.000,0.003
437.000,0.003
438.000,0.002
439.000,0.002
440.000,0.002
441.000,0.002
442.000,0.002
443.000,0.002
444.000,0.002
445.000,0.002
446.000,0.002
447.000,0.002
448.000,0.002
449.000,0.002
450.000,0.002
451.000,0.002
452.000,0.002
453.000,0.002
454.000,0.002
455.000,0.002
456.000,0.002
457.000,0.002
458.000,0.002
459.000,0.002
460.000,0.002
461.000,0.002
462.000,0.002
463.000,0.002
464.000,0.002
465.000,0.002
466.000,0.001
467.000,0.001
468.000,0.001
469.000,0.001
470.000,0.001
471.000,0.001
472.000,0.001
473.000,0.001
474.000,0.001
475.000,0.001
476.000,0.001
477.000,0.001
478.000,0.001
479.000,0.001
480.000,0.001
481.000,0.001
482.000,0.001
483.000,0.001
484.000,0.001
485.000,0.001
486.000,0.001
487.000,0.001
488.000,0.001
489.000,0.001
490.000,0.001
491.000,0.001
492.000,0.001
493.000,0.001
494.000,0.001
495.000,0.001
496.000,0.001
497.000,0.001
498.000,0.001
499.000,0.001
500.000,0.001
501.000,0.001
502.000,0.001
503.000,0.001
504.000,0.001
505.000,0.001
506.000,0.001
507.000,0.001
508.000,0.001
509.000,0.001
510.000,0.001
511.000,0.001
512.000,0.001
513.000,0.001
514.000,0.001
515.000,0.001
516.000,0.001
517.000,0.000
518.000,0.000
519.000,0.000
520.000,0.000
521.000,0.000
522.000,0.000
523.000,0.000
524.000,0.000
525.000,0.000
526.000,0.000
527.000,0.000
528.000,0.000
529.000,0.000
530.000,0.000
531.000,0.000
532.000,0.000
533.000,0.000
534.000,0.000
535.000,0.000
536.000,0.000
537.000,0.000
538.000,0.000
539.000,0.000
540.000,0.000
541.000,0.000
542.000,0.000
543.000,0.000
544.000,0.000
545.000,0.000
546.000,0.000
547.000,0.000
548.000,0.000
549.000,0.000
550.000,0.000
551.000,0.000
552.000,0.000
553.000,0.000
554.000,0.000
555.000,0.000
556.000,0.000
557.000,0.000
558.000,0.000
559.000,0.000
560.000,0.000
561.000,-0.000
562.000,-0.000
563.000,-0.000
564.000,-0.000
565.000,-0.000
566.000,-0.000
567.000,-0.000
568.000,-0.000
569.000,-0.000
570.000,-0.000
571.000,-0.000
572.000,-0.000
573.000,-0.000
574.000,-0.000
575.000,-0.000
576.000,-0.000
577.000,-0.000
578.000,-0.000
579.000,-0.000
580.000,-0.000
581.000,-0.000
582.000,-0.000
583.000,-0.000
584.000,-0.000
585.000,-0.000
586.000,-0.001
587.000,-0.001
588.000,-0.001
589.000,-0.001
590.000,-0.001
591.000,-0.001
592.000,-0.001
593.000,-0.001
594.000,-0.001
595.000,-0.001
596.000,-0.001
597.000,-0.001
598.000,-0.001
599.000,-0.001
600.000,-0.001
601.000,-0.001
602.000,-0.001
603.000,-0.001
604.000,-0.001
605.000,-0.001
606.000,-0.001
607.000,-0.001
608.000,-0.001
609.000,-0.001
610.000,-0.001
611.000,-0.001
612.000,-0.001
613.000,-0.001
614.000,-0.001
615.000,-0.001
616.000,-0.001
617.000,-0.001
618.000,-0.001
619.000,-0.001
620.000,-0.001
621.000,-0.001
622.000,-0.001
623.000,-0.001
624.000,-0.001
625.000,-0.001
626.000,-0.001
627.000,-0.001
628.000,-0.001
629.000,-0.001
630.000,-0.001
631.000,-0.001
632.000,-0.001
633.000,-0.001
634.000,-0.001
635.000,-0.001
636.000,-0.001
637.000,-0.001
638.000,-0.001
639.000,-0.001
640.000,-0.001
641.000,-0.001
642.000,-0.001
643.000,-0.001
644.000,-0.001
645.000,-0.001
646.000,-0.001
647.000,-0.001
648.000,-0.001
649.000,-0.001
650.000,-0.001
651.000,-0.001
652.000,-0.001
653.000,-0.001
654.000,-0.001
655.000,-0.001
656.000,-0.001
657.000,-0.001
658.000,-0.001
659.000,-0.001
660.000,-0.001
661.000,-0.001
662.000,-0.001
663.000,-0.001
664.000,-0.001
665.000,-0.001
666.000,-0.001
667.000,-0.001
668.000,-0.001
669.000,-0.001
670.000,-0.001
671.000,-0.001
672.000,-0.001
673.000,-0.001
674.000,-0.001
675.000,-0.001
676.000,-0.001
677.000,-0.001
678.000,-0.001
679.000,-0.001
680.000,-0.001
681.000,-0.001
682.000,-0.001
683.000,-0.001
684.000,-0.001
685.000,-0.001
686.000,-0.001
687.000,-0.001
688.000,-0.001
689.000,-0.001
690.000,-0.001
691.000,-0.001
692.000,-0.001
693.000,-0.001
694.000,-0.001
695.000,-0.001
696.000,-0.001
697.000,-0.001
698.000,-0.001
699.000,-0.001
700.000,-0.001
701.000,-0.001
702.000,-0.001
703.000,-0.001
704.000,-0.001
705.000,-0.001
706.000,-0.001
707.000,-0.001
708.000,-0.001
709.000,-0.001
710.000,-0.001
711.000,-0.001
712.000,-0.001
713.000,-0.001
714.000,-0.001
715.000,-0.001
716.000,-0.001
717.000,-0.001
718.000,-0.001
719.000,-0.001
720.000,-0.001
721.000,-0.001
722.000,-0.001
723.000,-0.001
