[HEADER]
Format,J&M ASCII Table
Comment,Surface FU Blank
Date,6/21/2013 4:29:52 PM
Order,Y (evenX)
TechType,UV
NumPoints,524
FirstX,200.00
LastX,723.00
XType,NMetr
YType,Absrb
[DATA]
200.000,-0.005
201.000,-0.005
202.000,-0.006
203.000,-0.006
204.000,-0.007
205.000,-0.007
206.000,-0.008
207.000,-0.008
208.000,-0.008
209.000,-0.009
210.000,-0.009
211.000,-0.009
212.000,-0.009
213.000,-0.009
214.000,-0.009
215.000,-0.009
216.000,-0.009
217.000,-0.009
218.000,-0.009
219.000,-0.009
220.000,-0.009
221.000,-0.009
222.000,-0.008
223.000,-0.008
224.000,-0.008
225.000,-0.008
226.000,-0.008
227.000,-0.008
228.000,-0.007
229.000,-0.007
230.000,-0.007
231.000,-0.007
232.000,-0.007
233.000,-0.007
234.000,-0.007
235.000,-0.007
236.000,-0.007
237.000,-0.007
238.000,-0.007
239.000,-0.007
240.000,-0.007
241.000,-0.007
242.000,-0.007
243.000,-0.007
244.000,-0.007
245.000,-0.007
246.000,-0.007
247.000,-0.007
248.000,-0.007
249.000,-0.007
250.000,-0.007
251.000,-0.007
252.000,-0.007
253.000,-0.007
254.000,-0.007
255.000,-0.007
256.000,-0.007
257.000,-0.007
258.000,-0.007
259.000,-0.007
260.000,-0.007
261.000,-0.007
262.000,-0.007
263.000,-0.007
264.000,-0.007
265.000,-0.007
266.000,-0.007
267.000,-0.007
268.000,-0.007
269.000,-0.007
270.000,-0.007
271.000,-0.007
272.000,-0.007
273.000,-0.007
274.000,-0.007
275.000,-0.007
276.000,-0.007
277.000,-0.007
278.000,-0.007
279.000,-0.007
280.000,-0.007
281.000,-0.007
282.000,-0.007
283.000,-0.007
284.000,-0.007
285.000,-0.007
286.000,-0.007
287.000,-0.007
288.000,-0.007
289.000,-0.007
290.000,-0.007
291.000,-0.007
292.000,-0.007
293.000,-0.007
294.000,-0.007
295.000,-0.007
296.000,-0.007
297.000,-0.007
298.000,-0.007
299.000,-0.007
300.000,-0.007
301.000,-0.007
302.000,-0.007
303.000,-0.007
304.000,-0.007
305.000,-0.007
306.000,-0.007
307.000,-0.007
308.000,-0.007
309.000,-0.006
310.000,-0.006
311.000,-0.006
312.000,-0.006
313.000,-0.006
314.000,-0.006
315.000,-0.006
316.000,-0.006
317.000,-0.006
318.000,-0.006
319.000,-0.006
320.000,-0.006
321.000,-0.006
322.000,-0.006
323.000,-0.006
324.000,-0.006
325.000,-0.006
326.000,-0.006
327.000,-0.006
328.000,-0.006
329.000,-0.006
330.000,-0.006
331.000,-0.006
332.000,-0.006
333.000,-0.006
334.000,-0.006
335.000,-0.006
336.000,-0.006
337.000,-0.006
338.000,-0.006
339.000,-0.006
340.000,-0.006
341.000,-0.006
342.000,-0.006
343.000,-0.006
344.000,-0.006
345.000,-0.006
346.000,-0.005
347.000,-0.005
348.000,-0.005
349.000,-0.005
350.000,-0.005
351.000,-0.005
352.000,-0.005
353.000,-0.005
354.000,-0.005
355.000,-0.005
356.000,-0.005
357.000,-0.005
358.000,-0.005
359.000,-0.005
360.000,-0.005
361.000,-0.005
362.000,-0.005
363.000,-0.005
364.000,-0.005
365.000,-0.004
366.000,-0.004
367.000,-0.004
368.000,-0.004
369.000,-0.004
370.000,-0.004
371.000,-0.004
372.000,-0.004
373.000,-0.004
374.000,-0.004
375.000,-0.004
376.000,-0.004
377.000,-0.004
378.000,-0.004
379.000,-0.004
380.000,-0.004
381.000,-0.004
382.000,-0.004
383.000,-0.004
384.000,-0.003
385.000,-0.003
386.000,-0.003
387.000,-0.003
388.000,-0.003
389.000,-0.003
390.000,-0.003
391.000,-0.003
392.000,-0.003
393.000,-0.003
394.000,-0.003
395.000,-0.003
396.000,-0.003
397.000,-0.003
398.000,-0.003
399.000,-0.003
400.000,-0.003
401.000,-0.003
402.000,-0.003
403.000,-0.003
404.000,-0.003
405.000,-0.003
406.000,-0.003
407.000,-0.002
408.000,-0.002
409.000,-0.002
410.000,-0.002
411.000,-0.002
412.000,-0.002
413.000,-0.002
414.000,-0.002
415.000,-0.002
416.000,-0.002
417.000,-0.002
418.000,-0.002
419.000,-0.002
420.000,-0.002
421.000,-0.002
422.000,-0.002
423.000,-0.002
424.000,-0.002
425.000,-0.002
426.000,-0.002
427.000,-0.002
428.000,-0.002
429.000,-0.002
430.000,-0.002
431.000,-0.001
432.000,-0.001
433.000,-0.001
434.000,-0.001
435.000,-0.001
436.000,-0.001
437.000,-0.001
438.000,-0.001
439.000,-0.001
440.000,-0.001
441.000,-0.001
442.000,-0.001
443.000,-0.001
444.000,-0.001
445.000,-0.001
446.000,-0.001
447.000,-0.001
448.000,-0.001
449.000,-0.001
450.000,-0.001
451.000,-0.001
452.000,-0.001
453.000,-0.001
454.000,-0.001
455.000,-0.001
456.000,-0.001
457.000,-0.001
458.000,-0.001
459.000,-0.001
460.000,-0.001
461.000,-0.001
462.000,-0.001
463.000,-0.001
464.000,-0.001
465.000,-0.001
466.000,-0.001
467.000,-0.001
468.000,-0.001
469.000,-0.001
470.000,-0.001
471.000,-0.001
472.000,-0.001
473.000,-0.001
474.000,-0.001
475.000,-0.001
476.000,-0.001
477.000,-0.001
478.000,-0.001
479.000,-0.001
480.000,-0.001
481.000,-0.001
482.000,-0.001
483.000,-0.001
484.000,-0.001
485.000,-0.001
486.000,-0.001
487.000,-0.001
488.000,-0.001
489.000,-0.001
490.000,-0.001
491.000,-0.000
492.000,-0.000
493.000,-0.000
494.000,-0.000
495.000,-0.000
496.000,-0.000
497.000,-0.000
498.000,-0.000
499.000,-0.000
500.000,-0.000
501.000,-0.000
502.000,-0.000
503.000,-0.000
504.000,-0.000
505.000,-0.000
506.000,-0.000
507.000,-0.000
508.000,-0.000
509.000,-0.000
510.000,-0.000
511.000,-0.000
512.000,-0.000
513.000,-0.000
514.000,-0.000
515.000,-0.000
516.000,-0.000
517.000,-0.000
518.000,-0.000
519.000,-0.000
520.000,-0.000
521.000,-0.000
522.000,-0.000
523.000,-0.000
524.000,-0.000
525.000,-0.000
526.000,-0.000
527.000,-0.000
528.000,-0.000
529.000,-0.000
530.000,-0.000
531.000,-0.000
532.000,-0.000
533.000,-0.000
534.000,-0.000
535.000,-0.000
536.000,-0.000
537.000,-0.000
538.000,-0.000
539.000,-0.000
540.000,-0.000
541.000,-0.000
542.000,-0.000
543.000,-0.000
544.000,-0.000
545.000,-0.000
546.000,-0.000
547.000,-0.000
548.000,-0.000
549.000,-0.000
550.000,-0.000
551.000,0.000
552.000,0.000
553.000,0.000
554.000,0.000
555.000,0.000
556.000,0.000
557.000,0.000
558.000,0.000
559.000,0.000
560.000,0.000
561.000,0.000
562.000,0.000
563.000,0.000
564.000,0.000
565.000,-0.000
566.000,-0.000
567.000,-0.000
568.000,-0.000
569.000,-0.000
570.000,-0.000
571.000,-0.000
572.000,-0.000
573.000,-0.000
574.000,-0.000
575.000,-0.000
576.000,-0.000
577.000,-0.000
578.000,-0.000
579.000,-0.000
580.000,-0.000
581.000,-0.000
582.000,-0.000
583.000,-0.000
584.000,-0.000
585.000,-0.000
586.000,-0.000
587.000,-0.000
588.000,-0.000
589.000,-0.000
590.000,-0.000
591.000,-0.000
592.000,-0.000
593.000,-0.000
594.000,-0.000
595.000,-0.000
596.000,-0.000
597.000,-0.000
598.000,-0.000
599.000,-0.000
600.000,-0.000
601.000,-0.000
602.000,-0.000
603.000,-0.000
604.000,-0.000
605.000,-0.000
606.000,-0.000
607.000,-0.000
608.000,-0.000
609.000,-0.000
610.000,-0.000
611.000,-0.000
612.000,0.000
613.000,0.000
614.000,0.000
615.000,0.000
616.000,0.000
617.000,0.000
618.000,0.000
619.000,0.000
620.000,0.000
621.000,0.000
622.000,0.000
623.000,0.000
624.000,0.000
625.000,0.000
626.000,0.000
627.000,0.000
628.000,0.000
629.000,0.000
630.000,0.000
631.000,0.000
632.000,0.000
633.000,0.000
634.000,0.000
635.000,0.000
636.000,0.000
637.000,0.000
638.000,0.000
639.000,0.000
640.000,0.000
641.000,0.000
642.000,0.000
643.000,0.000
644.000,0.000
645.000,0.000
646.000,0.000
647.000,0.000
648.000,0.000
649.000,0.000
650.000,0.000
651.000,-0.000
652.000,-0.000
653.000,-0.000
654.000,-0.000
655.000,-0.000
656.000,-0.000
657.000,-0.000
658.000,-0.000
659.000,-0.000
660.000,-0.000
661.000,0.000
662.000,0.000
663.000,0.000
664.000,0.000
665.000,0.000
666.000,0.000
667.000,0.000
668.000,0.000
669.000,0.000
670.000,0.000
671.000,0.000
672.000,0.000
673.000,0.000
674.000,0.000
675.000,0.000
676.000,0.000
677.000,0.000
678.000,0.000
679.000,0.000
680.000,0.000
681.000,0.000
682.000,0.000
683.000,0.000
684.000,0.000
685.000,0.000
686.000,0.000
687.000,0.000
688.000,0.000
689.000,0.000
690.000,0.000
691.000,0.000
692.000,0.000
693.000,0.000
694.000,0.000
695.000,0.000
696.000,0.000
697.000,0.000
698.000,0.000
699.000,0.000
700.000,0.000
701.000,0.000
702.000,0.000
703.000,0.000
704.000,0.000
705.000,0.000
706.000,0.000
707.000,0.000
708.000,0.000
709.000,0.000
710.000,0.000
711.000,0.000
712.000,0.000
713.000,0.000
714.000,0.000
715.000,0.000
716.000,0.000
717.000,0.000
718.000,0.000
719.000,0.000
720.000,0.000
721.000,0.000
722.000,0.000
723.000,0.000
