[HEADER]
Format,J&M ASCII Table
Comment,TS-04/17/13-0900
Date,4/18/2013 3:42:29 PM
Order,Y (evenX)
TechType,UV
NumPoints,524
FirstX,200.00
LastX,723.00
XType,NMetr
YType,Absrb
[DATA]
200.000,0.276
201.000,0.272
202.000,0.266
203.000,0.260
204.000,0.253
205.000,0.246
206.000,0.239
207.000,0.232
208.000,0.226
209.000,0.219
210.000,0.212
211.000,0.206
212.000,0.198
213.000,0.191
214.000,0.183
215.000,0.176
216.000,0.167
217.000,0.159
218.000,0.150
219.000,0.142
220.000,0.133
221.000,0.124
222.000,0.116
223.000,0.108
224.000,0.100
225.000,0.093
226.000,0.086
227.000,0.080
228.000,0.075
229.000,0.071
230.000,0.067
231.000,0.063
232.000,0.060
233.000,0.058
234.000,0.055
235.000,0.053
236.000,0.052
237.000,0.050
238.000,0.049
239.000,0.048
240.000,0.047
241.000,0.046
242.000,0.045
243.000,0.044
244.000,0.043
245.000,0.042
246.000,0.042
247.000,0.041
248.000,0.041
249.000,0.040
250.000,0.040
251.000,0.039
252.000,0.039
253.000,0.039
254.000,0.038
255.000,0.038
256.000,0.038
257.000,0.037
258.000,0.037
259.000,0.037
260.000,0.037
261.000,0.036
262.000,0.036
263.000,0.036
264.000,0.035
265.000,0.035
266.000,0.035
267.000,0.034
268.000,0.034
269.000,0.034
270.000,0.033
271.000,0.033
272.000,0.032
273.000,0.032
274.000,0.031
275.000,0.031
276.000,0.030
277.000,0.030
278.000,0.029
279.000,0.029
280.000,0.029
281.000,0.028
282.000,0.028
283.000,0.027
284.000,0.027
285.000,0.026
286.000,0.026
287.000,0.025
288.000,0.025
289.000,0.024
290.000,0.024
291.000,0.024
292.000,0.023
293.000,0.023
294.000,0.022
295.000,0.022
296.000,0.021
297.000,0.021
298.000,0.020
299.000,0.020
300.000,0.019
301.000,0.019
302.000,0.018
303.000,0.018
304.000,0.018
305.000,0.017
306.000,0.017
307.000,0.017
308.000,0.016
309.000,0.016
310.000,0.015
311.000,0.015
312.000,0.015
313.000,0.014
314.000,0.014
315.000,0.014
316.000,0.013
317.000,0.013
318.000,0.013
319.000,0.012
320.000,0.012
321.000,0.012
322.000,0.011
323.000,0.011
324.000,0.011
325.000,0.011
326.000,0.010
327.000,0.010
328.000,0.010
329.000,0.010
330.000,0.009
331.000,0.009
332.000,0.009
333.000,0.009
334.000,0.009
335.000,0.008
336.000,0.008
337.000,0.008
338.000,0.008
339.000,0.008
340.000,0.007
341.000,0.007
342.000,0.007
343.000,0.007
344.000,0.007
345.000,0.006
346.000,0.006
347.000,0.006
348.000,0.006
349.000,0.006
350.000,0.006
351.000,0.006
352.000,0.005
353.000,0.005
354.000,0.005
355.000,0.005
356.000,0.005
357.000,0.005
358.000,0.005
359.000,0.005
360.000,0.004
361.000,0.004
362.000,0.004
363.000,0.004
364.000,0.004
365.000,0.004
366.000,0.004
367.000,0.004
368.000,0.004
369.000,0.004
370.000,0.003
371.000,0.003
372.000,0.003
373.000,0.003
374.000,0.003
375.000,0.003
376.000,0.003
377.000,0.003
378.000,0.003
379.000,0.003
380.000,0.003
381.000,0.003
382.000,0.004
383.000,0.004
384.000,0.003
385.000,0.003
386.000,0.003
387.000,0.003
388.000,0.003
389.000,0.003
390.000,0.003
391.000,0.003
392.000,0.003
393.000,0.003
394.000,0.003
395.000,0.003
396.000,0.003
397.000,0.003
398.000,0.003
399.000,0.003
400.000,0.003
401.000,0.003
402.000,0.003
403.000,0.003
404.000,0.003
405.000,0.003
406.000,0.003
407.000,0.003
408.000,0.003
409.000,0.003
410.000,0.003
411.000,0.003
412.000,0.003
413.000,0.002
414.000,0.002
415.000,0.002
416.000,0.002
417.000,0.002
418.000,0.002
419.000,0.002
420.000,0.002
421.000,0.002
422.000,0.002
423.000,0.002
424.000,0.002
425.000,0.002
426.000,0.002
427.000,0.002
428.000,0.002
429.000,0.002
430.000,0.002
431.000,0.002
432.000,0.002
433.000,0.002
434.000,0.002
435.000,0.002
436.000,0.002
437.000,0.002
438.000,0.001
439.000,0.001
440.000,0.001
441.000,0.001
442.000,0.001
443.000,0.001
444.000,0.001
445.000,0.001
446.000,0.001
447.000,0.001
448.000,0.001
449.000,0.001
450.000,0.001
451.000,0.001
452.000,0.001
453.000,0.001
454.000,0.001
455.000,0.001
456.000,0.001
457.000,0.001
458.000,0.001
459.000,0.001
460.000,0.001
461.000,0.001
462.000,0.001
463.000,0.001
464.000,0.001
465.000,0.001
466.000,0.001
467.000,0.001
468.000,0.001
469.000,0.001
470.000,0.001
471.000,0.000
472.000,0.000
473.000,0.000
474.000,0.000
475.000,0.000
476.000,0.000
477.000,0.000
478.000,0.000
479.000,0.000
480.000,0.000
481.000,0.000
482.000,0.000
483.000,0.000
484.000,0.000
485.000,0.000
486.000,0.000
487.000,0.000
488.000,0.000
489.000,0.000
490.000,0.000
491.000,0.000
492.000,0.000
493.000,0.000
494.000,0.000
495.000,0.000
496.000,0.000
497.000,0.000
498.000,0.000
499.000,0.000
500.000,-0.000
501.000,-0.000
502.000,-0.000
503.000,-0.000
504.000,-0.000
505.000,-0.000
506.000,-0.000
507.000,-0.000
508.000,-0.000
509.000,-0.000
510.000,-0.000
511.000,-0.000
512.000,-0.000
513.000,-0.000
514.000,-0.000
515.000,-0.000
516.000,-0.001
517.000,-0.001
518.000,-0.001
519.000,-0.001
520.000,-0.001
521.000,-0.001
522.000,-0.001
523.000,-0.001
524.000,-0.001
525.000,-0.001
526.000,-0.001
527.000,-0.001
528.000,-0.001
529.000,-0.001
530.000,-0.001
531.000,-0.001
532.000,-0.001
533.000,-0.001
534.000,-0.001
535.000,-0.001
536.000,-0.001
537.000,-0.002
538.000,-0.002
539.000,-0.002
540.000,-0.002
541.000,-0.002
542.000,-0.002
543.000,-0.002
544.000,-0.002
545.000,-0.002
546.000,-0.002
547.000,-0.002
548.000,-0.002
549.000,-0.002
550.000,-0.002
551.000,-0.002
552.000,-0.002
553.000,-0.002
554.000,-0.002
555.000,-0.002
556.000,-0.002
557.000,-0.002
558.000,-0.002
559.000,-0.002
560.000,-0.002
561.000,-0.002
562.000,-0.002
563.000,-0.002
564.000,-0.002
565.000,-0.002
566.000,-0.002
567.000,-0.002
568.000,-0.002
569.000,-0.002
570.000,-0.002
571.000,-0.002
572.000,-0.002
573.000,-0.002
574.000,-0.002
575.000,-0.002
576.000,-0.002
577.000,-0.002
578.000,-0.002
579.000,-0.002
580.000,-0.002
581.000,-0.002
582.000,-0.002
583.000,-0.003
584.000,-0.003
585.000,-0.003
586.000,-0.003
587.000,-0.003
588.000,-0.003
589.000,-0.003
590.000,-0.003
591.000,-0.003
592.000,-0.003
593.000,-0.003
594.000,-0.003
595.000,-0.003
596.000,-0.003
597.000,-0.003
598.000,-0.003
599.000,-0.003
600.000,-0.003
601.000,-0.003
602.000,-0.003
603.000,-0.003
604.000,-0.003
605.000,-0.003
606.000,-0.003
607.000,-0.004
608.000,-0.004
609.000,-0.004
610.000,-0.004
611.000,-0.003
612.000,-0.004
613.000,-0.004
614.000,-0.004
615.000,-0.004
616.000,-0.004
617.000,-0.004
618.000,-0.004
619.000,-0.004
620.000,-0.004
621.000,-0.004
622.000,-0.004
623.000,-0.004
624.000,-0.004
625.000,-0.004
626.000,-0.004
627.000,-0.004
628.000,-0.004
629.000,-0.004
630.000,-0.004
631.000,-0.004
632.000,-0.004
633.000,-0.004
634.000,-0.004
635.000,-0.004
636.000,-0.004
637.000,-0.004
638.000,-0.004
639.000,-0.004
640.000,-0.004
641.000,-0.004
642.000,-0.004
643.000,-0.004
644.000,-0.004
645.000,-0.004
646.000,-0.004
647.000,-0.004
648.000,-0.004
649.000,-0.004
650.000,-0.004
651.000,-0.004
652.000,-0.005
653.000,-0.005
654.000,-0.005
655.000,-0.005
656.000,-0.005
657.000,-0.004
658.000,-0.004
659.000,-0.004
660.000,-0.004
661.000,-0.004
662.000,-0.004
663.000,-0.004
664.000,-0.004
665.000,-0.004
666.000,-0.004
667.000,-0.004
668.000,-0.004
669.000,-0.004
670.000,-0.004
671.000,-0.004
672.000,-0.004
673.000,-0.005
674.000,-0.005
675.000,-0.005
676.000,-0.005
677.000,-0.005
678.000,-0.005
679.000,-0.005
680.000,-0.005
681.000,-0.005
682.000,-0.005
683.000,-0.005
684.000,-0.005
685.000,-0.005
686.000,-0.005
687.000,-0.005
688.000,-0.005
689.000,-0.005
690.000,-0.005
691.000,-0.005
692.000,-0.005
693.000,-0.005
694.000,-0.005
695.000,-0.005
696.000,-0.005
697.000,-0.005
698.000,-0.005
699.000,-0.005
700.000,-0.005
701.000,-0.005
702.000,-0.005
703.000,-0.005
704.000,-0.005
705.000,-0.005
706.000,-0.005
707.000,-0.005
708.000,-0.005
709.000,-0.005
710.000,-0.005
711.000,-0.005
712.000,-0.005
713.000,-0.005
714.000,-0.005
715.000,-0.005
716.000,-0.005
717.000,-0.005
718.000,-0.005
719.000,-0.005
720.000,-0.005
721.000,-0.005
722.000,-0.005
723.000,-0.006
