300	1.20099E5	8.98013E4	1.0267E5	2.72975E6	2.70633E5	2.11506E5	1.67225E7	6.07029E4	8513.10127	4905.36096	3010.03302	2771.83172	2221.87914	1741.31474	1484.90044	1355.17064	1277.82114	673.95948	967.65271	371.25691	802.53324	536.53451
302	1.17557E5	1.0465E5	1.02886E5	1.76669E6	5.7639E5	1.46076E5	1.44396E7	6.73662E5	9645.43728	4979.88594	3497.89178	2722.89603	2226.37835	1951.13797	1563.82618	1210.37861	1002.22786	662.06616	762.19824	740.8094	675.04717	636.20402
304	1.24142E5	9.20448E4	9.65631E4	9.24941E5	1.17636E6	1.33153E5	9.10293E6	2.93022E6	1.08227E4	5178.96768	3403.30502	3329.544	1808.47234	1693.63064	977.29464	1027.37885	1232.64201	912.39242	594.33774	645.76486	637.05311	473.58547
306	1.28832E5	9.14091E4	9.81272E4	4.29171E5	1.95444E6	1.2595E5	3.92161E6	7.51707E6	1.35369E4	5049.71801	3501.94609	2729.82797	2053.17899	1519.87914	1181.0752	1283.50916	1083.26848	820.61772	886.72569	677.3797	785.83366	493.88634
308	1.27085E5	1.02568E5	1.0414E5	2.08507E5	2.65328E6	1.21002E5	9.88537E5	1.30297E7	2.02274E4	6081.55441	4050.61817	2666.32315	2169.52476	1530.4832	1655.72232	1139.09198	912.52557	713.74346	911.62346	665.08428	593.326	771.08722
310	1.31713E5	9.8365E4	1.03032E5	1.51996E5	2.83976E6	1.27414E5	1.82078E5	1.57394E7	5.50527E4	6782.37031	3976.27058	3061.38132	2054.66945	1660.58785	1557.74923	1130.64067	755.03222	851.31214	642.84004	716.83676	747.64171	438.62507
312	1.33744E5	9.36219E4	1.07205E5	1.39821E5	2.40401E6	2.06866E5	1.13393E5	1.37004E7	5.98161E5	7499.58849	4318.71664	3158.36097	1714.95937	1606.51128	1620.46851	1152.00079	1035.40919	864.5254	531.46626	829.09198	632.26702	549.94256
314	1.19192E5	1.05806E5	1.08102E5	1.29761E5	1.58583E6	4.6641E5	9.5777E4	8.20956E6	2.904E6	8725.44112	4736.65929	3299.40157	1944.18953	1653.84914	1229.98926	1129.88062	872.24608	887.48163	961.35133	537.6845	768.51358	648.33565
316	1.26467E5	1.02583E5	1.15472E5	1.25586E5	8.53232E5	9.61723E5	9.08542E4	3.25947E6	7.31317E6	1.13061E4	4697.12542	3127.74624	2050.10834	1432.0795	1656.93712	1138.67659	987.97394	736.63157	836.40557	868.93498	695.00256	503.0254
318	1.26086E5	9.93862E4	1.18607E5	1.29264E5	4.10559E5	1.61802E6	8.54819E4	7.93639E5	1.18173E7	1.78308E4	4403.68724	3484.76183	2311.94668	1460.69423	1782.8775	1135.92721	627.07106	762.16137	559.23811	723.59015	664.05228	449.54192
320	1.19005E5	8.83552E4	1.18615E5	1.30762E5	2.21688E5	2.19895E6	8.10735E4	1.48668E5	1.35827E7	5.16569E4	6104.51272	3488.04667	2205.48838	1689.62196	1213.18136	1057.27876	689.64213	784.63375	685.65084	508.32467	474.49673	475.23605
322	1.22981E5	1.08033E5	1.11228E5	1.3215E5	1.63132E5	2.33131E6	8.82195E4	9.21911E4	1.12907E7	5.48595E5	6950.21869	3598.17951	2021.3636	1924.70048	1422.87571	926.50722	838.83874	825.56063	524.98471	522.78812	636.1317	669.63441
324	1.39045E5	1.05838E5	1.18983E5	1.34768E5	1.46203E5	1.98116E6	1.48225E5	7.7174E4	6.74365E6	2.42517E6	7390.30208	3887.66008	2513.04618	1663.42727	1500.90699	1055.49139	833.19106	759.07007	761.64698	562.96836	590.96106	529.57694
326	1.26322E5	1.06825E5	1.12174E5	1.31534E5	1.41996E5	1.35081E6	3.30743E5	7.31072E4	2.7536E6	5.93769E6	9725.00051	4107.48071	2572.06515	1706.46381	1380.34406	1185.32483	798.03727	667.97219	618.28926	631.09315	561.39211	567.23402
328	1.4819E5	1.07396E5	1.13288E5	1.3892E5	1.42455E5	7.90834E5	6.93702E5	6.81959E4	6.98369E5	9.53003E6	1.48875E4	4644.70884	2380.41662	2104.08988	1594.09221	1000.17815	975.19745	880.47935	466.58415	612.41762	509.43014	511.40106
330	1.41785E5	1.07379E5	1.15701E5	1.36388E5	1.41353E5	3.85385E5	1.21532E6	6.5008E4	1.28563E5	1.12674E7	3.89508E4	5119.30755	2879.99714	2102.12881	1447.77442	1088.17968	683.30721	770.34107	682.62754	629.05243	535.28163	387.66441
332	1.1658E5	1.15178E5	1.17484E5	1.42203E5	1.41265E5	1.97759E5	1.68204E6	6.2496E4	7.68198E4	9.66866E6	4.18222E5	5950.98847	2848.39965	1952.75165	1294.09159	1145.15289	800.83534	796.34105	688.5776	772.97225	504.97918	535.13752
334	1.37218E5	1.07324E5	1.15603E5	1.38034E5	1.36653E5	1.37146E5	1.90149E6	6.66691E4	6.67171E4	5.9507E6	1.92304E6	6895.60639	3069.15086	2060.62731	1366.55612	1056.71854	1003.72934	620.88935	678.62244	588.15718	411.89155	543.44887
336	1.43296E5	1.16834E5	1.22049E5	1.39776E5	1.3967E5	1.24372E5	1.73105E6	1.03672E5	6.12006E4	2.43709E6	4.99906E6	7710.41151	3406.02321	2157.80099	1384.51813	1233.7658	858.63428	817.66117	771.02551	677.67898	665.0561	523.16838
338	1.3025E5	1.17032E5	1.21357E5	1.36635E5	1.38809E5	1.21424E5	1.29018E6	2.20917E5	6.16483E4	6.46762E5	8.11858E6	1.18839E4	3273.33933	2130.5762	1688.7688	1008.98746	892.1669	801.52358	783.17567	444.29957	644.2644	477.80261
340	1.54733E5	1.21659E5	1.22408E5	1.35319E5	1.43666E5	1.24872E5	7.67397E5	4.8359E5	5.91644E4	1.18317E5	9.49531E6	3.13373E4	3530.04792	2402.8508	1514.96619	965.50155	889.43453	682.32793	539.4039	457.78238	452.41167	393.25687
342	1.4338E5	1.19641E5	1.26028E5	1.40185E5	1.413E5	1.15602E5	3.90232E5	8.70097E5	5.61228E4	7.10718E4	8.08768E6	3.12243E5	4290.20511	2635.92074	1561.88961	850.7121	611.25069	743.53028	503.45263	648.61585	345.74658	442.41837
344	1.56466E5	1.29228E5	1.2327E5	1.3877E5	1.45615E5	1.22293E5	1.87229E5	1.28575E6	5.88818E4	5.90471E4	4.88841E6	1.63019E6	4578.45169	2588.92036	1509.93552	1052.86687	753.19253	500.43154	518.01613	448.13057	505.33377	378.54057
346	1.60525E5	1.26111E5	1.18822E5	1.33609E5	1.45774E5	1.20521E5	1.18241E5	1.50577E6	6.39053E4	5.81786E4	2.01985E6	4.11235E6	6377.29928	2452.64524	1631.4215	1244.55164	904.74445	615.89951	733.16945	521.04331	498.45057	493.83594
348	1.6042E5	1.32281E5	1.21659E5	1.33194E5	1.41043E5	1.23905E5	1.02828E5	1.44167E6	9.06232E4	5.66751E4	4.9095E5	6.87542E6	1.00188E4	2739.68867	1550.47477	1172.2322	843.40884	650.93991	563.99043	479.34171	438.85895	456.54865
350	1.86382E5	1.32161E5	1.28794E5	1.36135E5	1.38761E5	1.23812E5	1.00524E5	1.12933E6	1.67271E5	5.85404E4	9.90611E4	7.94929E6	2.08617E4	3162.6608	1689.85903	1212.99146	890.50925	545.38678	535.4955	620.95636	329.47117	313.38941
352	1.67924E5	1.26717E5	1.32729E5	1.35272E5	1.41501E5	1.26231E5	9.85302E4	7.1594E5	3.60039E5	5.89151E4	6.15367E4	6.69561E6	2.47098E5	3899.09201	1881.79971	1050.55555	842.32429	543.41088	801.23289	623.73178	345.95866	241.14637
354	1.73598E5	1.30332E5	1.29519E5	1.34308E5	1.40302E5	1.30049E5	9.88007E4	3.90967E5	6.35534E5	6.12381E4	5.36488E4	4.13353E6	1.15845E6	4370.28004	2063.63632	1194.41428	800.54266	739.36037	656.77421	517.68758	318.46449	347.03526
356	1.80193E5	1.38721E5	1.29265E5	1.32564E5	1.39551E5	1.28092E5	1.02182E5	2.05205E5	9.47033E5	6.00766E4	5.13361E4	1.68182E6	3.13057E6	5985.71791	2062.94814	1246.93732	917.73376	451.113	505.84666	468.96651	370.79763	289.9352
358	1.92599E5	1.45493E5	1.3023E5	1.3734E5	1.38479E5	1.33114E5	1.06077E5	1.34439E5	1.15755E6	6.66533E4	5.17738E4	4.43243E5	5.35435E6	8985.61304	2279.35342	1293.79395	824.68464	812.60732	536.35006	514.17161	446.14094	278.40737
360	1.96792E5	1.47456E5	1.31065E5	1.37981E5	1.43533E5	1.36118E5	1.08174E5	1.09953E5	1.18029E6	8.17727E4	5.47375E4	8.79248E4	6.55423E6	2.00757E4	2323.8814	1347.00895	1021.13835	604.15621	459.18367	331.91201	397.30631	378.75962
362	1.84355E5	1.44702E5	1.40675E5	1.3919E5	1.39837E5	1.35372E5	1.11056E5	1.06626E5	9.97311E5	1.26879E5	5.62493E4	5.5646E4	5.83295E6	2.16003E5	2661.90745	1273.7818	909.56914	576.05257	762.00971	384.00842	418.15304	330.1413
364	1.90076E5	1.52486E5	1.46031E5	1.36684E5	1.41129E5	1.35893E5	1.14176E5	1.06793E5	6.96668E5	2.33832E5	5.75401E4	4.9031E4	3.7891E6	1.09677E6	3438.45058	1537.24759	816.96324	625.62277	639.14637	296.64227	405.10386	334.09999
366	1.98886E5	1.5599E5	1.36029E5	1.42239E5	1.42565E5	1.37696E5	1.18332E5	1.0876E5	4.11858E5	4.37075E5	6.02054E4	4.61132E4	1.56057E6	3.01173E6	4641.41118	1618.33267	1032.01747	759.74435	520.88154	432.78009	479.91728	243.4299
368	1.99793E5	1.70692E5	1.45387E5	1.39539E5	1.41413E5	1.38404E5	1.20452E5	1.15372E5	2.33858E5	6.75116E5	6.26558E4	4.71311E4	4.19692E5	5.02957E6	7373.45982	1948.43064	1079.28256	732.71232	544.85715	492.90182	457.38245	377.69083
370	2.25E5	1.73412E5	1.52738E5	1.43292E5	1.43371E5	1.39421E5	1.2655E5	1.19276E5	1.51452E5	8.9794E5	6.80371E4	4.90169E4	7.97578E4	5.97772E6	1.81699E4	1662.85828	1077.55726	725.73128	583.81225	381.49561	513.3657	366.38933
372	2.11263E5	1.79015E5	1.53025E5	1.3727E5	1.44636E5	1.42155E5	1.28013E5	1.23262E5	1.2732E5	9.66062E5	7.83919E4	5.21994E4	5.08222E4	5.08264E6	2.06497E5	2589.36211	1157.80367	872.65913	651.34532	482.90739	401.07158	408.83124
374	2.30871E5	1.78098E5	1.53285E5	1.43209E5	1.41279E5	1.39526E5	1.32476E5	1.25924E5	1.24406E5	8.55707E5	1.10946E5	5.43249E4	4.42827E4	3.07359E6	9.75096E5	2904.6278	1223.6567	796.36619	599.12235	416.36767	347.47221	312.74064
376	2.2197E5	1.76935E5	1.6214E5	1.42718E5	1.44094E5	1.40457E5	1.34807E5	1.28372E5	1.22639E5	6.46713E5	1.88463E5	5.57208E4	4.09497E4	1.2312E6	2.49564E6	3955.45378	1111.89357	952.62801	724.19312	583.1361	256.2872	225.13996
378	2.11108E5	1.88593E5	1.57488E5	1.52146E5	1.45651E5	1.41945E5	1.35917E5	1.30031E5	1.24691E5	4.20007E5	3.30139E5	5.70371E4	4.00652E4	3.0133E5	4.17506E6	6104.89944	1384.25274	930.8211	519.05722	384.56434	438.6914	322.42193
380	2.34063E5	1.95122E5	1.63909E5	1.48468E5	1.45984E5	1.46635E5	1.36855E5	1.34263E5	1.27847E5	2.55573E5	5.17813E5	5.90161E4	4.26969E4	6.41613E4	4.94473E6	1.45713E4	1710.61422	881.58515	821.51279	415.02177	358.54197	291.19669
382	2.45674E5	1.99403E5	1.6538E5	1.48866E5	1.47449E5	1.47195E5	1.43302E5	1.38013E5	1.31941E5	1.74799E5	6.91623E5	6.3486E4	4.50096E4	4.41605E4	4.3332E6	1.4814E5	2051.73741	935.41698	597.53456	418.8993	510.25267	478.83621
384	2.51764E5	2.02365E5	1.68952E5	1.51401E5	1.51432E5	1.47598E5	1.43265E5	1.40176E5	1.3511E5	1.39483E5	7.9053E5	6.98234E4	4.70113E4	3.8293E4	2.7312E6	7.37094E5	2538.25203	1007.63161	644.93398	504.05447	435.24337	437.19391
386	2.40734E5	2.05784E5	1.74278E5	1.50128E5	1.48113E5	1.47333E5	1.44012E5	1.42982E5	1.359E5	1.30932E5	7.70276E5	8.9885E4	4.96299E4	3.54286E4	1.12406E6	2.04178E6	3697.33715	1138.03037	809.70162	508.93266	440.22613	240.57845
388	2.46197E5	2.13792E5	1.80465E5	1.58929E5	1.52182E5	1.49331E5	1.49703E5	1.47156E5	1.38399E5	1.29852E5	6.36782E5	1.35078E5	5.20437E4	3.538E4	3.10865E5	3.50522E6	5605.25169	1307.02337	868.81106	709.68011	392.62962	426.37357
390	2.60402E5	2.16776E5	1.84868E5	1.58555E5	1.52188E5	1.51425E5	1.49127E5	1.48576E5	1.41335E5	1.3101E5	4.4989E5	2.31906E5	5.37851E4	3.74605E4	6.38825E4	4.38583E6	1.30589E4	1550.26623	830.15984	639.99834	491.76055	297.19002
392	2.56733E5	2.23891E5	1.90216E5	1.58455E5	1.54363E5	1.53228E5	1.50744E5	1.5099E5	1.42671E5	1.3086E5	2.83316E5	3.77142E5	5.69499E4	4.02597E4	3.93195E4	3.93845E6	1.51359E5	1865.97689	914.08307	628.0563	506.13572	300.69916
394	2.82417E5	2.27819E5	1.90033E5	1.65791E5	1.57032E5	1.55061E5	1.51931E5	1.54561E5	1.48237E5	1.31921E5	1.91497E5	5.30026E5	5.86762E4	4.17498E4	3.43543E4	2.61197E6	7.0341E5	2160.88818	946.16325	717.70097	386.40828	456.7922
396	2.67884E5	2.34552E5	1.88141E5	1.6426E5	1.58482E5	1.55743E5	1.55444E5	1.57786E5	1.49428E5	1.35335E5	1.45889E5	6.51198E5	6.28584E4	4.43108E4	3.16544E4	1.10566E6	1.89662E6	3308.11735	1120.57343	766.33368	533.16982	361.49036
398	2.82773E5	2.42951E5	1.93785E5	1.70795E5	1.58474E5	1.56939E5	1.50916E5	1.56908E5	1.50374E5	1.37225E5	1.29441E5	6.80915E5	7.61284E4	4.48754E4	2.93756E4	2.96482E5	3.21401E6	4865.89367	1147.26523	798.83258	598.92815	435.55082
400	2.73796E5	2.44791E5	2.03751E5	1.70698E5	1.60929E5	1.57824E5	1.55983E5	1.59786E5	1.5189E5	1.39794E5	1.26539E5	5.95267E5	1.02164E5	4.73476E4	3.10787E4	5.65895E4	3.8674E6	1.11439E4	1136.93176	805.66327	509.95067	273.96037
402	2.79577E5	2.46403E5	2.06369E5	1.73608E5	1.6466E5	1.58207E5	1.57503E5	1.59351E5	1.54286E5	1.4111E5	1.25434E5	4.57711E5	1.63305E5	5.04309E4	3.23347E4	3.46991E4	3.3633E6	1.17438E5	1541.19187	894.01483	531.87665	409.99639
404	2.80923E5	2.47106E5	2.1142E5	1.81245E5	1.64764E5	1.58331E5	1.57215E5	1.57923E5	1.56858E5	1.43155E5	1.26878E5	3.09407E5	2.64289E5	5.20873E4	3.59253E4	2.98922E4	2.04591E6	6.03666E5	2071.80554	765.5617	520.86446	505.85355
406	3.02607E5	2.6104E5	2.14488E5	1.82204E5	1.64566E5	1.59187E5	1.58477E5	1.59566E5	1.57652E5	1.42066E5	1.29178E5	2.02593E5	3.87367E5	5.45693E4	3.76124E4	2.67749E4	8.33512E5	1.64296E6	2942.29452	891.04196	644.02559	504.21809
408	3.00329E5	2.62516E5	2.15978E5	1.81363E5	1.7102E5	1.6357E5	1.58091E5	1.60938E5	1.56715E5	1.46966E5	1.29331E5	1.47966E5	5.09349E5	5.99213E4	3.9245E4	2.60746E4	2.10279E5	2.87278E6	4165.45078	955.55056	530.82258	676.07109
410	2.94294E5	2.65102E5	2.22976E5	1.84872E5	1.67242E5	1.64225E5	1.59867E5	1.59138E5	1.60216E5	1.48634E5	1.3277E5	1.28332E5	5.74187E5	6.70961E4	4.07405E4	2.67686E4	4.34776E4	3.48447E6	9309.71251	1180.15235	739.13824	463.59432
412	3.11442E5	2.73481E5	2.2526E5	1.87611E5	1.73257E5	1.61748E5	1.61245E5	1.62385E5	1.58693E5	1.49254E5	1.34807E5	1.19826E5	5.54759E5	8.49671E4	4.40026E4	2.86232E4	3.02684E4	3.07719E6	8.61099E4	1309.06523	721.95482	527.1006
414	3.16771E5	2.71944E5	2.29995E5	1.9475E5	1.73013E5	1.66152E5	1.61637E5	1.62385E5	1.60889E5	1.51817E5	1.36264E5	1.20121E5	4.67278E5	1.22696E5	4.52757E4	3.08753E4	2.70995E4	1.9494E6	4.64365E5	2072.78763	633.92571	481.89834
416	3.13795E5	2.84665E5	2.31527E5	2.00418E5	1.71597E5	1.66082E5	1.61584E5	1.63281E5	1.6177E5	1.51607E5	1.37743E5	1.2032E5	3.4446E5	1.92265E5	4.77637E4	3.32688E4	2.44645E4	8.14953E5	1.36002E6	2877.85899	707.72202	596.71855
418	3.19107E5	2.88684E5	2.40654E5	1.98192E5	1.71435E5	1.68648E5	1.59842E5	1.63615E5	1.60857E5	1.53168E5	1.39737E5	1.22014E5	2.37511E5	2.90729E5	4.93573E4	3.60173E4	2.39353E4	2.1812E5	2.48844E6	4586.09115	786.6548	488.68358
420	3.11581E5	2.78222E5	2.43799E5	2.06273E5	1.77275E5	1.66777E5	1.60529E5	1.62495E5	1.57318E5	1.53377E5	1.41085E5	1.22969E5	1.67988E5	3.99653E5	5.38676E4	3.58629E4	2.38909E4	4.26847E4	3.16427E6	8789.78819	974.56488	531.53901
422	3.24709E5	2.85673E5	2.47163E5	2.07754E5	1.80837E5	1.64935E5	1.60716E5	1.59632E5	1.61867E5	1.565E5	1.42562E5	1.25857E5	1.31509E5	4.79532E5	5.87253E4	3.76521E4	2.4898E4	2.72981E4	2.83926E6	9.77451E4	1271.85874	590.86588
424	3.326E5	2.92052E5	2.54941E5	2.1116E5	1.80604E5	1.68385E5	1.61976E5	1.63499E5	1.5945E5	1.55805E5	1.43766E5	1.27015E5	1.20649E5	5.00094E5	6.91025E4	4.09278E4	2.76734E4	2.41084E4	1.82809E6	4.83816E5	1691.98638	574.56411
426	3.17272E5	2.96191E5	2.50486E5	2.10703E5	1.84487E5	1.68462E5	1.5902E5	1.62241E5	1.59678E5	1.55594E5	1.46102E5	1.28753E5	1.16943E5	4.51171E5	9.35844E4	4.23941E4	2.99488E4	2.22081E4	7.32956E5	1.37004E6	2649.00225	830.56467
428	3.22356E5	2.91457E5	2.57759E5	2.16323E5	1.87423E5	1.6844E5	1.61069E5	1.61555E5	1.59294E5	1.57195E5	1.45847E5	1.31318E5	1.1862E5	3.54776E5	1.37997E5	4.44798E4	3.1371E4	2.09405E4	1.79666E5	2.39207E6	3956.71276	788.50627
430	3.36377E5	3.00675E5	2.65103E5	2.20772E5	1.892E5	1.65251E5	1.61301E5	1.60222E5	1.58585E5	1.56616E5	1.47542E5	1.31318E5	1.17997E5	2.53009E5	2.05549E5	4.7442E4	3.28005E4	2.20428E4	3.67787E4	2.87206E6	8885.335	870.1361
432	3.18754E5	2.96272E5	2.61286E5	2.23055E5	1.89469E5	1.69741E5	1.59847E5	1.61362E5	1.57633E5	1.59117E5	1.47322E5	1.3733E5	1.20072E5	1.78901E5	2.90466E5	4.89219E4	3.46986E4	2.20066E4	2.54339E4	2.44665E6	9.43761E4	1225.26044
434	3.28021E5	3.172E5	2.65599E5	2.28168E5	1.91026E5	1.70698E5	1.61294E5	1.56503E5	1.60614E5	1.55359E5	1.49338E5	1.34666E5	1.19832E5	1.36325E5	3.6898E5	5.1406E4	3.5891E4	2.40788E4	2.26222E4	1.46483E6	4.56348E5	1668.60967
436	3.43586E5	3.09505E5	2.71729E5	2.30062E5	1.94407E5	1.70548E5	1.59365E5	1.57774E5	1.5702E5	1.54907E5	1.48779E5	1.38056E5	1.21576E5	1.20005E5	4.12838E5	5.80782E4	3.76102E4	2.629E4	2.11927E4	5.95343E5	1.211E6	2167.36624
438	3.34034E5	3.11275E5	2.75603E5	2.29233E5	1.93175E5	1.71699E5	1.56894E5	1.5542E5	1.54665E5	1.57008E5	1.49034E5	1.38118E5	1.26232E5	1.16121E5	4.0528E5	7.01486E4	3.96416E4	2.78455E4	2.03187E4	1.55439E5	2.10845E6	3168.11876
440	3.25266E5	3.12652E5	2.71484E5	2.28487E5	1.96155E5	1.67254E5	1.57396E5	1.5456E5	1.55645E5	1.52928E5	1.48622E5	1.37792E5	1.27004E5	1.141E5	3.48673E5	9.59388E4	4.21022E4	2.95768E4	2.05331E4	3.25093E4	2.59237E6	6929.69492
442	3.3371E5	3.10594E5	2.74765E5	2.34814E5	1.95777E5	1.68077E5	1.5732E5	1.53828E5	1.55793E5	1.52928E5	1.49283E5	1.37791E5	1.27276E5	1.13706E5	2.71904E5	1.38658E5	4.36602E4	3.15753E4	2.13295E4	2.37076E4	2.28149E6	5.738E4
444	3.22068E5	3.25802E5	2.76901E5	2.38225E5	1.97388E5	1.70111E5	1.55924E5	1.53231E5	1.51451E5	1.52324E5	1.50665E5	1.38035E5	1.28046E5	1.14501E5	1.96277E5	1.95535E5	4.55551E4	3.24212E4	2.17855E4	2.10502E4	1.4221E6	3.08062E5
446	3.33839E5	3.15164E5	2.77937E5	2.40724E5	1.97028E5	1.70529E5	1.56543E5	1.51984E5	1.51375E5	1.50493E5	1.47338E5	1.40559E5	1.29238E5	1.14463E5	1.43644E5	2.61604E5	4.76355E4	3.33752E4	2.40899E4	1.99037E4	5.8318E5	9.53474E5
448	3.23441E5	3.10949E5	2.82464E5	2.37556E5	1.98675E5	1.69086E5	1.52077E5	1.5164E5	1.52846E5	1.51316E5	1.48437E5	1.39575E5	1.30063E5	1.16606E5	1.15789E5	3.17285E5	5.13402E4	3.6197E4	2.58568E4	1.9466E4	1.48005E5	1.7933E6
450	3.10908E5	3.0637E5	2.86279E5	2.44675E5	1.98344E5	1.70161E5	1.5542E5	1.47566E5	1.50312E5	1.49458E5	1.48523E5	1.4034E5	1.28701E5	1.17987E5	1.04811E5	3.45178E5	6.01563E4	3.77629E4	2.84632E4	1.95956E4	3.18479E4	2.31129E6
452	3.39944E5	3.13925E5	2.92088E5	2.45623E5	2.00959E5	1.71685E5	1.53481E5	1.4887E5	1.4824E5	1.49373E5	1.46019E5	1.3962E5	1.32142E5	1.19505E5	1.02515E5	3.2809E5	7.50331E4	3.96605E4	2.99525E4	2.01474E4	2.1228E4	2.06867E6
454	3.29283E5	3.25294E5	2.82893E5	2.38426E5	1.99919E5	1.69271E5	1.5016E5	1.45544E5	1.46073E5	1.47526E5	1.44751E5	1.38256E5	1.30952E5	1.18484E5	1.02247E5	2.75191E5	1.04196E5	4.18079E4	3.07379E4	2.09522E4	1.92448E4	1.28978E6
456	3.33788E5	3.13451E5	2.83094E5	2.46858E5	1.9913E5	1.67843E5	1.50749E5	1.45752E5	1.45102E5	1.45188E5	1.42102E5	1.37709E5	1.31311E5	1.207E5	1.01387E5	2.11726E5	1.45736E5	4.30409E4	3.19748E4	2.16878E4	1.83362E4	5.07199E5
458	3.33454E5	3.10378E5	2.86029E5	2.45895E5	2.04241E5	1.6973E5	1.46851E5	1.4467E5	1.43061E5	1.42136E5	1.43517E5	1.3829E5	1.31164E5	1.20174E5	1.00009E5	1.54884E5	1.98069E5	4.513E4	3.25638E4	2.37379E4	1.75818E4	1.25774E5
460	3.23994E5	3.12093E5	2.82952E5	2.50055E5	2.02272E5	1.68296E5	1.48409E5	1.41812E5	1.41229E5	1.4326E5	1.40125E5	1.35303E5	1.30065E5	1.20182E5	1.00885E5	1.1582E5	2.52797E5	4.74953E4	3.42531E4	2.52735E4	1.77671E4	2.74839E4
462	3.12257E5	3.14603E5	2.81011E5	2.36971E5	2.05576E5	1.65333E5	1.48881E5	1.41932E5	1.39014E5	1.40421E5	1.37955E5	1.34489E5	1.28206E5	1.22121E5	1.00329E5	9.74478E4	2.84768E5	5.02621E4	3.67355E4	2.67763E4	1.72104E4	1.84344E4
464	3.28291E5	3.23148E5	2.81175E5	2.44584E5	2.02051E5	1.64903E5	1.46325E5	1.36152E5	1.36743E5	1.3854E5	1.36426E5	1.33052E5	1.28701E5	1.20227E5	1.00881E5	8.97007E4	2.86929E5	6.00183E4	3.86146E4	2.79709E4	1.81055E4	1.70249E4
466	3.19243E5	3.00141E5	2.81197E5	2.4366E5	1.9525E5	1.65998E5	1.44617E5	1.36762E5	1.34649E5	1.36077E5	1.3471E5	1.30354E5	1.26487E5	1.19915E5	1.01221E5	8.65007E4	2.6163E5	7.45847E4	3.89702E4	2.89856E4	1.8858E4	1.58223E4
468	4.62421E5	3.09609E5	2.74018E5	2.42973E5	1.95744E5	1.62424E5	1.39289E5	1.33245E5	1.3462E5	1.33616E5	1.34331E5	1.2999E5	1.25058E5	1.20255E5	1.00924E5	8.60987E4	2.13322E5	1.00297E5	3.95845E4	2.97136E4	2.02575E4	1.57972E4
470	8.51101E5	3.11833E5	2.82713E5	2.40111E5	1.98382E5	1.58105E5	1.4012E5	1.3235E5	1.34496E5	1.32372E5	1.30866E5	1.27846E5	1.24245E5	1.17495E5	1.0188E5	8.61575E4	1.61591E5	1.36813E5	4.1574E4	2.98069E4	2.14238E4	1.47222E4
472	1.80034E6	3.0445E5	2.67241E5	2.39191E5	1.98263E5	1.56603E5	1.3977E5	1.33839E5	1.298E5	1.29057E5	1.2967E5	1.27313E5	1.25388E5	1.17992E5	1.01413E5	8.45932E4	1.19273E5	1.80684E5	4.23978E4	3.17622E4	2.22488E4	1.44827E4
474	3.3434E6	3.04523E5	2.73389E5	2.36075E5	1.99213E5	1.60599E5	1.39141E5	1.29659E5	1.28539E5	1.28968E5	1.29811E5	1.24647E5	1.23981E5	1.18261E5	1.01906E5	8.43193E4	9.31199E4	2.22182E5	4.44037E4	3.32262E4	2.34289E4	1.47298E4
476	5.78512E6	2.96726E5	2.63735E5	2.28491E5	1.95219E5	1.57658E5	1.33672E5	1.30082E5	1.27054E5	1.277E5	1.26075E5	1.21923E5	1.21525E5	1.16629E5	1.01758E5	8.51674E4	7.99239E4	2.45295E5	4.82454E4	3.31398E4	2.35373E4	1.50136E4
478	8.48086E6	2.97411E5	2.61633E5	2.33237E5	1.90839E5	1.54747E5	1.32113E5	1.26404E5	1.23283E5	1.23388E5	1.23547E5	1.21855E5	1.20325E5	1.13755E5	9.97307E4	8.30975E4	7.46405E4	2.47201E5	5.58791E4	3.37123E4	2.40605E4	1.5187E4
480	1.1032E7	2.82846E5	2.60731E5	2.30312E5	1.9173E5	1.57326E5	1.32739E5	1.20881E5	1.21047E5	1.22743E5	1.2164E5	1.18563E5	1.17175E5	1.12274E5	9.76075E4	8.31227E4	7.32431E4	2.17966E5	6.99284E4	3.42608E4	2.43657E4	1.60239E4
482	1.25261E7	2.87275E5	2.62974E5	2.32587E5	1.8868E5	1.50775E5	1.31555E5	1.22419E5	1.18018E5	1.18059E5	1.17907E5	1.1447E5	1.16613E5	1.09924E5	9.78411E4	8.301E4	7.31548E4	1.74729E5	9.48179E4	3.46986E4	2.4961E4	1.73855E4
484	1.18386E7	2.89391E5	2.63326E5	2.28024E5	1.83972E5	1.48751E5	1.30335E5	1.20068E5	1.17059E5	1.17315E5	1.15588E5	1.15043E5	1.14958E5	1.1004E5	9.53975E4	8.27146E4	7.03298E4	1.30392E5	1.27888E5	3.55975E4	2.54237E4	1.86088E4
486	1.00999E7	2.97001E5	2.44073E5	2.22606E5	1.84832E5	1.48482E5	1.28943E5	1.15544E5	1.14299E5	1.15166E5	1.13065E5	1.12494E5	1.10234E5	1.08011E5	9.45851E4	8.19376E4	7.0976E4	9.54661E4	1.6637E5	3.53161E4	2.6289E4	1.93937E4
488	7.15952E6	4.85516E5	2.53439E5	2.23655E5	1.76586E5	1.46016E5	1.28548E5	1.14428E5	1.13235E5	1.09248E5	1.10781E5	1.10954E5	1.10497E5	1.06611E5	9.64864E4	8.13191E4	6.9976E4	7.72574E4	1.96812E5	3.88666E4	2.70261E4	1.91244E4
490	4.27175E6	1.07246E6	2.40953E5	2.13826E5	1.74204E5	1.41519E5	1.21447E5	1.13635E5	1.09849E5	1.10651E5	1.08994E5	1.07103E5	1.08955E5	1.06415E5	9.28323E4	8.01627E4	6.87016E4	6.61654E4	2.09806E5	4.27474E4	2.57516E4	1.91289E4
492	1.99266E6	2.34095E6	2.44252E5	2.13611E5	1.79026E5	1.43929E5	1.20453E5	1.1124E5	1.09274E5	1.07893E5	1.06516E5	1.06257E5	1.03969E5	1.03326E5	9.11362E4	7.92698E4	6.97506E4	6.29222E4	2.03893E5	5.12984E4	2.73633E4	1.92029E4
494	8.11309E5	4.34793E6	2.40452E5	2.07907E5	1.76882E5	1.38393E5	1.18388E5	1.0946E5	1.06747E5	1.0674E5	1.05522E5	1.03769E5	1.04269E5	1.01479E5	9.01876E4	7.92353E4	6.79006E4	6.27778E4	1.78507E5	6.68646E4	2.72574E4	1.91825E4
496	4.40991E5	7.14926E6	2.4039E5	2.05707E5	1.70393E5	1.38838E5	1.14368E5	1.06394E5	1.04859E5	1.03431E5	1.02135E5	1.01319E5	1.02173E5	1.01259E5	8.97608E4	7.72953E4	6.51692E4	6.00546E4	1.41546E5	8.84336E4	2.76197E4	1.93805E4
498	3.8236E5	1.00057E7	2.25528E5	2.0499E5	1.6738E5	1.35518E5	1.18356E5	1.0663E5	1.01394E5	9.9844E4	1.00102E5	1.00035E5	9.87582E4	9.80367E4	8.87747E4	7.5876E4	6.65702E4	5.82998E4	1.07505E5	1.17224E5	2.79071E4	2.01643E4
500	3.50099E5	1.24303E7	2.37913E5	2.02676E5	1.68682E5	1.333E5	1.15731E5	1.05712E5	1.01591E5	9.82099E4	9.78475E4	9.72648E4	9.55725E4	9.74409E4	8.56261E4	7.55145E4	6.49322E4	5.7928E4	7.83465E4	1.44215E5	2.83661E4	2.02211E4
502	3.45243E5	1.35367E7	2.30958E5	1.94058E5	1.63915E5	1.31874E5	1.11288E5	1.01479E5	9.81482E4	9.57389E4	9.9083E4	9.45506E4	9.54676E4	9.39847E4	8.5129E4	7.3285E4	6.61989E4	5.635E4	6.26379E4	1.66127E5	3.07741E4	2.05179E4
504	3.41609E5	1.28275E7	2.34976E5	1.9739E5	1.63914E5	1.30193E5	1.07631E5	9.98863E4	9.712E4	9.51369E4	9.53818E4	9.4015E4	9.31246E4	9.22333E4	8.24866E4	7.23507E4	6.36286E4	5.66577E4	5.56465E4	1.73893E5	3.52301E4	2.10753E4
506	3.2125E5	1.05371E7	2.56409E5	1.94032E5	1.6132E5	1.24989E5	1.07545E5	9.58625E4	9.53394E4	9.2549E4	9.06923E4	9.14834E4	9.07042E4	9.05954E4	8.38042E4	7.27646E4	6.33668E4	5.49511E4	4.97039E4	1.67983E5	4.25886E4	2.02107E4
508	3.1721E5	7.55483E6	4.4437E5	1.95718E5	1.55635E5	1.22291E5	1.06946E5	9.38419E4	9.26013E4	9.13631E4	9.02932E4	8.6274E4	9.06544E4	8.87458E4	8.07545E4	6.98569E4	6.12935E4	5.37459E4	5.01811E4	1.45003E5	5.69532E4	2.05223E4
510	3.77147E5	4.34683E6	1.14054E6	1.87761E5	1.50136E5	1.23318E5	1.03341E5	9.4692E4	9.0154E4	8.89197E4	8.7074E4	8.69145E4	8.58691E4	8.71163E4	7.88387E4	7.08527E4	6.07039E4	5.39987E4	4.90963E4	1.13671E5	7.51143E4	2.07633E4
512	5.11113E5	1.95434E6	2.64502E6	1.78779E5	1.52549E5	1.19381E5	1.00272E5	9.5133E4	8.95788E4	8.61973E4	8.50102E4	8.52608E4	8.47423E4	8.55119E4	7.62027E4	6.70393E4	6.00667E4	5.35226E4	4.65282E4	8.46109E4	9.8878E4	2.10608E4
514	7.2797E5	7.72404E5	4.84026E6	1.86587E5	1.46426E5	1.21133E5	1.00813E5	9.09288E4	8.77374E4	8.46107E4	8.20501E4	8.10838E4	8.21216E4	8.14581E4	7.54465E4	6.79357E4	5.89479E4	5.23301E4	4.4843E4	6.14422E4	1.20374E5	2.21525E4
516	1.02778E6	3.88805E5	7.6321E6	1.76595E5	1.45246E5	1.1462E5	9.82055E4	8.87599E4	8.44079E4	8.27232E4	8.13319E4	7.93601E4	7.96862E4	8.00657E4	7.4432E4	6.48827E4	5.70381E4	4.94055E4	4.41655E4	4.80289E4	1.39025E5	2.33764E4
518	1.42458E6	3.35042E5	1.06123E7	1.73323E5	1.41714E5	1.1288E5	9.6054E4	8.54333E4	8.35387E4	8.12332E4	7.85928E4	7.84221E4	7.86889E4	7.89177E4	7.31443E4	6.41536E4	5.7298E4	4.97131E4	4.28383E4	4.22624E4	1.44201E5	2.83526E4
520	1.828E6	3.05205E5	1.28734E7	1.80494E5	1.4129E5	1.12414E5	9.52231E4	8.28357E4	8.15668E4	7.73545E4	7.73153E4	7.70617E4	7.48342E4	7.55729E4	7.0432E4	6.22553E4	5.73755E4	4.96557E4	4.23552E4	3.92686E4	1.35442E5	3.6138E4
522	2.22513E6	2.89943E5	1.35579E7	1.75248E5	1.39903E5	1.13636E5	9.19521E4	8.36116E4	7.7579E4	7.50821E4	7.6191E4	7.40551E4	7.35683E4	7.50458E4	6.83207E4	6.21722E4	5.54198E4	4.88951E4	4.32334E4	3.89445E4	1.17865E5	4.64272E4
524	2.48361E6	2.71501E5	1.24202E7	1.76033E5	1.34673E5	1.09764E5	9.10423E4	8.17853E4	7.69268E4	7.39662E4	7.38743E4	7.18968E4	7.27298E4	7.16111E4	6.71119E4	5.9719E4	5.31538E4	4.85901E4	4.07078E4	3.72843E4	9.323E4	6.13017E4
526	2.55819E6	2.6253E5	9.99664E6	2.00627E5	1.31626E5	1.12229E5	9.03901E4	8.01002E4	7.57389E4	7.34756E4	7.17836E4	7.00688E4	7.05481E4	7.23844E4	6.50756E4	5.94026E4	5.22969E4	4.75905E4	4.00239E4	3.63113E4	6.93229E4	7.85682E4
528	2.38227E6	2.55483E5	7.03571E6	4.10674E5	1.28524E5	1.04104E5	8.77994E4	7.78108E4	7.42567E4	7.08181E4	7.05214E4	6.95571E4	6.98286E4	6.99E4	6.23976E4	5.79876E4	5.10699E4	4.5288E4	4.10893E4	3.50095E4	4.98066E4	9.92798E4
530	2.1006E6	2.67376E5	3.97545E6	1.15117E6	1.27777E5	1.03868E5	8.7143E4	7.75378E4	7.1401E4	6.86878E4	6.89381E4	6.67356E4	6.72769E4	6.7195E4	6.17466E4	5.49589E4	4.84309E4	4.37594E4	3.90483E4	3.32793E4	3.85077E4	1.11491E5
532	1.61945E6	2.93397E5	1.75161E6	2.78641E6	1.28148E5	1.00801E5	8.67565E4	7.54843E4	7.12585E4	6.64735E4	6.60143E4	6.54754E4	6.30756E4	6.60504E4	5.97106E4	5.4105E4	4.9137E4	4.28209E4	3.9004E4	3.28158E4	3.1865E4	1.17261E5
534	1.14476E6	3.76132E5	6.38733E5	5.25064E6	1.24504E5	9.99578E4	7.97758E4	7.61073E4	6.7764E4	6.55995E4	6.41048E4	6.27084E4	6.26874E4	6.38949E4	5.82728E4	5.19999E4	4.81377E4	4.26829E4	3.7111E4	3.25621E4	2.99449E4	1.15834E5
536	7.31522E5	5.76234E5	3.20588E5	8.25599E6	1.26304E5	9.57014E4	7.92642E4	7.20455E4	6.6542E4	6.47694E4	6.21456E4	6.04098E4	6.10454E4	6.21281E4	5.71958E4	5.24188E4	4.67253E4	4.22283E4	3.63392E4	3.18985E4	2.83479E4	1.00247E5
538	4.44192E5	8.76519E5	2.69463E5	1.11215E7	1.22435E5	9.33064E4	7.85801E4	7.11194E4	6.56469E4	6.26434E4	5.97008E4	5.94619E4	5.74168E4	6.11664E4	5.55925E4	5.09989E4	4.49331E4	4.15425E4	3.56967E4	3.08331E4	2.80522E4	7.60677E4
540	3.00132E5	1.25556E6	2.43207E5	1.31354E7	1.19918E5	9.17774E4	7.72287E4	6.93591E4	6.5251E4	6.16651E4	5.80484E4	5.72092E4	5.65157E4	5.70599E4	5.32866E4	4.85481E4	4.35995E4	4.00485E4	3.54432E4	3.04443E4	2.75425E4	5.5597E4
542	2.24862E5	1.71162E6	2.41282E5	1.34619E7	1.24818E5	8.98301E4	7.43007E4	6.69694E4	6.11104E4	5.91353E4	5.72172E4	5.60954E4	5.72335E4	5.62658E4	5.17711E4	4.81519E4	4.33153E4	3.91265E4	3.41597E4	3.00046E4	2.50965E4	3.71894E4
544	1.89058E5	2.17692E6	2.25813E5	1.19891E7	1.23831E5	8.93277E4	7.64609E4	6.35098E4	5.90537E4	5.87729E4	5.61857E4	5.38809E4	5.47592E4	5.37704E4	5.07557E4	4.52645E4	4.1854E4	3.91402E4	3.25391E4	2.95106E4	2.53505E4	2.90592E4
546	1.81352E5	2.52852E6	2.1515E5	9.40886E6	1.51988E5	8.74609E4	7.09645E4	6.25064E4	5.9418E4	5.64061E4	5.26435E4	5.33922E4	5.33863E4	5.33393E4	4.97854E4	4.38145E4	4.07539E4	3.69468E4	3.28351E4	2.9158E4	2.48323E4	2.33108E4
548	1.76481E5	2.7058E6	2.03419E5	6.40496E6	4.02513E5	8.60183E4	7.23373E4	6.42256E4	5.92495E4	5.3844E4	5.33638E4	5.28083E4	5.18995E4	5.12221E4	4.5685E4	4.31963E4	3.94301E4	3.59452E4	3.14398E4	2.73576E4	2.34461E4	2.13982E4
550	1.83098E5	2.67142E6	2.03823E5	3.58692E6	1.18796E6	8.51909E4	7.09187E4	6.09185E4	5.54974E4	5.5128E4	5.25482E4	5.12379E4	4.97565E4	5.05642E4	4.6098E4	4.24523E4	3.91533E4	3.53854E4	3.05619E4	2.76947E4	2.25588E4	2.11284E4
552	1.71813E5	2.36321E6	1.98938E5	1.58169E6	2.79612E6	8.77099E4	6.63213E4	5.74513E4	5.659E4	5.12369E4	5.04914E4	4.9086E4	5.04056E4	4.79304E4	4.58931E4	4.12099E4	3.74563E4	3.36575E4	3.01806E4	2.56793E4	2.20897E4	1.99535E4
554	1.51747E5	2.0089E6	2.12794E5	5.74396E5	5.13439E6	8.3566E4	6.73219E4	6.01719E4	5.35402E4	4.91101E4	4.90969E4	4.6922E4	4.64599E4	4.71274E4	4.37475E4	3.95702E4	3.76828E4	3.33583E4	2.94826E4	2.5317E4	2.143E4	1.95662E4
556	1.58819E5	1.54323E6	2.71467E5	2.7744E5	7.96561E6	8.38692E4	6.676E4	5.66646E4	5.12103E4	5.06989E4	4.8461E4	4.74319E4	4.63717E4	4.60194E4	4.21405E4	3.88914E4	3.55185E4	3.22386E4	2.99184E4	2.48563E4	2.10534E4	1.85902E4
558	1.43511E5	1.05656E6	3.74782E5	2.36106E5	1.08048E7	8.05295E4	6.47681E4	5.49588E4	5.17596E4	4.84123E4	4.53503E4	4.44427E4	4.45086E4	4.44217E4	4.07538E4	3.72819E4	3.526E4	3.11238E4	2.73711E4	2.40501E4	2.14122E4	1.86143E4
560	1.52432E5	6.67431E5	5.90925E5	2.09151E5	1.27189E7	8.14496E4	6.16285E4	5.61595E4	5.16011E4	4.54677E4	4.69251E4	4.3566E4	4.43279E4	4.37929E4	3.89061E4	3.71748E4	3.24367E4	3.04255E4	2.81628E4	2.45934E4	2.07676E4	1.74046E4
562	1.57844E5	4.00419E5	9.06543E5	1.90682E5	1.31472E7	8.37356E4	6.07855E4	5.28771E4	4.72422E4	4.52678E4	4.29508E4	4.16522E4	4.11787E4	4.19284E4	3.87549E4	3.46764E4	3.28868E4	2.88179E4	2.62388E4	2.29973E4	1.97412E4	1.64243E4
564	1.45783E5	2.52901E5	1.29661E6	1.84344E5	1.15277E7	8.88653E4	5.95201E4	5.03358E4	4.78314E4	4.21178E4	4.18385E4	3.91942E4	4.08544E4	4.1475E4	3.81944E4	3.49397E4	3.26091E4	2.76729E4	2.49642E4	2.27032E4	2.01174E4	1.65849E4
566	1.53636E5	1.90926E5	1.71554E6	1.89666E5	8.96523E6	1.20121E5	6.25661E4	5.16156E4	4.57829E4	4.48584E4	4.06972E4	3.97402E4	3.91308E4	4.04631E4	3.70769E4	3.35666E4	3.01221E4	2.84944E4	2.52861E4	2.25774E4	1.90998E4	1.60784E4
568	1.50108E5	1.49616E5	2.13103E6	1.72339E5	5.98729E6	3.73771E5	6.29146E4	4.96502E4	4.60362E4	4.27825E4	4.26292E4	3.82928E4	3.89178E4	3.72098E4	3.51755E4	3.24942E4	2.96642E4	2.65894E4	2.38173E4	2.23103E4	1.89762E4	1.5163E4
570	1.40393E5	1.40458E5	2.48226E6	1.72216E5	3.24851E6	1.21056E6	5.83467E4	4.97588E4	4.35859E4	4.25563E4	3.90245E4	3.76346E4	3.76379E4	3.7078E4	3.41077E4	3.13659E4	2.84108E4	2.61652E4	2.23371E4	2.09412E4	1.68788E4	1.54506E4
572	1.35056E5	1.30271E5	2.54705E6	1.64741E5	1.41826E6	2.82317E6	5.96855E4	4.88129E4	4.16591E4	3.96296E4	3.8711E4	3.56366E4	3.6596E4	3.57226E4	3.23614E4	2.98563E4	2.80283E4	2.66754E4	2.39238E4	2.01649E4	1.72756E4	1.50822E4
574	1.39674E5	1.26064E5	2.4685E6	1.60318E5	4.86003E5	5.14244E6	5.94724E4	4.69498E4	4.1675E4	3.81191E4	3.59588E4	3.47909E4	3.38877E4	3.61409E4	3.23203E4	2.89426E4	2.60466E4	2.44494E4	2.34951E4	1.99359E4	1.68229E4	1.41265E4
576	1.61215E5	1.30025E5	2.18918E6	1.71166E5	2.3874E5	7.76405E6	5.84228E4	4.35126E4	4.18096E4	3.78031E4	3.50288E4	3.48555E4	3.31642E4	3.3479E4	3.08269E4	2.85566E4	2.56886E4	2.47349E4	2.14062E4	1.90602E4	1.66389E4	1.40129E4
578	1.32128E5	1.26826E5	1.76037E6	1.87273E5	1.93388E5	1.05039E7	5.97959E4	4.45193E4	4.04811E4	3.58278E4	3.43515E4	3.25241E4	3.11248E4	3.2982E4	2.94603E4	2.74208E4	2.51446E4	2.30328E4	2.13078E4	1.87736E4	1.60134E4	1.3821E4
580	1.38392E5	1.10859E5	1.34903E6	2.40123E5	1.73736E5	1.22236E7	5.80974E4	4.66013E4	3.69099E4	3.67822E4	3.27461E4	3.15038E4	3.13048E4	3.10595E4	2.91556E4	2.55976E4	2.48365E4	2.27014E4	2.06677E4	1.76387E4	1.5062E4	1.35328E4
582	1.28985E5	1.15124E5	9.16909E5	3.74777E5	1.61032E5	1.21257E7	5.88547E4	4.32112E4	3.64885E4	3.4691E4	3.35325E4	3.09816E4	3.108E4	3.13549E4	2.73809E4	2.56702E4	2.32084E4	2.19606E4	1.86299E4	1.7763E4	1.45381E4	1.29181E4
584	1.24359E5	1.18999E5	5.71747E5	5.79445E5	1.59688E5	1.05838E7	6.53953E4	4.49875E4	3.69147E4	3.4556E4	3.36658E4	3.09217E4	3.11167E4	2.97915E4	2.67809E4	2.45645E4	2.35502E4	2.15415E4	1.95199E4	1.6821E4	1.55496E4	1.28798E4
586	1.21487E5	1.19593E5	3.53796E5	8.58504E5	1.57853E5	7.98921E6	9.40884E4	4.41918E4	3.72479E4	3.24758E4	3.09392E4	2.80413E4	2.88046E4	2.86167E4	2.63022E4	2.44671E4	2.24168E4	2.06277E4	1.91794E4	1.61628E4	1.40583E4	1.22959E4
588	1.22705E5	1.15435E5	2.20861E5	1.19975E6	1.55763E5	5.17111E6	3.10602E5	4.11359E4	3.64711E4	3.20618E4	2.91544E4	2.77534E4	2.79786E4	2.70172E4	2.52602E4	2.33112E4	2.1076E4	2.00625E4	1.80767E4	1.5888E4	1.46844E4	1.16931E4
590	1.2706E5	1.0836E5	1.73439E5	1.62344E6	1.50602E5	2.67061E6	1.10429E6	4.26028E4	3.52435E4	3.04633E4	2.87313E4	2.75966E4	2.65085E4	2.68719E4	2.50308E4	2.26235E4	2.00584E4	1.9742E4	1.78007E4	1.54491E4	1.38353E4	1.1917E4
592	9.8088E4	1.1363E5	1.40213E5	1.98163E6	1.54658E5	1.05242E6	2.71175E6	4.12893E4	3.38731E4	3.04861E4	2.83839E4	2.64222E4	2.76414E4	2.67562E4	2.44214E4	2.17958E4	1.93034E4	1.96922E4	1.67898E4	1.48348E4	1.24083E4	1.1207E4
594	1.13119E5	1.01215E5	1.35044E5	2.21065E6	1.44091E5	3.6013E5	4.97078E6	4.11439E4	3.30423E4	3.14252E4	2.70505E4	2.61749E4	2.61938E4	2.50906E4	2.28756E4	2.13276E4	2.1217E4	1.84267E4	1.68766E4	1.51026E4	1.32153E4	1.14265E4
596	9.41688E4	1.15745E5	1.2534E5	2.28345E6	1.42446E5	1.90336E5	7.52972E6	4.17406E4	3.32386E4	2.91084E4	2.81807E4	2.56845E4	2.61742E4	2.48344E4	2.34095E4	2.07163E4	1.92486E4	1.67103E4	1.5625E4	1.51285E4	1.30168E4	1.09781E4
598	1.16926E5	1.08811E5	1.21779E5	2.17261E6	1.421E5	1.6073E5	9.90811E6	3.99834E4	3.20095E4	2.84672E4	2.5958E4	2.44661E4	2.31598E4	2.36124E4	2.17231E4	1.99009E4	1.94435E4	1.7324E4	1.59078E4	1.33227E4	1.20245E4	1.02256E4
600	1.06406E5	1.11636E5	1.1539E5	1.89361E6	1.48018E5	1.47252E5	1.12079E7	4.38073E4	3.28677E4	2.68615E4	2.40752E4	2.34667E4	2.37625E4	2.36815E4	2.07801E4	2.09448E4	1.8761E4	1.6463E4	1.49794E4	1.28882E4	1.11411E4	1.0389E4
