300	1.6961E5	1.29639E5	1.41525E5	2.73287E6	3.00826E5	2.3804E5	1.98283E7	7.49559E4	1.07697E4	6261.15805	3844.41051	3049.95437	2359.73006	2453.05423	1879.31781	1617.56653	1245.92198	963.16293	1222.45011	932.50853	1177.91322	992.09447
302	1.55491E5	1.36343E5	1.50054E5	1.79559E6	6.17648E5	1.69032E5	1.69999E7	8.00523E5	1.16012E4	6136.98448	4141.30659	2769.75197	2609.70512	2106.19918	1861.29214	1443.82257	1423.97083	1181.23362	1273.67213	1222.29597	1029.47448	826.90804
304	1.66777E5	1.31896E5	1.45104E5	1.00647E6	1.20121E6	1.62346E5	1.06838E7	3.54596E6	1.37381E4	6292.57181	4703.90868	3955.9393	2446.94483	1984.30738	1882.06061	1400.22811	1255.46342	1454.26497	1245.9847	1005.18001	1432.90045	918.45388
306	1.57703E5	1.25147E5	1.48582E5	4.96986E5	1.97798E6	1.57934E5	4.54337E6	9.05363E6	1.63333E4	6116.05292	4469.71559	3380.08747	2747.7503	2419.09959	1728.67193	1362.282	1563.29029	1498.00353	1094.36127	1049.9556	1372.3089	636.51344
308	1.89193E5	1.35723E5	1.58593E5	2.73147E5	2.67992E6	1.55531E5	1.1665E6	1.53609E7	2.41545E4	7239.51697	5519.43129	3341.07248	2720.05807	2477.81448	1660.04956	1357.76757	1311.06231	1265.85359	1094.77548	1009.19266	1063.18925	826.76781
310	1.8184E5	1.44695E5	1.60004E5	2.17454E5	2.8873E6	1.70204E5	2.13683E5	1.84014E7	6.40023E4	8007.05397	5113.07813	3586.16247	2707.13119	1906.18873	2076.35529	1674.37642	1325.38221	1090.13501	1198.27377	1012.21809	1043.15347	961.54487
312	1.79316E5	1.37953E5	1.57242E5	2.06166E5	2.46414E6	2.55654E5	1.26421E5	1.60722E7	6.81877E5	9753.94124	5939.23498	3938.41475	2730.43629	2402.44172	2246.46438	1347.95717	1215.83119	1298.3506	1156.51449	723.10288	1156.53274	787.52946
314	1.83425E5	1.36493E5	1.60251E5	1.9685E5	1.66414E6	5.21209E5	1.14957E5	9.79295E6	3.29656E6	1.14094E4	5106.94274	3355.01836	2834.53616	1991.59815	1952.16444	1489.82638	1277.15841	1078.50822	1134.61302	1188.71847	1025.05812	900.14705
316	1.959E5	1.44821E5	1.79618E5	2.07132E5	9.46591E5	1.01301E6	1.11022E5	4.00438E6	8.42205E6	1.38091E4	5794.31894	3895.38245	2761.19518	2255.57697	2185.67876	1401.8234	1179.1899	1087.60116	1142.10793	1007.19779	812.03474	589.71094
318	1.98172E5	1.57609E5	1.82104E5	2.09492E5	4.99071E5	1.68286E6	1.03291E5	1.00337E6	1.36573E7	2.13918E4	6483.93469	4385.31239	2598.82067	2426.87989	1966.39154	1393.64891	1239.17462	1086.37457	950.20804	1055.9367	805.15857	988.1956
320	2.04934E5	1.59799E5	1.85413E5	2.26756E5	3.24848E5	2.26053E6	1.07377E5	1.63896E5	1.62672E7	5.91532E4	6477.45847	4635.21624	2844.29429	2094.08352	1597.16767	1449.76113	1134.30758	1214.39774	1033.70099	970.15474	734.23515	1134.15465
322	2.16302E5	1.65905E5	2.01272E5	2.41946E5	2.69899E5	2.40246E6	1.18826E5	1.04905E5	1.38599E7	6.24348E5	8155.85805	4624.20567	3258.24388	2383.04625	1956.99225	1266.64056	971.56909	1109.46794	987.79393	689.83635	704.93505	759.31351
324	2.32632E5	1.69765E5	2.07521E5	2.45672E5	2.72792E5	2.07246E6	1.83499E5	9.10317E4	8.67639E6	2.77554E6	8763.85145	4524.34529	3290.00847	2455.35919	1903.00019	1452.47837	1142.06398	957.02998	1040.58082	1020.08612	855.24599	942.84753
326	2.52988E5	1.82657E5	2.00585E5	2.54328E5	2.74963E5	1.47488E6	3.74061E5	9.10867E4	3.72145E6	6.93031E6	1.16925E4	4442.52236	3354.38641	2429.98515	1873.48823	1562.33628	847.38823	1089.59495	734.98285	861.8877	1010.13422	825.72198
328	3.1195E5	1.89404E5	2.1323E5	2.56535E5	2.79774E5	9.00849E5	7.35429E5	9.42748E4	9.88074E5	1.13676E7	1.68878E4	5331.79015	3296.04414	2544.20384	1824.4951	1674.27458	1124.74099	1049.9643	942.66365	760.868	832.48859	681.7862
330	3.69259E5	2.03186E5	2.27486E5	2.74975E5	2.90045E5	5.0708E5	1.28265E6	9.44901E4	1.67369E5	1.36448E7	4.58381E4	6234.64474	3373.37175	2360.00944	2094.70974	1402.50442	1432.27384	1196.51692	778.07625	740.73259	944.59609	846.33636
332	3.91462E5	2.21226E5	2.33334E5	2.79789E5	2.96683E5	3.34078E5	1.74817E6	9.99934E4	1.03447E5	1.19356E7	4.74387E5	6841.17475	3536.77419	2859.74141	1848.64182	1053.68526	1104.13868	1021.08859	823.22132	924.66537	888.46249	713.3766
334	4.67864E5	2.45171E5	2.44669E5	2.80056E5	3.12703E5	2.86161E5	1.96275E6	1.12587E5	9.41973E4	7.76257E6	2.13525E6	7666.41886	4066.98641	2864.40976	2065.85787	1222.01215	1293.86867	885.32482	855.23511	1057.63734	912.81251	599.13337
336	5.3774E5	2.70497E5	2.51575E5	2.97944E5	3.20384E5	2.73109E5	1.80266E6	1.56658E5	9.30801E4	3.38168E6	5.52725E6	9956.42583	4112.36914	2851.09998	2049.51601	1242.25011	1329.47995	933.0779	1073.65688	661.52397	493.11003	835.25693
338	5.17691E5	2.81831E5	2.56066E5	2.99887E5	3.20065E5	2.80246E5	1.37815E6	2.81663E5	9.42913E4	9.50765E5	9.2608E6	1.48956E4	4385.38749	3010.99553	2052.8042	1429.41717	1251.89243	898.75471	668.16331	733.96768	772.7164	788.4771
340	5.71443E5	2.82179E5	2.61299E5	3.03895E5	3.28004E5	2.80111E5	8.60187E5	5.5512E5	9.72392E4	1.59234E5	1.12621E7	3.89415E4	4741.5051	2617.01821	2131.98294	1383.47947	1273.51613	805.66429	904.53416	788.44459	927.80056	764.95891
342	5.67966E5	3.03721E5	2.64243E5	3.04495E5	3.22758E5	2.87567E5	5.07836E5	9.29591E5	9.92694E4	9.6159E4	9.95318E6	4.03871E5	4975.56229	3089.77803	2201.11732	1376.07992	1126.58631	1140.51953	724.31799	910.75261	801.97396	717.98528
344	5.68324E5	2.93247E5	2.55291E5	3.01897E5	3.28828E5	2.8687E5	3.03448E5	1.34626E6	1.01011E5	8.55938E4	6.02319E6	2.08339E6	6405.71641	2940.96251	2252.96626	1340.16707	1004.16906	969.68698	799.22771	782.75664	1000.11279	646.56691
346	6.36377E5	3.17484E5	2.63463E5	2.94599E5	3.23195E5	2.91389E5	2.3657E5	1.57603E6	1.07502E5	8.59915E4	2.51326E6	5.25056E6	8246.87597	3331.621	2450.21745	1716.58	1079.62246	1011.48034	650.73035	862.16083	683.24319	774.1982
348	6.53097E5	3.17217E5	2.68183E5	2.98422E5	3.21543E5	2.93964E5	2.19185E5	1.50854E6	1.39939E5	8.65515E4	6.08825E5	8.66731E6	1.18256E4	3279.03308	2246.43912	1747.8885	1308.17562	1010.39195	784.9482	935.50129	731.61993	705.19088
350	6.10643E5	3.36502E5	2.68229E5	2.92651E5	3.1595E5	2.93163E5	2.20879E5	1.19784E6	2.22087E5	9.0349E4	1.20189E5	1.00158E7	2.68975E4	3793.9708	2686.2116	1619.8446	1297.90408	1088.13079	880.5888	763.18014	725.82166	686.85721
352	6.42384E5	3.34059E5	2.63884E5	2.91907E5	3.23506E5	2.93884E5	2.18873E5	7.90197E5	4.10135E5	9.38837E4	7.44622E4	8.5532E6	3.02622E5	4624.11623	2479.2314	1727.9778	1127.20185	884.16058	962.66818	977.24268	662.87851	575.14512
354	6.34135E5	3.38463E5	2.6782E5	2.87196E5	3.09386E5	2.91798E5	2.23841E5	4.74547E5	6.926E5	9.59769E4	6.55747E4	5.32215E6	1.42312E6	5627.30379	2545.09431	1660.41361	1228.48694	1041.2315	711.09799	792.66473	545.28085	576.70026
356	6.51156E5	3.54718E5	2.70789E5	2.89505E5	3.04495E5	2.9204E5	2.27132E5	2.92685E5	1.00126E6	9.97928E4	6.63594E4	2.17052E6	3.83338E6	7246.57996	2960.88353	1404.70407	1223.91574	946.82182	658.57716	593.47364	707.67527	617.51285
358	6.54211E5	3.36755E5	2.71063E5	2.86613E5	3.00298E5	2.87753E5	2.30545E5	2.22419E5	1.21967E6	1.06334E5	6.89014E4	5.6785E5	6.59126E6	1.0229E4	3063.11719	1838.88267	1304.74988	1118.92261	878.76351	802.08456	640.85047	557.73112
360	6.31749E5	3.54918E5	2.69985E5	2.79166E5	3.00218E5	2.89089E5	2.33877E5	2.00478E5	1.23288E6	1.23577E5	7.42166E4	1.08298E5	8.09431E6	2.30647E4	3140.39389	1787.01884	1268.78844	871.37052	709.12273	653.05652	586.83282	705.10302
362	6.26381E5	3.60001E5	2.82366E5	2.80752E5	2.94038E5	2.91069E5	2.39637E5	1.98201E5	1.04248E6	1.73376E5	7.67628E4	6.83097E4	7.4377E6	2.50113E5	3941.18384	1811.09244	1589.25922	1076.69669	728.45657	784.11892	867.47549	526.46283
364	6.36939E5	3.5664E5	2.75788E5	2.82313E5	2.9558E5	2.88477E5	2.48189E5	2.00882E5	7.52003E5	2.83855E5	8.10338E4	5.91219E4	5.05586E6	1.2815E6	4539.30422	2119.14767	1561.9393	1024.13974	842.98749	693.68063	828.85733	613.69155
366	6.25862E5	3.53608E5	2.79635E5	2.75889E5	2.88445E5	2.91372E5	2.45523E5	2.03643E5	4.74902E5	4.85492E5	8.59802E4	5.95523E4	2.14884E6	3.62203E6	6436.89151	2260.21212	1322.83786	1054.92506	790.3217	739.0911	720.70554	533.01576
368	6.38397E5	3.56431E5	2.86289E5	2.75939E5	2.95094E5	2.87259E5	2.49369E5	2.11613E5	3.02752E5	7.34145E5	9.16834E4	6.22384E4	5.8031E5	6.13405E6	9739.36741	2295.38593	1481.96314	1291.74162	714.31837	733.27087	547.22898	643.43745
370	6.1121E5	3.72255E5	2.91753E5	2.74103E5	2.86505E5	2.86721E5	2.52927E5	2.15497E5	2.28562E5	9.46531E5	9.82755E4	6.64879E4	9.63373E4	7.47346E6	2.32769E4	3183.62871	1454.74954	1245.8519	760.16873	814.95322	725.7995	610.27361
372	6.00213E5	3.81524E5	2.8519E5	2.70512E5	2.81632E5	2.86117E5	2.566E5	2.22373E5	2.07228E5	1.02314E6	1.1133E5	6.93585E4	6.03912E4	6.4949E6	2.48929E5	3334.67803	1558.18464	1246.07102	768.18913	737.78038	661.74654	656.7775
374	6.07245E5	3.79592E5	2.92908E5	2.78088E5	2.88229E5	2.81914E5	2.61364E5	2.29217E5	2.02548E5	9.23717E5	1.48114E5	7.35248E4	5.35647E4	4.0659E6	1.25897E6	3821.87436	1617.08664	1204.74666	807.1292	666.59942	644.14154	574.75808
376	6.0514E5	3.89578E5	3.02162E5	2.82973E5	2.80128E5	2.80273E5	2.64118E5	2.34123E5	2.05496E5	7.19297E5	2.23977E5	7.71717E4	5.04963E4	1.69719E6	3.28753E6	5048.40342	1932.28649	1401.69144	885.09308	782.8128	783.42151	584.00507
378	5.87035E5	3.97213E5	3.03791E5	2.79719E5	2.83932E5	2.83086E5	2.68879E5	2.38335E5	2.12292E5	4.91099E5	3.67526E5	8.06656E4	5.30773E4	4.15383E5	5.57787E6	8724.22427	2177.85998	1274.62544	938.39396	737.14504	736.58925	522.4288
380	5.78512E5	3.98367E5	3.05028E5	2.81753E5	2.83787E5	2.82874E5	2.69553E5	2.44757E5	2.18285E5	3.27427E5	5.51016E5	8.59743E4	5.65069E4	7.99151E4	6.63779E6	1.81404E4	2340.09955	1263.70446	962.24504	700.93581	589.55832	478.7527
382	6.00777E5	4.08551E5	3.10032E5	2.81782E5	2.8544E5	2.89654E5	2.74642E5	2.49053E5	2.22552E5	2.48262E5	7.29761E5	9.30703E4	6.15756E4	5.4553E4	5.91464E6	1.98555E5	2803.67873	1334.6027	1016.5665	868.86588	578.30767	554.93409
384	6.21206E5	4.16868E5	3.24714E5	2.87571E5	2.89209E5	2.94805E5	2.81866E5	2.60271E5	2.30359E5	2.1658E5	8.42029E5	1.0286E5	6.62084E4	4.97363E4	3.98985E6	9.96495E5	3439.91842	1443.39695	1124.97341	632.72056	631.56053	629.91082
386	6.04184E5	4.21851E5	3.281E5	2.85146E5	2.85144E5	2.97321E5	2.80287E5	2.61118E5	2.34098E5	2.10692E5	8.19107E5	1.25245E5	6.98531E4	4.73025E4	1.79409E6	2.88538E6	4952.95817	1627.81004	1242.4749	800.0626	675.98256	544.40554
388	6.10825E5	4.3235E5	3.38127E5	2.90375E5	2.9003E5	2.94914E5	2.88547E5	2.71972E5	2.39335E5	2.10425E5	6.96624E5	1.77877E5	7.43771E4	4.87341E4	5.27233E5	4.93762E6	7586.07479	1983.73221	1048.53513	986.05741	712.87114	600.93934
390	6.18417E5	4.38369E5	3.4171E5	3.02124E5	2.929E5	2.97979E5	2.91209E5	2.7831E5	2.4378E5	2.15589E5	5.17301E5	2.72309E5	7.91204E4	5.2515E4	8.91275E4	6.16527E6	1.7113E4	2125.30185	1155.22988	959.51362	586.57224	597.47605
392	6.33308E5	4.5109E5	3.44066E5	2.9463E5	2.97487E5	3.02778E5	2.95115E5	2.77881E5	2.52217E5	2.20638E5	3.54535E5	4.19056E5	8.51012E4	5.8044E4	4.95848E4	5.51745E6	2.03203E5	2696.91673	1401.98945	971.89098	664.36211	637.57085
394	6.07318E5	4.51468E5	3.5714E5	3.0582E5	3.00986E5	3.05568E5	2.98919E5	2.85866E5	2.56908E5	2.24068E5	2.59855E5	5.71343E5	9.00742E4	6.1289E4	4.38836E4	3.66991E6	9.76372E5	3458.62523	1462.33978	978.07733	924.91592	631.81811
396	6.15169E5	4.60143E5	3.64626E5	3.11775E5	2.99639E5	3.07166E5	3.03096E5	2.8864E5	2.5973E5	2.27121E5	2.17961E5	6.96674E5	9.83029E4	6.56398E4	4.23468E4	1.53626E6	2.75702E6	4939.96975	1331.68715	955.38849	1040.46453	558.83141
398	6.12941E5	4.6681E5	3.76359E5	3.14011E5	3.05458E5	3.12564E5	3.0044E5	2.88843E5	2.65695E5	2.33669E5	2.0463E5	7.2865E5	1.10666E5	7.09748E4	4.23092E4	4.26204E5	4.71474E6	7439.34253	1559.60647	1078.33465	957.90103	627.04845
400	6.21296E5	4.80547E5	3.88781E5	3.18233E5	3.11199E5	3.14381E5	3.06752E5	2.94854E5	2.67936E5	2.39851E5	2.02741E5	6.53989E5	1.43635E5	7.31631E4	4.57999E4	7.70053E4	5.65975E6	1.61536E4	1948.29936	1150.65844	955.55648	646.865
402	6.25054E5	4.88137E5	3.83071E5	3.29801E5	3.15913E5	3.16392E5	3.1249E5	2.97648E5	2.72478E5	2.44692E5	2.08535E5	5.15165E5	2.07288E5	7.95531E4	4.89871E4	4.44465E4	4.92749E6	1.68035E5	2219.37669	1261.9576	844.92936	698.95163
404	6.38642E5	4.98519E5	4.05864E5	3.39511E5	3.21955E5	3.18814E5	3.1527E5	3.01856E5	2.78318E5	2.47391E5	2.10076E5	3.71545E5	3.07322E5	8.63552E4	5.42025E4	3.95532E4	3.03667E6	9.04164E5	2858.12236	1118.13609	1108.06117	726.54271
406	6.15376E5	5.03938E5	4.01344E5	3.42757E5	3.26088E5	3.26676E5	3.18894E5	3.0592E5	2.80034E5	2.5179E5	2.15982E5	2.71856E5	4.37919E5	9.03972E4	5.78738E4	3.80556E4	1.26211E6	2.37563E6	3945.11186	1401.11226	978.65444	798.40836
408	6.55448E5	5.12642E5	4.24822E5	3.49902E5	3.32737E5	3.23267E5	3.18105E5	3.05267E5	2.83218E5	2.56322E5	2.22569E5	2.20741E5	5.61652E5	9.68057E4	6.15908E4	3.85601E4	3.17158E5	4.11545E6	5861.30425	1561.68879	1174.12341	907.88226
410	6.5703E5	5.16482E5	4.28861E5	3.50121E5	3.36616E5	3.26099E5	3.22081E5	3.11018E5	2.88068E5	2.61525E5	2.28284E5	2.0149E5	6.2925E5	1.0752E5	6.4619E4	4.05407E4	5.82403E4	4.86013E6	1.24789E4	1789.84323	1106.66156	886.95728
412	6.44905E5	5.26222E5	4.27397E5	3.60133E5	3.35862E5	3.27692E5	3.21606E5	3.09779E5	2.8959E5	2.62495E5	2.31208E5	1.99523E5	6.15168E5	1.2857E5	6.86565E4	4.23913E4	3.8742E4	4.3E6	1.3052E5	2202.27728	1195.21286	717.86002
414	6.6382E5	5.29592E5	4.36968E5	3.64815E5	3.37041E5	3.28982E5	3.20933E5	3.10033E5	2.89458E5	2.70684E5	2.35159E5	1.98274E5	5.27699E5	1.69661E5	7.39269E4	4.65572E4	3.51878E4	2.73581E6	6.80524E5	2729.50035	1197.68948	820.74668
416	6.60006E5	5.33424E5	4.43031E5	3.68616E5	3.4738E5	3.27366E5	3.24902E5	3.10513E5	2.9198E5	2.70623E5	2.36477E5	2.03229E5	4.09075E5	2.38619E5	7.71675E4	4.96799E4	3.32044E4	1.17232E6	1.9403E6	3682.44686	1284.34519	870.01087
418	6.42707E5	5.42466E5	4.52558E5	3.77047E5	3.4147E5	3.32475E5	3.20411E5	3.13091E5	2.94523E5	2.70572E5	2.43343E5	2.05466E5	3.03098E5	3.41893E5	8.19925E4	5.35374E4	3.30389E4	3.12594E5	3.48117E6	6031.59083	1575.58816	863.79464
420	6.5091E5	5.5105E5	4.55861E5	3.82489E5	3.42675E5	3.32154E5	3.20432E5	3.12148E5	2.95239E5	2.71842E5	2.46849E5	2.09655E5	2.3552E5	4.50039E5	8.64408E4	5.75538E4	3.55047E4	5.70381E4	4.38649E6	1.27519E4	1857.52054	902.49354
422	6.54704E5	5.7194E5	4.63481E5	3.88295E5	3.4553E5	3.35277E5	3.20674E5	3.09336E5	2.95037E5	2.74607E5	2.47955E5	2.15531E5	2.02885E5	5.34559E5	9.40725E4	6.07305E4	3.72213E4	3.57139E4	3.93892E6	1.45382E5	2187.75587	962.17572
424	6.61181E5	5.66042E5	4.68355E5	3.91709E5	3.52138E5	3.35358E5	3.20471E5	3.11357E5	2.96684E5	2.75455E5	2.54112E5	2.17742E5	1.93388E5	5.52524E5	1.07046E5	6.32969E4	4.0049E4	3.2447E4	2.56814E6	7.20138E5	2808.70705	1025.81955
426	6.34966E5	5.52013E5	4.76037E5	3.91593E5	3.51181E5	3.3493E5	3.21528E5	3.07165E5	2.94221E5	2.79205E5	2.52607E5	2.19473E5	1.91088E5	5.04876E5	1.34113E5	6.78845E4	4.41641E4	3.14E4	1.04628E6	2.02191E6	3947.85138	1115.91302
428	6.59989E5	5.75763E5	4.82747E5	3.96107E5	3.54477E5	3.32807E5	3.19564E5	3.11588E5	2.96865E5	2.84344E5	2.54478E5	2.25691E5	1.93625E5	4.12837E5	1.78962E5	7.1861E4	4.8552E4	3.16179E4	2.57763E5	3.52951E6	6323.49304	1172.41897
430	6.48537E5	5.70024E5	4.8971E5	3.99104E5	3.58483E5	3.29923E5	3.15807E5	3.07943E5	2.93071E5	2.79641E5	2.57679E5	2.28338E5	1.98055E5	3.1685E5	2.49539E5	7.55195E4	5.0917E4	3.17432E4	4.62722E4	4.26242E6	1.32936E4	1329.19383
432	6.74461E5	5.72952E5	4.97619E5	4.15142E5	3.60516E5	3.31948E5	3.1613E5	3.04631E5	2.96685E5	2.79412E5	2.58306E5	2.29776E5	1.99684E5	2.39857E5	3.35993E5	7.96541E4	5.42338E4	3.34454E4	3.2018E4	3.64921E6	1.60672E5	1643.10907
434	6.56575E5	5.72158E5	4.99784E5	4.09685E5	3.648E5	3.33879E5	3.16173E5	3.04637E5	2.95357E5	2.811E5	2.61073E5	2.33172E5	2.04559E5	2.02704E5	4.16204E5	8.46771E4	5.67913E4	3.59144E4	2.97841E4	2.22075E6	9.18629E5	2523.77457
436	6.73967E5	5.86159E5	5.01847E5	4.21552E5	3.64663E5	3.33011E5	3.13182E5	3.04389E5	2.94588E5	2.79592E5	2.63493E5	2.36145E5	2.05013E5	1.88255E5	4.56451E5	9.23339E4	6.00099E4	3.97828E4	2.88583E4	9.2685E5	2.44038E6	3303.08939
438	6.52323E5	5.78693E5	5.07676E5	4.15871E5	3.69623E5	3.29858E5	3.1125E5	3.03581E5	2.91198E5	2.79003E5	2.61798E5	2.36525E5	2.10349E5	1.83361E5	4.50879E5	1.06202E5	6.34636E4	4.34547E4	2.87459E4	2.43656E5	3.94448E6	4965.11625
440	6.44679E5	6.02036E5	4.97559E5	4.23278E5	3.73551E5	3.3324E5	3.09382E5	3.00359E5	2.87516E5	2.77416E5	2.61625E5	2.37073E5	2.11179E5	1.85157E5	3.97024E5	1.3245E5	6.73796E4	4.56669E4	2.95655E4	4.29313E4	4.40493E6	9523.54336
442	6.24798E5	5.82713E5	4.99512E5	4.20568E5	3.66278E5	3.30791E5	3.093E5	2.97948E5	2.8643E5	2.80121E5	2.64675E5	2.39019E5	2.13054E5	1.87016E5	3.22574E5	1.74916E5	7.01714E4	4.79546E4	3.10062E4	3.00726E4	3.61764E6	8.2512E4
444	6.53708E5	5.8899E5	5.10051E5	4.29686E5	3.66033E5	3.24953E5	3.06776E5	2.93959E5	2.87564E5	2.75737E5	2.63508E5	2.40612E5	2.14799E5	1.87566E5	2.49773E5	2.35309E5	7.355E4	4.98241E4	3.30673E4	2.82718E4	2.12339E6	4.71297E5
446	6.17152E5	5.75281E5	5.09204E5	4.29567E5	3.65986E5	3.24538E5	3.05374E5	2.91913E5	2.82595E5	2.74745E5	2.59798E5	2.42532E5	2.19875E5	1.89935E5	2.00897E5	3.03877E5	7.73272E4	5.41325E4	3.5651E4	2.74802E4	8.5372E5	1.48337E6
448	6.44195E5	5.68037E5	5.13374E5	4.32788E5	3.68677E5	3.2287E5	3.02276E5	2.91791E5	2.8098E5	2.75008E5	2.61793E5	2.39373E5	2.19214E5	1.92871E5	1.74174E5	3.61788E5	8.24215E4	5.63727E4	3.92575E4	2.77205E4	2.18724E5	2.76752E6
450	6.12405E5	5.68429E5	5.1126E5	4.37333E5	3.69742E5	3.23033E5	3.00751E5	2.88053E5	2.78828E5	2.69715E5	2.58327E5	2.40223E5	2.19374E5	1.94387E5	1.65125E5	3.8679E5	9.41233E4	6.06641E4	4.23704E4	2.74917E4	4.18089E4	3.59875E6
452	6.30529E5	5.84529E5	5.13014E5	4.32522E5	3.69247E5	3.26103E5	2.95795E5	2.86389E5	2.79359E5	2.67977E5	2.59773E5	2.40116E5	2.21299E5	1.96328E5	1.61904E5	3.73477E5	1.10329E5	6.38741E4	4.49478E4	2.93199E4	2.85414E4	3.273E6
454	6.12469E5	5.71356E5	5.14399E5	4.35579E5	3.68369E5	3.17679E5	2.93883E5	2.79695E5	2.71944E5	2.70513E5	2.57221E5	2.39502E5	2.17247E5	1.98279E5	1.6307E5	3.23018E5	1.37181E5	6.70019E4	4.61454E4	3.12733E4	2.59278E4	2.08396E6
456	6.5045E5	5.59216E5	5.06121E5	4.3445E5	3.67615E5	3.18614E5	2.91925E5	2.79128E5	2.69918E5	2.63716E5	2.55158E5	2.39102E5	2.17582E5	1.97549E5	1.61195E5	2.59643E5	1.81658E5	6.73403E4	4.91536E4	3.31881E4	2.55565E4	8.15824E5
458	6.03535E5	5.71484E5	5.10989E5	4.36067E5	3.68257E5	3.11555E5	2.85363E5	2.78335E5	2.66647E5	2.62286E5	2.51418E5	2.40301E5	2.19669E5	1.97247E5	1.65389E5	2.05617E5	2.37036E5	7.12012E4	5.09034E4	3.54314E4	2.53456E4	2.05525E5
460	5.98336E5	5.67523E5	5.06646E5	4.33569E5	3.6461E5	3.11112E5	2.85025E5	2.73448E5	2.634E5	2.57711E5	2.46747E5	2.35324E5	2.19227E5	1.99347E5	1.64959E5	1.66215E5	2.87511E5	7.44211E4	5.42752E4	3.9058E4	2.52938E4	3.80247E4
462	6.36495E5	5.7187E5	5.01237E5	4.29761E5	3.63468E5	3.08742E5	2.83087E5	2.66241E5	2.59537E5	2.59649E5	2.49555E5	2.33521E5	2.20585E5	2.00675E5	1.65038E5	1.47582E5	3.25775E5	8.01842E4	5.52305E4	4.12113E4	2.61064E4	2.5124E4
464	6.10827E5	5.50771E5	5.08571E5	4.28999E5	3.59725E5	3.0721E5	2.80378E5	2.66746E5	2.58088E5	2.50797E5	2.42918E5	2.32657E5	2.18455E5	2.01472E5	1.64015E5	1.40238E5	3.2822E5	8.90495E4	5.77819E4	4.26633E4	2.70823E4	2.32295E4
466	6.11745E5	5.47308E5	5.00122E5	4.19355E5	3.59791E5	3.05782E5	2.78556E5	2.61693E5	2.56987E5	2.47772E5	2.40451E5	2.29889E5	2.16291E5	1.99232E5	1.67667E5	1.3964E5	3.03601E5	1.05336E5	6.04949E4	4.4146E4	2.86408E4	2.25377E4
468	7.16993E5	5.44179E5	4.89592E5	4.25584E5	3.60562E5	3.0977E5	2.72445E5	2.57338E5	2.48531E5	2.44809E5	2.4108E5	2.28075E5	2.13307E5	1.97874E5	1.67039E5	1.39898E5	2.5624E5	1.32166E5	6.22318E4	4.53111E4	3.03085E4	2.26786E4
470	1.16856E6	5.43114E5	4.94388E5	4.28456E5	3.55001E5	3.02563E5	2.69547E5	2.52151E5	2.46E5	2.42501E5	2.34354E5	2.23828E5	2.14107E5	1.98077E5	1.67383E5	1.38718E5	2.04387E5	1.67939E5	6.4506E4	4.73364E4	3.24111E4	2.16612E4
472	2.21101E6	5.33043E5	4.94022E5	4.27328E5	3.51584E5	3.0099E5	2.65159E5	2.5048E5	2.42445E5	2.40768E5	2.29957E5	2.20697E5	2.12004E5	1.99731E5	1.67816E5	1.39871E5	1.62968E5	2.14467E5	6.71663E4	4.89312E4	3.4305E4	2.20387E4
474	3.93196E6	5.41863E5	4.79984E5	4.16935E5	3.5217E5	2.92167E5	2.6064E5	2.46026E5	2.36842E5	2.35601E5	2.29936E5	2.1848E5	2.10442E5	2.00504E5	1.67562E5	1.40247E5	1.40278E5	2.54768E5	6.99837E4	5.06833E4	3.59361E4	2.29137E4
476	6.32894E6	5.09931E5	4.74596E5	4.11018E5	3.49951E5	2.94502E5	2.58686E5	2.41364E5	2.38094E5	2.31062E5	2.23409E5	2.16091E5	2.08525E5	1.96009E5	1.66175E5	1.38811E5	1.25516E5	2.78652E5	7.39152E4	5.22605E4	3.63781E4	2.35387E4
478	9.19731E6	5.21697E5	4.84901E5	4.06809E5	3.46159E5	2.8937E5	2.59466E5	2.39706E5	2.29905E5	2.28967E5	2.22343E5	2.11691E5	2.04242E5	1.94381E5	1.64571E5	1.39592E5	1.20424E5	2.78442E5	8.2987E4	5.32771E4	3.74756E4	2.48416E4
480	1.19835E7	5.02366E5	4.63208E5	4.11899E5	3.40227E5	2.85509E5	2.49594E5	2.35729E5	2.26261E5	2.20531E5	2.17758E5	2.10043E5	2.00538E5	1.9141E5	1.64164E5	1.37998E5	1.20279E5	2.54072E5	9.80957E4	5.53273E4	3.8657E4	2.61307E4
482	1.34473E7	5.12695E5	4.70962E5	4.07745E5	3.37747E5	2.8027E5	2.49331E5	2.33292E5	2.20089E5	2.16681E5	2.13472E5	2.06535E5	1.9953E5	1.88198E5	1.64577E5	1.37817E5	1.18849E5	2.08154E5	1.25012E5	5.5327E4	3.98979E4	2.72212E4
484	1.29064E7	5.02814E5	4.62113E5	3.95111E5	3.30743E5	2.83709E5	2.44525E5	2.2577E5	2.18284E5	2.12338E5	2.08362E5	2.00381E5	1.95272E5	1.87333E5	1.61955E5	1.36208E5	1.16082E5	1.6534E5	1.57078E5	5.7376E4	4.10347E4	2.88604E4
486	1.07819E7	5.32449E5	4.50739E5	3.96434E5	3.22805E5	2.73667E5	2.41634E5	2.2565E5	2.14331E5	2.10308E5	2.06184E5	1.97596E5	1.94367E5	1.84094E5	1.59771E5	1.3584E5	1.16557E5	1.34192E5	1.91813E5	5.82618E4	4.19345E4	3.0816E4
488	7.91309E6	7.23891E5	4.434E5	3.86959E5	3.23649E5	2.73839E5	2.38421E5	2.185E5	2.09558E5	2.04337E5	2.02092E5	1.95122E5	1.89604E5	1.80901E5	1.57017E5	1.36983E5	1.15811E5	1.11964E5	2.23082E5	6.22809E4	4.29899E4	3.14455E4
490	4.72235E6	1.37342E6	4.36381E5	3.83216E5	3.26049E5	2.69884E5	2.32883E5	2.13279E5	2.0541E5	2.03593E5	1.97544E5	1.91252E5	1.88699E5	1.81001E5	1.59002E5	1.36021E5	1.15566E5	1.04158E5	2.39831E5	6.59257E4	4.42617E4	3.20153E4
492	2.33419E6	2.7851E6	4.40263E5	3.82451E5	3.12197E5	2.66226E5	2.26439E5	2.11658E5	2.02865E5	1.98676E5	1.91399E5	1.86796E5	1.84664E5	1.76121E5	1.58619E5	1.34082E5	1.14074E5	9.94371E4	2.33613E5	7.52829E4	4.55357E4	3.25871E4
494	1.10214E6	4.83178E6	4.24992E5	3.76701E5	3.08752E5	2.64762E5	2.23913E5	2.10033E5	1.97276E5	1.9525E5	1.89809E5	1.84076E5	1.79972E5	1.74957E5	1.53849E5	1.32E5	1.14441E5	9.8552E4	2.07542E5	8.95714E4	4.54405E4	3.32306E4
496	6.33886E5	7.85022E6	4.21474E5	3.67115E5	3.09354E5	2.53425E5	2.24278E5	2.01476E5	1.93617E5	1.87648E5	1.88733E5	1.80004E5	1.76333E5	1.72186E5	1.52001E5	1.31405E5	1.11229E5	9.78953E4	1.7233E5	1.15299E5	4.69635E4	3.43542E4
498	5.96355E5	1.08907E7	4.205E5	3.62412E5	3.0057E5	2.5374E5	2.17956E5	1.99148E5	1.93545E5	1.86852E5	1.82435E5	1.75699E5	1.74906E5	1.67007E5	1.49649E5	1.2916E5	1.12726E5	9.60663E4	1.38279E5	1.42468E5	4.71309E4	3.50487E4
500	5.63765E5	1.33807E7	4.14745E5	3.601E5	3.02761E5	2.47704E5	2.13865E5	1.94789E5	1.8577E5	1.84063E5	1.77172E5	1.72915E5	1.71881E5	1.6627E5	1.473E5	1.29439E5	1.12574E5	9.6158E4	1.11218E5	1.70291E5	4.76659E4	3.63381E4
502	5.28304E5	1.45153E7	4.14083E5	3.47188E5	2.96721E5	2.50774E5	2.13849E5	1.94324E5	1.85246E5	1.79307E5	1.74974E5	1.72423E5	1.66727E5	1.64154E5	1.44622E5	1.27403E5	1.10103E5	9.52522E4	9.51949E4	1.92698E5	5.04378E4	3.61924E4
504	4.9837E5	1.37443E7	4.15931E5	3.47919E5	2.93536E5	2.41262E5	2.1027E5	1.91105E5	1.81493E5	1.75788E5	1.70911E5	1.68332E5	1.65478E5	1.60125E5	1.4476E5	1.25042E5	1.09066E5	9.34541E4	8.59453E4	2.0149E5	5.43986E4	3.62763E4
506	4.9545E5	1.13051E7	4.42288E5	3.37462E5	2.87406E5	2.35943E5	2.05274E5	1.87295E5	1.74668E5	1.73379E5	1.68791E5	1.63926E5	1.61014E5	1.59815E5	1.40478E5	1.23905E5	1.08365E5	9.25506E4	8.20688E4	1.94526E5	6.3073E4	3.67714E4
508	5.11806E5	8.18377E6	6.70085E5	3.34556E5	2.83276E5	2.35987E5	2.02983E5	1.81341E5	1.71596E5	1.69276E5	1.63668E5	1.58717E5	1.59129E5	1.55836E5	1.3859E5	1.23231E5	1.07614E5	9.27919E4	8.14026E4	1.71678E5	7.81898E4	3.76559E4
510	5.64604E5	4.81448E6	1.54589E6	3.30952E5	2.81537E5	2.27229E5	1.98151E5	1.79477E5	1.70996E5	1.66335E5	1.59983E5	1.55888E5	1.53109E5	1.50538E5	1.36951E5	1.18841E5	1.03683E5	8.80851E4	7.91744E4	1.39803E5	9.57451E4	3.88872E4
512	6.86417E5	2.22157E6	3.68538E6	3.28533E5	2.71255E5	2.24862E5	1.93985E5	1.74796E5	1.65692E5	1.63289E5	1.57167E5	1.51718E5	1.49419E5	1.48331E5	1.34744E5	1.174E5	1.04283E5	8.87901E4	7.84439E4	1.09098E5	1.20023E5	3.819E4
514	9.07271E5	9.61176E5	6.96822E6	3.25608E5	2.71108E5	2.25761E5	1.88105E5	1.71661E5	1.60774E5	1.56604E5	1.5307E5	1.49426E5	1.46601E5	1.44786E5	1.31271E5	1.15584E5	1.01991E5	8.83904E4	7.70109E4	8.93674E4	1.42339E5	3.95128E4
516	1.18748E6	5.56263E5	1.11173E7	3.15614E5	2.59594E5	2.1709E5	1.87031E5	1.69128E5	1.60209E5	1.55829E5	1.50654E5	1.46468E5	1.4422E5	1.4204E5	1.29668E5	1.1282E5	1.00523E5	8.67746E4	7.65993E4	7.35918E4	1.59669E5	4.18165E4
518	1.51858E6	4.84488E5	1.52883E7	3.17966E5	2.55662E5	2.13143E5	1.84034E5	1.64273E5	1.54324E5	1.49426E5	1.46461E5	1.43181E5	1.41772E5	1.3987E5	1.25155E5	1.1257E5	9.85612E4	8.63841E4	7.54996E4	6.72007E4	1.65358E5	4.55904E4
520	2.00986E6	4.4835E5	1.84732E7	3.04401E5	2.59795E5	2.04846E5	1.79894E5	1.59365E5	1.5044E5	1.46057E5	1.42657E5	1.3874E5	1.36909E5	1.35269E5	1.21247E5	1.08164E5	9.71565E4	8.46625E4	7.29491E4	6.53959E4	1.55804E5	5.33629E4
522	2.39917E6	4.3128E5	1.9478E7	3.09272E5	2.58192E5	2.05376E5	1.78069E5	1.56891E5	1.49812E5	1.44431E5	1.3973E5	1.36109E5	1.33998E5	1.31398E5	1.2082E5	1.08068E5	9.36565E4	8.3677E4	7.2899E4	6.45024E4	1.38275E5	6.33252E4
524	2.58019E6	4.29281E5	1.79333E7	3.11632E5	2.51781E5	2.03313E5	1.72318E5	1.60503E5	1.4497E5	1.40189E5	1.35192E5	1.3419E5	1.30467E5	1.27947E5	1.1848E5	1.04184E5	9.41037E4	8.16789E4	7.10487E4	6.33632E4	1.12783E5	7.84195E4
526	2.63482E6	4.01339E5	1.42357E7	3.3511E5	2.43988E5	1.99419E5	1.69383E5	1.53345E5	1.43557E5	1.36517E5	1.31234E5	1.28415E5	1.29206E5	1.28189E5	1.14582E5	1.02771E5	9.32053E4	7.94365E4	6.95098E4	6.30155E4	8.93061E4	9.68274E4
528	2.49935E6	4.07728E5	9.48695E6	5.69986E5	2.37264E5	1.96825E5	1.71222E5	1.48236E5	1.41023E5	1.33276E5	1.28804E5	1.25694E5	1.25026E5	1.23122E5	1.1237E5	1.01115E5	8.80917E4	7.73505E4	6.90819E4	6.13151E4	7.08307E4	1.1677E5
530	2.19204E6	3.95917E5	5.10956E6	1.39562E6	2.35979E5	1.90784E5	1.59874E5	1.44771E5	1.35936E5	1.31573E5	1.25795E5	1.22696E5	1.21194E5	1.20307E5	1.10145E5	1.00557E5	8.75039E4	7.85736E4	6.79044E4	5.95997E4	5.86894E4	1.29341E5
532	1.7655E6	4.38341E5	2.18582E6	3.14626E6	2.28653E5	1.90004E5	1.60038E5	1.40429E5	1.3367E5	1.25381E5	1.25683E5	1.19451E5	1.19111E5	1.18369E5	1.07186E5	9.59662E4	8.65728E4	7.6366E4	6.6945E4	5.81467E4	5.21931E4	1.37252E5
534	1.26442E6	5.35769E5	8.23563E5	5.91494E6	2.24185E5	1.84683E5	1.56148E5	1.39405E5	1.31041E5	1.26075E5	1.17242E5	1.16841E5	1.1479E5	1.13667E5	1.03501E5	9.28949E4	8.58275E4	7.48665E4	6.48522E4	5.82464E4	5.07435E4	1.31323E5
536	8.59127E5	7.09406E5	4.57282E5	9.31717E6	2.25462E5	1.79324E5	1.51758E5	1.38246E5	1.27437E5	1.22325E5	1.15465E5	1.12149E5	1.14426E5	1.10894E5	1.02303E5	9.0484E4	8.15698E4	7.23567E4	6.46415E4	5.56382E4	4.92299E4	1.1538E5
538	5.86078E5	1.01271E6	4.05152E5	1.24882E7	2.26205E5	1.76068E5	1.4805E5	1.33546E5	1.21683E5	1.18349E5	1.14263E5	1.10182E5	1.11193E5	1.09538E5	1.00593E5	8.85069E4	8.03651E4	7.12731E4	6.47978E4	5.44789E4	4.69522E4	9.57372E4
540	4.36395E5	1.39297E6	3.7285E5	1.47842E7	2.20601E5	1.71711E5	1.46439E5	1.2922E5	1.21339E5	1.14018E5	1.08617E5	1.07436E5	1.06814E5	1.06089E5	9.59054E4	8.80034E4	7.86192E4	6.88206E4	6.26717E4	5.34934E4	4.76443E4	7.4428E4
542	3.23584E5	1.81865E6	3.54068E5	1.51842E7	2.11866E5	1.71331E5	1.42168E5	1.24872E5	1.17538E5	1.12327E5	1.08645E5	1.04488E5	1.03106E5	1.03418E5	9.27441E4	8.58118E4	7.83464E4	6.85824E4	6.05951E4	5.2921E4	4.47913E4	5.72694E4
544	3.18935E5	2.29252E6	3.57824E5	1.36662E7	2.14747E5	1.67194E5	1.39641E5	1.23936E5	1.13439E5	1.11782E5	1.0577E5	1.02362E5	1.01722E5	9.90392E4	9.22872E4	8.1993E4	7.36038E4	6.65007E4	5.83214E4	5.27406E4	4.49083E4	4.68888E4
546	3.04532E5	2.64224E6	3.48055E5	1.08978E7	2.52867E5	1.63018E5	1.37872E5	1.20213E5	1.13073E5	1.0543E5	1.03794E5	9.91966E4	9.72733E4	9.61734E4	9.02891E4	7.99443E4	7.28359E4	6.5351E4	5.71741E4	5.12592E4	4.26285E4	4.1813E4
548	2.95206E5	2.80528E6	3.35875E5	7.37009E6	5.44635E5	1.5898E5	1.36229E5	1.19226E5	1.07485E5	1.02184E5	1.02025E5	9.73194E4	9.66225E4	9.5388E4	8.73409E4	7.76053E4	7.23424E4	6.28456E4	5.64519E4	5.01287E4	4.22428E4	4.12008E4
550	3.04048E5	2.78136E6	3.3143E5	4.18259E6	1.44542E6	1.56123E5	1.28563E5	1.16439E5	1.04596E5	9.9809E4	9.63673E4	9.51799E4	9.07913E4	9.361E4	8.4221E4	7.84379E4	7.12409E4	6.18466E4	5.62606E4	4.98328E4	4.1381E4	3.87355E4
552	2.82714E5	2.49492E6	3.19412E5	1.88891E6	3.30309E6	1.5427E5	1.30609E5	1.13596E5	1.02691E5	9.94715E4	9.31092E4	9.11904E4	9.04732E4	9.05955E4	8.16435E4	7.28996E4	6.79001E4	6.08812E4	5.47122E4	4.81136E4	4.15632E4	3.75065E4
554	3.0389E5	2.10852E6	3.34819E5	7.37506E5	5.95646E6	1.54224E5	1.25013E5	1.09404E5	1.03322E5	9.49254E4	9.12338E4	8.951E4	8.76369E4	8.62299E4	8.11129E4	7.2067E4	6.6193E4	5.9265E4	5.29596E4	4.72719E4	4.12234E4	3.67453E4
556	2.65137E5	1.66086E6	3.78509E5	3.88293E5	9.02586E6	1.52356E5	1.22427E5	1.08142E5	9.8657E4	9.54754E4	8.91284E4	8.65714E4	8.574E4	8.422E4	7.87757E4	7.04375E4	6.46082E4	5.82055E4	5.1079E4	4.62697E4	3.8442E4	3.51549E4
558	2.66401E5	1.15156E6	5.1051E5	3.40985E5	1.20884E7	1.4626E5	1.1859E5	1.04468E5	9.59837E4	9.15448E4	8.70481E4	8.58243E4	8.15984E4	8.25806E4	7.50753E4	6.86167E4	6.22548E4	5.65569E4	5.07655E4	4.36414E4	3.79871E4	3.32323E4
560	2.95048E5	7.69798E5	7.18311E5	3.07891E5	1.42355E7	1.47322E5	1.16586E5	1.04052E5	9.19355E4	8.73778E4	8.34389E4	8.20653E4	7.87646E4	7.93701E4	7.3253E4	6.53261E4	6.15251E4	5.48346E4	4.94502E4	4.45346E4	3.81735E4	3.26203E4
562	2.60226E5	5.11312E5	1.03505E6	2.98581E5	1.44582E7	1.48236E5	1.15794E5	1.01251E5	9.35847E4	8.82228E4	8.09171E4	7.92615E4	7.70425E4	7.79389E4	7.07548E4	6.40018E4	5.93798E4	5.42622E4	4.77645E4	4.12827E4	3.70174E4	3.31943E4
564	2.5293E5	3.48526E5	1.44733E6	2.80898E5	1.28624E7	1.53032E5	1.13877E5	9.78761E4	8.93293E4	8.52638E4	8.0052E4	7.87784E4	7.77194E4	7.52633E4	6.90461E4	6.18648E4	5.74883E4	5.18953E4	4.61174E4	4.27982E4	3.56667E4	3.13013E4
566	2.69609E5	3.01058E5	1.85323E6	2.73996E5	1.00825E7	1.87401E5	1.13917E5	9.59319E4	8.64815E4	8.14018E4	7.8335E4	7.44433E4	7.3007E4	7.28379E4	6.62699E4	6.02435E4	5.6818E4	5.02921E4	4.43564E4	4.02684E4	3.51933E4	3.11778E4
568	2.31666E5	2.73216E5	2.22248E6	2.61458E5	6.74392E6	4.91672E5	1.09977E5	9.69395E4	8.5763E4	8.06992E4	7.40107E4	7.17873E4	7.05034E4	7.16248E4	6.56054E4	5.84136E4	5.49902E4	4.89734E4	4.41073E4	3.84847E4	3.32965E4	3.12533E4
570	2.52743E5	2.43187E5	2.54794E6	2.68539E5	3.68413E6	1.48667E6	1.07775E5	9.36542E4	8.32382E4	7.59698E4	7.30051E4	7.11315E4	7.05069E4	6.91106E4	6.30385E4	5.81702E4	5.1051E4	4.7887E4	4.29958E4	4.00086E4	3.27449E4	2.91538E4
572	2.55575E5	2.4037E5	2.63278E6	2.54555E5	1.60782E6	3.37646E6	1.03815E5	9.04246E4	8.17867E4	7.45779E4	7.02739E4	6.68379E4	6.755E4	6.55601E4	6.13854E4	5.58963E4	5.07916E4	4.62291E4	4.16284E4	3.79205E4	3.28662E4	2.89391E4
574	2.65584E5	2.17469E5	2.53198E6	2.51676E5	5.78226E5	6.0824E6	1.04877E5	8.83311E4	7.83842E4	7.36929E4	6.97433E4	6.63265E4	6.35295E4	6.4546E4	5.99724E4	5.46435E4	4.96515E4	4.6425E4	4.08674E4	3.62486E4	3.18281E4	2.85268E4
576	2.5909E5	2.15305E5	2.24045E6	2.52219E5	3.06732E5	9.1775E6	1.04048E5	8.6003E4	7.87973E4	7.1853E4	6.79016E4	6.45688E4	6.30622E4	6.11839E4	5.78143E4	5.15587E4	4.72882E4	4.42722E4	3.87637E4	3.57567E4	3.02764E4	2.81098E4
578	2.61978E5	2.21678E5	1.86116E6	2.77189E5	2.65779E5	1.19738E7	1.03552E5	8.29691E4	7.68254E4	7.10091E4	6.40301E4	6.44149E4	6.11923E4	6.10069E4	5.54568E4	5.16478E4	4.64635E4	4.29367E4	3.9333E4	3.44954E4	3.08838E4	2.72948E4
580	2.21229E5	2.16779E5	1.43022E6	3.30426E5	2.42565E5	1.38489E7	1.01796E5	8.20296E4	7.10057E4	6.81424E4	6.45383E4	6.19381E4	6.13589E4	5.68077E4	5.44961E4	4.84577E4	4.63359E4	4.18032E4	3.71956E4	3.29591E4	2.96877E4	2.69744E4
582	2.08096E5	2.09416E5	9.98066E5	4.56062E5	2.34544E5	1.39467E7	1.0737E5	8.14309E4	7.29514E4	6.67041E4	6.1776E4	5.98497E4	5.77435E4	5.65323E4	5.1437E4	4.79333E4	4.37003E4	4.02548E4	3.60726E4	3.29589E4	2.89479E4	2.55285E4
584	2.52903E5	2.07837E5	6.77675E5	6.64453E5	2.26392E5	1.21658E7	1.10976E5	7.90739E4	6.93832E4	6.42504E4	5.80445E4	5.70369E4	5.50058E4	5.44397E4	5.05659E4	4.67734E4	4.23707E4	3.88167E4	3.40895E4	3.09147E4	2.58938E4	2.46048E4
586	2.29133E5	2.04458E5	4.56599E5	9.56193E5	2.23533E5	9.30531E6	1.43168E5	7.77194E4	6.80703E4	6.25394E4	5.72283E4	5.55129E4	5.45015E4	5.35559E4	4.79155E4	4.40172E4	4.19003E4	3.73259E4	3.37903E4	3.05498E4	2.67689E4	2.3973E4
588	2.38079E5	1.96608E5	3.028E5	1.32441E6	2.22771E5	6.0099E6	4.22661E5	7.56022E4	6.68408E4	6.07588E4	5.67168E4	5.28307E4	5.36185E4	5.33592E4	4.86238E4	4.26088E4	3.98549E4	3.65233E4	3.43888E4	3.08559E4	2.61E4	2.45606E4
590	2.209E5	1.99295E5	2.64526E5	1.70696E6	2.16326E5	3.14076E6	1.3943E6	7.77254E4	6.20718E4	5.89882E4	5.43275E4	5.21079E4	5.1217E4	5.10833E4	4.80998E4	4.22844E4	3.97001E4	3.63634E4	3.29778E4	3.0086E4	2.5472E4	2.3843E4
592	2.44219E5	1.93802E5	2.328E5	2.0236E6	2.09808E5	1.24816E6	3.39185E6	7.32029E4	6.48532E4	5.72512E4	5.29646E4	5.01628E4	4.97486E4	4.91776E4	4.4187E4	4.05834E4	3.7717E4	3.41953E4	3.24614E4	2.82156E4	2.43341E4	2.1997E4
594	2.17528E5	1.79418E5	2.10802E5	2.25758E6	2.10435E5	4.28199E5	6.13286E6	7.31083E4	6.17089E4	5.62136E4	5.12328E4	5.03942E4	4.86879E4	4.60361E4	4.306E4	3.94427E4	3.63891E4	3.41059E4	3.06636E4	2.88651E4	2.5473E4	2.212E4
596	2.28912E5	1.94586E5	2.14777E5	2.32835E6	2.12965E5	2.3479E5	9.26659E6	7.30696E4	6.04832E4	5.48733E4	4.90635E4	4.70979E4	4.50081E4	4.58567E4	4.31483E4	3.86324E4	3.54714E4	3.25946E4	2.95987E4	2.67643E4	2.30052E4	2.14965E4
598	2.28864E5	1.86234E5	2.0279E5	2.20004E6	2.10518E5	2.09756E5	1.18577E7	7.33237E4	5.98665E4	5.3164E4	4.91428E4	4.61335E4	4.59741E4	4.40861E4	4.10952E4	3.72153E4	3.56677E4	3.20152E4	2.77489E4	2.65388E4	2.20192E4	2.01457E4
600	2.34615E5	1.88062E5	2.00286E5	1.93665E6	2.28929E5	1.90415E5	1.35642E7	7.63999E4	5.95096E4	5.05086E4	4.77233E4	4.31315E4	4.45256E4	4.35491E4	3.94343E4	3.74517E4	3.43185E4	3.13764E4	2.69394E4	2.57901E4	2.18859E4	2.10872E4
