300	1.14166E5	1.00729E5	1.2183E5	2.70404E6	2.77916E5	2.28288E5	1.73257E7	6.52403E4	8309.04718	5340.00614	3050.77079	2930.70771	2094.61216	2013.59226	1345.62613	1423.53358	976.12836	1158.39676	1130.24736	1034.1683	821.07044	914.76
302	1.41615E5	1.15277E5	1.20006E5	1.77712E6	6.06254E5	1.57882E5	1.49948E7	7.34981E5	1.04876E4	5948.84643	3997.34912	2855.96245	2081.03873	1810.93601	1834.50094	1360.2526	1148.79564	1165.81882	1071.92606	780.71969	801.89729	682.24966
304	1.30299E5	1.29907E5	1.25216E5	9.634E5	1.21023E6	1.48597E5	9.46039E6	3.1441E6	1.20127E4	5143.65076	4013.48086	2484.36609	2326.97124	1861.68134	1432.08358	1149.97263	1133.76449	981.43416	748.37403	787.35956	621.48989	755.92318
306	1.54703E5	1.53571E5	1.38854E5	4.65858E5	1.98605E6	1.45907E5	4.08099E6	8.00916E6	1.47934E4	6420.57443	3991.57385	2849.89876	2107.54983	1836.84029	1215.12261	1192.44356	1288.13028	836.55211	786.24812	893.70533	769.36824	672.69072
308	1.98629E5	1.9385E5	1.54205E5	2.49517E5	2.69968E6	1.49353E5	1.05679E6	1.37752E7	2.11509E4	6489.9337	4093.87569	2805.22365	1842.14424	1791.49918	1446.09691	1171.91695	1470.80552	862.21182	648.06193	789.74876	597.80857	738.00018
310	2.43367E5	2.35112E5	1.85218E5	2.12508E5	2.87905E6	1.59939E5	2.06438E5	1.65304E7	5.89896E4	7042.96073	3801.602	3426.38724	2084.05418	1877.39694	1294.6769	1436.42079	1040.45718	1168.45937	928.176	807.61488	607.88006	789.66645
312	2.9924E5	3.15084E5	2.32493E5	2.10413E5	2.46784E6	2.50126E5	1.22357E5	1.43104E7	6.40422E5	8339.31834	4619.21422	2843.23321	2752.93916	2059.27558	1505.90688	1317.35649	1041.34073	711.22801	1001.38909	875.88899	818.13778	709.38848
314	3.35058E5	4.06943E5	2.84996E5	2.31111E5	1.68231E6	5.18057E5	1.17505E5	8.67849E6	3.08034E6	9784.87134	5268.44187	3425.95131	2475.44587	2020.76271	1183.38535	1209.89668	1234.53343	901.14303	923.46578	726.69559	723.93119	605.66348
316	4.29487E5	5.03809E5	3.46359E5	2.57524E5	9.70757E5	1.0207E6	1.12188E5	3.49498E6	7.71773E6	1.27034E4	4805.67157	3310.1436	2864.93467	2101.98008	1858.59527	1287.31484	1154.73605	788.97162	638.69316	882.69205	943.29216	826.41581
318	5.08078E5	6.08948E5	4.1758E5	2.92506E5	5.31404E5	1.69405E6	1.14103E5	8.73341E5	1.25382E7	1.8325E4	5504.1319	3384.22952	2433.63979	2197.31158	1837.16815	928.93828	1172.18168	1214.735	843.61388	699.55259	774.51998	819.50847
320	6.15111E5	7.79388E5	4.71406E5	3.34266E5	3.51642E5	2.27784E6	1.14138E5	1.62038E5	1.44507E7	5.27856E4	6280.98048	3391.40236	2703.75946	2000.68528	1522.30395	1250.24511	921.51075	916.97698	874.27637	726.11275	853.2446	754.763
322	7.03288E5	8.76513E5	5.5596E5	3.61047E5	3.13008E5	2.41975E6	1.2804E5	1.05566E5	1.20346E7	5.49086E5	7376.52279	3770.40704	2578.03168	2207.53499	1824.00086	1433.91708	1055.09209	848.42946	886.82402	828.75688	730.58786	732.57031
324	7.97008E5	9.79099E5	6.19093E5	3.91839E5	3.14798E5	2.10049E6	1.916E5	9.27835E4	7.06472E6	2.48369E6	8501.64097	3628.88683	2946.60974	2052.51325	1713.2589	1366.88661	1097.2398	859.24764	852.67793	613.76039	639.09534	535.07022
326	9.22567E5	1.09675E6	6.71535E5	4.14514E5	3.26564E5	1.50767E6	3.7886E5	8.60715E4	2.8209E6	6.05234E6	1.08366E4	4423.10886	2889.0711	2016.24618	1869.24011	1517.92236	1082.29598	1079.13621	998.09344	887.032	937.68257	570.71493
328	1.00727E6	1.22131E6	7.27983E5	4.6089E5	3.50558E5	9.2591E5	7.29365E5	8.56906E4	7.3617E5	9.99736E6	1.61618E4	4736.50709	3199.78883	1865.56157	1668.29651	1424.27065	1147.6791	970.42035	628.77283	1058.72668	795.18884	835.15121
330	1.02493E6	1.33957E6	7.73867E5	4.84139E5	3.63051E5	5.39564E5	1.28006E6	8.11753E4	1.36362E5	1.19715E7	4.11052E4	5107.10647	3043.18843	1775.45463	1644.25864	1208.54616	1105.81906	674.83333	874.32297	755.65401	834.22134	646.18267
332	1.1264E6	1.40158E6	8.23399E5	5.04014E5	3.65915E5	3.49269E5	1.74194E6	8.2346E4	8.48062E4	1.03401E7	4.11115E5	5721.20316	3098.2677	2268.11861	1784.58047	1339.05063	1163.34615	962.83953	964.92596	777.92045	960.95245	674.1675
334	1.15572E6	1.4688E6	8.61971E5	5.18877E5	3.78735E5	2.89932E5	1.95999E6	9.44797E4	7.21136E4	6.59766E6	1.93374E6	7262.57563	3117.9241	2245.38216	1631.88717	1387.3733	1164.81882	1124.09302	893.45061	781.92682	871.60134	656.98129
336	1.17878E6	1.49274E6	8.70027E5	5.30357E5	3.88463E5	2.78861E5	1.79083E6	1.31006E5	6.96081E4	2.78006E6	5.12168E6	8746.30691	3600.93366	2484.79864	1824.71986	1497.92895	1014.67568	959.8849	681.10626	803.36736	678.39736	969.57953
338	1.25846E6	1.5098E6	8.73887E5	5.38538E5	3.8191E5	2.76613E5	1.37149E6	2.48353E5	6.88747E4	7.59519E5	8.47995E6	1.23936E4	3646.20066	2457.83176	1870.39654	1444.63987	1031.66912	977.7789	831.68258	668.69744	779.73094	765.39579
340	1.20246E6	1.56434E6	8.76903E5	5.42275E5	3.91533E5	2.72981E5	8.59871E5	5.1134E5	6.58867E4	1.31633E5	1.0282E7	3.10452E4	4062.12901	2666.63146	1863.6181	1372.34133	1060.24296	941.86343	673.72782	754.7412	739.54521	668.16021
342	1.2366E6	1.45194E6	8.63171E5	5.34056E5	3.86436E5	2.7825E5	4.83337E5	8.88651E5	6.53192E4	7.58573E4	8.75659E6	3.17152E5	4448.08438	2746.13448	1763.51438	1322.37478	1122.908	938.44267	585.25762	704.15576	625.6171	721.69786
344	1.23474E6	1.46796E6	8.54187E5	5.25637E5	3.83439E5	2.73371E5	2.72426E5	1.31726E6	6.70207E4	6.3517E4	5.31918E6	1.65772E6	5433.78879	2863.66121	1958.78576	1640.76436	935.01825	711.47624	791.56211	758.02157	529.81186	729.21604
346	1.18743E6	1.43156E6	8.32197E5	5.15586E5	3.7934E5	2.73225E5	1.98956E5	1.53825E6	7.37629E4	6.15872E4	2.24953E6	4.24984E6	6474.81697	3069.90639	1759.8522	1513.65314	1003.29316	801.21059	992.60892	858.81887	680.33927	647.00924
348	1.16931E6	1.42455E6	8.00985E5	5.1219E5	3.78947E5	2.69868E5	1.79958E5	1.46925E6	1.00392E5	6.43187E4	5.62658E5	7.10769E6	1.07994E4	3579.38332	1816.00942	1523.2664	1109.41539	956.96523	847.56396	704.45906	590.04234	647.26259
350	1.11728E6	1.31582E6	7.75934E5	4.92959E5	3.58177E5	2.70115E5	1.74988E5	1.16488E6	1.83963E5	6.27419E4	1.1039E5	8.24515E6	2.21297E4	3471.14031	1973.1517	1630.16348	971.47989	746.04247	678.28903	679.65	633.725	618.94079
352	1.06359E6	1.26271E6	7.50402E5	4.67137E5	3.53061E5	2.64809E5	1.72197E5	7.50972E5	3.67395E5	6.5013E4	6.59839E4	7.00661E6	2.62003E5	3725.88645	2129.80119	1660.43892	1216.79564	870.13762	648.41225	798.16955	584.20431	469.22081
354	1.03698E6	1.19106E6	7.07845E5	4.58775E5	3.38252E5	2.60737E5	1.73825E5	4.24942E5	6.44274E5	6.68257E4	5.76746E4	4.34254E6	1.2455E6	4929.26018	2144.534	1525.86973	937.47636	1026.62199	788.11834	700.28427	574.20686	748.99872
356	9.8131E5	1.15893E6	6.74469E5	4.4751E5	3.30281E5	2.5395E5	1.76621E5	2.38147E5	9.60905E5	6.89276E4	5.56188E4	1.77746E6	3.3595E6	6281.27964	2249.4354	1616.85899	1085.59042	849.36056	705.00524	721.80644	670.06245	671.59804
358	9.06129E5	1.08678E6	6.45473E5	4.2639E5	3.26902E5	2.53024E5	1.77707E5	1.64586E5	1.18254E6	7.48395E4	5.88369E4	4.71068E5	5.70371E6	9499.62308	2455.51995	1562.26025	1115.08773	763.58877	691.10049	793.17088	662.85563	550.45289
360	8.94179E5	1.02481E6	6.1989E5	4.16839E5	3.11117E5	2.47141E5	1.77629E5	1.4278E5	1.19516E6	9.08738E4	6.0722E4	9.40761E4	6.97801E6	2.03128E4	2886.71642	1722.49819	1195.0332	794.41663	772.54254	603.41944	551.27969	534.85626
362	8.56337E5	9.69281E5	5.8735E5	3.90998E5	3.06188E5	2.43327E5	1.79433E5	1.36542E5	1.00917E6	1.40291E5	6.42749E4	5.86456E4	6.29372E6	2.16968E5	2951.89338	1813.85212	1180.58914	975.42266	665.20419	452.50246	495.42864	477.70388
364	8.05698E5	9.31911E5	5.52481E5	3.75523E5	2.90344E5	2.38583E5	1.81482E5	1.40008E5	7.15391E5	2.54313E5	6.53775E4	5.22966E4	4.13275E6	1.11612E6	4055.60356	1782.40068	1179.25768	825.54854	674.70846	576.44732	503.6443	408.36198
366	7.68395E5	8.56718E5	5.33038E5	3.6495E5	2.87997E5	2.38178E5	1.80723E5	1.43287E5	4.32341E5	4.51968E5	6.88937E4	5.0156E4	1.72429E6	3.1786E6	5244.01714	1751.7986	1276.94827	1059.3162	689.34518	697.032	511.22411	516.73315
368	7.47815E5	8.28947E5	5.09305E5	3.50223E5	2.7936E5	2.32105E5	1.84899E5	1.48907E5	2.56426E5	6.96467E5	7.13081E4	5.16307E4	4.63894E5	5.42198E6	8163.9665	2018.50114	1210.37523	1060.01423	839.40877	518.97093	579.4487	573.24602
370	7.14778E5	7.48697E5	4.80067E5	3.38512E5	2.72714E5	2.29816E5	1.86186E5	1.52268E5	1.73563E5	9.11137E5	7.64153E4	5.58777E4	8.50793E4	6.57963E6	1.97426E4	2239.19681	1176.50261	897.28712	742.08976	664.83026	511.97688	560.23122
372	6.4998E5	7.24228E5	4.58425E5	3.25003E5	2.70307E5	2.30686E5	1.89802E5	1.57667E5	1.52056E5	9.83101E5	8.91962E4	5.75678E4	5.24826E4	5.74092E6	2.25537E5	2957.94464	1488.56241	1162.60851	791.78177	723.49043	571.94408	582.80701
374	6.04592E5	6.87209E5	4.28432E5	3.11465E5	2.55778E5	2.23411E5	1.90362E5	1.60931E5	1.44042E5	8.80625E5	1.22595E5	6.02018E4	4.69398E4	3.61051E6	1.08612E6	3575.50617	1384.58407	1088.73302	738.40038	637.75331	572.33948	499.21583
376	5.86223E5	6.4756E5	4.16368E5	2.98713E5	2.5206E5	2.24837E5	1.94797E5	1.66671E5	1.48837E5	6.76758E5	2.00592E5	6.06319E4	4.38145E4	1.50605E6	2.78537E6	4585.05034	1675.2712	954.47517	902.84099	517.95537	558.35294	472.43895
378	5.73675E5	6.03887E5	3.95201E5	2.92069E5	2.43351E5	2.25792E5	1.96545E5	1.68277E5	1.4848E5	4.44511E5	3.3846E5	6.45472E4	4.47017E4	3.7565E5	4.63816E6	7144.48945	1689.12456	1222.55477	916.02095	531.64847	515.75661	498.61953
380	5.50317E5	5.93538E5	3.84606E5	2.80959E5	2.42816E5	2.26298E5	1.98998E5	1.73458E5	1.55251E5	2.82936E5	5.29819E5	6.8605E4	4.73731E4	7.31372E4	5.43523E6	1.66253E4	1806.20509	1050.28745	955.20258	610.52163	558.42423	514.34246
382	5.28584E5	5.48456E5	3.77371E5	2.79755E5	2.43256E5	2.20694E5	2.01713E5	1.76527E5	1.5814E5	2.0017E5	7.12131E5	7.20898E4	5.06829E4	4.72656E4	4.79359E6	1.6858E5	2317.42638	1177.72275	911.00659	570.04278	612.14869	540.38512
384	5.43248E5	5.4743E5	3.6408E5	2.7082E5	2.42688E5	2.21015E5	2.0254E5	1.82042E5	1.65994E5	1.65524E5	8.13696E5	8.18134E4	5.32515E4	4.23333E4	3.07057E6	8.40306E5	2921.09004	1330.20423	1015.42174	746.68148	625.61241	463.09572
386	5.20773E5	5.24723E5	3.63207E5	2.68339E5	2.37377E5	2.2361E5	2.05475E5	1.88287E5	1.6992E5	1.5711E5	7.90064E5	1.01299E5	5.54474E4	3.95803E4	1.29339E6	2.34131E6	3874.33447	1219.29932	1000.22835	721.95721	704.41934	566.24771
388	5.03539E5	5.08041E5	3.43641E5	2.68572E5	2.3815E5	2.24202E5	2.08872E5	1.89076E5	1.70595E5	1.57033E5	6.62572E5	1.4876E5	5.93123E4	4.03196E4	3.6589E5	4.05886E6	6241.37038	1498.33871	955.1826	811.26241	692.40226	527.48892
390	4.93701E5	4.85719E5	3.4513E5	2.602E5	2.33801E5	2.2585E5	2.11123E5	1.94153E5	1.79359E5	1.58041E5	4.80298E5	2.43432E5	6.03184E4	4.18918E4	7.0719E4	5.12866E6	1.42941E4	1716.29019	1113.40235	859.34054	525.36531	566.41721
392	4.74739E5	4.78148E5	3.40662E5	2.57504E5	2.32035E5	2.23655E5	2.13675E5	1.9616E5	1.78985E5	1.60337E5	3.15877E5	3.8626E5	6.39722E4	4.58771E4	4.32474E4	4.66961E6	1.62101E5	2210.94845	1054.14233	928.47901	617.84326	505.37572
394	4.73873E5	4.59955E5	3.32438E5	2.592E5	2.30761E5	2.23742E5	2.12101E5	1.99091E5	1.83006E5	1.6383E5	2.15529E5	5.40679E5	6.91266E4	4.81435E4	3.74147E4	3.27766E6	7.8531E5	2860.14107	1240.50368	840.56657	734.67849	436.64814
396	4.61232E5	4.42277E5	3.22065E5	2.54682E5	2.29694E5	2.24926E5	2.14879E5	2.01723E5	1.82985E5	1.66888E5	1.6849E5	6.66028E5	7.40933E4	5.18947E4	3.46985E4	1.48652E6	2.19995E6	3578.22611	1243.58243	1041.57833	708.55951	507.52143
398	4.6847E5	4.44233E5	3.24713E5	2.55436E5	2.32353E5	2.22017E5	2.15901E5	2.05075E5	1.90748E5	1.69742E5	1.55811E5	6.9202E5	8.48201E4	5.43765E4	3.38749E4	4.50402E5	3.7171E6	5727.28195	1549.16929	890.55151	730.66066	438.88432
400	4.91428E5	4.25936E5	3.23757E5	2.55288E5	2.331E5	2.26366E5	2.1825E5	2.04321E5	1.91008E5	1.74226E5	1.52877E5	6.17142E5	1.15538E5	5.651E4	3.59956E4	7.67107E4	4.44871E6	1.25785E4	1555.44603	826.0117	732.69704	508.31278
402	4.58281E5	4.3625E5	3.21642E5	2.55497E5	2.33125E5	2.23813E5	2.20633E5	2.08149E5	1.96046E5	1.76862E5	1.55338E5	4.74314E5	1.77564E5	5.92104E4	3.81652E4	3.90446E4	3.82941E6	1.34356E5	1966.06471	980.40693	760.39514	564.13592
404	4.62235E5	4.22155E5	3.20194E5	2.57846E5	2.3294E5	2.25174E5	2.24312E5	2.07113E5	1.96609E5	1.78185E5	1.54284E5	3.30925E5	2.77469E5	6.4728E4	4.11687E4	3.33876E4	2.36559E6	6.92256E5	2536.5365	1130.65601	649.63944	516.82189
406	4.56185E5	4.1826E5	3.16424E5	2.52981E5	2.34212E5	2.27611E5	2.21629E5	2.11618E5	1.97105E5	1.82788E5	1.58384E5	2.28783E5	4.03633E5	6.7207E4	4.36061E4	3.13644E4	9.84749E5	1.86036E6	3417.05009	1107.09295	788.15338	613.17432
408	4.44975E5	4.19785E5	3.21922E5	2.54017E5	2.33955E5	2.27532E5	2.23477E5	2.10472E5	1.95777E5	1.84151E5	1.59513E5	1.71515E5	5.2167E5	7.0894E4	4.74172E4	2.98087E4	2.56464E5	3.30318E6	5686.04206	1291.86711	831.76508	610.44415
410	4.47661E5	4.06416E5	3.23049E5	2.56177E5	2.34321E5	2.3022E5	2.19541E5	2.12853E5	1.99365E5	1.86951E5	1.62264E5	1.4921E5	5.94983E5	8.05849E4	4.83601E4	3.22134E4	5.07379E4	4.09517E6	1.0577E4	1546.53223	877.6534	585.02746
412	4.37155E5	4.18792E5	3.17759E5	2.61729E5	2.32683E5	2.29485E5	2.24404E5	2.1479E5	2.02515E5	1.88657E5	1.65224E5	1.46766E5	5.73238E5	1.00004E5	5.08701E4	3.36879E4	3.30925E4	3.69645E6	1.04664E5	1782.73596	938.94614	722.91936
414	4.47582E5	4.14079E5	3.19712E5	2.61288E5	2.35598E5	2.29044E5	2.22789E5	2.10251E5	2.02471E5	1.89891E5	1.68138E5	1.45328E5	4.8732E5	1.38653E5	5.53269E4	3.58967E4	3.00308E4	2.396E6	5.6801E5	2464.38833	993.19082	653.97418
416	4.49102E5	4.04769E5	3.22431E5	2.65418E5	2.35493E5	2.31923E5	2.20231E5	2.10969E5	2.04743E5	1.90831E5	1.7012E5	1.45954E5	3.67713E5	2.07197E5	5.70976E4	3.87203E4	2.7904E4	1.04691E6	1.68251E6	3259.5437	1070.59443	790.31946
418	4.57087E5	4.15133E5	3.201E5	2.61858E5	2.38841E5	2.26576E5	2.1942E5	2.1271E5	2.02493E5	1.90704E5	1.71778E5	1.46819E5	2.57314E5	3.04494E5	6.08365E4	4.08845E4	2.7353E4	2.81862E5	3.09812E6	5301.90344	1203.95036	634.61638
420	4.60085E5	3.95599E5	3.26803E5	2.6782E5	2.40267E5	2.27461E5	2.19088E5	2.11426E5	2.03625E5	1.90364E5	1.72246E5	1.49369E5	1.85805E5	4.1364E5	6.3842E4	4.37534E4	2.74055E4	5.13563E4	3.90595E6	1.11801E4	1581.12595	805.24994
422	4.59961E5	4.04357E5	3.25165E5	2.72066E5	2.40429E5	2.28316E5	2.22827E5	2.09564E5	2.02593E5	1.92607E5	1.74861E5	1.5069E5	1.52321E5	4.94625E5	6.98983E4	4.55145E4	2.98687E4	3.03279E4	3.43338E6	1.28725E5	1733.86618	778.8213
424	4.40936E5	4.02909E5	3.41109E5	2.73586E5	2.38032E5	2.28591E5	2.16233E5	2.09008E5	2.01374E5	1.92278E5	1.75886E5	1.5472E5	1.42138E5	5.1716E5	7.9742E4	4.80663E4	3.20001E4	2.72721E4	2.19771E6	6.19417E5	2172.31413	740.38804
426	4.24494E5	4.10476E5	3.34767E5	2.73686E5	2.38834E5	2.30029E5	2.18033E5	2.0981E5	2.01744E5	1.92589E5	1.79445E5	1.57831E5	1.39839E5	4.71415E5	1.05154E5	5.136E4	3.5223E4	2.52506E4	8.84013E5	1.73607E6	2887.70601	1069.3133
428	4.43018E5	4.0827E5	3.33105E5	2.79426E5	2.45734E5	2.26812E5	2.17315E5	2.05013E5	2.00918E5	1.9445E5	1.77896E5	1.59253E5	1.40668E5	3.75283E5	1.50336E5	5.4253E4	3.7393E4	2.47216E4	2.21571E5	2.97418E6	4697.61806	1170.32914
430	4.40743E5	4.1317E5	3.42153E5	2.77405E5	2.4221E5	2.23932E5	2.15714E5	2.07701E5	1.99083E5	1.93955E5	1.80096E5	1.59133E5	1.39953E5	2.73413E5	2.18908E5	5.5555E4	3.85676E4	2.59973E4	4.28318E4	3.49016E6	1.03029E4	1191.23186
432	4.22617E5	4.03469E5	3.39456E5	2.80797E5	2.46917E5	2.26373E5	2.14998E5	2.08178E5	2.01498E5	1.94634E5	1.81555E5	1.61383E5	1.42436E5	1.97282E5	3.05343E5	5.91711E4	3.99243E4	2.69186E4	2.87447E4	2.94148E6	1.10987E5	1435.73736
434	4.29613E5	4.04934E5	3.36996E5	2.85457E5	2.44992E5	2.25205E5	2.12879E5	2.04042E5	1.99935E5	1.91729E5	1.83496E5	1.62171E5	1.42606E5	1.55538E5	3.83839E5	6.23471E4	4.19876E4	2.90234E4	2.55275E4	1.78474E6	5.49463E5	1905.80251
436	4.32099E5	4.0566E5	3.48646E5	2.86104E5	2.4617E5	2.25032E5	2.12879E5	2.04096E5	1.99643E5	1.92494E5	1.8319E5	1.62795E5	1.46714E5	1.39956E5	4.25121E5	6.82477E4	4.51823E4	3.1936E4	2.44703E4	7.1951E5	1.45716E6	2720.16613
438	4.21824E5	3.93444E5	3.49249E5	2.90738E5	2.50026E5	2.23628E5	2.12208E5	2.02487E5	1.93966E5	1.9085E5	1.82092E5	1.65604E5	1.46464E5	1.35463E5	4.19641E5	8.29893E4	4.70661E4	3.33494E4	2.39509E4	1.91053E5	2.52978E6	4000.25352
440	4.16814E5	4.08488E5	3.47756E5	2.92759E5	2.44769E5	2.24882E5	2.05962E5	1.99574E5	1.97231E5	1.88977E5	1.80679E5	1.65668E5	1.50203E5	1.3329E5	3.67589E5	1.06711E5	5.07884E4	3.57756E4	2.37593E4	3.84451E4	3.17811E6	7848.16405
442	4.49961E5	4.0582E5	3.4841E5	2.95004E5	2.49215E5	2.22099E5	2.09414E5	2.00806E5	1.94348E5	1.89872E5	1.83001E5	1.67489E5	1.50486E5	1.35721E5	2.89646E5	1.48686E5	5.29847E4	3.82886E4	2.49113E4	2.61395E4	2.85693E6	6.8104E4
444	4.29156E5	4.09657E5	3.43382E5	2.99486E5	2.51596E5	2.26169E5	2.05921E5	1.99105E5	1.90531E5	1.89206E5	1.81977E5	1.66227E5	1.51178E5	1.34292E5	2.12702E5	2.0799E5	5.46427E4	3.85268E4	2.6552E4	2.41225E4	1.78539E6	3.88426E5
446	4.07709E5	4.03918E5	3.55832E5	2.94991E5	2.50192E5	2.21906E5	2.00875E5	1.9357E5	1.92036E5	1.85499E5	1.79862E5	1.65891E5	1.50492E5	1.3787E5	1.59919E5	2.74423E5	5.7712E4	4.11965E4	2.88441E4	2.31865E4	7.36148E5	1.25486E6
448	4.49859E5	4.08784E5	3.527E5	3.00922E5	2.52198E5	2.18379E5	2.03049E5	1.94961E5	1.89842E5	1.85881E5	1.80152E5	1.6675E5	1.5489E5	1.36343E5	1.31262E5	3.31024E5	6.14336E4	4.33644E4	3.13813E4	2.31589E4	1.87996E5	2.37027E6
450	4.24026E5	4.12801E5	3.52027E5	3.00627E5	2.50825E5	2.20422E5	2.01711E5	1.91722E5	1.87585E5	1.85755E5	1.78811E5	1.66828E5	1.5491E5	1.39091E5	1.23835E5	3.59779E5	7.00678E4	4.63198E4	3.37867E4	2.28303E4	3.66342E4	3.07448E6
452	4.31914E5	4.12999E5	3.54436E5	2.99926E5	2.53021E5	2.1897E5	1.98673E5	1.91562E5	1.85143E5	1.83617E5	1.77446E5	1.65124E5	1.52998E5	1.40435E5	1.20634E5	3.41364E5	8.74641E4	4.79967E4	3.56995E4	2.38057E4	2.45243E4	2.7603E6
454	4.2052E5	4.03996E5	3.5594E5	3.06639E5	2.52919E5	2.16127E5	1.9761E5	1.87164E5	1.82403E5	1.80921E5	1.76104E5	1.67676E5	1.56316E5	1.40857E5	1.18508E5	2.94059E5	1.14832E5	5.10979E4	3.76444E4	2.54334E4	2.27693E4	1.71683E6
456	4.14844E5	4.07164E5	3.55796E5	3.03964E5	2.53943E5	2.1825E5	1.94139E5	1.8499E5	1.81415E5	1.78065E5	1.74462E5	1.65638E5	1.55062E5	1.42396E5	1.18963E5	2.2849E5	1.57064E5	5.15292E4	3.86772E4	2.63166E4	2.16402E4	6.7214E5
458	3.99359E5	4.01045E5	3.48148E5	2.99901E5	2.48718E5	2.14626E5	1.91344E5	1.85633E5	1.79771E5	1.78315E5	1.71521E5	1.6366E5	1.52326E5	1.42961E5	1.18302E5	1.70847E5	2.12082E5	5.52589E4	4.07801E4	2.871E4	2.08505E4	1.70744E5
460	4.30804E5	3.84859E5	3.49613E5	3.00347E5	2.50455E5	2.15023E5	1.92467E5	1.81133E5	1.78309E5	1.72398E5	1.70677E5	1.64609E5	1.54516E5	1.43226E5	1.19011E5	1.33049E5	2.63571E5	5.73604E4	4.24935E4	3.0692E4	2.0971E4	3.40553E4
462	4.23327E5	3.91191E5	3.46518E5	2.99063E5	2.46935E5	2.13205E5	1.8718E5	1.78786E5	1.73894E5	1.72153E5	1.68436E5	1.61859E5	1.52346E5	1.43052E5	1.18958E5	1.13191E5	2.98799E5	6.08168E4	4.50357E4	3.26654E4	2.12772E4	2.1295E4
464	4.03366E5	3.91034E5	3.38113E5	2.96749E5	2.48307E5	2.11984E5	1.90498E5	1.7725E5	1.72564E5	1.70618E5	1.65846E5	1.61541E5	1.50948E5	1.42262E5	1.19198E5	1.0568E5	3.02272E5	6.95807E4	4.57228E4	3.46079E4	2.21826E4	1.97274E4
466	4.34619E5	3.96669E5	3.45989E5	2.94827E5	2.47829E5	2.09628E5	1.85482E5	1.73558E5	1.69688E5	1.66283E5	1.63651E5	1.58058E5	1.50616E5	1.41924E5	1.20365E5	1.03293E5	2.74464E5	8.55638E4	4.71044E4	3.50963E4	2.24789E4	1.86683E4
468	5.48268E5	3.79159E5	3.4047E5	2.95905E5	2.48553E5	2.08213E5	1.83749E5	1.7379E5	1.6646E5	1.64657E5	1.64424E5	1.57661E5	1.51212E5	1.40716E5	1.19919E5	1.02704E5	2.28581E5	1.11974E5	4.77574E4	3.55958E4	2.4374E4	1.79862E4
470	9.8149E5	3.8885E5	3.39002E5	2.89188E5	2.46205E5	2.0504E5	1.8218E5	1.70491E5	1.63892E5	1.6171E5	1.59667E5	1.55087E5	1.4847E5	1.42423E5	1.21263E5	1.01185E5	1.75649E5	1.49608E5	4.99012E4	3.6673E4	2.50145E4	1.72856E4
472	1.94145E6	3.64888E5	3.40425E5	2.92083E5	2.44576E5	2.00884E5	1.79921E5	1.65957E5	1.61176E5	1.63661E5	1.57957E5	1.51974E5	1.46959E5	1.40223E5	1.21577E5	1.00871E5	1.33168E5	1.92496E5	5.10128E4	3.90169E4	2.72464E4	1.74312E4
474	3.55334E6	3.75105E5	3.41765E5	2.90064E5	2.38374E5	2.02034E5	1.77376E5	1.63643E5	1.5816E5	1.5639E5	1.58655E5	1.48566E5	1.46177E5	1.39923E5	1.20788E5	1.01994E5	1.0828E5	2.33038E5	5.31057E4	3.93885E4	2.78866E4	1.82993E4
476	5.91186E6	3.73821E5	3.29486E5	2.87557E5	2.35364E5	1.99254E5	1.76545E5	1.6244E5	1.58791E5	1.5603E5	1.50814E5	1.48349E5	1.43508E5	1.37245E5	1.18934E5	1.00466E5	9.45726E4	2.58475E5	5.72897E4	4.0347E4	2.90462E4	1.84994E4
478	8.64908E6	3.64246E5	3.2762E5	2.85988E5	2.35567E5	1.9693E5	1.70848E5	1.59204E5	1.53351E5	1.52596E5	1.48886E5	1.46648E5	1.42844E5	1.37611E5	1.18905E5	1.00373E5	9.10759E4	2.58603E5	6.44985E4	4.15537E4	2.98551E4	1.90777E4
480	1.1363E7	3.59497E5	3.34725E5	2.86545E5	2.35656E5	1.9181E5	1.67036E5	1.56601E5	1.54778E5	1.48541E5	1.47346E5	1.41509E5	1.40156E5	1.3548E5	1.17303E5	9.99025E4	8.85837E4	2.30236E5	8.08824E4	4.1211E4	2.99984E4	2.04165E4
482	1.27815E7	3.56542E5	3.25443E5	2.80383E5	2.29758E5	1.92528E5	1.66519E5	1.54026E5	1.47325E5	1.45563E5	1.45015E5	1.40576E5	1.36713E5	1.33351E5	1.17262E5	9.89459E4	8.73015E4	1.8556E5	1.05784E5	4.17279E4	3.06025E4	2.19558E4
484	1.22553E7	3.53506E5	3.22009E5	2.7157E5	2.28218E5	1.91756E5	1.65681E5	1.5292E5	1.47061E5	1.44543E5	1.42123E5	1.37397E5	1.33068E5	1.29817E5	1.15958E5	9.89695E4	8.50873E4	1.41004E5	1.42132E5	4.36412E4	3.13284E4	2.29658E4
486	1.02213E7	3.74583E5	3.04245E5	2.69834E5	2.30167E5	1.88777E5	1.63342E5	1.47162E5	1.42424E5	1.41054E5	1.41493E5	1.34741E5	1.34262E5	1.3116E5	1.12716E5	9.77805E4	8.3873E4	1.08772E5	1.7724E5	4.53087E4	3.21406E4	2.35744E4
488	7.41316E6	5.82803E5	3.0933E5	2.64464E5	2.21494E5	1.83641E5	1.60609E5	1.46946E5	1.40281E5	1.38898E5	1.35859E5	1.32467E5	1.30255E5	1.2716E5	1.12862E5	9.69658E4	8.34616E4	8.73963E4	2.04757E5	4.60154E4	3.32772E4	2.38977E4
490	4.5037E6	1.17604E6	3.00537E5	2.67826E5	2.2107E5	1.78301E5	1.59679E5	1.44446E5	1.39647E5	1.34583E5	1.32862E5	1.30874E5	1.27092E5	1.27075E5	1.12743E5	9.61492E4	8.39438E4	7.89408E4	2.18671E5	5.24033E4	3.33029E4	2.407E4
492	2.15171E6	2.47647E6	3.03531E5	2.63345E5	2.18039E5	1.79684E5	1.53953E5	1.40749E5	1.34303E5	1.3385E5	1.29947E5	1.28522E5	1.25467E5	1.22761E5	1.10403E5	9.62368E4	8.37918E4	7.54495E4	2.15559E5	6.07483E4	3.31307E4	2.41252E4
494	9.32226E5	4.54427E6	2.85711E5	2.55736E5	2.20566E5	1.79489E5	1.53946E5	1.39067E5	1.34743E5	1.31999E5	1.28368E5	1.25819E5	1.23135E5	1.23327E5	1.08749E5	9.50024E4	8.31028E4	7.40964E4	1.90388E5	7.64994E4	3.35966E4	2.43581E4
496	5.15904E5	7.32721E6	3.01255E5	2.56444E5	2.14144E5	1.74615E5	1.5238E5	1.37691E5	1.29011E5	1.26294E5	1.2665E5	1.21959E5	1.21286E5	1.18558E5	1.0821E5	9.3002E4	7.91724E4	7.21619E4	1.52798E5	9.96341E4	3.36982E4	2.51467E4
498	4.46317E5	1.01919E7	2.87831E5	2.50683E5	2.07277E5	1.72103E5	1.4929E5	1.32179E5	1.31247E5	1.26437E5	1.21313E5	1.19695E5	1.19407E5	1.18499E5	1.05297E5	9.24125E4	8.11425E4	7.11492E4	1.19201E5	1.25066E5	3.47578E4	2.64755E4
500	4.25618E5	1.26709E7	2.85752E5	2.46184E5	2.11815E5	1.72656E5	1.4766E5	1.33757E5	1.30131E5	1.25023E5	1.19816E5	1.17016E5	1.16838E5	1.1633E5	1.03367E5	9.11896E4	7.95905E4	6.96957E4	9.08813E4	1.53173E5	3.59608E4	2.7371E4
502	3.79893E5	1.38414E7	2.85127E5	2.40477E5	2.02284E5	1.6368E5	1.43313E5	1.30034E5	1.23719E5	1.20305E5	1.16375E5	1.13681E5	1.12801E5	1.13548E5	1.02531E5	8.90923E4	7.94128E4	6.99648E4	7.44877E4	1.75777E5	3.80669E4	2.6637E4
504	3.71536E5	1.31426E7	2.90447E5	2.46815E5	1.99331E5	1.6614E5	1.43076E5	1.28581E5	1.22071E5	1.17768E5	1.15593E5	1.14617E5	1.11267E5	1.11259E5	1.01272E5	8.99108E4	7.83739E4	6.89781E4	6.4913E4	1.86283E5	4.25875E4	2.62589E4
506	3.86478E5	1.07778E7	3.05358E5	2.37511E5	1.9902E5	1.62361E5	1.3909E5	1.26764E5	1.20402E5	1.127E5	1.1232E5	1.09831E5	1.10475E5	1.10952E5	9.87161E4	8.74912E4	7.73874E4	6.72791E4	6.17774E4	1.77852E5	5.16758E4	2.70066E4
508	3.95497E5	7.84481E6	5.07009E5	2.34817E5	1.98075E5	1.56094E5	1.35621E5	1.23648E5	1.17846E5	1.13364E5	1.08792E5	1.09042E5	1.05098E5	1.07765E5	9.82108E4	8.78295E4	7.61592E4	6.75483E4	5.99934E4	1.55179E5	6.3858E4	2.67344E4
510	4.4009E5	4.61533E6	1.21414E6	2.34091E5	1.88224E5	1.56417E5	1.33058E5	1.20944E5	1.14349E5	1.10078E5	1.05881E5	1.04312E5	1.04018E5	1.0361E5	9.6444E4	8.43396E4	7.41453E4	6.51932E4	5.85821E4	1.24969E5	8.26126E4	2.81908E4
512	5.88568E5	2.11216E6	2.78718E6	2.23726E5	1.8668E5	1.55922E5	1.29163E5	1.17413E5	1.09692E5	1.09528E5	1.04178E5	1.02578E5	1.03358E5	1.02603E5	9.28492E4	8.31121E4	7.38293E4	6.50135E4	5.65447E4	9.41573E4	1.06794E5	2.78928E4
514	7.64544E5	8.47761E5	5.04337E6	2.25195E5	1.8559E5	1.51596E5	1.2853E5	1.18019E5	1.09094E5	1.04211E5	1.00572E5	9.98842E4	9.98145E4	9.95581E4	9.16578E4	8.12527E4	7.20505E4	6.39825E4	5.53369E4	7.1087E4	1.29152E5	3.01336E4
516	1.05252E6	4.54364E5	7.81688E6	2.2227E5	1.83679E5	1.46288E5	1.25296E5	1.15162E5	1.06826E5	1.02719E5	1.00516E5	9.78283E4	9.9661E4	9.70885E4	8.95009E4	7.93333E4	7.03603E4	6.37231E4	5.61875E4	5.80235E4	1.47525E5	3.07705E4
518	1.45744E6	3.74501E5	1.08265E7	2.16332E5	1.78761E5	1.43564E5	1.22616E5	1.10623E5	1.05098E5	1.00697E5	9.72385E4	9.45637E4	9.46415E4	9.63629E4	8.7887E4	7.86553E4	7.04589E4	6.19435E4	5.3904E4	5.2769E4	1.51746E5	3.54473E4
520	1.87524E6	3.57654E5	1.31212E7	2.24143E5	1.74379E5	1.43255E5	1.21435E5	1.09484E5	1.0071E5	9.78748E4	9.51399E4	9.25589E4	9.18601E4	9.37202E4	8.52455E4	7.69835E4	6.93856E4	6.11E4	5.39369E4	4.97633E4	1.44309E5	4.35466E4
522	2.26999E6	3.27003E5	1.37348E7	2.20165E5	1.75362E5	1.38984E5	1.20843E5	1.07476E5	9.86932E4	9.6098E4	9.25568E4	8.85569E4	8.98162E4	9.05057E4	8.48165E4	7.57116E4	6.61156E4	5.89516E4	5.1918E4	4.75914E4	1.25857E5	5.3259E4
524	2.58728E6	3.30276E5	1.2533E7	2.19382E5	1.70811E5	1.3698E5	1.15274E5	1.05923E5	9.84589E4	9.38763E4	8.97278E4	8.92454E4	8.8194E4	9.01858E4	8.19047E4	7.32735E4	6.64961E4	5.93592E4	5.10974E4	4.61783E4	9.96036E4	7.00376E4
526	2.57364E6	3.0667E5	1.00964E7	2.45789E5	1.6781E5	1.33655E5	1.14491E5	1.01936E5	9.64343E4	9.00899E4	8.96227E4	8.62474E4	8.79258E4	8.70485E4	7.89717E4	7.13885E4	6.48626E4	5.83334E4	5.1751E4	4.62035E4	7.64023E4	8.92946E4
528	2.40992E6	2.99816E5	7.09155E6	4.63437E5	1.63346E5	1.31372E5	1.12384E5	9.9656E4	9.38643E4	8.95998E4	8.85446E4	8.4922E4	8.56223E4	8.32498E4	7.69993E4	7.10724E4	6.34088E4	5.64602E4	5.02816E4	4.30239E4	5.87728E4	1.06749E5
530	2.13166E6	3.22375E5	4.0481E6	1.25556E6	1.6081E5	1.28061E5	1.10254E5	9.73677E4	9.01639E4	8.75967E4	8.45506E4	8.38136E4	8.3186E4	8.23851E4	7.59104E4	6.84913E4	6.19405E4	5.67955E4	4.84616E4	4.33232E4	4.6082E4	1.20558E5
532	1.62627E6	3.39718E5	1.82412E6	2.91565E6	1.61336E5	1.2897E5	1.06717E5	9.59117E4	8.70952E4	8.52087E4	8.35653E4	8.16631E4	7.78494E4	8.04415E4	7.43063E4	6.73675E4	6.06447E4	5.48429E4	4.87165E4	4.19284E4	4.04721E4	1.26537E5
534	1.16843E6	4.32832E5	6.84001E5	5.4355E6	1.58225E5	1.24355E5	1.04161E5	9.36733E4	8.57547E4	8.23129E4	7.90831E4	7.97139E4	7.83895E4	7.92286E4	7.12126E4	6.57435E4	5.96686E4	5.37706E4	4.73239E4	4.08329E4	3.73725E4	1.20932E5
536	7.79685E5	6.36571E5	3.6023E5	8.4886E6	1.54197E5	1.22149E5	1.03109E5	9.17982E4	8.69688E4	8.11038E4	7.87122E4	7.6922E4	7.55719E4	7.34742E4	7.0001E4	6.33348E4	5.76157E4	5.12646E4	4.69147E4	4.03552E4	3.61821E4	1.06555E5
538	4.45469E5	9.17701E5	3.00894E5	1.1333E7	1.58283E5	1.21429E5	1.01148E5	8.86671E4	8.33013E4	7.97416E4	7.55114E4	7.41177E4	7.11838E4	7.45251E4	6.72979E4	6.20786E4	5.52125E4	5.04165E4	4.55651E4	3.82451E4	3.53522E4	8.48488E4
540	3.38111E5	1.32224E6	2.7705E5	1.34573E7	1.52068E5	1.21987E5	9.79673E4	8.57137E4	8.13043E4	7.68658E4	7.3977E4	7.31318E4	7.06478E4	7.21904E4	6.59441E4	6.08948E4	5.47089E4	5.01702E4	4.39519E4	3.8454E4	3.41963E4	6.32778E4
542	2.50709E5	1.75666E6	2.6706E5	1.37838E7	1.53926E5	1.14731E5	9.52631E4	8.63089E4	7.98776E4	7.29812E4	7.15381E4	6.90236E4	6.93088E4	6.89636E4	6.37585E4	5.92363E4	5.35376E4	4.84087E4	4.47114E4	3.82099E4	3.38708E4	4.61319E4
544	2.56524E5	2.20872E6	2.55739E5	1.22469E7	1.55479E5	1.14924E5	9.62612E4	8.30265E4	7.59817E4	7.17184E4	6.87026E4	6.7355E4	6.72928E4	6.75267E4	6.27876E4	5.65157E4	5.24246E4	4.74244E4	4.16795E4	3.6894E4	3.10268E4	3.62232E4
546	2.34762E5	2.52403E6	2.48675E5	9.58424E6	1.91828E5	1.08806E5	9.30114E4	8.1368E4	7.48045E4	7.04025E4	6.71358E4	6.73216E4	6.52697E4	6.6513E4	5.83248E4	5.57727E4	5.1196E4	4.65481E4	4.07563E4	3.64467E4	3.18856E4	3.09973E4
548	2.08918E5	2.69445E6	2.48018E5	6.54954E6	4.6395E5	1.10644E5	9.06609E4	7.87839E4	7.42181E4	6.83757E4	6.45225E4	6.48443E4	6.47152E4	6.38182E4	5.77851E4	5.37057E4	4.90484E4	4.50754E4	3.97346E4	3.54936E4	3.08651E4	3.0013E4
550	2.1182E5	2.64214E6	2.25851E5	3.70681E6	1.30997E6	1.07633E5	9.20518E4	7.90632E4	7.16733E4	6.60822E4	6.39034E4	6.29823E4	6.13104E4	6.29879E4	5.80928E4	5.17287E4	4.81325E4	4.44307E4	3.90804E4	3.48342E4	2.99156E4	2.78665E4
552	1.93056E5	2.44323E6	2.20781E5	1.64346E6	3.01073E6	1.07528E5	8.70413E4	7.59647E4	7.10481E4	6.33365E4	6.23943E4	6.08917E4	6.0492E4	6.0008E4	5.62515E4	5.07466E4	4.59027E4	4.27994E4	3.81777E4	3.47631E4	2.84672E4	2.63265E4
554	1.78317E5	2.03782E6	2.41773E5	6.12362E5	5.5254E6	1.05989E5	8.33961E4	7.39866E4	6.69824E4	6.54149E4	6.12871E4	5.95671E4	5.97189E4	5.90315E4	5.43884E4	4.98274E4	4.53417E4	4.13465E4	3.65764E4	3.37652E4	2.93697E4	2.63891E4
556	2.0504E5	1.57927E6	2.96542E5	3.07403E5	8.39487E6	1.05684E5	8.54706E4	7.32269E4	6.55982E4	6.2737E4	6.02179E4	5.68766E4	5.76371E4	5.73071E4	5.24661E4	4.79811E4	4.46926E4	4.03714E4	3.63576E4	3.18836E4	2.78396E4	2.54797E4
558	2.09552E5	1.10822E6	4.19062E5	2.55235E5	1.12298E7	1.04656E5	8.08933E4	7.16093E4	6.59335E4	5.98166E4	5.89658E4	5.64486E4	5.73633E4	5.54936E4	5.0955E4	4.63904E4	4.35853E4	3.93989E4	3.67339E4	3.26012E4	2.72793E4	2.40523E4
560	1.81997E5	6.98625E5	6.26011E5	2.39361E5	1.32069E7	1.00307E5	7.97148E4	7.19052E4	6.45233E4	6.02773E4	5.80583E4	5.43446E4	5.42134E4	5.5365E4	5.08913E4	4.58308E4	4.24888E4	3.79679E4	3.55889E4	3.11291E4	2.68178E4	2.3607E4
562	2.08267E5	4.34434E5	9.47067E5	2.16141E5	1.35192E7	1.04528E5	7.83005E4	6.89017E4	6.27573E4	5.54655E4	5.59019E4	5.32086E4	5.32771E4	5.28103E4	4.93276E4	4.4299E4	4.11386E4	3.72197E4	3.39356E4	2.92498E4	2.634E4	2.25935E4
564	1.73678E5	2.83811E5	1.32899E6	2.18652E5	1.19402E7	1.08352E5	7.92813E4	6.64105E4	5.85575E4	5.65669E4	5.30799E4	5.13076E4	5.01864E4	4.95691E4	4.6677E4	4.33225E4	3.83927E4	3.67191E4	3.21989E4	2.99112E4	2.52329E4	2.25387E4
566	1.66792E5	2.23932E5	1.73701E6	2.08212E5	9.36801E6	1.40701E5	7.43538E4	6.47122E4	5.83411E4	5.35633E4	5.2462E4	4.9005E4	4.73026E4	4.84543E4	4.6451E4	4.11987E4	3.81604E4	3.49861E4	3.25666E4	2.95269E4	2.43661E4	2.15666E4
568	1.62516E5	1.81931E5	2.1708E6	2.02228E5	6.22066E6	4.21663E5	7.64392E4	6.38031E4	5.74951E4	5.40298E4	4.92755E4	4.821E4	4.78241E4	4.80703E4	4.35401E4	3.98461E4	3.73532E4	3.43749E4	3.08453E4	2.81833E4	2.4334E4	2.0854E4
570	1.68949E5	1.79838E5	2.43706E6	1.96649E5	3.45268E6	1.31765E6	7.14927E4	6.20285E4	5.42497E4	5.27738E4	4.9975E4	4.62378E4	4.69375E4	4.53166E4	4.24441E4	3.86886E4	3.62964E4	3.2509E4	3.04732E4	2.70366E4	2.2603E4	2.05972E4
572	1.47014E5	1.57718E5	2.57445E6	1.87771E5	1.47767E6	3.08558E6	7.17765E4	6.22641E4	5.46577E4	5.11827E4	4.64004E4	4.4469E4	4.44486E4	4.5809E4	4.21999E4	3.77731E4	3.45732E4	3.24374E4	2.85268E4	2.62034E4	2.30229E4	1.94101E4
574	1.66732E5	1.5401E5	2.46176E6	1.93289E5	5.31729E5	5.43861E6	7.35613E4	5.99825E4	5.36595E4	4.81815E4	4.54698E4	4.36226E4	4.23352E4	4.35552E4	3.9387E4	3.61947E4	3.2934E4	3.05439E4	2.94014E4	2.5662E4	2.25893E4	2.01091E4
576	1.60381E5	1.58617E5	2.20655E6	1.9261E5	2.56143E5	8.08242E6	7.37267E4	5.93274E4	5.04235E4	4.78608E4	4.57397E4	4.31068E4	4.23588E4	4.24812E4	3.81802E4	3.60608E4	3.27497E4	2.99979E4	2.82407E4	2.42204E4	2.16949E4	1.90416E4
578	1.62628E5	1.43843E5	1.78119E6	2.06933E5	2.11191E5	1.06221E7	6.93291E4	5.55357E4	5.21739E4	4.78475E4	4.46641E4	4.18433E4	4.2034E4	4.04106E4	3.76031E4	3.6222E4	3.22115E4	2.88149E4	2.64332E4	2.39756E4	2.1864E4	1.76819E4
580	1.91373E5	1.43876E5	1.36035E6	2.69207E5	2.01584E5	1.22794E7	7.00007E4	5.50132E4	4.63324E4	4.51346E4	4.11884E4	4.00475E4	3.90934E4	4.01143E4	3.66343E4	3.40334E4	3.26917E4	2.89405E4	2.64483E4	2.39609E4	2.08565E4	1.7659E4
582	1.67123E5	1.39754E5	9.25063E5	3.93581E5	1.82074E5	1.2408E7	7.25498E4	5.39845E4	4.94905E4	4.47233E4	4.21057E4	3.95844E4	3.872E4	3.7679E4	3.61402E4	3.10985E4	2.99547E4	2.74075E4	2.54993E4	2.36815E4	2.08714E4	1.75996E4
584	1.71356E5	1.44327E5	5.99211E5	6.14143E5	1.81377E5	1.08674E7	8.00421E4	5.39421E4	4.63662E4	4.19516E4	4.04663E4	3.87147E4	3.66779E4	3.64558E4	3.50667E4	3.3597E4	2.89961E4	2.72339E4	2.49482E4	2.1896E4	1.95993E4	1.76478E4
586	1.54302E5	1.34237E5	3.81192E5	8.7856E5	1.75826E5	8.53302E6	1.06944E5	5.33032E4	4.73377E4	4.23495E4	3.83729E4	3.70024E4	3.63538E4	3.75574E4	3.30635E4	3.09169E4	2.75953E4	2.66668E4	2.41188E4	2.24114E4	1.83176E4	1.60023E4
588	1.65331E5	1.38197E5	2.41128E5	1.26931E6	1.7529E5	5.37923E6	3.53674E5	5.47799E4	4.73901E4	4.02214E4	3.84346E4	3.59167E4	3.49461E4	3.4702E4	3.18585E4	2.9993E4	2.69816E4	2.59304E4	2.34051E4	2.04364E4	1.81604E4	1.61978E4
590	1.51077E5	1.28589E5	1.87669E5	1.64733E6	1.69375E5	2.82763E6	1.22857E6	5.32847E4	4.53848E4	3.95219E4	3.7821E4	3.6001E4	3.52727E4	3.24263E4	3.11246E4	2.96263E4	2.72685E4	2.48563E4	2.26783E4	2.06032E4	1.78828E4	1.47646E4
592	1.66324E5	1.36429E5	1.54326E5	1.9763E6	1.75339E5	1.12599E6	2.96902E6	5.38814E4	4.39367E4	3.88276E4	3.54871E4	3.38267E4	3.2034E4	3.1739E4	2.97317E4	2.81799E4	2.52254E4	2.36917E4	2.19784E4	1.85714E4	1.61076E4	1.52333E4
594	1.62732E5	1.39138E5	1.4516E5	2.2456E6	1.6863E5	3.9194E5	5.37854E6	5.39461E4	4.34918E4	3.73015E4	3.6097E4	3.28983E4	3.19082E4	3.16414E4	2.79001E4	2.68449E4	2.52225E4	2.24195E4	2.18684E4	1.93203E4	1.62689E4	1.4492E4
596	1.53142E5	1.38187E5	1.4263E5	2.29039E6	1.66835E5	2.03121E5	8.00803E6	4.89462E4	4.06747E4	3.70446E4	3.28007E4	3.10442E4	3.13671E4	3.13902E4	2.84376E4	2.71714E4	2.44305E4	2.21208E4	2.12581E4	1.81072E4	1.56492E4	1.45471E4
598	1.58017E5	1.36297E5	1.3843E5	2.18799E6	1.64831E5	1.78367E5	1.03915E7	5.12219E4	3.9769E4	3.41833E4	3.23685E4	3.01212E4	3.04905E4	2.9254E4	2.80238E4	2.5281E4	2.35455E4	2.15619E4	1.99754E4	1.80907E4	1.51949E4	1.4155E4
600	1.67334E5	1.32437E5	1.3551E5	1.93159E6	1.78584E5	1.5793E5	1.18007E7	5.43688E4	4.0337E4	3.48041E4	3.14976E4	3.00731E4	3.04687E4	2.87394E4	2.5997E4	2.40329E4	2.32441E4	2.1871E4	1.99615E4	1.75166E4	1.56312E4	1.36436E4
