300	3.21264E5	1.81472E5	1.95379E5	2.60469E6	4.2568E5	3.85811E5	4.46843E7	1.8927E5	2.81431E4	1.69731E4	1.2368E4	9782.46193	8239.84736	7222.1093	5220.41463	4758.32196	3740.02951	3583.52054	3655.69714	3302.19188	2984.44026	2244.00489
302	2.98754E5	2.03482E5	2.10108E5	1.77232E6	7.49129E5	2.61653E5	3.92334E7	2.19927E6	3.23469E4	1.88397E4	1.24605E4	9854.05191	8187.63015	6203.49719	5501.84707	4753.26387	4336.23962	3684.69712	3173.31378	3172.10237	3011.25029	2590.99923
304	2.99281E5	2.0711E5	2.24061E5	1.02968E6	1.3238E6	2.426E5	2.54565E7	9.63843E6	3.71058E4	2.04335E4	1.30006E4	8928.60238	8294.21611	6890.95683	5944.96746	4795.55889	4125.59792	3718.70223	3482.1468	3228.4471	3178.10824	2767.51576
306	3.17216E5	2.18816E5	2.254E5	5.73525E5	2.08851E6	2.42716E5	1.10273E7	2.34334E7	4.60465E4	1.92454E4	1.32235E4	9962.40172	7881.7814	6666.14503	5753.21039	4572.33367	3815.97917	3677.24616	3216.9108	3354.9003	2701.98688	2751.13795
308	3.65644E5	2.05325E5	2.45522E5	3.90727E5	2.72841E6	2.37714E5	2.61471E6	3.76198E7	6.9744E4	2.16135E4	1.38788E4	1.06034E4	7642.12141	6960.70395	5899.38468	5280.72	4326.65728	3848.00209	3535.0782	3392.94205	3030.79257	2455.30403
310	3.86766E5	2.29413E5	2.5651E5	3.52596E5	2.87921E6	2.60817E5	3.52899E5	4.34861E7	1.85358E5	2.52485E4	1.57054E4	1.085E4	8576.88513	7149.41613	5901.27219	4973.87628	4208.87667	3897.03091	3279.90759	2628.52935	2792.59062	2476.45253
312	3.74678E5	2.40685E5	2.62303E5	3.45264E5	2.47036E6	3.51807E5	1.94106E5	3.84194E7	2.13041E6	2.74895E4	1.5005E4	1.08447E4	8351.70727	7412.46072	6256.92623	4965.15472	3934.79605	3423.17657	3371.57641	3079.64692	2846.92008	2423.46934
314	3.88878E5	2.50192E5	2.75978E5	3.41629E5	1.69993E6	6.09793E5	1.69781E5	2.44417E7	9.92072E6	3.41182E4	1.63705E4	1.1565E4	8187.22199	7209.43336	5268.1616	4813.89743	3899.26416	3821.65713	3274.75436	3182.56847	3236.87816	2376.81942
316	3.63599E5	2.4116E5	2.79277E5	3.47008E5	1.03402E6	1.0958E6	1.63754E5	1.01642E7	2.30051E7	3.96767E4	1.79763E4	1.23067E4	8337.68264	6817.38898	5861.33687	4867.02025	3987.08204	3526.42467	2950.81152	3193.63455	3030.15023	2534.25618
318	3.75175E5	2.76116E5	2.9002E5	3.59403E5	6.29797E5	1.74186E6	1.64028E5	2.33661E6	3.4372E7	6.16988E4	2.00566E4	1.24971E4	9222.58753	7861.47891	5710.86433	5191.59026	4035.85768	4029.03157	3541.47129	3087.63237	2765.05469	2465.29442
320	4.26953E5	2.91608E5	3.07183E5	3.70027E5	4.63838E5	2.26445E6	1.66267E5	2.78229E5	3.83139E7	1.72066E5	2.07176E4	1.31828E4	9537.73394	7008.27751	5727.96505	5170.73887	4023.51253	3680.98698	3208.13837	2839.31451	2188.38757	2481.03723
322	4.31715E5	2.86809E5	3.03865E5	3.75796E5	4.20788E5	2.39252E6	1.79128E5	1.60681E5	3.28818E7	1.90107E6	2.45887E4	1.38423E4	1.03152E4	8114.7127	6139.68854	4589.26555	3865.56385	3615.04848	3353.71618	3243.54392	3068.34412	2541.49043
324	4.26977E5	2.97624E5	3.20951E5	3.77957E5	4.09741E5	2.02512E6	2.52947E5	1.41058E5	2.08293E7	8.38954E6	2.91686E4	1.42586E4	1.07362E4	7232.46108	5698.65997	4740.02826	3614.18282	3368.397	2913.91301	2591.03012	2732.18805	2458.20186
326	4.35708E5	3.01608E5	3.22265E5	3.77341E5	4.12905E5	1.46365E6	4.44199E5	1.36283E5	8.54784E6	1.94074E7	3.70748E4	1.58755E4	1.03876E4	7441.11399	6342.82597	4503.74187	4015.09785	3134.3046	3065.54663	2592.13931	2568.71183	2248.30938
328	4.70313E5	3.22752E5	3.33497E5	3.89108E5	4.20986E5	9.39582E5	8.02225E5	1.33932E5	2.05723E6	2.88757E7	5.47148E4	1.7285E4	1.07612E4	8214.50829	5944.64266	4890.6865	3858.82742	3335.39509	3217.24575	2861.8532	2575.78129	2303.6131
330	5.14208E5	3.33188E5	3.47699E5	3.99652E5	4.30069E5	5.82851E5	1.33014E6	1.3686E5	2.54337E5	3.258E7	1.5443E5	1.9004E4	1.10439E4	8398.69376	6005.91203	4429.13999	4229.41794	3606.54126	3318.56223	2759.91216	2332.51472	2116.29205
332	4.958E5	3.42808E5	3.46596E5	4.00779E5	4.2888E5	4.25336E5	1.77033E6	1.43614E5	1.47331E5	2.87807E7	1.67766E6	2.14072E4	1.1877E4	8863.01055	5874.14868	4819.91754	3827.77806	3417.9321	3346.40179	2463.17735	2574.7046	2128.81319
334	4.97016E5	3.42845E5	3.51738E5	4.0234E5	4.34342E5	3.73712E5	1.95474E6	1.57182E5	1.27367E5	1.94214E7	7.19619E6	2.55127E4	1.23607E4	9198.89319	6007.45614	4664.93423	3989.48681	3253.79357	3109.09214	2852.01358	2214.75462	2260.26646
336	5.25407E5	3.51814E5	3.57912E5	3.96917E5	4.2223E5	3.68768E5	1.77145E6	2.09215E5	1.23679E5	8.53019E6	1.66975E7	3.14663E4	1.30394E4	8843.51422	5986.11776	5022.20837	3664.06501	3712.05608	3178.90852	2558.44056	2468.02913	1959.75449
338	5.13379E5	3.66717E5	3.70305E5	4.03783E5	4.34218E5	3.6917E5	1.36127E6	3.35895E5	1.2643E5	2.21568E6	2.45479E7	4.65601E4	1.46614E4	9604.32463	6851.6232	4900.84777	4099.91571	3174.81377	3073.37861	2860.98493	2398.31706	2173.94482
340	5.39502E5	3.74662E5	3.70455E5	4.08101E5	4.39273E5	3.80111E5	8.78674E5	6.09866E5	1.30478E5	2.64705E5	2.7691E7	1.22173E5	1.53712E4	9839.08062	6891.15806	5200.86902	3896.90218	3594.50691	2893.98019	2779.66691	2498.51823	2166.64541
342	5.59194E5	3.84063E5	3.80756E5	4.03883E5	4.4882E5	3.86149E5	5.53801E5	9.92572E5	1.34599E5	1.3585E5	2.47058E7	1.34783E6	1.77717E4	1.02679E4	7253.00667	4899.84911	4030.84259	3490.04015	3144.89722	2520.30247	2255.22351	2216.0335
344	5.59393E5	3.81922E5	3.82529E5	4.07917E5	4.47261E5	3.93453E5	3.82155E5	1.39853E6	1.47954E5	1.192E5	1.6445E7	6.58642E6	2.14188E4	1.06786E4	7696.38789	5353.8414	3833.93779	3166.42204	2839.85472	2685.82635	2295.13076	1903.72301
346	5.81891E5	4.09304E5	3.86928E5	4.172E5	4.47802E5	3.97688E5	3.27088E5	1.59967E6	1.60693E5	1.20165E5	7.34015E6	1.4697E7	2.64347E4	1.12163E4	7822.81449	4742.77449	3758.61541	3446.70856	2997.16018	2924.99239	2284.79075	1791.64522
348	5.93795E5	4.24175E5	3.98452E5	4.20742E5	4.43073E5	4.04231E5	3.23611E5	1.51867E6	1.98801E5	1.26672E5	1.71306E6	2.15935E7	4.02473E4	1.29183E4	7747.40923	5102.3516	3790.65295	3383.97152	2894.10287	2460.32063	2262.53025	1851.52753
350	6.0476E5	4.47353E5	4.07174E5	4.27313E5	4.50242E5	4.10309E5	3.28901E5	1.22784E6	2.92719E5	1.3405E5	2.26983E5	2.36767E7	8.77806E4	1.30098E4	7840.23595	5807.01213	3851.27844	3263.42981	2784.86261	2422.88246	1902.60814	1966.49141
352	6.15426E5	4.63297E5	4.21032E5	4.24444E5	4.44064E5	4.16354E5	3.40069E5	8.45082E5	4.86823E5	1.42143E5	1.2714E5	2.08883E7	1.13464E6	1.5971E4	8069.74064	5990.25308	3658.57085	3029.6204	2626.56375	2284.51581	1864.04871	1793.20024
354	6.22928E5	4.68849E5	4.25868E5	4.34627E5	4.44867E5	4.25034E5	3.45401E5	5.57944E5	7.65129E5	1.54252E5	1.16285E5	1.434E7	5.12527E6	1.84756E4	8689.32412	6378.01926	4163.75174	3256.66771	2737.6999	2163.99674	1852.04593	1877.51149
356	6.79226E5	4.97636E5	4.3618E5	4.35391E5	4.51404E5	4.29702E5	3.62064E5	4.03938E5	1.06933E6	1.64396E5	1.1838E5	6.37543E6	1.22182E7	2.46895E4	8881.04321	6224.41425	4021.13133	3153.56742	2655.9826	2356.67394	1924.96872	1843.76908
358	6.8745E5	4.97759E5	4.65216E5	4.49597E5	4.59225E5	4.39953E5	3.79382E5	3.47902E5	1.27651E6	1.77038E5	1.26043E5	1.62322E6	1.81582E7	3.55476E4	1.00207E4	5803.63699	4651.01576	3132.76009	2679.79086	2443.26383	2128.96798	1684.99365
360	6.93795E5	5.42903E5	4.70132E5	4.53546E5	4.62708E5	4.48514E5	3.89279E5	3.46825E5	1.29372E6	2.07499E5	1.37217E5	2.1201E5	2.05306E7	8.30311E4	1.12941E4	6345.63981	4785.42911	3388.24531	2898.45288	2217.01405	2210.77152	1726.4494
362	7.21981E5	5.68373E5	4.91157E5	4.66526E5	4.71196E5	4.63652E5	4.02363E5	3.52739E5	1.1252E6	2.68473E5	1.48181E5	1.20703E5	1.88522E7	9.73053E5	1.32766E4	6604.09491	4846.1135	3377.11145	2811.43953	2404.16025	1906.47326	1826.3131
364	7.49453E5	5.84301E5	5.07534E5	4.73131E5	4.77538E5	4.68409E5	4.20084E5	3.64315E5	8.52485E5	3.88235E5	1.58374E5	1.10472E5	1.36066E7	4.69854E6	1.55419E4	7192.36482	4726.91218	3522.41979	2717.44547	2260.96472	2175.18068	1684.21719
366	7.57656E5	6.17033E5	5.22039E5	4.7925E5	4.78365E5	4.80454E5	4.37309E5	3.84639E5	6.01716E5	5.95568E5	1.73736E5	1.12151E5	6.24284E6	1.15677E7	2.09592E4	8316.49607	5154.28555	3780.36653	2809.64319	2597.64797	2020.10027	1929.58872
368	8.00485E5	6.40195E5	5.31154E5	4.96923E5	4.869E5	4.85433E5	4.57404E5	4.03015E5	4.57455E5	8.43656E5	1.83722E5	1.19275E5	1.62908E6	1.70309E7	3.08662E4	8685.54923	4977.82431	4115.62962	2833.83081	2438.42699	2154.76561	1989.21936
370	8.01504E5	6.71992E5	5.55906E5	5.08187E5	4.95412E5	5.04644E5	4.70199E5	4.20298E5	3.98969E5	1.05958E6	2.03791E5	1.30968E5	1.96049E5	1.90385E7	7.55538E4	9746.86719	5216.442	4233.18694	2862.7274	2781.14841	2059.14169	1709.65202
372	8.71571E5	6.73917E5	5.81982E5	5.12032E5	5.09614E5	5.06364E5	4.85451E5	4.42131E5	3.9438E5	1.13086E6	2.28434E5	1.39153E5	1.0641E5	1.70882E7	9.37665E5	1.12777E4	5228.76154	4392.24994	2978.58495	2473.75638	2165.78635	1733.78588
374	9.01785E5	7.17182E5	5.89547E5	5.25726E5	5.13479E5	5.23786E5	5.04686E5	4.54791E5	3.99648E5	1.04145E6	2.73178E5	1.49536E5	9.93906E4	1.17307E7	4.45064E6	1.33134E4	5830.19673	4289.14058	3082.18321	2399.2724	1886.88928	1804.02946
376	9.11523E5	7.41608E5	6.10273E5	5.38306E5	5.30753E5	5.29885E5	5.1751E5	4.7633E5	4.15714E5	8.50427E5	3.60132E5	1.62716E5	1.00976E5	5.19032E6	1.02286E7	1.81443E4	6490.86052	4425.92359	3336.09669	2375.19432	2244.63013	1997.1209
378	9.28169E5	7.91582E5	6.47716E5	5.57141E5	5.40445E5	5.38824E5	5.32555E5	4.94753E5	4.37338E5	6.45922E5	5.12821E5	1.75837E5	1.0811E5	1.19054E6	1.49571E7	2.73438E4	7310.08395	4472.68408	3489.29074	2508.1879	2010.08757	1774.58857
380	9.69293E5	8.05994E5	6.61451E5	5.73532E5	5.54486E5	5.54101E5	5.54445E5	5.18534E5	4.50161E5	5.09131E5	7.03288E5	1.92064E5	1.17238E5	1.54836E5	1.64638E7	6.3544E4	8175.24797	5103.8841	3858.44055	2450.55933	2170.48528	1721.09679
382	1.00073E6	8.41347E5	6.85952E5	5.85627E5	5.69642E5	5.71275E5	5.73463E5	5.3474E5	4.75324E5	4.52967E5	8.91893E5	2.08884E5	1.27619E5	1.03059E5	1.50471E7	7.59152E5	9391.56566	5082.1462	3796.01271	2744.00286	2109.89138	1676.42958
384	1.02655E6	8.71324E5	7.20062E5	6.05012E5	5.80816E5	5.86584E5	5.88548E5	5.59304E5	4.95194E5	4.34424E5	9.97681E5	2.29793E5	1.40041E5	9.49112E4	1.064E7	3.64169E6	1.16203E4	5416.77689	3936.76548	2973.27581	2255.45126	2001.7631
386	1.05491E6	9.12523E5	7.46343E5	6.2818E5	5.9959E5	6.05674E5	6.09447E5	5.80727E5	5.13528E5	4.44588E5	9.7841E5	2.67308E5	1.54405E5	9.60526E4	4.8413E6	8.9065E6	1.64125E4	5945.68212	4033.36318	3277.76783	2305.55356	1840.20477
388	1.1035E6	9.4358E5	7.73109E5	6.47377E5	6.0837E5	6.1923E5	6.2072E5	5.97754E5	5.34905E5	4.59903E5	8.62461E5	3.24931E5	1.65686E5	1.03438E5	1.28596E6	1.33485E7	2.53993E4	6501.70877	4220.22799	3443.9108	2410.23992	1991.05234
390	1.09312E6	9.73326E5	7.88047E5	6.67145E5	6.25134E5	6.38806E5	6.45251E5	6.21625E5	5.56792E5	4.77205E5	7.07858E5	4.32967E5	1.81753E5	1.13288E5	1.68151E5	1.54202E7	5.85847E4	7588.34502	4061.31982	3448.55786	2441.06451	2036.2251
392	1.12442E6	1.01937E6	8.33099E5	6.91089E5	6.40931E5	6.53987E5	6.54911E5	6.40446E5	5.73675E5	4.95584E5	5.68304E5	5.88089E5	1.98293E5	1.24435E5	9.33558E4	1.43905E7	8.06857E5	9366.07255	4769.74829	3920.38581	2573.96012	1992.24001
394	1.16722E6	1.05174E6	8.58242E5	7.03521E5	6.58104E5	6.6456E5	6.72749E5	6.56375E5	5.90825E5	5.15509E5	4.93062E5	7.46765E5	2.11694E5	1.36055E5	8.80189E4	1.06157E7	3.55751E6	1.15174E4	5214.84558	3628.51869	2865.43983	2305.07768
396	1.24705E6	1.04444E6	8.91943E5	7.24935E5	6.74864E5	6.78267E5	6.85131E5	6.71665E5	6.12426E5	5.31521E5	4.71646E5	8.71746E5	2.30673E5	1.4936E5	8.93042E4	4.97183E6	8.56728E6	1.54572E4	5887.53565	3596.11222	2881.73522	1978.44878
398	1.25151E6	1.11832E6	9.0297E5	7.54657E5	6.92051E5	6.89608E5	7.05812E5	6.88986E5	6.28108E5	5.50593E5	4.71143E5	9.07333E5	2.58038E5	1.63268E5	9.55635E4	1.29352E6	1.2599E7	2.3362E4	6435.48813	4054.25113	3123.32951	1998.3537
400	1.30064E6	1.12608E6	9.36065E5	7.68995E5	7.0929E5	7.09727E5	7.17303E5	7.07965E5	6.47017E5	5.69168E5	4.82381E5	8.51481E5	3.00523E5	1.74523E5	1.02477E5	1.62317E5	1.41009E7	4.9741E4	7174.26589	4100.08374	2920.88481	2362.90877
402	1.31387E6	1.15994E6	9.57931E5	7.85187E5	7.18666E5	7.13118E5	7.25259E5	7.20967E5	6.64995E5	5.87216E5	5.00266E5	7.23473E5	3.77732E5	1.90646E5	1.11637E5	8.78763E4	1.27669E7	6.35552E5	8256.2946	4720.98394	3136.38275	2143.03922
404	1.33415E6	1.18949E6	9.85091E5	8.0282E5	7.35608E5	7.36983E5	7.41954E5	7.32069E5	6.78549E5	6.06181E5	5.22103E5	5.98869E5	4.9011E5	2.06246E5	1.24085E5	8.0021E4	8.93142E6	3.16611E6	1.01868E4	4814.91996	3109.8347	2718.23067
406	1.37803E6	1.21226E6	1.01845E6	8.37131E5	7.4831E5	7.50126E5	7.629E5	7.47538E5	6.93988E5	6.20667E5	5.3655E5	5.17982E5	6.25409E5	2.22451E5	1.34767E5	7.99747E4	4.08962E6	7.61822E6	1.36906E4	5334.85042	3254.14223	2789.34287
408	1.42111E6	1.24193E6	1.03785E6	8.48603E5	7.71817E5	7.58355E5	7.69333E5	7.5948E5	7.17351E5	6.3694E5	5.49129E5	4.85299E5	7.52186E5	2.39422E5	1.45137E5	8.48463E4	9.92058E5	1.16456E7	2.05455E4	5698.92484	3509.57232	2752.90069
410	1.4024E6	1.26771E6	1.06811E6	8.67156E5	7.80325E5	7.64934E5	7.71721E5	7.73973E5	7.16428E5	6.47903E5	5.67061E5	4.79872E5	8.19838E5	2.61257E5	1.56749E5	9.20875E4	1.23499E5	1.32725E7	4.14145E4	6651.6328	3614.97072	2740.46747
412	1.45441E6	1.30394E6	1.08349E6	8.85639E5	7.8508E5	7.78439E5	7.83066E5	7.78602E5	7.32326E5	6.65857E5	5.79707E5	4.89839E5	8.17703E5	2.92005E5	1.69354E5	9.95122E4	7.63142E4	1.21961E7	4.76755E5	8216.8746	3809.73387	2564.50111
414	1.45961E6	1.30481E6	1.10063E6	9.09676E5	8.02002E5	7.7948E5	7.99571E5	7.8351E5	7.44094E5	6.76055E5	5.99134E5	5.02788E5	7.3873E5	3.43059E5	1.83301E5	1.09528E5	7.30695E4	8.73318E6	2.5073E6	9269.55158	4041.78246	2715.60736
416	1.49384E6	1.3447E6	1.13101E6	9.20745E5	8.16082E5	7.96871E5	7.95017E5	7.96282E5	7.50516E5	6.89778E5	6.11296E5	5.19479E5	6.35858E5	4.26472E5	1.94821E5	1.19686E5	7.30241E4	4.06251E6	6.7374E6	1.30524E4	4614.09651	2757.4051
418	1.49671E6	1.34662E6	1.15252E6	9.44559E5	8.25688E5	8.001E5	7.99976E5	8.01398E5	7.58592E5	7.03423E5	6.24294E5	5.24792E5	5.51017E5	5.35288E5	2.10148E5	1.27846E5	7.65852E4	1.03105E6	1.08195E7	1.98189E4	5178.15691	3093.70088
420	1.4806E6	1.35813E6	1.16778E6	9.54425E5	8.35877E5	8.06886E5	8.05383E5	8.07781E5	7.69414E5	7.13045E5	6.37279E5	5.40281E5	4.96982E5	6.47119E5	2.23546E5	1.3875E5	8.10138E4	1.29125E5	1.27389E7	4.14641E4	5742.18901	3288.80782
422	1.53454E6	1.38291E6	1.18292E6	9.77806E5	8.50249E5	8.15168E5	8.11695E5	8.12328E5	7.72654E5	7.22124E5	6.49164E5	5.53884E5	4.78175E5	7.40093E5	2.39687E5	1.49315E5	8.96555E4	7.07852E4	1.17608E7	5.5744E5	6776.01049	3440.4935
424	1.57065E6	1.41192E6	1.20421E6	9.94746E5	8.56499E5	8.10871E5	8.08964E5	8.12531E5	7.79249E5	7.24513E5	6.56967E5	5.69597E5	4.80737E5	7.64244E5	2.62726E5	1.60252E5	9.66069E4	6.46907E4	8.35366E6	2.71842E6	9058.5239	3779.36751
426	1.55621E6	1.41695E6	1.20807E6	1.00634E6	8.65202E5	8.19282E5	8.16291E5	8.10446E5	7.84101E5	7.32455E5	6.69766E5	5.82619E5	4.88878E5	7.22274E5	2.94765E5	1.70305E5	1.06218E5	6.6104E4	3.68005E6	7.01027E6	1.17504E4	3944.71299
428	1.5352E6	1.42745E6	1.22326E6	1.02132E6	8.75354E5	8.30208E5	8.12733E5	8.15576E5	7.86818E5	7.4284E5	6.76684E5	5.93876E5	5.03282E5	6.43502E5	3.53692E5	1.84867E5	1.15682E5	6.86391E4	8.75653E5	1.08342E7	1.79178E4	4596.78191
430	1.56004E6	1.44474E6	1.23156E6	1.03564E6	8.81343E5	8.29961E5	8.13362E5	8.13957E5	7.89072E5	7.45165E5	6.88453E5	6.0568E5	5.14057E5	5.57355E5	4.26621E5	1.92891E5	1.23859E5	7.3408E4	1.07801E5	1.22536E7	3.94729E4	4867.9765
432	1.58568E6	1.46352E6	1.27305E6	1.04493E6	8.99711E5	8.27373E5	8.18788E5	8.16426E5	7.92454E5	7.5574E5	6.9495E5	6.09949E5	5.2582E5	4.99301E5	5.21878E5	2.03464E5	1.33357E5	7.93652E4	6.48128E4	1.08417E7	5.24477E5	5808.76509
434	1.55405E6	1.46392E6	1.28154E6	1.04992E6	9.01697E5	8.34325E5	8.10094E5	8.12005E5	7.94128E5	7.53952E5	7.01319E5	6.23518E5	5.3648E5	4.72796E5	6.04918E5	2.16709E5	1.43652E5	8.67005E4	6.1307E4	7.14944E6	2.60687E6	7771.80223
436	1.58286E6	1.46426E6	1.28709E6	1.07816E6	9.12735E5	8.34369E5	8.18477E5	8.06597E5	7.9137E5	7.56547E5	7.11435E5	6.3053E5	5.42837E5	4.67341E5	6.49782E5	2.33647E5	1.52068E5	9.39255E4	6.04708E4	3.07578E6	6.29853E6	1.01648E4
438	1.60548E6	1.47521E6	1.2909E6	1.08252E6	9.18783E5	8.3658E5	8.08453E5	8.08913E5	7.92901E5	7.54135E5	7.09076E5	6.38475E5	5.49155E5	4.7368E5	6.45712E5	2.53438E5	1.61672E5	1.03373E5	6.26902E4	7.16514E5	9.85815E6	1.50818E4
440	1.60405E6	1.44455E6	1.30359E6	1.09561E6	9.10785E5	8.41139E5	8.16518E5	7.99049E5	7.89237E5	7.59685E5	7.14821E5	6.41229E5	5.61351E5	4.7827E5	6.02816E5	2.88813E5	1.71443E5	1.10013E5	6.7825E4	9.04732E4	1.13559E7	2.83326E4
442	1.60787E6	1.46213E6	1.30227E6	1.10389E6	9.30364E5	8.3605E5	8.04587E5	7.98173E5	7.81825E5	7.57347E5	7.16367E5	6.45477E5	5.67903E5	4.88536E5	5.37981E5	3.37486E5	1.81217E5	1.18256E5	7.29468E4	6.10218E4	1.0216E7	3.10628E5
444	1.5595E6	1.48471E6	1.31095E6	1.09863E6	9.2749E5	8.37341E5	7.97514E5	7.8873E5	7.7881E5	7.53603E5	7.15265E5	6.49253E5	5.74513E5	4.95514E5	4.73209E5	4.04746E5	1.89388E5	1.24187E5	7.84757E4	5.8415E4	6.88324E6	1.79626E6
446	1.59228E6	1.47033E6	1.32253E6	1.12059E6	9.33932E5	8.31698E5	7.95636E5	7.89058E5	7.79135E5	7.53967E5	7.1744E5	6.55382E5	5.79535E5	5.0407E5	4.35181E5	4.76195E5	1.99875E5	1.32756E5	8.52302E4	5.75747E4	2.99436E6	5.22825E6
448	1.53975E6	1.4873E6	1.31636E6	1.11654E6	9.29619E5	8.3893E5	7.86891E5	7.84359E5	7.75995E5	7.52351E5	7.16866E5	6.58335E5	5.87761E5	5.06566E5	4.15964E5	5.31455E5	2.11394E5	1.41086E5	9.24654E4	6.06944E4	7.30261E5	8.87632E6
450	1.57407E6	1.47448E6	1.32812E6	1.12376E6	9.4415E5	8.32514E5	7.91517E5	7.80511E5	7.73485E5	7.52335E5	7.21716E5	6.58458E5	5.94548E5	5.17924E5	4.13655E5	5.64841E5	2.27778E5	1.50851E5	1.00994E5	6.40492E4	9.6372E4	1.07064E7
452	1.57283E6	1.47564E6	1.33598E6	1.12653E6	9.46723E5	8.36165E5	7.88512E5	7.74621E5	7.65594E5	7.49614E5	7.18517E5	6.57971E5	5.92539E5	5.24764E5	4.18957E5	5.51499E5	2.48441E5	1.58024E5	1.0672E5	6.87553E4	5.69482E4	9.88458E6
454	1.54116E6	1.45719E6	1.32173E6	1.13312E6	9.36586E5	8.18534E5	7.81187E5	7.61857E5	7.54882E5	7.38564E5	7.16305E5	6.56743E5	5.97657E5	5.29434E5	4.21214E5	5.07726E5	2.84143E5	1.66156E5	1.13733E5	7.3004E4	5.308E4	6.79009E6
456	1.52272E6	1.47513E6	1.31743E6	1.1202E6	9.29619E5	8.20897E5	7.73069E5	7.58747E5	7.49197E5	7.35143E5	7.09564E5	6.55502E5	5.97769E5	5.30598E5	4.29062E5	4.49481E5	3.30003E5	1.72987E5	1.2022E5	7.84171E4	5.22284E4	2.89886E6
458	1.52904E6	1.44363E6	1.32056E6	1.13116E6	9.5025E5	8.24957E5	7.68507E5	7.47163E5	7.40556E5	7.32563E5	7.06187E5	6.55299E5	5.9657E5	5.33647E5	4.33864E5	4.03202E5	3.89729E5	1.80324E5	1.25807E5	8.39575E4	5.48025E4	6.91413E5
460	1.49025E6	1.47263E6	1.30808E6	1.12851E6	9.40501E5	8.19435E5	7.5946E5	7.47804E5	7.31679E5	7.2404E5	6.9603E5	6.5503E5	5.99083E5	5.37798E5	4.37762E5	3.74187E5	4.41147E5	1.89125E5	1.32271E5	8.92092E4	5.64558E4	8.91782E4
462	1.4752E6	1.46032E6	1.30587E6	1.1301E6	9.3298E5	8.13352E5	7.52636E5	7.36189E5	7.3082E5	7.13692E5	6.94052E5	6.48412E5	5.978E5	5.41031E5	4.39049E5	3.58248E5	4.75846E5	1.97842E5	1.39273E5	9.62843E4	6.16606E4	5.16132E4
464	1.48374E6	1.43988E6	1.31337E6	1.11749E6	9.37036E5	8.11888E5	7.39851E5	7.21771E5	7.12459E5	7.00287E5	6.86444E5	6.44169E5	5.94788E5	5.42666E5	4.46146E5	3.59136E5	4.8372E5	2.10163E5	1.45096E5	1.0043E5	6.24969E4	4.77378E4
466	1.50718E6	1.43431E6	1.28319E6	1.11315E6	9.281E5	8.10193E5	7.38927E5	7.1158E5	7.08751E5	6.98777E5	6.76036E5	6.4201E5	5.90372E5	5.44086E5	4.50402E5	3.5947E5	4.59227E5	2.31687E5	1.50192E5	1.05812E5	6.71386E4	4.75861E4
468	1.68638E6	1.38671E6	1.29585E6	1.11406E6	9.30976E5	7.92412E5	7.31442E5	7.07161E5	6.94876E5	6.93871E5	6.73299E5	6.34615E5	5.93293E5	5.44672E5	4.48431E5	3.61641E5	4.1924E5	2.60648E5	1.55859E5	1.1023E5	7.25397E4	4.90416E4
470	2.29396E6	1.41139E6	1.2883E6	1.09803E6	9.26588E5	7.95461E5	7.25754E5	6.98243E5	6.83609E5	6.83851E5	6.62587E5	6.32119E5	5.85764E5	5.45681E5	4.48963E5	3.64075E5	3.73372E5	3.04016E5	1.60694E5	1.15882E5	7.6318E4	4.90353E4
472	3.81834E6	1.37225E6	1.2661E6	1.10074E6	9.22887E5	7.95733E5	7.15433E5	6.92132E5	6.78295E5	6.72655E5	6.56372E5	6.26085E5	5.85782E5	5.3988E5	4.55382E5	3.66624E5	3.37547E5	3.46204E5	1.65185E5	1.19131E5	7.98195E4	5.10702E4
474	6.30809E6	1.36515E6	1.26004E6	1.11588E6	9.11918E5	7.85303E5	7.06685E5	6.80974E5	6.70669E5	6.63275E5	6.47881E5	6.15618E5	5.85201E5	5.40929E5	4.52665E5	3.68253E5	3.15936E5	3.89171E5	1.70508E5	1.23349E5	8.38337E4	5.41165E4
476	1.00378E7	1.35973E6	1.2367E6	1.09945E6	9.06798E5	7.74806E5	7.0516E5	6.75173E5	6.59257E5	6.50846E5	6.37687E5	6.1094E5	5.71558E5	5.39531E5	4.50851E5	3.68139E5	3.08044E5	4.13897E5	1.79548E5	1.27841E5	8.86147E4	5.73645E4
478	1.46276E7	1.33125E6	1.2292E6	1.08179E6	9.02119E5	7.70798E5	6.8962E5	6.58357E5	6.52306E5	6.38587E5	6.28821E5	6.00607E5	5.70207E5	5.32344E5	4.48886E5	3.69446E5	3.04687E5	4.13171E5	1.89868E5	1.31468E5	9.27922E4	6.02295E4
480	1.89302E7	1.32726E6	1.22164E6	1.0668E6	8.93636E5	7.58937E5	6.82603E5	6.49141E5	6.35327E5	6.30709E5	6.19962E5	5.92153E5	5.6244E5	5.2798E5	4.46031E5	3.68684E5	3.05419E5	3.86478E5	2.07133E5	1.35283E5	9.56943E4	6.34093E4
482	2.10341E7	1.30649E6	1.20434E6	1.05638E6	8.8888E5	7.42812E5	6.75991E5	6.37805E5	6.24016E5	6.22075E5	6.05805E5	5.82077E5	5.55503E5	5.23483E5	4.45379E5	3.68162E5	3.06455E5	3.48674E5	2.3566E5	1.37324E5	9.93347E4	6.77042E4
484	2.04741E7	1.30099E6	1.19434E6	1.04328E6	8.72842E5	7.48267E5	6.60195E5	6.2986E5	6.12488E5	6.10247E5	5.96284E5	5.7332E5	5.47061E5	5.18154E5	4.38404E5	3.67558E5	3.05246E5	3.06338E5	2.7438E5	1.41837E5	1.03116E5	7.0363E4
486	1.73413E7	1.29527E6	1.15055E6	1.02226E6	8.6088E5	7.31672E5	6.48462E5	6.19973E5	6.01021E5	5.95834E5	5.90215E5	5.60647E5	5.41125E5	5.0808E5	4.40542E5	3.69067E5	3.04344E5	2.79549E5	3.10287E5	1.45566E5	1.05724E5	7.36913E4
488	1.2728E7	1.60441E6	1.1713E6	1.02141E6	8.49412E5	7.24441E5	6.46644E5	6.11631E5	5.90422E5	5.8365E5	5.75834E5	5.52813E5	5.32262E5	5.0128E5	4.34582E5	3.65342E5	3.03234E5	2.61953E5	3.36304E5	1.50477E5	1.06878E5	7.74462E4
490	7.72361E6	2.6608E6	1.1484E6	9.95613E5	8.51662E5	7.13358E5	6.39038E5	6.01732E5	5.83936E5	5.77533E5	5.67558E5	5.45314E5	5.24736E5	4.98637E5	4.30015E5	3.64595E5	3.03522E5	2.54963E5	3.50638E5	1.58337E5	1.09809E5	7.80787E4
492	3.99102E6	4.88146E6	1.1248E6	9.90177E5	8.35418E5	7.03008E5	6.25035E5	5.83521E5	5.71587E5	5.63079E5	5.56407E5	5.34776E5	5.14886E5	4.93179E5	4.26888E5	3.63679E5	3.00882E5	2.52803E5	3.47759E5	1.68321E5	1.13305E5	8.18123E4
494	2.00734E6	8.57478E6	1.10901E6	9.85591E5	8.19856E5	7.02114E5	6.17149E5	5.73472E5	5.61371E5	5.50232E5	5.44873E5	5.24481E5	5.07415E5	4.81891E5	4.18827E5	3.58396E5	3.0231E5	2.50953E5	3.20494E5	1.86798E5	1.15858E5	8.45888E4
496	1.42967E6	1.35996E7	1.08633E6	9.60078E5	8.14436E5	6.86054E5	6.07876E5	5.70809E5	5.47538E5	5.41661E5	5.33878E5	5.1375E5	4.98212E5	4.79375E5	4.18341E5	3.54103E5	3.00873E5	2.49786E5	2.87207E5	2.11783E5	1.18568E5	8.52306E4
498	1.29972E6	1.89776E7	1.08757E6	9.51313E5	8.00303E5	6.81421E5	5.95392E5	5.54511E5	5.38614E5	5.30571E5	5.23736E5	5.062E5	4.92045E5	4.71695E5	4.11604E5	3.51763E5	2.99573E5	2.48421E5	2.55802E5	2.40267E5	1.18541E5	8.68445E4
500	1.26312E6	2.3254E7	1.07477E6	9.32814E5	7.98796E5	6.72916E5	5.86404E5	5.4819E5	5.30467E5	5.19852E5	5.12667E5	4.97271E5	4.79183E5	4.66101E5	4.03227E5	3.47381E5	2.96639E5	2.49832E5	2.30086E5	2.65147E5	1.21868E5	8.92248E4
502	1.2883E6	2.51646E7	1.05689E6	9.2897E5	7.91364E5	6.55542E5	5.80426E5	5.37552E5	5.16079E5	5.06368E5	5.01548E5	4.90031E5	4.73742E5	4.57739E5	4.0068E5	3.44525E5	2.9324E5	2.4498E5	2.18464E5	2.88693E5	1.27015E5	9.1432E4
504	1.25123E6	2.40284E7	1.05449E6	9.21774E5	7.71014E5	6.51074E5	5.70057E5	5.3124E5	5.09868E5	5.02476E5	4.92467E5	4.78202E5	4.64906E5	4.48428E5	3.92612E5	3.44167E5	2.90797E5	2.45921E5	2.09712E5	2.95802E5	1.30473E5	9.42057E4
506	1.17367E6	1.989E7	1.10312E6	9.12666E5	7.63708E5	6.42494E5	5.71549E5	5.19213E5	4.96938E5	4.8808E5	4.84234E5	4.66371E5	4.56716E5	4.441E5	3.90952E5	3.38489E5	2.89073E5	2.42515E5	2.08654E5	2.87154E5	1.41905E5	9.57866E4
508	1.2176E6	1.44963E7	1.4429E6	8.85054E5	7.52078E5	6.25359E5	5.51777E5	5.12723E5	4.91542E5	4.83096E5	4.7131E5	4.5951E5	4.4569E5	4.35922E5	3.84282E5	3.3327E5	2.8414E5	2.43255E5	2.04727E5	2.66713E5	1.56727E5	9.59417E4
510	1.1827E6	8.55757E6	2.83603E6	8.68219E5	7.34642E5	6.17759E5	5.3958E5	5.00832E5	4.77914E5	4.68752E5	4.58944E5	4.45138E5	4.35623E5	4.27437E5	3.78451E5	3.30378E5	2.82957E5	2.40368E5	2.03717E5	2.37651E5	1.76827E5	9.77179E4
512	1.33333E6	3.97388E6	5.96297E6	8.62375E5	7.3249E5	6.16135E5	5.3575E5	4.8909E5	4.66485E5	4.5839E5	4.49604E5	4.34939E5	4.24028E5	4.1833E5	3.68139E5	3.19403E5	2.82233E5	2.3874E5	2.00785E5	2.08176E5	1.97757E5	9.99184E4
514	1.43251E6	1.83147E6	1.05119E7	8.44431E5	7.0456E5	5.96967E5	5.2831E5	4.78097E5	4.59595E5	4.47674E5	4.3711E5	4.25587E5	4.19097E5	4.07343E5	3.6184E5	3.19626E5	2.78445E5	2.34012E5	2.00275E5	1.86139E5	2.18718E5	1.01359E5
516	1.67177E6	1.18947E6	1.62874E7	8.35853E5	6.95731E5	5.86128E5	5.19159E5	4.71859E5	4.47719E5	4.33914E5	4.30773E5	4.15691E5	4.09971E5	3.98172E5	3.5623E5	3.13254E5	2.72424E5	2.3594E5	1.97437E5	1.77068E5	2.35018E5	1.03539E5
518	2.07646E6	1.12016E6	2.25128E7	8.20501E5	6.89845E5	5.76225E5	5.12027E5	4.59204E5	4.36883E5	4.2775E5	4.18834E5	4.07852E5	4.02966E5	3.92488E5	3.52154E5	3.06442E5	2.68222E5	2.29995E5	1.95802E5	1.6791E5	2.39888E5	1.09534E5
520	2.44123E6	1.07125E6	2.74651E7	8.14301E5	6.72517E5	5.72087E5	4.95491E5	4.51002E5	4.28505E5	4.17765E5	4.0538E5	3.96932E5	3.91105E5	3.84602E5	3.4299E5	3.01523E5	2.64226E5	2.27415E5	1.92152E5	1.64812E5	2.32342E5	1.17263E5
522	2.71264E6	1.01879E6	2.90216E7	8.04435E5	6.71823E5	5.65908E5	4.87383E5	4.42199E5	4.23244E5	4.0925E5	4.01419E5	3.90362E5	3.81702E5	3.7913E5	3.34763E5	2.94577E5	2.60523E5	2.24592E5	1.916E5	1.64783E5	2.14341E5	1.26951E5
524	2.92542E6	9.79776E5	2.69116E7	7.994E5	6.48566E5	5.54706E5	4.77971E5	4.37029E5	4.10145E5	3.98581E5	3.88982E5	3.81853E5	3.73285E5	3.67248E5	3.32332E5	2.90759E5	2.53859E5	2.21873E5	1.89644E5	1.61063E5	1.90891E5	1.4371E5
526	3.00104E6	9.5027E5	2.21397E7	8.34716E5	6.46499E5	5.36821E5	4.65078E5	4.21059E5	4.06057E5	3.90645E5	3.77631E5	3.72585E5	3.62888E5	3.6048E5	3.23698E5	2.86349E5	2.51234E5	2.15864E5	1.8662E5	1.6095E5	1.69118E5	1.60924E5
528	2.82098E6	9.2711E5	1.58932E7	1.25827E6	6.27498E5	5.30383E5	4.56216E5	4.15385E5	3.9108E5	3.82211E5	3.73961E5	3.63468E5	3.56027E5	3.50041E5	3.16104E5	2.79953E5	2.46981E5	2.14861E5	1.83961E5	1.57909E5	1.51105E5	1.7856E5
530	2.45786E6	9.1186E5	9.18481E6	2.88087E6	6.18368E5	5.18068E5	4.4701E5	4.11639E5	3.85766E5	3.70754E5	3.61473E5	3.53194E5	3.49048E5	3.39412E5	3.09922E5	2.73494E5	2.43102E5	2.10526E5	1.80868E5	1.56309E5	1.372E5	1.92735E5
532	2.06811E6	9.54826E5	4.17237E6	6.39595E6	6.08983E5	5.12186E5	4.40669E5	3.9774E5	3.77421E5	3.61951E5	3.59027E5	3.43557E5	3.36839E5	3.35681E5	3.01661E5	2.65346E5	2.38698E5	2.08099E5	1.79934E5	1.54686E5	1.31026E5	1.92782E5
534	1.65826E6	1.01798E6	1.61248E6	1.18234E7	6.04641E5	5.00433E5	4.2923E5	3.91705E5	3.68995E5	3.49597E5	3.44063E5	3.37304E5	3.28314E5	3.24754E5	2.91646E5	2.62192E5	2.30594E5	2.03641E5	1.78506E5	1.50236E5	1.27733E5	1.91403E5
536	1.32637E6	1.1767E6	9.42915E5	1.83833E7	5.90865E5	4.85201E5	4.20257E5	3.78165E5	3.57838E5	3.43496E5	3.32449E5	3.2688E5	3.21874E5	3.1464E5	2.86575E5	2.55991E5	2.27234E5	1.98946E5	1.74467E5	1.49476E5	1.25441E5	1.75736E5
538	1.00164E6	1.44112E6	8.77387E5	2.48015E7	5.87603E5	4.7704E5	4.10217E5	3.70268E5	3.49209E5	3.37777E5	3.24594E5	3.15055E5	3.09915E5	3.07765E5	2.79987E5	2.49763E5	2.23144E5	1.977E5	1.70052E5	1.47745E5	1.24057E5	1.53185E5
540	8.7159E5	1.77493E6	8.18212E5	2.92084E7	5.65425E5	4.66222E5	4.00219E5	3.66224E5	3.39394E5	3.23358E5	3.1866E5	3.09075E5	2.9884E5	3.01034E5	2.71617E5	2.4326E5	2.17294E5	1.90566E5	1.68177E5	1.44304E5	1.19577E5	1.32363E5
542	8.07388E5	2.11627E6	7.89526E5	3.0001E7	5.66382E5	4.62583E5	3.9662E5	3.54872E5	3.28026E5	3.18389E5	3.0673E5	3.02821E5	2.96306E5	2.91915E5	2.63594E5	2.36511E5	2.12917E5	1.88619E5	1.64613E5	1.42147E5	1.21017E5	1.15853E5
544	7.2098E5	2.55262E6	7.46105E5	2.70793E7	5.65747E5	4.47141E5	3.86559E5	3.41102E5	3.18605E5	3.1014E5	3.01907E5	2.92794E5	2.83769E5	2.86026E5	2.59069E5	2.30593E5	2.07478E5	1.81959E5	1.59848E5	1.39878E5	1.173E5	1.06288E5
546	7.55017E5	2.84737E6	7.40935E5	2.16702E7	6.28696E5	4.35358E5	3.74966E5	3.37793E5	3.16277E5	3.04297E5	2.92667E5	2.81706E5	2.83577E5	2.77106E5	2.50623E5	2.2521E5	1.9912E5	1.79253E5	1.57425E5	1.34805E5	1.16221E5	1.01206E5
548	7.39063E5	3.03559E6	7.23014E5	1.48997E7	1.21251E6	4.29891E5	3.66779E5	3.31149E5	3.06403E5	2.94353E5	2.85524E5	2.72611E5	2.70845E5	2.70095E5	2.46689E5	2.20502E5	1.96497E5	1.75512E5	1.53129E5	1.35194E5	1.12262E5	9.74752E4
550	7.14991E5	2.95896E6	6.88437E5	8.4332E6	3.12895E6	4.21975E5	3.5833E5	3.25575E5	2.97041E5	2.83733E5	2.76529E5	2.68497E5	2.65942E5	2.6153E5	2.39094E5	2.13197E5	1.9067E5	1.73704E5	1.4968E5	1.31845E5	1.12318E5	9.3668E4
552	6.5575E5	2.6443E6	6.72831E5	3.68545E6	7.15903E6	4.1831E5	3.51725E5	3.13665E5	2.92144E5	2.79095E5	2.68812E5	2.61481E5	2.56684E5	2.54774E5	2.3481E5	2.08984E5	1.87744E5	1.66846E5	1.48263E5	1.27894E5	1.09008E5	9.385E4
554	6.53676E5	2.27978E6	6.82703E5	1.36543E6	1.30125E7	4.13066E5	3.4429E5	3.05991E5	2.81771E5	2.71711E5	2.66364E5	2.57162E5	2.51153E5	2.4504E5	2.24583E5	2.04524E5	1.83906E5	1.62102E5	1.44075E5	1.2878E5	1.05622E5	9.25701E4
556	6.46078E5	1.8591E6	7.12641E5	7.3942E5	1.96616E7	4.04615E5	3.404E5	3.00324E5	2.76703E5	2.64354E5	2.53929E5	2.48341E5	2.41503E5	2.40979E5	2.1806E5	1.95169E5	1.79389E5	1.613E5	1.41834E5	1.24706E5	1.0506E5	9.09662E4
558	6.46052E5	1.4188E6	8.13157E5	6.55289E5	2.61559E7	3.97224E5	3.33342E5	2.97121E5	2.68884E5	2.5947E5	2.48987E5	2.42627E5	2.37132E5	2.33663E5	2.15707E5	1.91091E5	1.74456E5	1.56525E5	1.3867E5	1.20623E5	1.02662E5	8.77126E4
560	6.35646E5	1.05502E6	1.00047E6	6.26336E5	3.04475E7	3.9354E5	3.21874E5	2.85137E5	2.61823E5	2.52167E5	2.43026E5	2.3702E5	2.3196E5	2.26102E5	2.08604E5	1.87211E5	1.70484E5	1.51319E5	1.34022E5	1.19703E5	1.02178E5	8.73256E4
562	6.17874E5	8.07153E5	1.2947E6	5.87593E5	3.12622E7	4.00335E5	3.16841E5	2.8291E5	2.55507E5	2.42438E5	2.3754E5	2.27752E5	2.24319E5	2.2494E5	2.00425E5	1.83297E5	1.64474E5	1.50191E5	1.31745E5	1.16949E5	9.90422E4	8.28842E4
564	5.95178E5	6.44633E5	1.64702E6	5.7368E5	2.80355E7	4.03276E5	3.12872E5	2.7509E5	2.51124E5	2.35202E5	2.2526E5	2.21705E5	2.16321E5	2.12872E5	1.95643E5	1.76519E5	1.59803E5	1.44337E5	1.29796E5	1.13695E5	9.8266E4	8.28097E4
566	5.87459E5	5.94511E5	2.01693E6	5.582E5	2.22708E7	4.72802E5	3.03768E5	2.64565E5	2.46785E5	2.31266E5	2.24039E5	2.13588E5	2.11959E5	2.06096E5	1.91901E5	1.71526E5	1.56184E5	1.39537E5	1.27149E5	1.09487E5	9.58249E4	8.06987E4
568	5.54798E5	5.33563E5	2.37999E6	5.35588E5	1.50919E7	1.13099E6	2.93981E5	2.55372E5	2.38068E5	2.24184E5	2.16626E5	2.09196E5	2.03963E5	2.03395E5	1.86936E5	1.67704E5	1.51065E5	1.35549E5	1.23039E5	1.05638E5	9.23268E4	7.80672E4
570	5.4313E5	5.22115E5	2.63632E6	5.29525E5	8.25759E6	3.38869E6	2.92866E5	2.57735E5	2.36264E5	2.16389E5	2.07832E5	1.99969E5	1.99838E5	1.9785E5	1.7907E5	1.65047E5	1.4701E5	1.32553E5	1.19568E5	1.05864E5	8.87463E4	7.68053E4
572	5.64764E5	5.21219E5	2.74146E6	5.11291E5	3.48164E6	7.7727E6	2.92761E5	2.45919E5	2.26708E5	2.08476E5	2.03447E5	1.9469E5	1.96127E5	1.86509E5	1.75254E5	1.56343E5	1.44809E5	1.29294E5	1.14846E5	1.02765E5	8.89073E4	7.52918E4
574	5.44923E5	4.70087E5	2.56059E6	5.11514E5	1.1752E6	1.39907E7	2.75977E5	2.41683E5	2.19159E5	2.0759E5	1.97393E5	1.9202E5	1.87743E5	1.83788E5	1.69528E5	1.55519E5	1.38929E5	1.25832E5	1.11804E5	1.00464E5	8.61769E4	7.3576E4
576	5.61206E5	5.05127E5	2.31142E6	4.98186E5	5.87306E5	2.07635E7	2.81447E5	2.36568E5	2.16664E5	1.98268E5	1.92578E5	1.8369E5	1.80637E5	1.7886E5	1.61977E5	1.50193E5	1.36848E5	1.21989E5	1.08397E5	9.76915E4	8.35683E4	7.1259E4
578	5.66718E5	4.78186E5	1.93062E6	5.03692E5	5.23423E5	2.69972E7	2.73789E5	2.29322E5	2.05169E5	1.9371E5	1.88198E5	1.80435E5	1.71985E5	1.71007E5	1.55837E5	1.45731E5	1.31245E5	1.19623E5	1.07192E5	9.38928E4	8.2148E4	6.93976E4
580	5.08327E5	4.45695E5	1.55014E6	5.53705E5	4.87747E5	3.11273E7	2.64749E5	2.21617E5	2.01404E5	1.91078E5	1.82239E5	1.75666E5	1.68927E5	1.67593E5	1.53497E5	1.41533E5	1.26407E5	1.15743E5	1.03591E5	9.23536E4	7.93937E4	6.80335E4
582	5.11612E5	4.44451E5	1.15501E6	6.79275E5	4.73449E5	3.149E7	2.75382E5	2.18594E5	1.96308E5	1.83232E5	1.78304E5	1.66625E5	1.64664E5	1.62009E5	1.4827E5	1.3557E5	1.22001E5	1.12197E5	1.00444E5	8.76225E4	7.7614E4	6.73728E4
584	5.07962E5	4.44875E5	8.52883E5	8.67724E5	4.68358E5	2.78161E7	2.79731E5	2.15791E5	1.93271E5	1.77741E5	1.70372E5	1.63214E5	1.59896E5	1.5891E5	1.43175E5	1.31653E5	1.21883E5	1.09188E5	9.93588E4	8.7445E4	7.58557E4	6.35988E4
586	4.86674E5	4.42615E5	6.44752E5	1.13629E6	4.53097E5	2.161E7	3.45099E5	2.14742E5	1.89092E5	1.75866E5	1.65522E5	1.5745E5	1.57288E5	1.53387E5	1.36847E5	1.27291E5	1.16564E5	1.0456E5	9.59459E4	8.30129E4	7.53111E4	6.37713E4
588	5.07416E5	4.66279E5	5.2146E5	1.46924E6	4.59329E5	1.42394E7	9.78678E5	2.08909E5	1.8217E5	1.69156E5	1.61079E5	1.55247E5	1.48558E5	1.44889E5	1.33696E5	1.23277E5	1.11803E5	1.02723E5	9.39042E4	8.48515E4	7.2794E4	6.16613E4
590	4.92715E5	4.27305E5	4.78778E5	1.82909E6	4.50983E5	7.39974E6	3.33453E6	2.00109E5	1.76792E5	1.66319E5	1.56677E5	1.48948E5	1.44616E5	1.45536E5	1.32363E5	1.18719E5	1.06072E5	1.00565E5	8.93784E4	8.00528E4	7.03053E4	5.91521E4
592	5.03966E5	4.09293E5	4.35357E5	2.1543E6	4.41806E5	2.82947E6	8.1036E6	2.04384E5	1.71354E5	1.57071E5	1.49664E5	1.43476E5	1.40558E5	1.38748E5	1.26582E5	1.14757E5	1.03242E5	9.78595E4	8.6434E4	7.65691E4	6.65068E4	5.70248E4
594	4.71385E5	3.93414E5	4.13612E5	2.33348E6	4.39749E5	8.85297E5	1.46225E7	1.97907E5	1.72748E5	1.5488E5	1.45667E5	1.39704E5	1.35547E5	1.34381E5	1.23852E5	1.09356E5	1.02612E5	9.2656E4	8.48432E4	7.49968E4	6.50073E4	5.56956E4
596	4.87485E5	4.00793E5	4.15688E5	2.38968E6	4.38075E5	4.43103E5	2.18683E7	1.95899E5	1.65436E5	1.47877E5	1.44419E5	1.35273E5	1.32343E5	1.28208E5	1.20018E5	1.08503E5	9.86327E4	8.9706E4	8.10281E4	7.25263E4	6.27414E4	5.45494E4
598	4.95407E5	4.14692E5	4.0084E5	2.31388E6	4.39892E5	3.93333E5	2.81559E7	1.96291E5	1.60362E5	1.46629E5	1.42228E5	1.29083E5	1.27614E5	1.2754E5	1.1576E5	1.06767E5	9.51755E4	8.74376E4	7.9875E4	7.29656E4	6.12953E4	5.34382E4
600	4.57992E5	3.91289E5	3.9287E5	2.05295E6	4.34943E5	3.68743E5	3.18691E7	1.9772E5	1.59688E5	1.44922E5	1.35155E5	1.28582E5	1.26493E5	1.23349E5	1.1261E5	1.03862E5	9.29402E4	8.51992E4	7.71534E4	6.86228E4	5.91873E4	5.22747E4
