300	2.28018E5	1.55177E5	1.87944E5	2.5743E6	4.132E5	3.03939E5	2.58341E7	1.07781E5	1.53033E4	1.02843E4	6288.84315	5244.76672	4376.83178	3584.56196	3292.07231	2516.95095	2093.25503	1925.70045	1888.61178	1473.27896	1291.80816	1436.83942
302	2.54334E5	1.77576E5	1.98842E5	1.75055E6	7.26439E5	2.30483E5	2.24412E7	1.17986E6	1.79094E4	1.0153E4	6781.98366	5141.9367	4704.21318	3746.98704	3199.60533	2593.74176	2327.31857	1841.14044	2098.6441	1600.44394	1264.0587	1245.11249
304	2.72118E5	1.83068E5	2.01569E5	1.02847E6	1.29154E6	2.17127E5	1.43095E7	5.09185E6	2.14517E4	1.03481E4	6817.56306	4698.78454	4352.75405	3608.33206	3030.81347	2663.84438	2119.57853	2001.55799	1576.062	1732.42069	1366.97998	1387.44593
306	2.75902E5	1.92437E5	2.11398E5	5.83979E5	2.01163E6	2.23436E5	6.18068E6	1.27331E7	2.47307E4	1.10569E4	7353.60119	4883.43474	4581.27048	3528.3301	2994.90668	2686.94106	2394.98104	1734.01926	1730.50012	1751.7033	1317.85125	1164.81525
308	2.93579E5	2.01839E5	2.36381E5	3.90212E5	2.65745E6	2.35953E5	1.57896E6	2.14098E7	3.62787E4	1.15868E4	8253.5227	5649.48489	4268.24236	4071.43823	2792.6129	2272.91459	2046.87166	2129.93148	2075.73883	2107.04689	1137.52191	1199.67711
310	3.25813E5	2.19949E5	2.44517E5	3.39006E5	2.82002E6	2.51741E5	2.62441E5	2.53936E7	1.04535E5	1.37682E4	7981.83161	5722.22968	4381.0482	3791.99303	3220.80696	2841.82945	2256.75032	1922.65155	1820.02921	1572.56093	1128.2661	1614.05577
312	3.37437E5	2.23242E5	2.54319E5	3.37048E5	2.4455E6	3.44432E5	1.62788E5	2.2172E7	1.17085E6	1.44804E4	8364.02778	5913.51219	4628.04118	3722.75292	3163.42601	2116.7059	2233.85034	2012.69631	1855.99492	1720.00529	1409.3743	1321.15133
314	3.29246E5	2.36676E5	2.65078E5	3.5182E5	1.7084E6	6.1005E5	1.51013E5	1.37865E7	5.39805E6	1.77643E4	8833.1521	5916.38131	4726.63473	4094.30622	3275.21922	2606.94596	2221.20401	2132.93912	1680.88708	1445.1295	1281.0305	1378.13298
316	3.66264E5	2.54738E5	2.89093E5	3.58192E5	1.05775E6	1.08638E6	1.504E5	5.61986E6	1.30798E7	2.20656E4	9058.86575	6588.53158	4711.75121	3989.37564	2728.3846	2796.56672	2253.77083	2326.48646	1634.43683	1546.20245	1510.20615	1156.42876
318	3.66342E5	2.54671E5	2.89816E5	3.59676E5	6.43016E5	1.71164E6	1.52455E5	1.36763E6	2.03262E7	3.20477E4	1.06338E4	7138.27551	4675.09709	3621.4027	2585.9543	2254.58683	1854.29255	2170.33501	1732.94214	1510.69792	1499.66012	1239.47391
320	3.63764E5	2.69702E5	3.14756E5	3.6426E5	4.68146E5	2.24627E6	1.5807E5	2.09461E5	2.30862E7	9.23131E4	1.14432E4	6899.76349	5692.94999	3735.96512	2959.18453	2762.49545	2235.7273	1705.4331	1609.29104	1614.75185	1306.14445	1190.01022
322	3.78005E5	2.82482E5	3.16595E5	3.8029E5	4.34077E5	2.35991E6	1.7668E5	1.2746E5	1.95101E7	9.98869E5	1.23129E4	7408.8023	5100.98624	3917.17129	3243.02254	2368.75376	2018.39004	1960.77063	1611.31029	1516.00486	1532.12003	1176.24175
324	3.67864E5	2.9552E5	3.23891E5	3.72067E5	4.18904E5	2.04649E6	2.49578E5	1.19111E5	1.18739E7	4.37146E6	1.50954E4	7267.84827	5009.32268	4171.68135	3272.18136	2931.23666	1901.88372	2053.0105	1833.00181	1345.86385	1608.83089	1094.68164
326	4.09371E5	3.13141E5	3.35149E5	3.94381E5	4.19611E5	1.47742E6	4.39971E5	1.2264E5	4.73049E6	1.06264E7	1.99262E4	8673.395	5237.41699	3919.67415	3082.17708	2634.2419	2187.1562	1869.51049	1964.72306	1673.80475	1097.60843	1565.01054
328	4.12584E5	3.14428E5	3.31993E5	3.93249E5	4.3769E5	9.62609E5	7.89653E5	1.25793E5	1.17377E6	1.68313E7	2.56765E4	8167.27004	5937.43152	4739.7953	3157.69444	2580.55883	1999.29951	1927.01677	1434.9343	1613.81334	1292.26352	1287.40267
330	4.20611E5	3.24356E5	3.65647E5	4.06815E5	4.41747E5	6.10943E5	1.29872E6	1.28855E5	1.86366E5	1.96998E7	7.29901E4	1.02629E4	6302.54595	4519.28103	3208.70391	2648.7893	2332.17139	1741.16042	1585.36876	1457.39795	1290.19344	1199.16044
332	4.43695E5	3.39807E5	3.57265E5	4.20591E5	4.33417E5	4.52072E5	1.74892E6	1.36066E5	1.20332E5	1.72349E7	8.09463E5	1.12013E4	5988.73846	4710.4962	3464.39453	2723.98566	2013.67916	1402.89869	1497.56925	1422.2157	1417.23227	1056.49086
334	4.87066E5	3.40319E5	3.82122E5	4.16756E5	4.37606E5	4.05431E5	1.93625E6	1.52687E5	1.0975E5	1.10332E7	3.65618E6	1.32688E4	6167.49658	5226.02076	3252.8651	2260.44542	2034.58356	1885.29571	1439.79189	1456.98054	1197.20189	1280.35755
336	4.78942E5	3.5694E5	3.65681E5	4.21137E5	4.52378E5	3.89007E5	1.78264E6	2.01673E5	1.13411E5	4.65403E6	9.0141E6	1.62562E4	6740.70379	4518.60763	3238.08646	2588.74963	1966.74217	1672.60611	1306.94566	1501.26073	1201.1151	1123.86741
338	5.01299E5	3.73095E5	3.82902E5	4.24687E5	4.50295E5	4.01521E5	1.37295E6	3.34393E5	1.16656E5	1.2714E6	1.42285E7	2.37328E4	7237.921	5402.53138	3298.9208	2701.52546	1821.22566	1988.83451	1502.78812	1329.22798	1461.82528	1238.92411
340	5.32341E5	4.00926E5	4.03041E5	4.33197E5	4.59345E5	4.05223E5	9.01025E5	6.06868E5	1.27883E5	1.93759E5	1.66755E7	6.1729E4	8037.39464	5175.15214	3531.56188	2387.91482	2016.50585	1488.28429	1434.53128	1355.21265	1158.48246	947.12861
342	5.65495E5	4.18191E5	3.95542E5	4.37131E5	4.71812E5	4.16166E5	5.78766E5	9.80097E5	1.29851E5	1.11295E5	1.4741E7	6.61334E5	9722.79227	5222.78775	3736.47586	2577.47036	1833.41793	1667.29769	1390.27985	1260.29304	1263.3653	976.29061
344	5.79401E5	4.01674E5	4.0083E5	4.28445E5	4.64123E5	4.2722E5	3.98146E5	1.37482E6	1.39896E5	1.05599E5	9.35702E6	3.26466E6	1.07215E4	5456.64833	3965.17504	2586.25054	1725.80494	1839.71238	1474.60952	1173.08768	1139.2806	1052.00877
346	5.72551E5	4.30567E5	4.21415E5	4.4331E5	4.6984E5	4.27074E5	3.54602E5	1.59232E6	1.58215E5	1.07369E5	4.0372E6	7.79531E6	1.34885E4	6138.51143	3698.98065	2753.32722	1998.04952	1715.21485	1782.68861	1383.15517	1237.61444	1220.41645
348	6.0105E5	4.65539E5	4.25174E5	4.39694E5	4.72913E5	4.42661E5	3.45831E5	1.53139E6	2.00481E5	1.16836E5	9.73975E5	1.24622E7	1.94709E4	6630.82198	3873.72468	3037.039	2023.34542	1858.82927	1587.39002	1230.50911	1119.89258	1178.67621
350	6.01674E5	4.72927E5	4.34795E5	4.48522E5	4.80163E5	4.55259E5	3.49975E5	1.23919E6	2.95309E5	1.27854E5	1.65563E5	1.41924E7	4.39427E4	7593.71759	3856.99827	2782.92443	2070.77501	1664.48531	1493.65173	1268.92697	1128.85661	1017.9199
352	6.48886E5	5.04968E5	4.55378E5	4.61772E5	4.77487E5	4.60493E5	3.6851E5	8.69012E5	4.96247E5	1.40336E5	1.07099E5	1.23066E7	5.44778E5	7917.8974	3911.88206	3206.35294	1770.32852	1626.92782	1282.47026	1178.00564	927.16604	1197.26849
354	6.5734E5	5.03961E5	4.65076E5	4.57225E5	4.82656E5	4.61932E5	3.80942E5	5.84231E5	7.72461E5	1.52077E5	1.05234E5	7.96214E6	2.51807E6	9587.14908	4088.77422	3057.8999	2025.36861	1755.31798	1275.87359	1359.30748	1197.07338	1119.48495
356	6.83276E5	5.37142E5	4.74255E5	4.71919E5	4.88943E5	4.6977E5	4.00199E5	4.2749E5	1.06951E6	1.64472E5	1.11968E5	3.38464E6	6.48958E6	1.21823E4	4680.74092	3152.62931	1997.03684	1639.93588	1358.08772	1212.0812	1226.1429	847.38469
358	7.11407E5	5.67892E5	4.86961E5	4.69125E5	4.93074E5	4.90229E5	4.15116E5	3.75E5	1.28388E6	1.8097E5	1.22138E5	8.87942E5	1.05739E7	1.86588E4	5257.96994	2979.98649	2191.89608	1556.85249	1302.61461	1288.91675	1012.27212	1003.89864
360	7.2872E5	5.90588E5	5.16939E5	4.94261E5	5.02137E5	4.91179E5	4.2898E5	3.69631E5	1.3092E6	2.11213E5	1.32407E5	1.54813E5	1.24644E7	4.08659E4	5672.91898	3076.19404	2440.97838	1593.99879	1513.67609	1276.36016	1140.76588	1026.04258
362	7.25894E5	6.26867E5	5.35432E5	4.97092E5	5.1216E5	5.0714E5	4.48996E5	3.82537E5	1.14941E6	2.71121E5	1.46145E5	1.02234E5	1.14222E7	4.4334E5	6678.79929	3354.25694	2549.52939	1791.68901	1409.80955	1192.17143	939.1776	977.54266
364	7.90283E5	6.42798E5	5.52631E5	5.13857E5	5.19388E5	5.20027E5	4.63961E5	3.98343E5	8.77599E5	3.93423E5	1.58413E5	9.88576E4	7.78204E6	2.28226E6	8226.01472	3762.21241	2551.64912	1942.87736	1405.22365	1117.31406	1128.42497	1130.35493
366	8.15499E5	6.71595E5	5.78673E5	5.29381E5	5.30977E5	5.2299E5	4.80879E5	4.17258E5	6.32009E5	6.07159E5	1.72282E5	1.04358E5	3.41984E6	6.09521E6	1.0465E4	3756.59404	2511.10992	1921.60964	1489.58739	1177.22878	1108.62869	1051.82444
368	8.29179E5	7.19659E5	5.94336E5	5.44033E5	5.34986E5	5.44317E5	5.03217E5	4.43573E5	4.86457E5	8.50971E5	1.87134E5	1.14785E5	9.19146E5	9.82119E6	1.61716E4	4723.21617	2656.06432	2036.68577	1339.13271	1374.8869	1097.37409	940.61354
370	8.82952E5	7.34293E5	6.30758E5	5.59006E5	5.51097E5	5.57341E5	5.23107E5	4.64076E5	4.25792E5	1.06855E6	2.0713E5	1.25045E5	1.42578E5	1.15328E7	3.98938E4	5227.23937	2739.9509	2108.90922	1594.84423	1284.02014	1105.33067	1057.9079
372	9.25123E5	7.80531E5	6.48657E5	5.7249E5	5.61959E5	5.68237E5	5.43139E5	4.8723E5	4.20432E5	1.13776E6	2.31849E5	1.39945E5	9.28458E4	1.0219E7	4.48712E5	5658.38661	2692.7755	2184.43989	1585.74835	1437.1242	1072.30232	1196.5914
374	9.37176E5	8.09398E5	6.70054E5	5.88328E5	5.76956E5	5.77671E5	5.63376E5	5.05287E5	4.35564E5	1.0544E6	2.80711E5	1.51631E5	9.2085E4	6.703E6	2.16148E6	6832.73264	3023.81117	2302.46606	1595.61912	1375.86145	1144.87685	1110.79414
376	9.9449E5	8.10283E5	6.94164E5	6.02649E5	5.88227E5	5.96308E5	5.76906E5	5.29771E5	4.49672E5	8.75481E5	3.67456E5	1.64077E5	9.5598E4	2.94501E6	5.35352E6	9082.38373	3191.64962	2237.99378	1788.06442	1331.06573	1123.56906	1034.95436
378	9.95301E5	8.88613E5	7.22481E5	6.25621E5	5.95344E5	6.08832E5	6.01176E5	5.49913E5	4.73605E5	6.77697E5	5.20687E5	1.80265E5	1.02789E5	7.34957E5	8.6291E6	1.40136E4	3507.16472	2394.46744	1752.85945	1278.20233	1240.14873	1003.50243
380	1.04512E6	9.05466E5	7.56751E5	6.39383E5	6.13862E5	6.25669E5	6.26986E5	5.7372E5	4.9333E5	5.35423E5	7.0995E5	1.96825E5	1.13159E5	1.24492E5	9.86391E6	3.14122E4	4394.88638	2437.27452	1929.61694	1644.82473	1202.2358	997.70043
382	1.07954E6	9.31549E5	7.84841E5	6.62314E5	6.34853E5	6.4912E5	6.4464E5	6.02372E5	5.14024E5	4.80487E5	8.94319E5	2.12122E5	1.26535E5	8.69787E4	8.84197E6	3.49606E5	4871.23934	2577.01375	1936.68153	1237.30822	1201.91514	1089.99697
384	1.17385E6	1.01197E6	8.18876E5	6.89454E5	6.52682E5	6.67373E5	6.71058E5	6.32078E5	5.43491E5	4.69043E5	1.00775E6	2.34678E5	1.40141E5	8.59858E4	5.86799E6	1.79165E6	5929.85224	2938.57814	1956.7001	1517.72626	1228.62388	1284.38888
386	1.14514E6	1.03316E6	8.53013E5	7.18935E5	6.80318E5	6.88124E5	6.93554E5	6.57983E5	5.67276E5	4.80823E5	9.95108E5	2.68288E5	1.54908E5	8.983E4	2.5151E6	4.81341E6	8603.38008	3019.58536	2184.06823	1714.33123	1202.3977	1250.11285
388	1.21366E6	1.05136E6	8.77746E5	7.37458E5	6.92004E5	7.00187E5	7.04063E5	6.76464E5	5.91847E5	4.96427E5	8.85458E5	3.34586E5	1.66551E5	9.94953E4	6.86027E5	7.72621E6	1.28737E4	3436.76525	2180.15656	1764.94119	1412.01803	1251.87241
390	1.25892E6	1.10489E6	9.22272E5	7.66156E5	7.12725E5	7.21217E5	7.26709E5	7.00521E5	6.16972E5	5.10708E5	7.32011E5	4.44681E5	1.84538E5	1.09889E5	1.22552E5	9.29899E6	2.90957E4	3885.24628	2520.7626	2125.38221	1373.3162	1199.37668
392	1.27212E6	1.15468E6	9.46487E5	7.81314E5	7.29304E5	7.42875E5	7.55143E5	7.23929E5	6.38623E5	5.36648E5	5.93432E5	6.00934E5	2.01007E5	1.22873E5	8.30286E4	8.48631E6	3.73461E5	4504.70295	2295.74368	1979.08609	1545.82595	1285.09949
394	1.35022E6	1.19535E6	9.63336E5	8.09069E5	7.42886E5	7.57389E5	7.74124E5	7.47105E5	6.62143E5	5.54662E5	5.23555E5	7.58178E5	2.16503E5	1.37619E5	8.11515E4	5.81373E6	1.7161E6	6026.81332	2552.02298	1883.77475	1507.66302	1278.86121
396	1.39039E6	1.23492E6	9.97408E5	8.3274E5	7.60598E5	7.81901E5	7.97979E5	7.66807E5	6.86813E5	5.79337E5	4.97489E5	8.8295E5	2.3838E5	1.51422E5	8.38516E4	2.57391E6	4.47677E6	8642.62107	2963.11332	1996.50172	1917.82495	1467.73684
398	1.43165E6	1.27797E6	1.03791E6	8.52784E5	7.87606E5	8.01822E5	8.08629E5	7.95538E5	7.04146E5	6.00292E5	5.04211E5	9.22659E5	2.64598E5	1.65782E5	9.15401E4	6.90354E5	7.20144E6	1.19544E4	3210.9232	2137.37807	2014.04824	1397.74912
400	1.45783E6	1.29554E6	1.08731E6	8.79437E5	8.06223E5	8.21595E5	8.3171E5	8.08755E5	7.34349E5	6.25467E5	5.20579E5	8.65948E5	3.12227E5	1.80655E5	1.00565E5	1.16573E5	8.46822E6	2.51424E4	4030.01483	2170.36975	1831.20843	1345.28474
402	1.50867E6	1.33862E6	1.12811E6	9.12894E5	8.36913E5	8.37529E5	8.56416E5	8.29341E5	7.52163E5	6.54132E5	5.38467E5	7.48821E5	3.88016E5	1.95185E5	1.10901E5	7.57506E4	7.48792E6	2.96513E5	4832.11775	2397.13392	1653.62209	1463.48744
404	1.51683E6	1.38528E6	1.148E6	9.39953E5	8.48359E5	8.61276E5	8.64051E5	8.51083E5	7.75299E5	6.69421E5	5.61178E5	6.27216E5	5.01135E5	2.14383E5	1.24392E5	7.40421E4	4.89973E6	1.52059E6	5305.38791	2515.61759	1749.63504	1365.56729
406	1.54402E6	1.40534E6	1.17781E6	9.62769E5	8.72026E5	8.72871E5	8.88101E5	8.73456E5	7.91126E5	6.94618E5	5.83262E5	5.51436E5	6.38086E5	2.27983E5	1.35676E5	7.54637E4	2.09393E6	3.96592E6	7355.51096	2919.09145	1839.33132	1446.56442
408	1.58902E6	1.42976E6	1.21664E6	9.89014E5	8.92439E5	8.85697E5	9.02119E5	8.83431E5	8.10018E5	7.13302E5	6.00576E5	5.16032E5	7.68748E5	2.45679E5	1.48024E5	8.16801E4	5.20015E5	6.55915E6	1.10945E4	3062.70062	2062.66224	1766.07477
410	1.59473E6	1.45142E6	1.23412E6	1.00795E6	9.07252E5	9.03049E5	9.17301E5	8.93528E5	8.25326E5	7.32833E5	6.21342E5	5.15021E5	8.41541E5	2.71024E5	1.60737E5	8.80208E4	9.17557E4	7.81432E6	2.24271E4	3655.95394	2025.83157	1684.20654
412	1.63421E6	1.488E6	1.25959E6	1.03379E6	9.28431E5	9.11528E5	9.14661E5	9.10856E5	8.44981E5	7.47086E5	6.42374E5	5.2602E5	8.32827E5	3.01833E5	1.73002E5	9.64542E4	6.72587E4	7.05215E6	2.38058E5	4401.15235	1985.74611	1461.14292
414	1.65909E6	1.54276E6	1.28226E6	1.04393E6	9.40732E5	9.1748E5	9.36467E5	9.19693E5	8.53537E5	7.61575E5	6.5949E5	5.40351E5	7.6553E5	3.55272E5	1.85862E5	1.08115E5	6.52823E4	4.77314E6	1.23815E6	5436.19939	2375.16469	1858.2603
416	1.65046E6	1.53822E6	1.31175E6	1.07745E6	9.54112E5	9.31944E5	9.349E5	9.29763E5	8.71046E5	7.72916E5	6.76309E5	5.54103E5	6.67038E5	4.37421E5	1.98462E5	1.16451E5	6.7506E4	2.09875E6	3.46789E6	7249.71944	2311.94201	1563.8991
418	1.67082E6	1.58011E6	1.34821E6	1.09908E6	9.60236E5	9.46869E5	9.4637E5	9.33172E5	8.77549E5	7.95252E5	6.91153E5	5.71072E5	5.76925E5	5.44817E5	2.14162E5	1.25879E5	7.19884E4	5.49386E5	5.99872E6	1.05792E4	2881.35661	1822.28792
420	1.71876E6	1.59806E6	1.36317E6	1.10898E6	9.78196E5	9.52148E5	9.46115E5	9.42697E5	8.92816E5	8.09346E5	7.09748E5	5.90808E5	5.26677E5	6.60757E5	2.26309E5	1.3606E5	7.78177E4	9.08317E4	7.30417E6	2.24717E4	3527.86287	1871.4101
422	1.7406E6	1.6334E6	1.37119E6	1.13669E6	9.9451E5	9.60093E5	9.54713E5	9.51989E5	8.94559E5	8.19664E5	7.19103E5	6.064E5	5.07116E5	7.49501E5	2.41927E5	1.46693E5	8.44841E4	5.83587E4	6.5951E6	2.68904E5	3726.51614	2090.83497
424	1.73612E6	1.63536E6	1.40907E6	1.148E6	9.96729E5	9.6016E5	9.50825E5	9.51622E5	9.08358E5	8.33705E5	7.3541E5	6.21339E5	5.0575E5	7.77807E5	2.64518E5	1.59438E5	9.18519E4	5.74422E4	4.39508E6	1.32776E6	4510.7264	2017.95628
426	1.82067E6	1.62594E6	1.42455E6	1.17196E6	1.00533E6	9.66601E5	9.53819E5	9.59428E5	9.13605E5	8.4221E5	7.49238E5	6.32659E5	5.2204E5	7.42066E5	3.02317E5	1.70253E5	1.02186E5	5.92862E4	1.83151E6	3.60985E6	6804.31349	2517.27258
428	1.76934E6	1.65775E6	1.42916E6	1.18807E6	1.02805E6	9.68955E5	9.5813E5	9.56574E5	9.16862E5	8.46645E5	7.62123E5	6.45028E5	5.31067E5	6.60784E5	3.5561E5	1.81036E5	1.09777E5	6.26158E4	4.4967E5	6.08466E6	1.05108E4	2471.62344
430	1.80993E6	1.68443E6	1.45634E6	1.20094E6	1.02201E6	9.75987E5	9.55693E5	9.55198E5	9.17927E5	8.58911E5	7.74316E5	6.58303E5	5.43385E5	5.77991E5	4.36032E5	1.91747E5	1.20231E5	6.71731E4	7.68399E4	7.16339E6	2.19704E4	3017.7043
432	1.7985E6	1.69707E6	1.46908E6	1.22235E6	1.04669E6	9.7746E5	9.62974E5	9.53975E5	9.22272E5	8.62873E5	7.84475E5	6.72141E5	5.58061E5	5.19945E5	5.22588E5	2.03118E5	1.27059E5	7.31996E4	5.27495E4	6.1942E6	2.74081E5	3759.41434
434	1.76555E6	1.71115E6	1.48255E6	1.23549E6	1.05461E6	9.72732E5	9.51525E5	9.5398E5	9.25296E5	8.67175E5	7.87887E5	6.82336E5	5.70592E5	4.91904E5	6.05829E5	2.15492E5	1.3489E5	8.00356E4	5.16669E4	3.87498E6	1.332E6	4498.04302
436	1.82294E6	1.71273E6	1.49606E6	1.24682E6	1.06148E6	9.84208E5	9.54396E5	9.53165E5	9.2045E5	8.75738E5	7.96906E5	6.92582E5	5.78386E5	4.87787E5	6.55638E5	2.3074E5	1.4505E5	8.75542E4	5.30906E4	1.64039E6	3.35396E6	5917.81193
438	1.82192E6	1.70046E6	1.49796E6	1.25187E6	1.05574E6	9.80762E5	9.5241E5	9.44317E5	9.23068E5	8.7588E5	8.00913E5	7.02875E5	5.86154E5	4.90114E5	6.52864E5	2.52243E5	1.54493E5	9.46424E4	5.61219E4	4.11607E5	5.47252E6	8704.19904
440	1.84135E6	1.69676E6	1.50706E6	1.27207E6	1.05732E6	9.75929E5	9.41118E5	9.40877E5	9.16651E5	8.73065E5	8.08215E5	7.04097E5	5.98369E5	4.94655E5	6.06078E5	2.85164E5	1.62802E5	1.01404E5	5.98647E4	6.75204E4	6.52239E6	1.63855E4
442	1.81945E6	1.68717E6	1.50488E6	1.27102E6	1.06914E6	9.73182E5	9.38478E5	9.39752E5	9.21609E5	8.73801E5	8.11415E5	7.10376E5	6.11127E5	5.06741E5	5.41644E5	3.32551E5	1.69454E5	1.07872E5	6.48495E4	4.83682E4	5.79706E6	1.54233E5
444	1.79997E6	1.7151E6	1.50885E6	1.27745E6	1.07003E6	9.69465E5	9.34028E5	9.25811E5	9.0918E5	8.74705E5	8.13993E5	7.15231E5	6.16317E5	5.16639E5	4.79558E5	3.95889E5	1.78848E5	1.15258E5	7.04884E4	4.82192E4	3.72703E6	8.52961E5
446	1.79688E6	1.70148E6	1.52958E6	1.27391E6	1.06798E6	9.72996E5	9.20737E5	9.18612E5	9.03401E5	8.73445E5	8.12655E5	7.18832E5	6.19502E5	5.22076E5	4.3925E5	4.6638E5	1.88506E5	1.22855E5	7.54037E4	4.98691E4	1.5671E6	2.63175E6
448	1.7446E6	1.6939E6	1.52156E6	1.28672E6	1.07191E6	9.64779E5	9.21484E5	9.13453E5	9.04211E5	8.72789E5	8.13586E5	7.24564E5	6.2697E5	5.3283E5	4.21283E5	5.28396E5	1.99354E5	1.30802E5	8.18837E4	5.13734E4	3.88074E5	4.70207E6
450	1.77831E6	1.71844E6	1.52936E6	1.28986E6	1.06843E6	9.66897E5	9.15286E5	9.08445E5	8.99675E5	8.69079E5	8.1568E5	7.2776E5	6.34618E5	5.43023E5	4.20604E5	5.55291E5	2.1249E5	1.38548E5	8.87724E4	5.55544E4	6.59228E4	6.03962E6
452	1.75669E6	1.68942E6	1.52456E6	1.28604E6	1.07442E6	9.58937E5	9.06345E5	9.00023E5	8.87033E5	8.63979E5	8.12601E5	7.28898E5	6.38387E5	5.43966E5	4.24554E5	5.47788E5	2.37253E5	1.45476E5	9.57208E4	5.9443E4	4.43806E4	5.62196E6
454	1.76908E6	1.68576E6	1.52149E6	1.29105E6	1.07124E6	9.54449E5	9.02018E5	8.94288E5	8.84798E5	8.54849E5	8.09924E5	7.27438E5	6.41294E5	5.50828E5	4.28933E5	5.02582E5	2.69787E5	1.51221E5	1.00588E5	6.33417E4	4.40946E4	3.65774E6
456	1.73449E6	1.66354E6	1.50127E6	1.28838E6	1.07025E6	9.42322E5	8.93289E5	8.83405E5	8.69649E5	8.47952E5	8.08131E5	7.29953E5	6.40024E5	5.56571E5	4.33608E5	4.5048E5	3.19317E5	1.5773E5	1.07179E5	6.78483E4	4.43118E4	1.47893E6
458	1.73404E6	1.64011E6	1.51056E6	1.28249E6	1.0666E6	9.43499E5	8.80448E5	8.71725E5	8.60304E5	8.4166E5	7.98447E5	7.27401E5	6.43795E5	5.57591E5	4.37124E5	3.97476E5	3.73136E5	1.65571E5	1.11234E5	7.31614E4	4.54207E4	3.64584E5
460	1.69939E6	1.66163E6	1.50701E6	1.28418E6	1.06237E6	9.31621E5	8.73809E5	8.59633E5	8.47454E5	8.35166E5	7.91567E5	7.23056E5	6.44537E5	5.64241E5	4.40866E5	3.66843E5	4.28714E5	1.7175E5	1.17831E5	7.85138E4	4.83222E4	6.18277E4
462	1.68474E6	1.62536E6	1.50158E6	1.28248E6	1.06372E6	9.33902E5	8.63952E5	8.52583E5	8.44735E5	8.29093E5	7.85963E5	7.20317E5	6.4069E5	5.63062E5	4.43046E5	3.56512E5	4.61527E5	1.81134E5	1.24363E5	8.39457E4	5.1829E4	4.15824E4
464	1.69765E6	1.63573E6	1.49859E6	1.26658E6	1.05596E6	9.20458E5	8.54872E5	8.38979E5	8.30406E5	8.13375E5	7.8353E5	7.15615E5	6.42701E5	5.67807E5	4.48414E5	3.51805E5	4.70261E5	1.94237E5	1.28643E5	8.86537E4	5.42958E4	3.92511E4
466	1.63973E6	1.6001E6	1.48618E6	1.26949E6	1.05161E6	9.18913E5	8.50817E5	8.23626E5	8.20242E5	8.02866E5	7.7304E5	7.11817E5	6.43273E5	5.68293E5	4.53768E5	3.54685E5	4.49533E5	2.15692E5	1.35085E5	9.26815E4	5.89354E4	4.02772E4
468	1.79581E6	1.56924E6	1.46701E6	1.25765E6	1.0468E6	9.18344E5	8.39188E5	8.20897E5	8.06938E5	7.91736E5	7.63531E5	7.05662E5	6.36227E5	5.68326E5	4.53696E5	3.57476E5	4.07185E5	2.4484E5	1.40155E5	9.85888E4	6.39554E4	4.23312E4
470	2.20747E6	1.5976E6	1.46276E6	1.25472E6	1.03822E6	9.02527E5	8.26231E5	8.04426E5	7.99242E5	7.82289E5	7.52323E5	7.01413E5	6.35861E5	5.63788E5	4.55363E5	3.61096E5	3.61843E5	2.84696E5	1.44945E5	1.02473E5	6.7705E4	4.41022E4
472	3.1944E6	1.53571E6	1.45418E6	1.2516E6	1.03561E6	8.97361E5	8.20911E5	7.93508E5	7.90539E5	7.73093E5	7.52272E5	6.93722E5	6.29811E5	5.68024E5	4.6039E5	3.64247E5	3.2854E5	3.2974E5	1.49512E5	1.06293E5	7.1307E4	4.56271E4
474	4.85972E6	1.55792E6	1.41608E6	1.24734E6	1.02878E6	8.86712E5	8.06034E5	7.85138E5	7.75137E5	7.60518E5	7.42085E5	6.86983E5	6.2947E5	5.64087E5	4.65149E5	3.62839E5	3.04155E5	3.71813E5	1.55499E5	1.09817E5	7.49523E4	4.89439E4
476	7.20051E6	1.52956E6	1.41585E6	1.23111E6	1.01445E6	8.80028E5	7.98769E5	7.69541E5	7.60272E5	7.481E5	7.2577E5	6.77282E5	6.18722E5	5.68433E5	4.60464E5	3.66926E5	2.96064E5	3.99442E5	1.62635E5	1.16015E5	7.85755E4	5.15673E4
478	1.01354E7	1.50037E6	1.40333E6	1.21678E6	1.01556E6	8.64237E5	7.83872E5	7.57164E5	7.4519E5	7.38616E5	7.18082E5	6.67334E5	6.16847E5	5.55642E5	4.58893E5	3.62313E5	2.91979E5	3.97736E5	1.77009E5	1.20045E5	8.35275E4	5.46052E4
480	1.27604E7	1.481E6	1.38848E6	1.21369E6	9.90555E5	8.59703E5	7.75907E5	7.39753E5	7.3236E5	7.22288E5	7.01424E5	6.5587E5	6.05147E5	5.53546E5	4.57145E5	3.65576E5	2.93745E5	3.73336E5	1.93238E5	1.23256E5	8.57129E4	5.85139E4
482	1.43623E7	1.47803E6	1.37696E6	1.19845E6	9.93618E5	8.47885E5	7.54429E5	7.30673E5	7.20488E5	7.12882E5	6.93423E5	6.5145E5	5.99457E5	5.47941E5	4.55673E5	3.6595E5	2.94703E5	3.34022E5	2.22349E5	1.26243E5	9.20694E4	6.15121E4
484	1.37597E7	1.45678E6	1.3357E6	1.1758E6	9.7515E5	8.32204E5	7.4773E5	7.15E5	7.04023E5	6.94999E5	6.77256E5	6.39893E5	5.89957E5	5.43016E5	4.51464E5	3.70392E5	2.91034E5	2.97923E5	2.56758E5	1.29518E5	9.41521E4	6.48236E4
486	1.1769E7	1.47324E6	1.32039E6	1.16428E6	9.6142E5	8.29893E5	7.41605E5	7.10251E5	6.91244E5	6.79266E5	6.64137E5	6.29504E5	5.88743E5	5.3743E5	4.50919E5	3.70755E5	2.95252E5	2.65765E5	2.93371E5	1.35879E5	9.61583E4	6.96697E4
488	8.76544E6	1.64582E6	1.29323E6	1.15416E6	9.52961E5	8.13476E5	7.28622E5	6.94775E5	6.82194E5	6.7114E5	6.48643E5	6.19131E5	5.77148E5	5.33524E5	4.47059E5	3.6572E5	2.96076E5	2.49248E5	3.24319E5	1.39845E5	1.013E5	7.20345E4
490	5.74679E6	2.2599E6	1.29348E6	1.13519E6	9.42727E5	8.00397E5	7.10815E5	6.76211E5	6.76507E5	6.56006E5	6.38697E5	6.07938E5	5.68194E5	5.2831E5	4.42589E5	3.62729E5	2.9502E5	2.44362E5	3.37878E5	1.47912E5	1.01788E5	7.50007E4
492	3.22195E6	3.68104E6	1.26416E6	1.12178E6	9.28812E5	7.93319E5	6.97753E5	6.66961E5	6.51E5	6.39552E5	6.31353E5	5.96636E5	5.61588E5	5.22669E5	4.41498E5	3.61889E5	2.96582E5	2.4068E5	3.3347E5	1.58427E5	1.04019E5	7.62775E4
494	1.94038E6	5.88205E6	1.24529E6	1.09032E6	9.26083E5	7.80468E5	6.93108E5	6.56755E5	6.42586E5	6.29523E5	6.15264E5	5.83731E5	5.54316E5	5.15554E5	4.35111E5	3.60453E5	2.94005E5	2.39692E5	3.0971E5	1.75833E5	1.06899E5	7.84952E4
496	1.48337E6	8.93304E6	1.2334E6	1.09715E6	9.01343E5	7.72602E5	6.84107E5	6.40507E5	6.2199E5	6.18988E5	6.04975E5	5.76901E5	5.45216E5	5.10846E5	4.32699E5	3.57751E5	2.92137E5	2.38625E5	2.78835E5	1.98566E5	1.08051E5	8.10808E4
498	1.40192E6	1.22939E7	1.2082E6	1.07192E6	9.00109E5	7.60916E5	6.74344E5	6.34388E5	6.1224E5	6.05837E5	5.95897E5	5.67955E5	5.36417E5	5.0241E5	4.26346E5	3.54879E5	2.92869E5	2.37622E5	2.44479E5	2.23505E5	1.11862E5	8.24013E4
500	1.34848E6	1.51867E7	1.18009E6	1.06629E6	8.85595E5	7.52242E5	6.59542E5	6.24761E5	6.00666E5	5.96584E5	5.82361E5	5.5643E5	5.25489E5	4.94279E5	4.18139E5	3.54585E5	2.90345E5	2.37469E5	2.22186E5	2.55747E5	1.1447E5	8.59037E4
502	1.33259E6	1.63343E7	1.19195E6	1.03963E6	8.65899E5	7.31447E5	6.52972E5	6.13268E5	5.91217E5	5.83106E5	5.69894E5	5.4029E5	5.18178E5	4.90593E5	4.17968E5	3.4853E5	2.90687E5	2.37184E5	2.05953E5	2.79919E5	1.18785E5	8.60862E4
504	1.30094E6	1.52544E7	1.1596E6	1.03418E6	8.51227E5	7.29282E5	6.41029E5	6.00068E5	5.77377E5	5.66967E5	5.5938E5	5.36412E5	5.07855E5	4.82622E5	4.13761E5	3.43715E5	2.88677E5	2.36001E5	1.98131E5	2.86344E5	1.24269E5	8.84357E4
506	1.28304E6	1.2782E7	1.16989E6	1.00419E6	8.39446E5	7.13223E5	6.24319E5	5.80539E5	5.67915E5	5.60578E5	5.45838E5	5.22744E5	4.99064E5	4.75296E5	4.06819E5	3.40767E5	2.8611E5	2.33478E5	1.96665E5	2.7896E5	1.3324E5	9.0247E4
508	1.26748E6	9.39924E6	1.37526E6	1.01126E6	8.36085E5	7.00279E5	6.18205E5	5.7468E5	5.52712E5	5.48769E5	5.38538E5	5.14605E5	4.90942E5	4.6372E5	3.99502E5	3.39876E5	2.81077E5	2.35707E5	1.95611E5	2.57335E5	1.50939E5	9.09187E4
510	1.26273E6	5.88892E6	2.18603E6	9.72878E5	8.22233E5	6.8657E5	6.05597E5	5.61689E5	5.45474E5	5.34508E5	5.24941E5	5.00812E5	4.75003E5	4.52099E5	3.91363E5	3.35797E5	2.82203E5	2.33633E5	1.92843E5	2.29359E5	1.67677E5	9.35299E4
512	1.36272E6	3.08705E6	3.94747E6	9.6598E5	8.00826E5	6.78196E5	5.9471E5	5.48346E5	5.29458E5	5.22499E5	5.09402E5	4.915E5	4.7029E5	4.46631E5	3.87222E5	3.30459E5	2.78871E5	2.31198E5	1.90885E5	1.98983E5	1.91713E5	9.57715E4
514	1.54499E6	1.70666E6	6.55459E6	9.42388E5	7.92149E5	6.5938E5	5.86367E5	5.34324E5	5.16442E5	5.05973E5	4.98833E5	4.81977E5	4.58845E5	4.38747E5	3.82239E5	3.23236E5	2.74702E5	2.30474E5	1.90529E5	1.79438E5	2.13587E5	9.60389E4
516	1.74818E6	1.22967E6	9.89122E6	9.29393E5	7.7949E5	6.55304E5	5.66285E5	5.32648E5	5.13193E5	4.94023E5	4.87066E5	4.69606E5	4.50713E5	4.30546E5	3.73124E5	3.18002E5	2.70337E5	2.28509E5	1.894E5	1.68898E5	2.28094E5	9.93661E4
518	2.07944E6	1.15262E6	1.33967E7	8.9968E5	7.6326E5	6.35585E5	5.63165E5	5.19641E5	4.94005E5	4.84885E5	4.72769E5	4.59548E5	4.3951E5	4.21133E5	3.66615E5	3.11836E5	2.69515E5	2.26273E5	1.87326E5	1.61142E5	2.33567E5	1.03765E5
520	2.49198E6	1.10475E6	1.61477E7	8.99498E5	7.50177E5	6.3331E5	5.41414E5	5.03241E5	4.84044E5	4.73449E5	4.65645E5	4.46485E5	4.31471E5	4.11899E5	3.61711E5	3.12485E5	2.65897E5	2.2408E5	1.8706E5	1.59696E5	2.26304E5	1.09988E5
522	2.79549E6	1.09259E6	1.68866E7	8.73057E5	7.25225E5	6.17742E5	5.37479E5	5.00617E5	4.77915E5	4.60736E5	4.5451E5	4.38884E5	4.22567E5	4.04037E5	3.54123E5	3.04239E5	2.61056E5	2.18697E5	1.82058E5	1.57024E5	2.08847E5	1.24866E5
524	3.02044E6	1.06738E6	1.565E7	8.60149E5	7.24066E5	6.08918E5	5.29554E5	4.87022E5	4.65371E5	4.51775E5	4.42617E5	4.28509E5	4.13303E5	3.95191E5	3.46309E5	2.99199E5	2.55706E5	2.19447E5	1.83743E5	1.56826E5	1.83688E5	1.42498E5
526	2.96773E6	1.071E6	1.27862E7	8.81304E5	7.03328E5	5.94511E5	5.15135E5	4.74458E5	4.55263E5	4.44213E5	4.32288E5	4.20983E5	4.07847E5	3.88577E5	3.42946E5	2.94061E5	2.52622E5	2.15598E5	1.80796E5	1.53673E5	1.62948E5	1.55496E5
528	2.88722E6	1.01946E6	9.29144E6	1.13411E6	6.95426E5	5.82423E5	5.07032E5	4.65657E5	4.41573E5	4.31234E5	4.22765E5	4.0465E5	3.95585E5	3.78306E5	3.35244E5	2.87874E5	2.45792E5	2.13345E5	1.80261E5	1.51688E5	1.45639E5	1.73646E5
530	2.5629E6	1.00032E6	5.55876E6	2.04803E6	6.78343E5	5.80699E5	4.95544E5	4.51504E5	4.32583E5	4.20206E5	4.0772E5	3.98136E5	3.81427E5	3.69828E5	3.25483E5	2.82784E5	2.43736E5	2.08946E5	1.77639E5	1.50685E5	1.33736E5	1.87171E5
532	2.16664E6	1.00472E6	2.81573E6	4.07914E6	6.63478E5	5.59694E5	4.86175E5	4.52559E5	4.21797E5	4.12742E5	3.99602E5	3.89038E5	3.75639E5	3.61042E5	3.21145E5	2.74319E5	2.40796E5	2.06895E5	1.73353E5	1.50928E5	1.26903E5	1.93664E5
534	1.76407E6	1.09284E6	1.39886E6	7.13064E6	6.5262E5	5.46236E5	4.76026E5	4.37149E5	4.14445E5	4.00021E5	3.8803E5	3.75515E5	3.67992E5	3.49962E5	3.11269E5	2.72749E5	2.36938E5	2.024E5	1.72361E5	1.45351E5	1.25201E5	1.86755E5
536	1.33195E6	1.22776E6	9.81801E5	1.09136E7	6.41433E5	5.35428E5	4.62428E5	4.18578E5	3.99465E5	3.89188E5	3.82493E5	3.67285E5	3.54442E5	3.45958E5	3.0297E5	2.66398E5	2.31299E5	1.99317E5	1.69695E5	1.45075E5	1.22043E5	1.72088E5
538	1.07003E6	1.49429E6	9.10019E5	1.44946E7	6.27904E5	5.24986E5	4.51829E5	4.12069E5	3.91295E5	3.7953E5	3.69045E5	3.58445E5	3.46969E5	3.34681E5	2.98312E5	2.58403E5	2.26834E5	1.96256E5	1.68446E5	1.427E5	1.21007E5	1.52396E5
540	8.96137E5	1.78876E6	8.53353E5	1.72052E7	6.14832E5	5.16848E5	4.47073E5	3.97768E5	3.81488E5	3.67558E5	3.60705E5	3.49991E5	3.38596E5	3.29213E5	2.86619E5	2.50696E5	2.2241E5	1.91519E5	1.63353E5	1.40716E5	1.19603E5	1.3034E5
542	8.5731E5	2.17122E6	8.29595E5	1.76982E7	6.00241E5	4.98995E5	4.35152E5	3.9117E5	3.64792E5	3.58859E5	3.49214E5	3.4025E5	3.27241E5	3.17484E5	2.78983E5	2.4848E5	2.13884E5	1.87105E5	1.61305E5	1.38419E5	1.16297E5	1.14234E5
544	8.39125E5	2.57057E6	7.95224E5	1.59651E7	5.96558E5	4.8487E5	4.28468E5	3.78325E5	3.6132E5	3.50229E5	3.38946E5	3.27801E5	3.16965E5	3.0753E5	2.75843E5	2.41396E5	2.1189E5	1.82602E5	1.58287E5	1.36163E5	1.14402E5	1.03343E5
546	7.66752E5	2.81078E6	7.86383E5	1.28401E7	6.2621E5	4.79357E5	4.10743E5	3.73115E5	3.51599E5	3.35665E5	3.32036E5	3.17096E5	3.0955E5	3.0348E5	2.6682E5	2.38599E5	2.06138E5	1.82319E5	1.54066E5	1.32752E5	1.11831E5	9.85299E4
548	7.30277E5	2.97403E6	7.5788E5	8.93829E6	9.77126E5	4.68216E5	4.02885E5	3.64191E5	3.41458E5	3.26846E5	3.21869E5	3.09752E5	3.00614E5	2.91456E5	2.64935E5	2.28367E5	2.01651E5	1.76034E5	1.51312E5	1.29732E5	1.09509E5	9.52118E4
550	7.28311E5	2.88768E6	7.41451E5	5.23338E6	2.0587E6	4.55835E5	3.86333E5	3.54486E5	3.35546E5	3.1966E5	3.15326E5	3.02571E5	2.92316E5	2.82304E5	2.55492E5	2.22646E5	1.95805E5	1.7457E5	1.50296E5	1.3074E5	1.07602E5	9.19738E4
552	7.57642E5	2.68843E6	7.24065E5	2.50247E6	4.28502E6	4.46882E5	3.83255E5	3.47078E5	3.25587E5	3.14877E5	3.04767E5	2.9347E5	2.8594E5	2.76347E5	2.47622E5	2.17859E5	1.96081E5	1.695E5	1.46058E5	1.26938E5	1.06292E5	9.1185E4
554	6.82101E5	2.34885E6	7.36063E5	1.13237E6	7.53049E6	4.35937E5	3.71507E5	3.38559E5	3.1656E5	3.04348E5	2.99732E5	2.85514E5	2.78691E5	2.73875E5	2.38545E5	2.14584E5	1.85674E5	1.65576E5	1.44068E5	1.24443E5	1.03803E5	9.07898E4
556	6.87738E5	1.87607E6	7.69937E5	7.44414E5	1.13789E7	4.27861E5	3.63357E5	3.29125E5	3.09167E5	2.96002E5	2.86018E5	2.78259E5	2.71242E5	2.63916E5	2.32918E5	2.07138E5	1.84632E5	1.60443E5	1.39241E5	1.2113E5	1.02579E5	8.70943E4
558	6.72444E5	1.44991E6	8.47109E5	6.82695E5	1.51794E7	4.20109E5	3.59678E5	3.25231E5	3.01999E5	2.89056E5	2.80048E5	2.70688E5	2.60813E5	2.56344E5	2.23791E5	2.02515E5	1.77483E5	1.57075E5	1.39501E5	1.19604E5	1.00787E5	8.49632E4
560	6.29042E5	1.09156E6	1.04389E6	6.51998E5	1.7678E7	4.18296E5	3.55143E5	3.05251E5	2.94666E5	2.78507E5	2.72193E5	2.62423E5	2.55427E5	2.5184E5	2.24687E5	1.99542E5	1.74485E5	1.55341E5	1.33672E5	1.17924E5	9.75496E4	8.36506E4
562	6.1042E5	8.4248E5	1.32339E6	6.20472E5	1.81139E7	4.07014E5	3.3899E5	3.01233E5	2.84815E5	2.73335E5	2.60776E5	2.55478E5	2.48608E5	2.44514E5	2.18376E5	1.89477E5	1.69863E5	1.48801E5	1.31059E5	1.17057E5	9.85806E4	8.29939E4
564	6.27286E5	7.03199E5	1.67617E6	6.0973E5	1.60357E7	4.09905E5	3.29548E5	2.98008E5	2.76543E5	2.68249E5	2.5668E5	2.488E5	2.40341E5	2.36747E5	2.10125E5	1.86804E5	1.64306E5	1.45045E5	1.26527E5	1.12473E5	9.35704E4	8.16292E4
566	6.1302E5	6.1755E5	2.02708E6	5.91693E5	1.27211E7	4.41388E5	3.27277E5	2.8843E5	2.69413E5	2.53114E5	2.46331E5	2.40028E5	2.33454E5	2.29041E5	2.06216E5	1.8075E5	1.60543E5	1.38757E5	1.25014E5	1.09166E5	9.21458E4	7.97036E4
568	6.06623E5	6.04151E5	2.35543E6	5.74949E5	8.61883E6	7.98845E5	3.141E5	2.79868E5	2.59513E5	2.51476E5	2.39774E5	2.32678E5	2.25526E5	2.23569E5	1.97686E5	1.76295E5	1.57569E5	1.38335E5	1.21374E5	1.06916E5	9.25366E4	7.84468E4
570	5.73842E5	5.78772E5	2.58376E6	5.70035E5	4.79612E6	2.011E6	3.07287E5	2.73527E5	2.52785E5	2.42489E5	2.33068E5	2.28095E5	2.17175E5	2.13333E5	1.91355E5	1.71863E5	1.54792E5	1.334E5	1.1867E5	1.03293E5	9.04308E4	7.78231E4
572	5.75231E5	5.45867E5	2.73779E6	5.54012E5	2.2004E6	4.43234E6	2.98627E5	2.65502E5	2.45067E5	2.39838E5	2.28369E5	2.19384E5	2.12783E5	2.07452E5	1.87199E5	1.6716E5	1.4833E5	1.31832E5	1.15054E5	1.01134E5	8.78719E4	7.34899E4
574	5.22587E5	5.6034E5	2.6064E6	5.42221E5	9.11825E5	7.82935E6	2.96172E5	2.60156E5	2.43482E5	2.30845E5	2.2098E5	2.16179E5	2.08554E5	2.03037E5	1.82803E5	1.62068E5	1.4375E5	1.27953E5	1.13399E5	9.86243E4	8.45595E4	7.26754E4
576	5.233E5	5.13506E5	2.31235E6	5.28106E5	5.69904E5	1.17177E7	2.8745E5	2.54284E5	2.35836E5	2.22525E5	2.16857E5	2.06547E5	2.0126E5	1.93993E5	1.77477E5	1.55533E5	1.38567E5	1.22494E5	1.11046E5	9.82131E4	8.37459E4	7.10008E4
578	5.51552E5	5.16091E5	1.94854E6	5.49043E5	5.16852E5	1.51653E7	2.84814E5	2.45137E5	2.28533E5	2.16117E5	2.07057E5	2.00443E5	1.92611E5	1.89697E5	1.71451E5	1.54898E5	1.34641E5	1.20087E5	1.0593E5	9.40925E4	8.16304E4	6.9846E4
580	5.2334E5	4.83034E5	1.53435E6	6.074E5	4.93858E5	1.75848E7	2.80277E5	2.40662E5	2.19756E5	2.10681E5	2.00244E5	1.93844E5	1.89792E5	1.85609E5	1.65113E5	1.46406E5	1.33498E5	1.1769E5	1.03061E5	9.12225E4	7.75083E4	6.78453E4
582	5.17834E5	4.81318E5	1.17548E6	6.9825E5	4.90829E5	1.77547E7	2.7732E5	2.3105E5	2.14929E5	2.0182E5	1.95549E5	1.88905E5	1.82187E5	1.77128E5	1.61494E5	1.43705E5	1.26755E5	1.1631E5	1.01405E5	8.90537E4	7.73285E4	6.50169E4
584	4.93913E5	4.71165E5	8.70592E5	8.94611E5	4.78242E5	1.57384E7	2.76887E5	2.27446E5	2.05196E5	2.00105E5	1.90336E5	1.82141E5	1.77082E5	1.72499E5	1.54336E5	1.42027E5	1.25699E5	1.10647E5	9.8285E4	8.79699E4	7.42741E4	6.51977E4
586	4.94537E5	4.6163E5	6.72749E5	1.15562E6	4.74169E5	1.21406E7	3.12691E5	2.19662E5	2.02043E5	1.95388E5	1.81558E5	1.75995E5	1.72751E5	1.68718E5	1.51945E5	1.34068E5	1.22753E5	1.07418E5	9.55097E4	8.60798E4	7.17235E4	6.10967E4
588	4.78537E5	4.69252E5	5.5899E5	1.48435E6	4.6696E5	8.05552E6	6.76624E5	2.16622E5	1.93264E5	1.88974E5	1.79771E5	1.69124E5	1.65887E5	1.62111E5	1.44991E5	1.32106E5	1.1532E5	1.03232E5	9.20553E4	8.26126E4	6.98746E4	6.15767E4
590	4.6989E5	4.61591E5	4.94598E5	1.83358E6	4.57326E5	4.34026E6	1.97764E6	2.12839E5	1.90266E5	1.79865E5	1.71116E5	1.62736E5	1.60024E5	1.56447E5	1.40172E5	1.23054E5	1.12925E5	1.02588E5	8.97726E4	7.91813E4	6.89486E4	6.0314E4
592	5.09351E5	4.37115E5	4.57134E5	2.14438E6	4.62021E5	1.81621E6	4.53356E6	2.06511E5	1.82076E5	1.72185E5	1.65352E5	1.56926E5	1.5867E5	1.5071E5	1.36092E5	1.20723E5	1.09077E5	9.78648E4	8.64771E4	7.82296E4	6.75786E4	5.67649E4
594	4.64389E5	4.34778E5	4.5369E5	2.33157E6	4.53982E5	6.85789E5	8.00021E6	2.01514E5	1.80458E5	1.71565E5	1.59228E5	1.53962E5	1.50089E5	1.46901E5	1.32318E5	1.17683E5	1.07205E5	9.5852E4	8.48806E4	7.53901E4	6.49619E4	5.65403E4
596	4.50696E5	4.5614E5	4.45385E5	2.36143E6	4.44317E5	4.10672E5	1.19897E7	1.9768E5	1.7602E5	1.63609E5	1.55286E5	1.51409E5	1.44373E5	1.40695E5	1.27293E5	1.15562E5	1.03687E5	9.205E4	8.26998E4	7.30451E4	6.30941E4	5.33678E4
598	4.92826E5	4.30936E5	4.31783E5	2.26765E6	4.48733E5	3.83525E5	1.55762E7	1.9398E5	1.68209E5	1.59255E5	1.53465E5	1.44473E5	1.39936E5	1.3489E5	1.25094E5	1.11793E5	9.99755E4	8.96377E4	7.88116E4	7.06208E4	6.33877E4	5.30817E4
600	4.98056E5	4.02988E5	4.22891E5	2.04168E6	4.52321E5	3.61995E5	1.76379E7	1.93372E5	1.69594E5	1.53524E5	1.50002E5	1.38181E5	1.36938E5	1.32938E5	1.22474E5	1.06359E5	9.72893E4	8.56167E4	7.61599E4	6.71199E4	5.91597E4	4.97171E4
