300	3.14612E5	1.8725E5	2.17099E5	2.6992E6	4.68741E5	3.93352E5	4.00234E7	1.8512E5	2.42586E4	1.41977E4	1.018E4	8173.69993	6540.17605	6027.2278	4533.02469	4335.97034	3604.58883	3112.37442	2832.83645	2592.86763	2588.60473	2061.15411
302	3.04735E5	2.12813E5	2.34204E5	1.84273E6	8.04447E5	2.60335E5	3.49389E7	2.07384E6	2.90517E4	1.55057E4	1.02445E4	7480.83647	6453.72943	6388.32446	4197.28945	4211.23584	3401.41025	3241.70994	2708.53348	2665.73615	2478.03852	2193.2143
304	3.11118E5	2.08432E5	2.5236E5	1.07123E6	1.38897E6	2.54046E5	2.27955E7	8.64011E6	3.4167E4	1.63997E4	1.2124E4	8628.90923	6644.43283	5936.57319	4132.74591	4253.52256	3365.80806	3213.35757	2593.2976	2420.26261	2433.65437	1874.26971
306	3.64316E5	2.18833E5	2.6198E5	6.48646E5	2.15394E6	2.53225E5	9.96395E6	2.07599E7	4.32984E4	1.69534E4	1.15754E4	8316.34003	6618.2294	5813.56938	4540.18397	3982.88646	3476.8701	2844.09261	2593.75792	2470.69938	2519.74169	2311.96183
308	3.83995E5	2.33536E5	2.70639E5	4.50167E5	2.79322E6	2.60077E5	2.48159E6	3.35057E7	6.16488E4	1.90341E4	1.21598E4	8970.7376	6663.21403	6419.19917	5267.77231	3862.8023	3416.65342	3037.65179	2738.07203	2181.85551	2460.57227	1957.66627
310	3.88728E5	2.36292E5	2.92372E5	3.99319E5	2.9316E6	2.81808E5	3.48873E5	3.88679E7	1.78093E5	2.08025E4	1.31056E4	9090.17311	6712.09446	5749.84826	4557.46673	4085.86436	3684.14784	3261.45825	2656.07993	2635.36095	2350.15486	2094.05393
312	4.00525E5	2.55466E5	2.9573E5	3.97371E5	2.52038E6	3.75324E5	1.93748E5	3.4336E7	1.95355E6	2.33851E4	1.32225E4	9357.88862	6878.24577	5908.10471	4671.38037	3963.07654	3525.75182	2852.01264	2981.05345	2845.74264	2114.6347	2095.74875
314	4.30668E5	2.71654E5	3.14815E5	4.12338E5	1.76365E6	6.63014E5	1.7256E5	2.18421E7	8.87211E6	2.95502E4	1.34725E4	1.03311E4	7069.33368	6035.27912	4578.63389	3968.83125	3335.28771	3164.92836	2580.83665	2488.4257	2185.83328	2199.23347
316	4.32261E5	2.69323E5	3.29408E5	4.18553E5	1.11854E6	1.14223E6	1.68834E5	9.12681E6	2.05118E7	3.57948E4	1.38565E4	1.06637E4	6975.01584	5926.59874	4935.72703	3991.39219	3330.03711	3090.7947	2566.46676	2689.46118	2075.61569	1951.64598
318	4.19171E5	2.81269E5	3.37333E5	4.26025E5	7.07043E5	1.7736E6	1.6135E5	2.14632E6	3.07366E7	5.21869E4	1.65359E4	1.12187E4	7431.59376	6052.8404	4934.74666	4170.22168	3248.13991	2901.09755	2857.5052	2624.68355	2102.93238	2010.40284
320	4.1968E5	3.08146E5	3.32479E5	4.3793E5	5.41413E5	2.32176E6	1.72351E5	2.76998E5	3.42473E7	1.67765E5	1.8792E4	1.11981E4	8342.17965	5914.49314	4831.78509	3917.14	3155.21336	2749.6743	2815.92956	2670.76696	2420.9494	2090.14644
322	4.13981E5	3.16307E5	3.51845E5	4.38782E5	4.94339E5	2.43701E6	1.90393E5	1.56148E5	2.93025E7	1.7975E6	2.13246E4	1.15059E4	7924.04928	6294.40143	5282.15356	4194.19677	3352.97153	3062.9855	2521.80215	2471.58889	2177.88668	1824.09136
324	4.63805E5	3.22268E5	3.63711E5	4.49835E5	4.80406E5	2.10085E6	2.64467E5	1.41346E5	1.86712E7	7.47793E6	2.50075E4	1.2289E4	8722.88262	6414.78963	4550.50756	4052.76477	3274.81427	3191.66238	2727.63029	2424.08548	2170.27391	2159.97215
326	4.49167E5	3.41504E5	3.71436E5	4.43495E5	4.82579E5	1.51958E6	4.62456E5	1.37201E5	7.85446E6	1.70481E7	3.18917E4	1.25524E4	9651.93042	6655.81157	4796.68836	4115.02839	3207.65459	2456.08891	2655.52697	2214.74741	2151.86522	1767.10139
328	5.16978E5	3.6009E5	3.79717E5	4.60302E5	4.93721E5	1.00092E6	8.31705E5	1.37586E5	1.97612E6	2.55152E7	4.52551E4	1.43173E4	9451.38646	6873.6794	4962.78682	4085.91502	3217.07954	3129.85114	2273.94326	2563.19452	2152.79895	1897.0712
330	4.96287E5	3.60602E5	4.06092E5	4.64518E5	5.00274E5	6.40257E5	1.36225E6	1.46118E5	2.56235E5	2.90491E7	1.34906E5	1.57312E4	8892.88609	7595.07669	4993.21888	3991.33636	3288.54911	2826.36496	2391.01503	2344.38247	2344.10927	1891.16478
332	5.19566E5	3.80498E5	3.93425E5	4.78976E5	5.06438E5	4.78008E5	1.79088E6	1.47537E5	1.44718E5	2.59025E7	1.42424E6	1.79101E4	9728.88406	7742.59307	4885.37722	4440.66105	3328.4784	2587.90846	2335.39985	2402.52786	1941.28624	1998.7495
334	5.45014E5	3.72859E5	4.08825E5	4.77488E5	5.03357E5	4.28125E5	1.97839E6	1.59594E5	1.26913E5	1.74454E7	6.16073E6	2.06706E4	1.07765E4	7635.62225	5158.36178	4003.69499	3277.76778	2806.09239	2450.37165	2081.7483	1938.71537	1777.73978
336	5.46908E5	3.96532E5	4.07395E5	4.79528E5	5.08749E5	4.24344E5	1.80756E6	2.129E5	1.28044E5	7.76327E6	1.45396E7	2.73926E4	1.06857E4	8181.1163	5329.653	4090.5944	2943.49214	2571.46579	2219.03895	2387.13344	1951.85108	1616.07587
338	6.13249E5	4.01904E5	4.12181E5	4.8193E5	5.06951E5	4.25166E5	1.40419E6	3.44213E5	1.29437E5	2.09115E6	2.17202E7	3.90321E4	1.18348E4	8222.88047	5542.50024	4154.60668	3403.80175	3001.40294	2479.50038	2233.37243	1846.25036	1637.08189
340	5.99952E5	4.28215E5	4.29674E5	4.80339E5	5.14932E5	4.38229E5	9.22435E5	6.18983E5	1.34743E5	2.68004E5	2.46046E7	1.07232E5	1.35979E4	7966.207	5936.93549	4061.21893	3345.06237	2641.03401	2499.99415	2314.43107	1691.28826	2037.6537
342	6.10036E5	4.36997E5	4.28643E5	4.92899E5	5.11099E5	4.41616E5	5.92688E5	9.98737E5	1.4022E5	1.32207E5	2.20426E7	1.1667E6	1.52988E4	8179.08547	6417.21278	3890.01405	3342.1057	2752.60463	2403.32447	1893.55583	1835.01938	1797.9914
344	6.22503E5	4.47504E5	4.43521E5	4.83576E5	5.22067E5	4.40194E5	4.10021E5	1.40343E6	1.49336E5	1.18127E5	1.47267E7	5.5495E6	1.80937E4	8616.11884	6145.01501	4435.08267	3132.06031	2740.89869	2316.77007	2465.50771	1896.41801	1403.02762
346	6.24325E5	4.48072E5	4.37328E5	4.86768E5	5.2007E5	4.56233E5	3.57682E5	1.60754E6	1.65895E5	1.1901E5	6.67015E6	1.25342E7	2.22782E4	9391.24189	6389.02354	4195.89996	3358.23515	2478.64196	2303.7864	2253.52371	1793.02591	1560.2643
348	6.23703E5	4.58323E5	4.42932E5	4.87829E5	5.19949E5	4.59426E5	3.51577E5	1.53748E6	2.07183E5	1.26693E5	1.64094E6	1.87137E7	3.40158E4	1.07056E4	6314.70898	4392.59905	3546.15503	2846.21119	2391.33092	2182.71574	1943.62995	1793.57439
350	6.8229E5	4.93598E5	4.68925E5	4.86196E5	5.15929E5	4.68488E5	3.57891E5	1.25162E6	3.04184E5	1.32419E5	2.28737E5	2.07364E7	7.7964E4	1.11113E4	6590.79383	4961.20422	2863.16233	2380.94484	2230.29681	2216.01817	2310.43663	1629.05962
352	6.98251E5	5.13121E5	4.69201E5	4.90359E5	5.14939E5	4.69423E5	3.67494E5	8.66704E5	5.01702E5	1.42553E5	1.2269E5	1.826E7	9.98688E5	1.31935E4	6616.6467	4973.88088	3166.31001	2806.78701	2482.21553	2095.82524	1799.25063	1325.51681
354	7.30837E5	5.17796E5	4.85676E5	4.95237E5	5.10497E5	4.75108E5	3.75712E5	5.83061E5	7.83231E5	1.51455E5	1.11108E5	1.24004E7	4.41126E6	1.55432E4	7188.0816	5242.21497	3567.91376	2722.99572	2226.01035	1890.61917	1552.34801	1666.65041
356	7.04988E5	5.44173E5	4.88982E5	4.89235E5	5.17362E5	4.87856E5	3.90801E5	4.21652E5	1.09152E6	1.67279E5	1.14433E5	5.5313E6	1.05507E7	2.07826E4	7663.14726	4960.20019	3508.94277	3005.57999	2093.8985	1915.04516	1750.51212	1652.84216
358	7.20918E5	5.70325E5	5.04771E5	5.01014E5	5.22392E5	4.91994E5	4.05187E5	3.65819E5	1.29884E6	1.84713E5	1.23205E5	1.44068E6	1.59148E7	3.0052E4	8500.93411	5044.6495	3749.80208	3057.71166	2227.16505	2071.81763	1763.68045	1461.65397
360	7.76208E5	5.79979E5	5.06961E5	5.06578E5	5.20959E5	4.97181E5	4.20434E5	3.63738E5	1.31335E6	2.1401E5	1.35601E5	1.9988E5	1.81241E7	7.31626E4	9078.69789	5060.31748	3869.98138	2648.54445	2298.71151	2305.72268	1565.59108	1758.71436
362	7.83513E5	6.07203E5	5.32091E5	5.13417E5	5.30342E5	5.1139E5	4.37645E5	3.72664E5	1.14886E6	2.7703E5	1.46891E5	1.14409E5	1.65986E7	8.55006E5	1.10404E4	5636.6123	3780.27812	2982.25865	2158.53252	2217.16639	1555.5069	1687.4182
364	7.99862E5	6.30015E5	5.46583E5	5.29526E5	5.35919E5	5.14608E5	4.47596E5	3.86018E5	8.74016E5	4.02959E5	1.5759E5	1.05644E5	1.17761E7	4.01953E6	1.30679E4	6117.09375	4139.31687	3089.50178	2009.37853	1834.90258	1507.90787	1401.66912
366	8.17703E5	6.86874E5	5.62741E5	5.2963E5	5.373E5	5.25861E5	4.67353E5	4.00462E5	6.21303E5	6.0985E5	1.70536E5	1.10204E5	5.38026E6	9.94236E6	1.6705E4	6117.31294	3815.89349	3106.01971	2129.57245	2174.75935	1639.88619	1585.18678
368	8.33037E5	6.84653E5	5.75018E5	5.47388E5	5.4508E5	5.32109E5	4.85619E5	4.26742E5	4.70893E5	8.53369E5	1.85353E5	1.17117E5	1.44435E6	1.48053E7	2.52179E4	7143.41874	4344.20583	3250.22346	2203.16864	1940.32831	1809.6484	1634.06758
370	8.62708E5	7.30564E5	6.06259E5	5.59968E5	5.54384E5	5.46227E5	4.96782E5	4.42427E5	4.13107E5	1.07032E6	2.02625E5	1.27202E5	1.84126E5	1.67026E7	6.79349E4	8517.25584	4326.21916	3530.06428	2425.51695	2033.94856	1900.79674	1531.53691
372	8.63194E5	7.4857E5	6.33772E5	5.71394E5	5.61286E5	5.47701E5	5.11457E5	4.62537E5	4.07115E5	1.13877E6	2.2544E5	1.36568E5	1.01261E5	1.48853E7	8.25477E5	9171.68806	4477.25579	3635.45963	2581.03278	2052.9176	1729.26332	1702.8577
374	8.92776E5	7.73806E5	6.45604E5	5.8291E5	5.63487E5	5.61199E5	5.27909E5	4.78432E5	4.18548E5	1.04553E6	2.75145E5	1.48554E5	9.63092E4	1.00511E7	3.80332E6	1.17578E4	4985.38469	3750.58247	2436.33766	2189.01786	1868.62259	1296.45804
376	9.41982E5	7.98709E5	6.63925E5	5.85027E5	5.76092E5	5.74535E5	5.46145E5	4.99334E5	4.35388E5	8.58152E5	3.69281E5	1.60528E5	9.72406E4	4.48471E6	8.70273E6	1.52324E4	5491.07592	3541.70558	2916.97859	2005.73671	1727.35535	1496.87321
378	9.75872E5	8.18795E5	6.74002E5	5.94364E5	5.89515E5	5.78593E5	5.64575E5	5.16664E5	4.49007E5	6.59439E5	5.23262E5	1.75554E5	1.05046E5	1.0921E6	1.2894E7	2.22379E4	5966.40223	3851.16067	3139.6451	2196.67953	1710.88334	1526.55499
380	1.00587E6	8.55284E5	7.16665E5	6.17706E5	5.95076E5	5.91192E5	5.78496E5	5.31019E5	4.66812E5	5.24297E5	7.14042E5	1.90189E5	1.14925E5	1.55816E5	1.44018E7	5.42163E4	6932.19503	3656.98971	3108.82801	2065.02781	1777.85552	1674.58563
382	1.02958E6	8.8891E5	7.39526E5	6.34519E5	6.0492E5	6.10693E5	5.89098E5	5.57637E5	4.84155E5	4.59971E5	8.97057E5	2.06484E5	1.26335E5	9.62601E4	1.31488E7	6.13462E5	8154.39268	4215.18373	3008.53163	2409.41558	1866.39069	1600.51992
384	1.08159E6	9.35416E5	7.64754E5	6.47759E5	6.21153E5	6.21179E5	6.14349E5	5.7846E5	5.10829E5	4.45147E5	1.0045E6	2.28824E5	1.38471E5	9.17687E4	9.26708E6	2.95069E6	9905.62741	4284.30209	3173.18775	2560.14085	1884.05354	1483.74565
386	1.12261E6	9.44658E5	7.87983E5	6.70911E5	6.3544E5	6.42789E5	6.34454E5	5.95281E5	5.33281E5	4.5397E5	9.87039E5	2.61085E5	1.50855E5	9.2538E4	4.28747E6	7.44112E6	1.34612E4	4953.09555	3213.12888	2864.07981	1854.64373	1527.49795
388	1.11075E6	9.92469E5	8.111E5	6.86381E5	6.45201E5	6.54614E5	6.56094E5	6.18966E5	5.51199E5	4.6702E5	8.73084E5	3.26562E5	1.64471E5	9.98042E4	1.20715E6	1.14739E7	1.95263E4	5368.74379	3082.99023	3135.49955	1862.69714	1663.76705
390	1.1418E6	1.01864E6	8.44227E5	7.12399E5	6.60561E5	6.68241E5	6.57656E5	6.41528E5	5.71571E5	4.84433E5	7.14984E5	4.36866E5	1.79465E5	1.10044E5	1.74603E5	1.34234E7	4.97519E4	6727.50345	3710.93463	3141.27196	2073.15546	1643.51122
392	1.18526E6	1.03951E6	8.74642E5	7.29452E5	6.80961E5	6.80998E5	6.83051E5	6.55474E5	5.89655E5	5.02744E5	5.7519E5	5.93526E5	1.94166E5	1.2052E5	8.98375E4	1.24475E7	6.62405E5	8015.8714	3730.47593	2893.63239	2308.42645	1496.68569
394	1.2437E6	1.09135E6	8.99958E5	7.52793E5	6.9621E5	6.91884E5	6.89423E5	6.74556E5	6.05221E5	5.21657E5	5.0036E5	7.50892E5	2.08193E5	1.33977E5	8.40514E4	9.14332E6	2.93629E6	9217.35601	4480.08848	3065.58779	2518.41402	1722.05246
396	1.25282E6	1.10887E6	9.22588E5	7.56405E5	7.09468E5	7.10916E5	7.1388E5	6.92895E5	6.29384E5	5.41946E5	4.73319E5	8.77829E5	2.28203E5	1.46388E5	8.43783E4	4.35365E6	7.16529E6	1.36668E4	4263.67471	3037.79005	2703.0502	1881.42095
398	1.2812E6	1.1298E6	9.47589E5	7.85112E5	7.29539E5	7.27122E5	7.25821E5	7.05495E5	6.43519E5	5.61268E5	4.77651E5	9.14419E5	2.55695E5	1.57596E5	9.13147E4	1.20823E6	1.07771E7	1.9182E4	5033.34858	3080.38094	2553.07495	1774.49759
400	1.31265E6	1.15966E6	9.88878E5	8.1459E5	7.45359E5	7.42248E5	7.42735E5	7.31847E5	6.64512E5	5.81103E5	4.91271E5	8.50147E5	2.99602E5	1.72925E5	1.00031E5	1.65564E5	1.225E7	4.1549E4	5856.75439	3297.61527	2703.81165	1853.66916
402	1.36172E6	1.20285E6	1.00516E6	8.35167E5	7.77134E5	7.60646E5	7.62565E5	7.44809E5	6.77622E5	5.99774E5	5.05979E5	7.32776E5	3.74149E5	1.87931E5	1.09239E5	8.24436E4	1.10702E7	5.22403E5	6543.64636	3581.96196	2488.48241	2083.26692
404	1.3801E6	1.23658E6	1.0539E6	8.56165E5	7.84482E5	7.76791E5	7.70477E5	7.61997E5	7.02884E5	6.19918E5	5.32655E5	6.06446E5	4.93357E5	2.06434E5	1.21064E5	7.61475E4	7.5828E6	2.58019E6	8382.4024	3880.30275	2554.62373	2329.68058
406	1.39824E6	1.28267E6	1.05923E6	8.84725E5	7.99245E5	7.96313E5	7.86025E5	7.71737E5	7.09823E5	6.37756E5	5.43621E5	5.27019E5	6.27759E5	2.19235E5	1.3204E5	7.64682E4	3.42801E6	6.35877E6	1.09833E4	4492.85631	2837.53455	2307.68472
408	1.40834E6	1.29206E6	1.103E6	9.04115E5	8.17219E5	8.01729E5	8.03169E5	7.81775E5	7.30233E5	6.56874E5	5.66079E5	4.91821E5	7.53233E5	2.36117E5	1.4022E5	8.06134E4	8.49792E5	1.00012E7	1.72604E4	4813.59136	2982.45791	2338.0744
410	1.44329E6	1.34698E6	1.12068E6	9.31226E5	8.40737E5	8.12421E5	8.04478E5	7.91676E5	7.44572E5	6.65929E5	5.80209E5	4.83667E5	8.2606E5	2.57153E5	1.53154E5	8.6343E4	1.14891E5	1.15473E7	3.60697E4	5444.30542	2956.95539	2240.94845
412	1.49598E6	1.33627E6	1.1436E6	9.51976E5	8.49772E5	8.24631E5	8.16028E5	8.00102E5	7.47485E5	6.85134E5	5.95993E5	4.9371E5	8.16959E5	2.87962E5	1.63795E5	9.52981E4	7.0834E4	1.04878E7	4.15224E5	6614.93226	2983.15806	2137.30444
414	1.49768E6	1.36441E6	1.16757E6	9.60956E5	8.58302E5	8.31625E5	8.185E5	8.10816E5	7.61364E5	6.93707E5	6.08829E5	5.04191E5	7.4346E5	3.42465E5	1.75877E5	1.03667E5	6.71028E4	7.32414E6	2.10728E6	8309.51934	3337.83693	2309.09066
416	1.53109E6	1.40529E6	1.18339E6	9.76563E5	8.6564E5	8.41538E5	8.28292E5	8.20462E5	7.71904E5	7.05624E5	6.23082E5	5.18959E5	6.3865E5	4.21721E5	1.87294E5	1.13707E5	6.74639E4	3.34423E6	5.59801E6	1.09489E4	3724.56278	2480.87958
418	1.54832E6	1.40467E6	1.19352E6	9.91249E5	8.80851E5	8.46161E5	8.3318E5	8.20388E5	7.83741E5	7.17013E5	6.35155E5	5.34791E5	5.49594E5	5.31802E5	1.99535E5	1.22058E5	7.02705E4	8.52039E5	9.09381E6	1.61571E4	4345.53393	2503.2423
420	1.5282E6	1.40336E6	1.2378E6	1.02597E6	8.90807E5	8.58116E5	8.349E5	8.25419E5	7.87451E5	7.3044E5	6.5049E5	5.45892E5	4.95263E5	6.43572E5	2.14038E5	1.30819E5	7.625E4	1.14854E5	1.07957E7	3.66918E4	4847.10195	2604.44259
422	1.59763E6	1.44178E6	1.2422E6	1.04703E6	9.00933E5	8.6079E5	8.38559E5	8.34684E5	7.96963E5	7.38121E5	6.59837E5	5.60908E5	4.79059E5	7.32036E5	2.29727E5	1.41508E5	8.1514E4	6.40193E4	9.92951E6	5.04676E5	5546.28056	2842.12016
424	1.57236E6	1.45142E6	1.26188E6	1.06002E6	9.21366E5	8.68525E5	8.40678E5	8.37242E5	7.97549E5	7.44887E5	6.70831E5	5.72996E5	4.76231E5	7.55254E5	2.51608E5	1.49565E5	8.95505E4	5.9105E4	6.91537E6	2.33193E6	6898.06877	2921.04962
426	1.57154E6	1.47671E6	1.26666E6	1.06954E6	9.16931E5	8.70836E5	8.4063E5	8.32198E5	8.00913E5	7.52284E5	6.79611E5	5.80852E5	4.87457E5	7.1856E5	2.85048E5	1.60087E5	9.90667E4	5.92345E4	3.0408E6	5.8843E6	1.00567E4	3165.91758
428	1.57659E6	1.492E6	1.29367E6	1.08118E6	9.26961E5	8.71362E5	8.48818E5	8.36752E5	8.10776E5	7.59933E5	6.92598E5	5.94451E5	4.97598E5	6.34906E5	3.40872E5	1.73294E5	1.06698E5	6.20728E4	7.46873E5	9.15162E6	1.49343E4	3764.98
430	1.57475E6	1.50496E6	1.30812E6	1.1106E6	9.39763E5	8.80291E5	8.43328E5	8.32327E5	8.07176E5	7.61271E5	6.95673E5	6.0745E5	5.08126E5	5.5101E5	4.20044E5	1.827E5	1.1444E5	6.64978E4	9.87244E4	1.03704E7	3.41935E4	4083.45845
432	1.6019E6	1.49353E6	1.32128E6	1.11035E6	9.52916E5	8.73628E5	8.40235E5	8.37763E5	8.08787E5	7.67756E5	7.0348E5	6.16158E5	5.16534E5	4.88662E5	5.08111E5	1.96227E5	1.22116E5	7.20778E4	5.7752E4	9.10716E6	4.23586E5	5263.35142
434	1.63352E6	1.5039E6	1.32346E6	1.11683E6	9.65351E5	8.7638E5	8.36064E5	8.3481E5	8.05545E5	7.65379E5	7.08874E5	6.24149E5	5.28399E5	4.62082E5	5.92087E5	2.05125E5	1.29724E5	7.85795E4	5.39436E4	5.91526E6	2.08965E6	6388.78026
436	1.59328E6	1.5008E6	1.35072E6	1.13066E6	9.67231E5	8.88788E5	8.41393E5	8.26228E5	8.11153E5	7.70821E5	7.16706E5	6.31987E5	5.35844E5	4.55849E5	6.37469E5	2.21073E5	1.39199E5	8.55692E4	5.47467E4	2.52299E6	5.15299E6	8580.25206
438	1.58566E6	1.50955E6	1.35615E6	1.13798E6	9.71906E5	8.75108E5	8.38103E5	8.2654E5	8.04273E5	7.71152E5	7.15171E5	6.28683E5	5.42206E5	4.5864E5	6.35969E5	2.40162E5	1.48232E5	9.26156E4	5.7079E4	6.18706E5	8.24265E6	1.2354E4
440	1.56476E6	1.52662E6	1.35587E6	1.15751E6	9.70413E5	8.74655E5	8.37333E5	8.1685E5	7.99589E5	7.68092E5	7.17325E5	6.40284E5	5.53413E5	4.6476E5	5.87258E5	2.75202E5	1.56329E5	9.82718E4	6.11613E4	8.19605E4	9.63847E6	2.46223E4
442	1.60546E6	1.5323E6	1.34304E6	1.14752E6	9.79212E5	8.7798E5	8.26583E5	8.16704E5	8.0086E5	7.70557E5	7.18763E5	6.44929E5	5.57002E5	4.69873E5	5.25043E5	3.21465E5	1.64362E5	1.06543E5	6.3984E4	5.42968E4	8.6926E6	2.65359E5
444	1.59755E6	1.53078E6	1.37166E6	1.15724E6	9.73496E5	8.82444E5	8.20276E5	8.02967E5	7.94439E5	7.67986E5	7.23704E5	6.45468E5	5.59572E5	4.80706E5	4.59804E5	3.89016E5	1.7479E5	1.12114E5	7.01142E4	5.1522E4	5.84963E6	1.46102E6
446	1.58165E6	1.50915E6	1.36754E6	1.15899E6	9.73036E5	8.73098E5	8.16219E5	8.03198E5	7.87738E5	7.63315E5	7.15636E5	6.50206E5	5.69062E5	4.88993E5	4.17755E5	4.58603E5	1.80263E5	1.1991E5	7.52408E4	5.14477E4	2.58585E6	4.23702E6
448	1.59724E6	1.49994E6	1.35182E6	1.1707E6	9.87993E5	8.73175E5	8.1672E5	7.90759E5	7.83052E5	7.65157E5	7.18985E5	6.50658E5	5.73685E5	4.94805E5	3.99803E5	5.17601E5	1.9219E5	1.28079E5	8.05798E4	5.32851E4	6.52983E5	7.30502E6
450	1.5768E6	1.53483E6	1.36715E6	1.17113E6	9.77463E5	8.63762E5	8.02574E5	7.97598E5	7.78055E5	7.5814E5	7.17934E5	6.50458E5	5.76899E5	5.01759E5	3.92745E5	5.44149E5	2.05578E5	1.34588E5	8.79796E4	5.67833E4	8.91585E4	8.9684E6
452	1.56701E6	1.5378E6	1.35553E6	1.16691E6	9.85367E5	8.62462E5	8.03573E5	7.84706E5	7.74968E5	7.50994E5	7.14713E5	6.52315E5	5.81753E5	5.07689E5	3.98568E5	5.33663E5	2.28356E5	1.41794E5	9.45755E4	5.91534E4	5.08811E4	8.29791E6
454	1.5421E6	1.50968E6	1.37207E6	1.16975E6	9.75109E5	8.63133E5	7.92869E5	7.74951E5	7.65194E5	7.43456E5	7.06419E5	6.52767E5	5.83471E5	5.11999E5	4.00182E5	4.89086E5	2.62994E5	1.46471E5	1.00438E5	6.3514E4	4.61017E4	5.6475E6
456	1.53696E6	1.47791E6	1.34597E6	1.1597E6	9.80663E5	8.55118E5	7.82113E5	7.70014E5	7.49578E5	7.33737E5	7.03436E5	6.48279E5	5.82783E5	5.11219E5	4.07892E5	4.31307E5	3.10293E5	1.56667E5	1.03627E5	6.83657E4	4.56259E4	2.40585E6
458	1.52637E6	1.48636E6	1.35503E6	1.16249E6	9.76364E5	8.5105E5	7.7807E5	7.59073E5	7.50231E5	7.29172E5	7.00845E5	6.48099E5	5.83265E5	5.14577E5	4.07203E5	3.81023E5	3.66854E5	1.62801E5	1.10399E5	7.50194E4	4.77566E4	5.8061E5
460	1.50419E6	1.46364E6	1.33246E6	1.15291E6	9.65801E5	8.40577E5	7.71965E5	7.4734E5	7.37923E5	7.22804E5	6.92175E5	6.4298E5	5.81158E5	5.17015E5	4.15305E5	3.51906E5	4.19654E5	1.67444E5	1.17246E5	7.83363E4	5.03559E4	7.9334E4
462	1.54409E6	1.4623E6	1.32637E6	1.16296E6	9.74223E5	8.37341E5	7.63133E5	7.37377E5	7.28809E5	7.14064E5	6.84817E5	6.35913E5	5.82454E5	5.18208E5	4.16494E5	3.37255E5	4.53977E5	1.75762E5	1.23889E5	8.3014E4	5.33309E4	4.55125E4
464	1.51228E6	1.44035E6	1.33658E6	1.14915E6	9.57414E5	8.26163E5	7.51161E5	7.27292E5	7.18549E5	7.06817E5	6.78672E5	6.3094E5	5.76573E5	5.20489E5	4.18633E5	3.33437E5	4.58601E5	1.89999E5	1.26863E5	8.85156E4	5.48979E4	4.2529E4
466	1.48766E6	1.40911E6	1.32122E6	1.14866E6	9.58753E5	8.27796E5	7.4577E5	7.1417E5	7.13042E5	6.9465E5	6.74444E5	6.27069E5	5.77012E5	5.18696E5	4.20354E5	3.3486E5	4.35383E5	2.10686E5	1.30859E5	9.34267E4	6.01055E4	4.23507E4
468	1.6931E6	1.41632E6	1.30947E6	1.14884E6	9.5158E5	8.19793E5	7.38601E5	7.07077E5	6.99992E5	6.86174E5	6.69441E5	6.19498E5	5.71333E5	5.16016E5	4.22789E5	3.3624E5	3.95051E5	2.41913E5	1.35847E5	9.55024E4	6.30107E4	4.35016E4
470	2.29129E6	1.40881E6	1.29866E6	1.13581E6	9.43695E5	8.1302E5	7.30181E5	7.05145E5	6.87222E5	6.72995E5	6.54243E5	6.14746E5	5.69724E5	5.17268E5	4.26246E5	3.38409E5	3.47582E5	2.82182E5	1.42038E5	1.00701E5	6.79595E4	4.39059E4
472	3.67521E6	1.3976E6	1.29689E6	1.12689E6	9.46324E5	8.0699E5	7.22879E5	6.88364E5	6.76741E5	6.64569E5	6.50008E5	6.10945E5	5.65642E5	5.18317E5	4.24927E5	3.3877E5	3.13665E5	3.26735E5	1.45422E5	1.05869E5	7.20528E4	4.68138E4
474	6.05478E6	1.38424E6	1.28373E6	1.12509E6	9.33137E5	7.94335E5	7.19477E5	6.79826E5	6.68514E5	6.59131E5	6.4104E5	6.04297E5	5.61741E5	5.16242E5	4.28116E5	3.43228E5	2.91632E5	3.65075E5	1.5147E5	1.10502E5	7.55265E4	4.78826E4
476	9.46101E6	1.36645E6	1.27589E6	1.11529E6	9.15344E5	7.88152E5	7.07487E5	6.71691E5	6.56074E5	6.42138E5	6.29029E5	5.91289E5	5.5492E5	5.12415E5	4.26802E5	3.43123E5	2.8117E5	3.93717E5	1.58124E5	1.13384E5	7.81644E4	5.05401E4
478	1.36712E7	1.34061E6	1.24392E6	1.10956E6	9.13877E5	7.78394E5	6.90155E5	6.63849E5	6.44096E5	6.3522E5	6.17135E5	5.82695E5	5.48526E5	5.06674E5	4.23531E5	3.43828E5	2.77272E5	3.90374E5	1.70143E5	1.15441E5	8.11933E4	5.31042E4
480	1.74661E7	1.33974E6	1.23499E6	1.0832E6	9.01149E5	7.76819E5	6.84521E5	6.42757E5	6.33481E5	6.20272E5	6.07398E5	5.76107E5	5.44924E5	5.04585E5	4.20734E5	3.42161E5	2.78981E5	3.67491E5	1.90112E5	1.20091E5	8.46848E4	5.66466E4
482	1.96589E7	1.31144E6	1.22678E6	1.08128E6	8.94782E5	7.58064E5	6.77626E5	6.33453E5	6.22952E5	6.08892E5	5.98237E5	5.69359E5	5.36069E5	4.96241E5	4.19104E5	3.39364E5	2.77956E5	3.28389E5	2.17813E5	1.23487E5	8.87217E4	5.92842E4
484	1.88083E7	1.28791E6	1.19869E6	1.05055E6	8.77206E5	7.54617E5	6.67472E5	6.27837E5	6.11071E5	5.98669E5	5.87995E5	5.58616E5	5.27815E5	4.90854E5	4.1601E5	3.42957E5	2.77249E5	2.86474E5	2.52971E5	1.25955E5	9.11965E4	6.302E4
486	1.61798E7	1.34773E6	1.20071E6	1.03646E6	8.70535E5	7.40437E5	6.50114E5	6.15388E5	5.9705E5	5.87775E5	5.76255E5	5.4729E5	5.19026E5	4.8685E5	4.14646E5	3.41089E5	2.78423E5	2.56495E5	2.91243E5	1.30942E5	9.46067E4	6.68885E4
488	1.18388E7	1.59693E6	1.16976E6	1.0305E6	8.56016E5	7.29812E5	6.41834E5	6.0364E5	5.86027E5	5.78951E5	5.62554E5	5.36876E5	5.08876E5	4.82387E5	4.11273E5	3.37678E5	2.78807E5	2.39926E5	3.19334E5	1.35646E5	9.68574E4	6.88657E4
490	7.33086E6	2.57214E6	1.16092E6	1.01984E6	8.59801E5	7.20589E5	6.33524E5	5.94553E5	5.77298E5	5.67911E5	5.52164E5	5.24548E5	5.04819E5	4.75606E5	4.06031E5	3.40083E5	2.76466E5	2.30395E5	3.32183E5	1.42121E5	9.96735E4	7.18864E4
492	3.87596E6	4.70574E6	1.13409E6	1.01335E6	8.41124E5	7.14814E5	6.30405E5	5.88827E5	5.61609E5	5.55788E5	5.42827E5	5.16618E5	4.94341E5	4.67336E5	4.02717E5	3.35078E5	2.76281E5	2.28877E5	3.26739E5	1.5503E5	1.01045E5	7.40552E4
494	2.04942E6	7.9567E6	1.11562E6	1.00545E6	8.28578E5	7.00985E5	6.14966E5	5.70627E5	5.54357E5	5.38076E5	5.29431E5	5.11466E5	4.87434E5	4.59948E5	3.98232E5	3.3303E5	2.75576E5	2.26899E5	3.01859E5	1.69971E5	1.03428E5	7.5275E4
496	1.35656E6	1.24569E7	1.09299E6	9.75836E5	8.13496E5	6.87127E5	5.98575E5	5.56589E5	5.38577E5	5.3606E5	5.22579E5	4.99481E5	4.78975E5	4.52775E5	3.90807E5	3.25821E5	2.72542E5	2.28211E5	2.70133E5	1.97014E5	1.06645E5	7.77121E4
498	1.29345E6	1.71148E7	1.08826E6	9.57352E5	8.15982E5	6.82511E5	5.9815E5	5.51753E5	5.283E5	5.22365E5	5.06952E5	4.89181E5	4.71422E5	4.49623E5	3.88596E5	3.27731E5	2.71824E5	2.2587E5	2.38345E5	2.2508E5	1.08852E5	8.01845E4
500	1.27749E6	2.12291E7	1.07384E6	9.58406E5	7.99449E5	6.68182E5	5.86166E5	5.38578E5	5.21682E5	5.10844E5	4.99955E5	4.81029E5	4.61075E5	4.42111E5	3.84658E5	3.26403E5	2.73744E5	2.26556E5	2.12766E5	2.52429E5	1.10658E5	8.14114E4
502	1.24747E6	2.3063E7	1.06207E6	9.3468E5	7.80825E5	6.58819E5	5.77888E5	5.31722E5	5.07886E5	5.0217E5	4.88428E5	4.71039E5	4.5551E5	4.33963E5	3.81071E5	3.21601E5	2.7093E5	2.22673E5	1.9708E5	2.72784E5	1.14619E5	8.4157E4
504	1.17972E6	2.20172E7	1.0487E6	9.33591E5	7.74161E5	6.46518E5	5.63786E5	5.23904E5	5.03787E5	4.92372E5	4.81576E5	4.61259E5	4.48448E5	4.27014E5	3.75183E5	3.18742E5	2.70045E5	2.23279E5	1.9206E5	2.78756E5	1.20176E5	8.47037E4
506	1.20879E6	1.8205E7	1.07969E6	8.99318E5	7.56119E5	6.36155E5	5.57591E5	5.15645E5	4.90528E5	4.79186E5	4.7254E5	4.49704E5	4.34384E5	4.18502E5	3.65705E5	3.13203E5	2.6679E5	2.22094E5	1.87103E5	2.75406E5	1.2866E5	8.65687E4
508	1.15819E6	1.33789E7	1.44557E6	8.91907E5	7.52068E5	6.32217E5	5.41868E5	5.02794E5	4.80997E5	4.67259E5	4.57291E5	4.43966E5	4.29918E5	4.12402E5	3.61408E5	3.10416E5	2.61726E5	2.22868E5	1.85465E5	2.51126E5	1.45771E5	8.74996E4
510	1.1707E6	8.16376E6	2.73512E6	8.67328E5	7.31549E5	6.24141E5	5.38287E5	4.9683E5	4.69859E5	4.56936E5	4.46583E5	4.33414E5	4.17011E5	4.01596E5	3.53719E5	3.06513E5	2.61201E5	2.18794E5	1.84816E5	2.2164E5	1.63849E5	8.86652E4
512	1.34015E6	3.9317E6	5.48561E6	8.66326E5	7.18858E5	6.07099E5	5.26824E5	4.83009E5	4.68191E5	4.50629E5	4.38172E5	4.21296E5	4.10389E5	3.95725E5	3.51901E5	3.01664E5	2.55706E5	2.16692E5	1.82351E5	1.95203E5	1.88914E5	9.11204E4
514	1.46529E6	1.88959E6	9.57397E6	8.62643E5	7.12908E5	5.97219E5	5.12687E5	4.72965E5	4.51546E5	4.34843E5	4.24913E5	4.14445E5	4.02277E5	3.91088E5	3.41836E5	2.96895E5	2.54238E5	2.13706E5	1.80674E5	1.74545E5	2.09639E5	9.25167E4
516	1.71802E6	1.1817E6	1.457E7	8.33265E5	6.96157E5	5.88508E5	5.07704E5	4.61413E5	4.36111E5	4.28346E5	4.15118E5	4.03169E5	3.9079E5	3.8218E5	3.36159E5	2.93069E5	2.50888E5	2.14592E5	1.79836E5	1.6011E5	2.23748E5	9.51842E4
518	2.09247E6	1.07754E6	1.98588E7	8.24429E5	6.85296E5	5.77691E5	4.97093E5	4.52164E5	4.2687E5	4.18202E5	4.06011E5	3.96679E5	3.84532E5	3.69629E5	3.29175E5	2.84788E5	2.46025E5	2.10096E5	1.7917E5	1.53641E5	2.29041E5	1.01014E5
520	2.47302E6	1.04051E6	2.38937E7	8.12391E5	6.76039E5	5.64765E5	4.86019E5	4.43622E5	4.21746E5	4.05949E5	3.96265E5	3.84208E5	3.72833E5	3.6549E5	3.24694E5	2.82452E5	2.4319E5	2.06701E5	1.76297E5	1.52822E5	2.21465E5	1.08999E5
522	2.68861E6	9.95964E5	2.51746E7	7.99802E5	6.70697E5	5.54208E5	4.77947E5	4.31356E5	4.11351E5	3.99775E5	3.9081E5	3.77061E5	3.65937E5	3.55353E5	3.17532E5	2.77086E5	2.39745E5	2.05062E5	1.75212E5	1.50751E5	2.05297E5	1.20738E5
524	2.90644E6	9.50255E5	2.31852E7	7.93776E5	6.55618E5	5.44845E5	4.65258E5	4.25817E5	4.01817E5	3.89079E5	3.7718E5	3.69563E5	3.61742E5	3.49092E5	3.11786E5	2.70471E5	2.35412E5	2.0239E5	1.71998E5	1.476E5	1.79501E5	1.355E5
526	2.95632E6	9.52133E5	1.9012E7	8.44672E5	6.32511E5	5.3396E5	4.66845E5	4.12734E5	3.90492E5	3.80266E5	3.70146E5	3.60012E5	3.49134E5	3.40347E5	3.05083E5	2.66057E5	2.30494E5	2.01786E5	1.70391E5	1.45923E5	1.57074E5	1.51648E5
528	2.82198E6	9.32567E5	1.36809E7	1.26794E6	6.35033E5	5.1867E5	4.45865E5	4.08103E5	3.80252E5	3.67234E5	3.60558E5	3.47611E5	3.42662E5	3.32184E5	2.9831E5	2.58239E5	2.29044E5	1.97103E5	1.70351E5	1.45405E5	1.41217E5	1.71098E5
530	2.506E6	8.98538E5	8.06229E6	2.81866E6	6.17392E5	5.18278E5	4.3857E5	3.9645E5	3.76797E5	3.58591E5	3.51171E5	3.39846E5	3.32074E5	3.26675E5	2.90854E5	2.53786E5	2.20744E5	1.92485E5	1.6756E5	1.42719E5	1.25091E5	1.81573E5
532	2.07066E6	9.1271E5	3.7947E6	6.04212E6	6.06987E5	4.98972E5	4.30642E5	3.88661E5	3.61835E5	3.52826E5	3.40878E5	3.30943E5	3.24077E5	3.18967E5	2.84019E5	2.50969E5	2.16799E5	1.92061E5	1.6349E5	1.39084E5	1.20084E5	1.89369E5
534	1.64845E6	1.0115E6	1.59099E6	1.09822E7	5.97488E5	4.86323E5	4.16603E5	3.79874E5	3.56702E5	3.44987E5	3.32154E5	3.23284E5	3.16402E5	3.12985E5	2.78867E5	2.41232E5	2.15869E5	1.89613E5	1.62923E5	1.39718E5	1.18078E5	1.81191E5
536	1.24809E6	1.17023E6	9.37002E5	1.67511E7	5.87005E5	4.80252E5	4.11121E5	3.65718E5	3.49651E5	3.34814E5	3.26642E5	3.14826E5	3.11425E5	3.02811E5	2.7014E5	2.37466E5	2.13347E5	1.85578E5	1.60365E5	1.36754E5	1.16876E5	1.65933E5
538	1.01278E6	1.40286E6	8.46193E5	2.22875E7	5.78471E5	4.72224E5	4.02856E5	3.61362E5	3.3813E5	3.25959E5	3.17697E5	3.07189E5	3.00024E5	2.95737E5	2.67431E5	2.33175E5	2.04852E5	1.79489E5	1.52677E5	1.34922E5	1.12999E5	1.47856E5
540	8.55032E5	1.74709E6	8.15299E5	2.61976E7	5.68043E5	4.57473E5	3.9448E5	3.51464E5	3.25765E5	3.15399E5	3.04207E5	2.96671E5	2.89527E5	2.85293E5	2.57962E5	2.2868E5	1.98633E5	1.76296E5	1.55204E5	1.32545E5	1.11349E5	1.26967E5
542	7.62463E5	2.13723E6	7.70596E5	2.69842E7	5.61249E5	4.50808E5	3.82828E5	3.43668E5	3.21007E5	3.09876E5	2.9867E5	2.90608E5	2.81426E5	2.81359E5	2.4945E5	2.24944E5	1.97261E5	1.72182E5	1.50032E5	1.29975E5	1.09987E5	1.0801E5
544	7.65539E5	2.48454E6	7.51247E5	2.43296E7	5.72035E5	4.38002E5	3.78378E5	3.38182E5	3.113E5	2.99946E5	2.88394E5	2.82994E5	2.73335E5	2.68387E5	2.41308E5	2.15444E5	1.94592E5	1.69977E5	1.49047E5	1.28006E5	1.08254E5	9.91848E4
546	7.30273E5	2.86313E6	7.18438E5	1.95048E7	6.39255E5	4.30295E5	3.66048E5	3.32029E5	3.0292E5	2.93011E5	2.85655E5	2.72579E5	2.68263E5	2.65973E5	2.35691E5	2.10852E5	1.89534E5	1.65099E5	1.45108E5	1.26575E5	1.05941E5	9.25453E4
548	6.72046E5	2.962E6	6.84762E5	1.35129E7	1.26886E6	4.28375E5	3.57978E5	3.19828E5	2.96813E5	2.85275E5	2.75189E5	2.64413E5	2.62306E5	2.58227E5	2.3004E5	2.0524E5	1.83412E5	1.63072E5	1.415E5	1.25992E5	1.03093E5	8.91995E4
550	6.91242E5	2.9264E6	6.70412E5	7.81175E6	3.27223E6	4.1583E5	3.5205E5	3.09376E5	2.91819E5	2.74508E5	2.72254E5	2.60162E5	2.53836E5	2.47476E5	2.23488E5	1.99203E5	1.78506E5	1.5897E5	1.39985E5	1.20544E5	1.01977E5	8.81507E4
552	6.85762E5	2.65605E6	6.72537E5	3.52619E6	7.22685E6	4.0773E5	3.46254E5	3.04188E5	2.84949E5	2.71195E5	2.59969E5	2.54993E5	2.4502E5	2.42331E5	2.22277E5	1.95087E5	1.76052E5	1.54721E5	1.35762E5	1.1832E5	1.00307E5	8.54936E4
554	6.43696E5	2.31564E6	6.6991E5	1.37614E6	1.28825E7	4.00883E5	3.35577E5	2.97277E5	2.76389E5	2.63229E5	2.56453E5	2.42092E5	2.38981E5	2.3579E5	2.14933E5	1.91394E5	1.67278E5	1.50626E5	1.34456E5	1.17278E5	9.81449E4	8.41412E4
556	6.6077E5	1.83663E6	7.05409E5	7.39603E5	1.94359E7	3.96537E5	3.28286E5	2.9519E5	2.66752E5	2.57723E5	2.4988E5	2.38514E5	2.33809E5	2.31615E5	2.08052E5	1.86214E5	1.65736E5	1.46417E5	1.27048E5	1.16013E5	9.63788E4	8.42167E4
558	6.19124E5	1.42598E6	8.52322E5	6.55624E5	2.5891E7	3.86986E5	3.23229E5	2.8264E5	2.61681E5	2.5045E5	2.4067E5	2.32405E5	2.25766E5	2.22414E5	2.02759E5	1.79501E5	1.59821E5	1.44567E5	1.27489E5	1.13378E5	9.48372E4	8.08512E4
560	5.75389E5	1.04801E6	1.01054E6	6.21618E5	3.00991E7	3.82921E5	3.14634E5	2.77662E5	2.5756E5	2.43121E5	2.35553E5	2.2556E5	2.21274E5	2.16918E5	1.95333E5	1.74785E5	1.58164E5	1.39399E5	1.24833E5	1.10558E5	9.38666E4	8.00175E4
562	5.84101E5	8.16739E5	1.28189E6	5.88749E5	3.08137E7	3.83018E5	3.11882E5	2.71337E5	2.49855E5	2.37764E5	2.29584E5	2.18486E5	2.15359E5	2.10379E5	1.91157E5	1.68782E5	1.53189E5	1.36739E5	1.21647E5	1.0798E5	9.15883E4	7.70813E4
564	5.8658E5	6.62585E5	1.64076E6	5.63733E5	2.76884E7	3.92507E5	2.97984E5	2.66906E5	2.39637E5	2.28844E5	2.20127E5	2.09902E5	2.07844E5	2.04233E5	1.85301E5	1.64756E5	1.50313E5	1.35097E5	1.18022E5	1.0497E5	8.96446E4	7.5067E4
566	5.70828E5	5.87105E5	2.00536E6	5.49817E5	2.20073E7	4.64001E5	2.95982E5	2.57275E5	2.36859E5	2.25857E5	2.15129E5	2.0706E5	2.0218E5	1.98498E5	1.79578E5	1.63983E5	1.45781E5	1.31274E5	1.1513E5	1.02951E5	8.9307E4	7.37595E4
568	5.31285E5	5.48384E5	2.38415E6	5.28354E5	1.4815E7	1.15714E6	2.89851E5	2.50347E5	2.30918E5	2.18883E5	2.05898E5	2.02394E5	1.94752E5	1.93809E5	1.7454E5	1.56225E5	1.41352E5	1.25942E5	1.1258E5	1.00595E5	8.59417E4	7.22006E4
570	5.74294E5	5.17796E5	2.61729E6	5.12471E5	8.07499E6	3.27045E6	2.88412E5	2.45273E5	2.28688E5	2.12031E5	2.03829E5	1.93015E5	1.89838E5	1.85194E5	1.68992E5	1.50799E5	1.40079E5	1.23802E5	1.11114E5	9.67671E4	8.39397E4	7.10042E4
572	5.53547E5	5.25539E5	2.71713E6	5.04074E5	3.41186E6	7.28607E6	2.79195E5	2.38912E5	2.20646E5	2.05172E5	1.93054E5	1.89657E5	1.86843E5	1.8146E5	1.62687E5	1.48442E5	1.35568E5	1.18101E5	1.05581E5	9.51694E4	8.11819E4	7.18745E4
574	5.13892E5	4.92351E5	2.6046E6	5.00787E5	1.19086E6	1.27562E7	2.72557E5	2.3279E5	2.11379E5	2.03054E5	1.89833E5	1.83927E5	1.75101E5	1.75387E5	1.60211E5	1.4355E5	1.2941E5	1.16491E5	1.05402E5	9.28011E4	7.94927E4	6.83841E4
576	5.07609E5	4.71397E5	2.31601E6	5.03253E5	5.94686E5	1.87402E7	2.74368E5	2.28187E5	2.06019E5	1.9492E5	1.88119E5	1.78568E5	1.75132E5	1.68578E5	1.52426E5	1.3967E5	1.25257E5	1.13809E5	1.01612E5	8.9346E4	7.97869E4	6.62946E4
578	5.17475E5	4.76034E5	1.94411E6	5.23023E5	5.24344E5	2.42257E7	2.69065E5	2.27962E5	2.0181E5	1.90226E5	1.77884E5	1.7336E5	1.67327E5	1.63284E5	1.51299E5	1.36213E5	1.22555E5	1.09705E5	9.84846E4	8.71802E4	7.53542E4	6.44359E4
580	4.95031E5	4.43271E5	1.54343E6	5.87822E5	5.05311E5	2.78993E7	2.6344E5	2.13733E5	1.94064E5	1.81064E5	1.74311E5	1.685E5	1.62113E5	1.58347E5	1.43679E5	1.30659E5	1.17647E5	1.07625E5	9.58269E4	8.49505E4	7.40594E4	6.34582E4
582	4.63168E5	4.49325E5	1.16459E6	6.95087E5	4.8419E5	2.81861E7	2.65266E5	2.13681E5	1.94224E5	1.76072E5	1.68149E5	1.6078E5	1.59343E5	1.56307E5	1.41417E5	1.27895E5	1.13867E5	1.04764E5	9.33722E4	8.3364E4	7.02407E4	6.20567E4
584	4.79563E5	4.32595E5	8.71013E5	9.22948E5	4.73908E5	2.48944E7	2.67961E5	2.09014E5	1.87499E5	1.7375E5	1.64708E5	1.56794E5	1.53376E5	1.49606E5	1.36252E5	1.22418E5	1.137E5	1.0048E5	8.90529E4	8.017E4	7.02793E4	5.87865E4
586	4.94714E5	4.39819E5	6.56694E5	1.16895E6	4.81529E5	1.93295E7	3.45598E5	2.0238E5	1.82569E5	1.67491E5	1.56098E5	1.52683E5	1.47966E5	1.4742E5	1.35748E5	1.18701E5	1.09822E5	9.92848E4	8.72634E4	7.74524E4	6.76517E4	5.98436E4
588	5.19466E5	4.25941E5	5.46779E5	1.49021E6	4.69764E5	1.27963E7	9.98598E5	2.01814E5	1.73188E5	1.61938E5	1.54679E5	1.43746E5	1.43937E5	1.41232E5	1.32078E5	1.16409E5	1.05655E5	9.69041E4	8.47045E4	7.71287E4	6.58819E4	5.71268E4
590	4.569E5	3.94167E5	4.74426E5	1.86584E6	4.65554E5	6.75621E6	3.19081E6	1.96197E5	1.71702E5	1.59253E5	1.51475E5	1.44145E5	1.38093E5	1.36678E5	1.21645E5	1.14202E5	1.00283E5	9.31648E4	8.25904E4	7.38381E4	6.37583E4	5.51372E4
592	4.50815E5	4.18093E5	4.50728E5	2.16774E6	4.62344E5	2.64339E6	7.54028E6	1.95733E5	1.70188E5	1.50783E5	1.49291E5	1.38338E5	1.34005E5	1.30642E5	1.20126E5	1.08013E5	9.87751E4	9.14048E4	7.88332E4	7.20324E4	6.17092E4	5.35982E4
594	4.81167E5	4.17628E5	4.31139E5	2.36888E6	4.58327E5	8.60951E5	1.32821E7	1.91106E5	1.61429E5	1.50933E5	1.42233E5	1.3549E5	1.29997E5	1.27567E5	1.18001E5	1.06553E5	9.45623E4	8.72802E4	7.80097E4	6.8709E4	6.02449E4	5.29082E4
596	4.76259E5	4.14749E5	4.35307E5	2.43108E6	4.6352E5	4.42474E5	1.96426E7	1.88822E5	1.57304E5	1.43631E5	1.37065E5	1.29641E5	1.27701E5	1.22632E5	1.11872E5	1.02383E5	9.48166E4	8.46712E4	7.55637E4	6.81621E4	5.83419E4	4.91728E4
598	4.66594E5	3.84181E5	4.13412E5	2.34718E6	4.66279E5	3.92258E5	2.51283E7	1.85788E5	1.55961E5	1.42475E5	1.35045E5	1.28243E5	1.2106E5	1.21056E5	1.11131E5	9.9542E4	8.95542E4	8.01151E4	7.34716E4	6.41195E4	5.70341E4	4.88824E4
600	4.89059E5	3.93932E5	3.92772E5	2.10749E6	4.76061E5	3.68774E5	2.83907E7	1.86966E5	1.53452E5	1.40687E5	1.30048E5	1.24719E5	1.19116E5	1.1853E5	1.08539E5	9.54861E4	8.8715E4	7.99014E4	7.01534E4	6.35251E4	5.51376E4	4.8178E4
