300	3.70468E5	2.19954E5	2.41884E5	2.71279E6	4.81292E5	4.07821E5	4.02988E7	1.62439E5	2.46579E4	1.54693E4	1.02848E4	8462.56607	7014.82174	6414.13636	4990.10422	4605.91429	4058.97179	3515.43833	3400.29692	2781.868	2761.86847	2656.10968
302	3.51018E5	2.37504E5	2.48675E5	1.85561E6	8.07862E5	2.70824E5	3.5604E7	1.89314E6	2.83616E4	1.55866E4	1.14043E4	8428.47496	6222.1913	5628.83363	5525.85657	4111.51847	3823.34847	3683.35828	3241.47266	3122.93488	2688.36462	2436.14417
304	4.16678E5	2.36478E5	2.67146E5	1.11687E6	1.38524E6	2.56878E5	2.34564E7	8.22457E6	3.17066E4	1.70715E4	1.209E4	8899.7398	6836.97785	6193.95884	5238.41739	4045.84605	4186.12059	3095.07227	3383.82113	2805.19451	2950.99251	2344.39146
306	3.97708E5	2.38069E5	2.70618E5	6.59609E5	2.13896E6	2.59615E5	1.03519E7	2.04219E7	4.12477E4	1.77689E4	1.17014E4	8507.24176	7454.12576	6907.52646	5530.12607	4056.14582	3745.20134	3940.00335	3023.04818	2781.66402	2742.60101	2459.39357
308	4.44435E5	2.50686E5	2.93518E5	4.7929E5	2.79828E6	2.64253E5	2.60484E6	3.36498E7	6.07311E4	1.92343E4	1.31678E4	9100.71119	7367.32028	6186.12353	5211.27813	4550.41557	3852.2887	3248.20795	3144.02714	3369.8777	2914.88954	2302.65352
310	4.73489E5	2.67627E5	3.05176E5	4.28202E5	2.97035E6	2.96767E5	3.65156E5	3.95618E7	1.53611E5	2.18178E4	1.42199E4	9166.09905	7400.86196	6180.95703	5078.76321	3783.79008	3893.90026	3271.56655	2800.43058	3523.72105	2439.42933	2140.0894
312	4.55458E5	2.80996E5	2.98105E5	4.27133E5	2.57622E6	3.80741E5	1.93709E5	3.52719E7	1.78638E6	2.47566E4	1.36739E4	9621.5374	6918.91072	6159.09585	5334.12914	4428.23439	3750.53485	2993.32499	2888.26224	3026.37861	2750.73139	2451.04756
314	4.48655E5	2.75007E5	3.23065E5	4.28452E5	1.79616E6	6.49303E5	1.73252E5	2.254E7	8.48173E6	2.90346E4	1.52846E4	9766.0056	8222.95373	6702.00149	5087.81275	4264.04554	4056.36014	3405.95581	2724.65467	3140.24297	2528.19013	2231.20431
316	4.32818E5	2.81871E5	3.34678E5	4.2982E5	1.12954E6	1.12462E6	1.7002E5	9.36361E6	2.02041E7	3.45353E4	1.62775E4	1.12047E4	7027.86291	7010.25449	5040.35187	4041.99044	3483.72765	3345.20021	3149.90139	2985.56288	2864.53993	2148.55375
318	4.40483E5	3.09999E5	3.43566E5	4.32803E5	7.3713E5	1.78052E6	1.73485E5	2.19433E6	3.07824E7	4.99997E4	1.73389E4	1.10825E4	8978.52519	6823.62787	4938.55282	4516.02983	3812.54321	3302.27047	3047.55595	2361.16159	2380.38028	2342.70023
320	4.65567E5	3.19899E5	3.50271E5	4.43691E5	5.48936E5	2.31769E6	1.77837E5	2.8114E5	3.4772E7	1.46719E5	1.88702E4	1.12505E4	8993.46678	6817.25261	5223.43208	4404.63732	3935.61119	2967.4604	3133.77176	2534.26172	2403.14924	2446.61076
322	4.89773E5	3.21306E5	3.63657E5	4.52257E5	5.1556E5	2.45824E6	1.97833E5	1.6166E5	2.99162E7	1.65899E6	2.21811E4	1.19809E4	8631.94129	7018.51748	4953.99632	4353.68722	3837.92571	3066.13123	3074.73547	2621.77146	2463.10593	2245.99505
324	4.8654E5	3.34404E5	3.65803E5	4.50925E5	5.02189E5	2.13808E6	2.73825E5	1.52E5	1.90396E7	7.28108E6	2.58367E4	1.22728E4	8970.07328	6870.01644	5338.63812	4307.78317	3411.02987	3196.70437	2925.85164	2732.38348	2502.02758	2015.89995
326	5.48501E5	3.48611E5	3.83985E5	4.63405E5	5.06259E5	1.56265E6	4.62837E5	1.5187E5	8.06439E6	1.69283E7	3.34115E4	1.28541E4	9033.73172	7675.71818	5567.23499	4449.78614	3807.90464	3018.71594	2747.2457	2350.71404	2549.09954	1963.42531
328	5.60089E5	3.59624E5	3.84903E5	4.68937E5	5.10838E5	1.03899E6	8.27984E5	1.6046E5	2.05523E6	2.57495E7	4.60473E4	1.4624E4	9412.28797	7185.29762	5270.62153	3949.86261	3548.00874	3232.86693	2767.34691	2454.24996	2321.9954	2057.00555
330	5.61789E5	3.83165E5	3.95653E5	4.79217E5	5.2368E5	6.71675E5	1.35189E6	1.7455E5	2.8208E5	2.95987E7	1.20946E5	1.62054E4	1.01453E4	7530.9768	5622.82105	4095.94858	3618.35498	3098.58186	2779.63792	2385.36472	2351.3105	1839.29508
332	5.92499E5	3.89655E5	4.0065E5	4.85745E5	5.27014E5	5.13951E5	1.82404E6	1.88872E5	1.73041E5	2.64281E7	1.3363E6	1.82721E4	1.00915E4	8283.95564	5685.68977	4472.99119	3388.32143	2759.57164	2535.04971	2459.86137	2289.09434	2381.42532
334	6.19323E5	4.09801E5	4.20051E5	4.8481E5	5.15376E5	4.69244E5	2.03803E6	2.1098E5	1.57569E5	1.79133E7	6.0091E6	2.14132E4	1.0565E4	8892.71783	5715.08916	4567.56945	3672.56077	3057.64501	2865.942	2351.92495	2212.84787	1973.99977
336	6.25626E5	4.09004E5	4.26378E5	4.91944E5	5.24255E5	4.5723E5	1.87834E6	2.68188E5	1.62524E5	7.98213E6	1.45071E7	2.65346E4	1.12101E4	8929.27616	5693.96565	4553.9914	3299.07849	3052.47664	2588.8328	2468.45644	2132.18894	1910.55664
338	6.84001E5	4.23292E5	4.24444E5	4.84825E5	5.30279E5	4.64798E5	1.47862E6	3.91473E5	1.67505E5	2.11841E6	2.21811E7	3.72238E4	1.21315E4	8947.27438	5954.56448	4116.82685	3339.84657	2761.92115	2848.59437	2439.47187	2109.03671	2141.56188
340	6.65381E5	4.28084E5	4.31544E5	4.95554E5	5.30571E5	4.73483E5	1.00337E6	6.6964E5	1.76667E5	2.88781E5	2.53839E7	9.57171E4	1.38558E4	8715.58589	6299.11871	4370.51227	3661.90236	2732.24068	2700.88569	2454.75651	2524.87429	2042.36693
342	7.18925E5	4.40539E5	4.33009E5	4.99645E5	5.39434E5	4.79717E5	6.66125E5	1.0496E6	1.80918E5	1.59495E5	2.26872E7	1.05601E6	1.55556E4	9281.17079	6230.98939	4411.23068	3468.56625	2949.98047	2727.67638	2559.06318	2219.73985	1948.56148
344	7.09663E5	4.66942E5	4.4533E5	4.92252E5	5.38457E5	4.8547E5	4.81571E5	1.47006E6	1.92757E5	1.44695E5	1.50324E7	5.37994E6	1.80412E4	9723.63146	6724.68414	4509.65668	3798.81173	2577.69515	2797.23255	2321.96805	2161.77718	1863.24188
346	7.10605E5	4.87513E5	4.49754E5	4.93147E5	5.33121E5	4.86743E5	4.24028E5	1.68502E6	2.10495E5	1.47653E5	6.75993E6	1.26188E7	2.45229E4	9972.18022	6943.67701	5085.346	3530.0706	2953.49705	2497.85537	1749.71627	1995.52511	1938.12387
348	7.72524E5	4.90249E5	4.54621E5	4.90539E5	5.34385E5	4.98093E5	4.21751E5	1.62868E6	2.45917E5	1.51395E5	1.6452E6	1.91194E7	3.35659E4	1.14101E4	6701.27227	4597.06027	3520.28933	2619.48955	2821.23334	2359.17082	2038.43518	1831.69914
350	7.72566E5	5.18643E5	4.69327E5	4.96446E5	5.36341E5	5.00603E5	4.26565E5	1.33237E6	3.44302E5	1.61063E5	2.29772E5	2.14663E7	7.27339E4	1.32037E4	7301.84475	4746.66758	3366.20542	2827.49566	2386.80293	2189.4967	2046.17578	1777.76051
352	7.43725E5	5.33615E5	4.84519E5	4.97017E5	5.319E5	5.06032E5	4.35047E5	9.35933E5	5.38195E5	1.68541E5	1.2211E5	1.91276E7	9.42303E5	1.46308E4	7348.94164	5436.18229	3950.56131	2671.32749	2632.43454	2097.38036	2187.82781	1742.5314
354	7.77943E5	5.35326E5	4.89235E5	4.92895E5	5.35986E5	5.10546E5	4.47864E5	6.52647E5	8.22869E5	1.79376E5	1.13481E5	1.31424E7	4.40626E6	1.69918E4	7464.27276	5132.69066	3658.42023	2870.55871	2386.75064	2137.83363	2011.52388	1724.76115
356	8.10476E5	5.49706E5	4.99069E5	4.99612E5	5.29214E5	5.22473E5	4.61794E5	4.88548E5	1.12942E6	1.91555E5	1.1489E5	5.94949E6	1.07843E7	2.25082E4	8619.09839	5289.02751	3674.04563	2842.78525	2438.01029	2384.74438	2094.89876	1694.69524
358	8.13632E5	5.83056E5	5.12037E5	5.0891E5	5.30913E5	5.24806E5	4.70913E5	4.29614E5	1.34691E6	2.05666E5	1.25742E5	1.57548E6	1.66085E7	3.1675E4	9246.09215	5624.87801	4144.25525	2689.37418	2557.76628	1960.6908	1789.5325	1428.58752
360	8.58161E5	5.98175E5	5.22888E5	5.1752E5	5.32213E5	5.31354E5	4.86536E5	4.24687E5	1.35715E6	2.33024E5	1.31488E5	2.1478E5	1.9051E7	6.9183E4	9631.85365	5562.9276	4518.30767	2715.95013	2662.17595	2100.78847	1852.31884	1873.35901
362	8.42909E5	6.20661E5	5.43314E5	5.27237E5	5.41811E5	5.45333E5	4.92696E5	4.29029E5	1.19103E6	2.88794E5	1.44015E5	1.13655E5	1.76985E7	8.10036E5	1.16421E4	5954.16429	4471.84567	3035.23505	2493.19242	2046.79005	1886.01225	1759.22514
364	8.90359E5	6.43024E5	5.50595E5	5.3203E5	5.44236E5	5.43006E5	5.08581E5	4.46158E5	9.10114E5	4.12339E5	1.55139E5	1.05835E5	1.2739E7	4.14093E6	1.34681E4	6455.04346	4511.01129	2848.1445	2758.49117	2102.78067	2049.12182	1682.40855
366	9.16452E5	6.81509E5	5.67417E5	5.41558E5	5.51369E5	5.51483E5	5.22678E5	4.60581E5	6.51341E5	6.17785E5	1.65492E5	1.07046E5	5.89403E6	1.06387E7	1.79904E4	6636.94646	4490.43214	3302.55606	2550.79377	2124.51186	1931.99787	1588.27459
368	9.24058E5	7.02656E5	5.80113E5	5.58604E5	5.5563E5	5.5672E5	5.34214E5	4.7748E5	5.0193E5	8.63805E5	1.79659E5	1.13148E5	1.58346E6	1.60093E7	2.74953E4	7666.79925	4568.26086	3438.32402	2556.87445	2197.90575	1763.80535	1573.4887
370	9.14549E5	7.42614E5	6.12657E5	5.58407E5	5.62162E5	5.71242E5	5.52436E5	4.92786E5	4.40346E5	1.07814E6	1.97701E5	1.23987E5	1.93898E5	1.81601E7	6.52887E4	8642.43791	5021.58875	3825.20182	3050.92925	2176.83119	2013.03204	1655.04909
372	9.63712E5	7.45021E5	6.27646E5	5.67006E5	5.68801E5	5.7869E5	5.63337E5	5.09267E5	4.31465E5	1.15836E6	2.19695E5	1.34303E5	1.02472E5	1.63411E7	8.20171E5	9794.21109	4985.12125	3947.69761	2545.70306	2109.94205	1969.04081	1788.66839
374	9.65607E5	7.76837E5	6.51994E5	5.75888E5	5.79128E5	5.92148E5	5.79732E5	5.25045E5	4.3966E5	1.06801E6	2.66683E5	1.4385E5	9.35909E4	1.12252E7	3.99206E6	1.17071E4	5466.26318	4111.80338	2926.76755	2012.02341	1852.93148	1764.17757
376	1.00067E6	8.06604E5	6.68607E5	5.96633E5	5.89714E5	5.95958E5	5.97333E5	5.45803E5	4.53859E5	8.74722E5	3.56088E5	1.55165E5	9.55436E4	5.10261E6	9.30377E6	1.5297E4	5886.11421	3569.17714	3378.98577	2213.93456	1850.50481	1717.23661
378	1.02213E6	8.36641E5	6.8869E5	6.00862E5	5.99961E5	6.15341E5	6.11707E5	5.6213E5	4.71493E5	6.71218E5	5.06811E5	1.67561E5	1.00898E5	1.24792E6	1.38721E7	2.34044E4	6870.02495	3804.35265	3364.90837	2496.97308	1681.84542	1565.39692
380	1.01945E6	8.64451E5	7.14906E5	6.17337E5	6.10872E5	6.1726E5	6.25997E5	5.82538E5	4.86853E5	5.24923E5	7.03908E5	1.81522E5	1.10863E5	1.64288E5	1.55679E7	5.16891E4	7809.37098	4235.75037	3443.03876	2284.46449	2106.46255	1645.0596
382	1.10819E6	8.93629E5	7.38149E5	6.38945E5	6.2726E5	6.37513E5	6.51192E5	5.95257E5	5.05614E5	4.63588E5	8.83028E5	1.97562E5	1.22222E5	9.60956E4	1.43236E7	5.98459E5	8747.48923	4374.7823	3668.04834	2599.98487	2270.58175	1515.63166
384	1.12394E6	9.37504E5	7.83528E5	6.52063E5	6.46425E5	6.56989E5	6.60732E5	6.2106E5	5.28953E5	4.49926E5	9.93985E5	2.17345E5	1.32179E5	8.93155E4	1.03569E7	2.99914E6	1.1345E4	4894.66296	3441.13453	2536.74605	2038.80167	1782.66289
386	1.15383E6	9.66812E5	7.88553E5	6.79298E5	6.52822E5	6.75299E5	6.81126E5	6.41915E5	5.43636E5	4.5639E5	9.86872E5	2.49313E5	1.44821E5	9.1012E4	4.84148E6	7.71404E6	1.5024E4	5138.16246	3870.0986	2826.73039	2047.13508	1859.04621
388	1.17572E6	1.00565E6	8.18546E5	7.01313E5	6.64251E5	6.92199E5	7.02132E5	6.61704E5	5.69532E5	4.69205E5	8.66252E5	3.12457E5	1.54248E5	9.79089E4	1.37304E6	1.20556E7	2.27522E4	5775.14095	3789.02768	3357.5641	2246.43679	1896.1019
390	1.22001E6	1.02078E6	8.58701E5	7.19646E5	6.89138E5	7.04934E5	7.23285E5	6.79807E5	5.92253E5	4.86904E5	7.05576E5	4.19005E5	1.70289E5	1.05538E5	1.80074E5	1.42684E7	4.82029E4	6824.93002	4116.42796	3327.14419	2314.51977	1926.15389
392	1.21407E6	1.06857E6	8.68139E5	7.33738E5	7.04594E5	7.25733E5	7.39541E5	7.00677E5	6.06447E5	5.06639E5	5.66981E5	5.76856E5	1.85671E5	1.17346E5	9.137E4	1.33152E7	6.9209E5	8322.65715	4294.09897	3204.23524	2353.30297	1848.00996
394	1.26806E6	1.09025E6	9.09645E5	7.78322E5	7.24884E5	7.45843E5	7.50545E5	7.21051E5	6.30314E5	5.27803E5	4.94712E5	7.3685E5	2.02082E5	1.28944E5	8.41596E4	9.79695E6	3.24137E6	9817.21769	4584.66321	3244.76892	2655.1276	1887.84813
396	1.33897E6	1.13096E6	9.51475E5	7.95761E5	7.45817E5	7.68832E5	7.64705E5	7.40981E5	6.51047E5	5.45921E5	4.68109E5	8.73241E5	2.22608E5	1.42655E5	8.40389E4	4.69412E6	8.0207E6	1.34657E4	5371.48802	3506.19616	2806.57883	2002.27092
398	1.34275E6	1.17541E6	9.66572E5	8.1941E5	7.70276E5	7.78111E5	7.98096E5	7.49271E5	6.71739E5	5.69546E5	4.72307E5	9.10129E5	2.48411E5	1.54635E5	8.94367E4	1.29466E6	1.19339E7	2.03165E4	6142.99143	3465.46057	3014.07015	1814.40417
400	1.39545E6	1.19772E6	1.01209E6	8.45836E5	7.95199E5	8.01005E5	8.13404E5	7.77898E5	6.92162E5	5.95462E5	4.91994E5	8.49468E5	2.93764E5	1.69235E5	9.63149E4	1.69552E5	1.35206E7	4.15862E4	7159.61558	3641.33265	2961.23855	1946.71
402	1.41018E6	1.229E6	1.05742E6	8.79833E5	8.23055E5	8.31643E5	8.27775E5	7.93847E5	7.09609E5	6.16433E5	5.12184E5	7.29998E5	3.72109E5	1.86059E5	1.07004E5	8.26811E4	1.22259E7	5.17878E5	7477.80302	3988.97615	2966.93046	2203.30708
404	1.45283E6	1.29058E6	1.07341E6	9.12535E5	8.46631E5	8.55392E5	8.45945E5	8.19255E5	7.37856E5	6.41738E5	5.35804E5	6.12062E5	4.84669E5	2.02377E5	1.1734E5	7.59551E4	8.51003E6	2.68433E6	9752.38574	3987.37207	2961.34638	2210.04581
406	1.47375E6	1.30258E6	1.12727E6	9.49621E5	8.79653E5	8.78278E5	8.73699E5	8.30904E5	7.57917E5	6.64713E5	5.59081E5	5.31079E5	6.26673E5	2.16115E5	1.29035E5	7.67403E4	3.87226E6	6.69336E6	1.25552E4	4838.3943	2930.6247	2530.22701
408	1.47902E6	1.35258E6	1.14077E6	9.54036E5	9.04173E5	8.94647E5	8.754E5	8.50726E5	7.78319E5	6.87043E5	5.79048E5	4.99973E5	7.59006E5	2.35546E5	1.39862E5	7.95715E4	9.65521E5	1.05235E7	1.89535E4	5434.29009	2858.12626	2802.37403
410	1.52078E6	1.3582E6	1.17374E6	1.00833E6	9.18625E5	9.08615E5	8.93367E5	8.63758E5	7.92965E5	7.07927E5	5.98288E5	4.98365E5	8.36058E5	2.55109E5	1.5069E5	8.65331E4	1.2226E5	1.22524E7	3.77068E4	6001.81185	3239.93882	2769.03847
412	1.56126E6	1.41033E6	1.19584E6	1.02925E6	9.39828E5	9.21148E5	9.01139E5	8.77715E5	8.04979E5	7.27279E5	6.20278E5	5.03157E5	8.22212E5	2.87537E5	1.60168E5	9.29946E4	7.39933E4	1.1321E7	4.08036E5	7257.86693	3704.1028	2565.57344
414	1.58519E6	1.44386E6	1.23339E6	1.04466E6	9.64238E5	9.33682E5	9.07495E5	8.85378E5	8.14204E5	7.37263E5	6.38893E5	5.21966E5	7.48294E5	3.35459E5	1.74141E5	1.00343E5	6.79502E4	8.07203E6	2.19349E6	8621.76729	3919.29683	2594.67738
416	1.58352E6	1.43741E6	1.2437E6	1.06851E6	9.7943E5	9.44297E5	9.14543E5	8.91087E5	8.26567E5	7.50971E5	6.51144E5	5.35822E5	6.46408E5	4.15882E5	1.85706E5	1.10782E5	6.67819E4	3.76258E6	5.98238E6	1.18995E4	4105.46497	2512.55941
418	1.59699E6	1.45183E6	1.26472E6	1.09283E6	9.81896E5	9.54685E5	9.26346E5	8.94986E5	8.37404E5	7.64915E5	6.65192E5	5.49316E5	5.55697E5	5.24882E5	1.98393E5	1.18678E5	7.02087E4	9.89397E5	9.88123E6	1.78011E4	4842.93412	2722.19303
420	1.60553E6	1.48021E6	1.27572E6	1.10641E6	1.00854E6	9.60199E5	9.18291E5	9.02808E5	8.4914E5	7.73658E5	6.83115E5	5.60089E5	5.01624E5	6.42467E5	2.08965E5	1.27548E5	7.46128E4	1.29202E5	1.20211E7	3.55458E4	5681.76653	2963.64823
422	1.64726E6	1.49787E6	1.31089E6	1.13192E6	1.00872E6	9.62602E5	9.27784E5	9.07211E5	8.55488E5	7.86033E5	6.91171E5	5.78488E5	4.79525E5	7.29109E5	2.24789E5	1.38137E5	8.15095E4	6.35716E4	1.16123E7	4.68443E5	6188.13001	2867.72628
424	1.67983E6	1.54345E6	1.33608E6	1.14467E6	1.01902E6	9.74476E5	9.29654E5	9.0476E5	8.54493E5	7.99932E5	7.04075E5	5.90669E5	4.82828E5	7.5783E5	2.44675E5	1.46198E5	8.87747E4	5.81392E4	8.75769E6	2.34725E6	7633.06795	3494.14326
426	1.65995E6	1.54863E6	1.34269E6	1.15097E6	1.03399E6	9.74683E5	9.29212E5	9.05901E5	8.62452E5	8.07978E5	7.22375E5	6.02818E5	4.91488E5	7.1752E5	2.81364E5	1.56802E5	9.56244E4	5.96482E4	4.28587E6	6.25669E6	1.07952E4	3665.24163
428	1.67718E6	1.52961E6	1.37267E6	1.18478E6	1.04051E6	9.78156E5	9.29009E5	9.09483E5	8.68446E5	8.15511E5	7.28899E5	6.18355E5	5.03852E5	6.38328E5	3.35751E5	1.67997E5	1.03541E5	6.1352E4	1.11883E6	9.92469E6	1.60363E4	4028.10827
430	1.65153E6	1.54554E6	1.3805E6	1.1924E6	1.05864E6	9.87367E5	9.29993E5	9.04522E5	8.69347E5	8.15197E5	7.33727E5	6.27707E5	5.14473E5	5.5089E5	4.10363E5	1.76619E5	1.11074E5	6.5232E4	1.25004E5	1.14879E7	3.39852E4	4466.37538
432	1.6469E6	1.57531E6	1.39533E6	1.20874E6	1.06236E6	9.89853E5	9.35155E5	9.08154E5	8.74216E5	8.2691E5	7.48884E5	6.42364E5	5.29209E5	4.91937E5	5.00953E5	1.87172E5	1.18884E5	6.89169E4	5.88389E4	1.03208E7	4.4401E5	5572.55912
434	1.68367E6	1.58781E6	1.4078E6	1.21345E6	1.08149E6	9.93038E5	9.32501E5	9.00345E5	8.77371E5	8.32541E5	7.5843E5	6.53617E5	5.35948E5	4.63537E5	5.81908E5	1.98572E5	1.25435E5	7.48678E4	5.45676E4	7.00805E6	2.28038E6	7139.88538
436	1.6909E6	1.58356E6	1.42318E6	1.22656E6	1.08263E6	9.85005E5	9.21735E5	9.02322E5	8.78079E5	8.30691E5	7.62943E5	6.55935E5	5.43647E5	4.54521E5	6.30013E5	2.12693E5	1.36074E5	8.22533E4	5.46617E4	3.06296E6	5.65897E6	8775.80401
438	1.69894E6	1.60199E6	1.42227E6	1.23486E6	1.07581E6	9.83416E5	9.22812E5	8.97315E5	8.70598E5	8.313E5	7.64715E5	6.66118E5	5.52532E5	4.58082E5	6.30024E5	2.3067E5	1.42022E5	8.7061E4	5.52503E4	7.62357E5	9.07142E6	1.32801E4
440	1.64168E6	1.5867E6	1.43287E6	1.24803E6	1.08667E6	9.82503E5	9.12553E5	8.87171E5	8.67295E5	8.36322E5	7.69938E5	6.67972E5	5.59448E5	4.62286E5	5.83699E5	2.64953E5	1.50165E5	9.26933E4	5.7695E4	9.29917E4	1.07915E7	2.4543E4
442	1.70692E6	1.57112E6	1.43923E6	1.25086E6	1.08574E6	9.80707E5	8.99576E5	8.81067E5	8.66129E5	8.30802E5	7.68535E5	6.74277E5	5.70957E5	4.6818E5	5.16504E5	3.12824E5	1.57642E5	9.96032E4	6.11491E4	5.42623E4	9.7986E6	2.5541E5
444	1.67943E6	1.57103E6	1.43079E6	1.25552E6	1.08569E6	9.73156E5	8.954E5	8.77137E5	8.58165E5	8.28329E5	7.6477E5	6.72308E5	5.70762E5	4.7931E5	4.53657E5	3.77707E5	1.64593E5	1.06268E5	6.67202E4	5.08656E4	6.77906E6	1.50823E6
446	1.68705E6	1.57413E6	1.43568E6	1.26602E6	1.08606E6	9.64526E5	8.91982E5	8.71405E5	8.55191E5	8.19416E5	7.68238E5	6.76327E5	5.81874E5	4.87206E5	4.07973E5	4.48881E5	1.74376E5	1.13709E5	7.18783E4	5.02694E4	3.01702E6	4.55284E6
448	1.692E6	1.57367E6	1.44521E6	1.25394E6	1.08323E6	9.63055E5	8.83005E5	8.65428E5	8.45713E5	8.15993E5	7.70089E5	6.80059E5	5.86181E5	4.90674E5	3.90703E5	5.06434E5	1.84078E5	1.19923E5	7.76047E4	5.09633E4	7.58078E5	8.01889E6
450	1.6477E6	1.57692E6	1.44839E6	1.24277E6	1.07735E6	9.59857E5	8.76776E5	8.54215E5	8.42113E5	8.1212E5	7.62299E5	6.85667E5	5.91718E5	4.92327E5	3.85299E5	5.375E5	1.97817E5	1.27788E5	8.40087E4	5.28417E4	9.75891E4	9.88953E6
452	1.62951E6	1.57726E6	1.43641E6	1.26375E6	1.0717E6	9.42111E5	8.68271E5	8.48336E5	8.30128E5	8.07349E5	7.62907E5	6.78324E5	5.92458E5	5.02465E5	3.88809E5	5.21941E5	2.17849E5	1.34824E5	8.82545E4	5.60102E4	5.08728E4	9.19381E6
454	1.62638E6	1.57455E6	1.4369E6	1.24895E6	1.06622E6	9.47953E5	8.52278E5	8.34896E5	8.16071E5	8.00629E5	7.55607E5	6.80353E5	5.9094E5	5.07537E5	3.95127E5	4.8167E5	2.51077E5	1.42216E5	9.42164E4	5.95427E4	4.61984E4	6.37625E6
456	1.63531E6	1.55152E6	1.42866E6	1.23625E6	1.07E6	9.39952E5	8.39757E5	8.21419E5	8.11482E5	7.9489E5	7.49943E5	6.71331E5	5.95235E5	5.10748E5	3.96591E5	4.22557E5	2.99871E5	1.47908E5	9.89619E4	6.37957E4	4.57198E4	2.75544E6
458	1.59018E6	1.52641E6	1.40178E6	1.24493E6	1.06051E6	9.27832E5	8.33311E5	8.1422E5	8.00875E5	7.80015E5	7.43017E5	6.74381E5	5.92963E5	5.143E5	3.98576E5	3.72912E5	3.51564E5	1.51488E5	1.03997E5	6.97395E4	4.63743E4	6.67811E5
460	1.57394E6	1.52062E6	1.40333E6	1.23744E6	1.05904E6	9.17812E5	8.26259E5	7.99115E5	7.87059E5	7.76173E5	7.34571E5	6.67381E5	5.92306E5	5.12098E5	4.04735E5	3.40619E5	4.10306E5	1.59114E5	1.10443E5	7.50006E4	4.6224E4	8.55007E4
462	1.52176E6	1.53619E6	1.39535E6	1.22763E6	1.04444E6	9.16575E5	8.16941E5	7.89703E5	7.79635E5	7.62417E5	7.28302E5	6.63E5	5.90775E5	5.17976E5	4.06386E5	3.24323E5	4.44217E5	1.67482E5	1.15941E5	7.93296E4	5.06508E4	4.54806E4
464	1.56734E6	1.49172E6	1.39044E6	1.21646E6	1.03966E6	9.06111E5	8.08432E5	7.80413E5	7.66417E5	7.55534E5	7.21883E5	6.59309E5	5.87517E5	5.16113E5	4.1042E5	3.22507E5	4.48852E5	1.79514E5	1.20148E5	8.4227E4	5.311E4	4.20252E4
466	1.57142E6	1.50539E6	1.38249E6	1.2289E6	1.03072E6	8.90065E5	7.99401E5	7.70162E5	7.56055E5	7.42878E5	7.15127E5	6.50926E5	5.858E5	5.23173E5	4.14497E5	3.23359E5	4.30163E5	2.01456E5	1.25237E5	8.73217E4	5.75783E4	4.10033E4
468	1.70237E6	1.46436E6	1.35643E6	1.20023E6	1.02416E6	8.7795E5	7.86264E5	7.55246E5	7.42601E5	7.3614E5	7.06454E5	6.50936E5	5.82227E5	5.17339E5	4.1338E5	3.25002E5	3.84553E5	2.28959E5	1.30487E5	9.26331E4	6.06584E4	4.15681E4
470	2.2582E6	1.44878E6	1.36587E6	1.19774E6	1.00751E6	8.65172E5	7.7235E5	7.4578E5	7.32354E5	7.22792E5	6.919E5	6.41637E5	5.79607E5	5.16566E5	4.17138E5	3.2882E5	3.39574E5	2.71324E5	1.33638E5	9.68609E4	6.34363E4	4.26507E4
472	3.6599E6	1.44549E6	1.33764E6	1.18645E6	1.01161E6	8.62581E5	7.62952E5	7.30926E5	7.22546E5	7.11246E5	6.86308E5	6.33475E5	5.73594E5	5.14833E5	4.19348E5	3.30115E5	3.04605E5	3.17026E5	1.40301E5	9.94811E4	6.77268E4	4.40114E4
474	6.02645E6	1.39945E6	1.31935E6	1.18198E6	9.98674E5	8.51631E5	7.59553E5	7.19363E5	7.1359E5	6.97213E5	6.7466E5	6.23712E5	5.69742E5	5.16808E5	4.20611E5	3.33629E5	2.81341E5	3.57231E5	1.43963E5	1.0497E5	7.12636E4	4.56239E4
476	9.40575E6	1.3868E6	1.31128E6	1.17136E6	9.83379E5	8.42807E5	7.44887E5	7.05144E5	7.01712E5	6.89194E5	6.64065E5	6.15535E5	5.6529E5	5.09909E5	4.17181E5	3.33099E5	2.69259E5	3.82921E5	1.51553E5	1.08766E5	7.46101E4	4.68429E4
478	1.36927E7	1.35917E6	1.29925E6	1.14918E6	9.71044E5	8.26073E5	7.30488E5	6.95197E5	6.83167E5	6.7252E5	6.53202E5	6.04607E5	5.55575E5	5.0486E5	4.1603E5	3.33612E5	2.67663E5	3.8263E5	1.60644E5	1.0928E5	7.6455E4	5.09137E4
480	1.75585E7	1.37224E6	1.26268E6	1.12644E6	9.51858E5	8.08672E5	7.16276E5	6.7919E5	6.65312E5	6.60243E5	6.3922E5	6.0144E5	5.48431E5	5.01421E5	4.14037E5	3.31809E5	2.65542E5	3.58581E5	1.79596E5	1.14031E5	8.09004E4	5.40011E4
482	1.95888E7	1.36235E6	1.26561E6	1.10669E6	9.37891E5	7.98848E5	7.02986E5	6.60831E5	6.55802E5	6.45604E5	6.26298E5	5.88986E5	5.42825E5	4.95193E5	4.1459E5	3.32285E5	2.66204E5	3.17974E5	2.08282E5	1.17242E5	8.35404E4	5.70712E4
484	1.90468E7	1.35917E6	1.23632E6	1.10034E6	9.27281E5	7.93014E5	6.96789E5	6.54566E5	6.41756E5	6.30697E5	6.17578E5	5.82642E5	5.35589E5	4.90728E5	4.04494E5	3.31732E5	2.6866E5	2.78465E5	2.44329E5	1.1986E5	8.54719E4	6.03538E4
486	1.62247E7	1.32578E6	1.22054E6	1.09218E6	9.17869E5	7.78784E5	6.86287E5	6.45778E5	6.31183E5	6.1873E5	6.04217E5	5.67974E5	5.30999E5	4.86072E5	4.09384E5	3.30924E5	2.68532E5	2.49007E5	2.80894E5	1.23456E5	8.91878E4	6.3583E4
488	1.19699E7	1.5952E6	1.20205E6	1.08052E6	9.01626E5	7.63695E5	6.70367E5	6.34304E5	6.171E5	6.08663E5	5.94785E5	5.55339E5	5.21429E5	4.79104E5	4.05526E5	3.31431E5	2.65402E5	2.32233E5	3.13181E5	1.27881E5	9.19153E4	6.62418E4
490	7.48541E6	2.52669E6	1.18335E6	1.05285E6	8.99223E5	7.52879E5	6.62354E5	6.16745E5	6.03879E5	5.97011E5	5.79472E5	5.48872E5	5.19696E5	4.7971E5	4.00769E5	3.28522E5	2.671E5	2.21193E5	3.24467E5	1.34622E5	9.44901E4	6.77095E4
492	3.92645E6	4.49789E6	1.17055E6	1.05345E6	8.75687E5	7.43364E5	6.52128E5	6.04557E5	5.90487E5	5.83039E5	5.66924E5	5.38261E5	5.04374E5	4.67231E5	3.95463E5	3.26198E5	2.65808E5	2.1805E5	3.21222E5	1.4631E5	9.53013E4	6.98913E4
494	2.0269E6	7.70794E6	1.14548E6	1.02406E6	8.57131E5	7.29551E5	6.4219E5	6.01397E5	5.77945E5	5.71911E5	5.54838E5	5.27097E5	4.97838E5	4.66428E5	3.92934E5	3.23281E5	2.64622E5	2.17873E5	2.97453E5	1.64128E5	9.73104E4	7.08174E4
496	1.41548E6	1.21654E7	1.12627E6	9.98246E5	8.53187E5	7.19126E5	6.28263E5	5.85836E5	5.68556E5	5.58374E5	5.4211E5	5.19824E5	4.86021E5	4.58531E5	3.88704E5	3.21204E5	2.67023E5	2.16599E5	2.64996E5	1.88724E5	1.00569E5	7.25243E4
498	1.30338E6	1.70117E7	1.12212E6	9.98294E5	8.42427E5	7.05735E5	6.18918E5	5.7829E5	5.5746E5	5.44568E5	5.3163E5	5.10978E5	4.79863E5	4.51632E5	3.85428E5	3.21304E5	2.67042E5	2.17276E5	2.30841E5	2.16443E5	1.02192E5	7.54637E4
500	1.2356E6	2.12146E7	1.09189E6	9.73353E5	8.24026E5	6.97064E5	6.03544E5	5.65773E5	5.42807E5	5.32466E5	5.2022E5	4.9992E5	4.70553E5	4.44762E5	3.78966E5	3.18687E5	2.62212E5	2.17259E5	2.05191E5	2.45037E5	1.0443E5	7.73442E4
502	1.23877E6	2.31921E7	1.07476E6	9.77028E5	8.12183E5	6.87461E5	5.94133E5	5.4669E5	5.33222E5	5.2176E5	5.1391E5	4.86264E5	4.61447E5	4.40155E5	3.7704E5	3.14468E5	2.62944E5	2.15482E5	1.90081E5	2.6683E5	1.08597E5	7.85224E4
504	1.1876E6	2.21164E7	1.07598E6	9.58784E5	8.02281E5	6.66773E5	5.88961E5	5.37298E5	5.26022E5	5.18176E5	4.96824E5	4.77319E5	4.56682E5	4.33969E5	3.70061E5	3.11061E5	2.60797E5	2.14998E5	1.82258E5	2.74887E5	1.15088E5	8.05133E4
506	1.19446E6	1.83678E7	1.08497E6	9.26496E5	7.88457E5	6.64806E5	5.70155E5	5.31226E5	5.12851E5	4.98949E5	4.87781E5	4.69762E5	4.43386E5	4.21164E5	3.6187E5	3.0643E5	2.60374E5	2.1329E5	1.81457E5	2.67473E5	1.24245E5	8.23362E4
508	1.196E6	1.34966E7	1.40434E6	9.10122E5	7.79085E5	6.42949E5	5.61303E5	5.23561E5	5.04318E5	4.88796E5	4.79125E5	4.57059E5	4.38984E5	4.14981E5	3.57466E5	3.0404E5	2.5442E5	2.12255E5	1.80148E5	2.46087E5	1.40006E5	8.37308E4
510	1.24552E6	8.14782E6	2.59255E6	9.03756E5	7.57062E5	6.39021E5	5.54045E5	5.05289E5	4.92669E5	4.79588E5	4.68725E5	4.45853E5	4.2753E5	4.07779E5	3.53221E5	3.00435E5	2.54009E5	2.10607E5	1.78576E5	2.16792E5	1.58025E5	8.37977E4
512	1.32144E6	3.97666E6	5.28991E6	8.83029E5	7.3823E5	6.25078E5	5.42137E5	4.97158E5	4.75733E5	4.65573E5	4.56196E5	4.40903E5	4.19061E5	3.93593E5	3.45953E5	2.94774E5	2.50475E5	2.08858E5	1.7705E5	1.86722E5	1.82971E5	8.60613E4
514	1.50061E6	1.86604E6	9.3223E6	8.75872E5	7.30702E5	6.16772E5	5.33927E5	4.82776E5	4.6692E5	4.57646E5	4.42789E5	4.25762E5	4.12379E5	3.91922E5	3.39812E5	2.90289E5	2.46475E5	2.07674E5	1.74772E5	1.67949E5	2.05488E5	8.74652E4
516	1.72329E6	1.20989E6	1.43861E7	8.40257E5	7.12386E5	6.03636E5	5.16147E5	4.75639E5	4.59872E5	4.43751E5	4.35011E5	4.20579E5	4.00425E5	3.79374E5	3.34288E5	2.84926E5	2.44118E5	2.07525E5	1.73153E5	1.53407E5	2.19635E5	8.9523E4
518	2.09645E6	1.11572E6	1.97426E7	8.42263E5	7.13345E5	5.90167E5	5.0476E5	4.65975E5	4.46415E5	4.37142E5	4.22936E5	4.07265E5	3.89396E5	3.77029E5	3.27133E5	2.83468E5	2.39861E5	2.02269E5	1.73866E5	1.48459E5	2.25791E5	9.54739E4
520	2.40112E6	1.03966E6	2.40884E7	8.26377E5	6.86872E5	5.82559E5	4.98453E5	4.57411E5	4.37304E5	4.22512E5	4.12494E5	3.97103E5	3.83862E5	3.68698E5	3.21359E5	2.77426E5	2.3668E5	2.02846E5	1.70558E5	1.44534E5	2.18519E5	1.02704E5
522	2.81273E6	1.0052E6	2.54055E7	8.1713E5	6.83143E5	5.63258E5	4.88618E5	4.46003E5	4.21803E5	4.13854E5	4.04286E5	3.88296E5	3.7166E5	3.64016E5	3.16528E5	2.7255E5	2.33533E5	1.97721E5	1.70424E5	1.44259E5	2.03346E5	1.14635E5
524	2.99741E6	9.68672E5	2.33665E7	8.09889E5	6.61519E5	5.49116E5	4.81668E5	4.39184E5	4.13982E5	4.02488E5	3.93375E5	3.75651E5	3.64467E5	3.51395E5	3.0903E5	2.68633E5	2.29105E5	1.96591E5	1.66814E5	1.42073E5	1.77544E5	1.31594E5
526	2.96316E6	9.66575E5	1.91574E7	8.42073E5	6.4832E5	5.49851E5	4.77378E5	4.25253E5	4.03334E5	3.97374E5	3.84072E5	3.68568E5	3.60426E5	3.39649E5	3.0533E5	2.60143E5	2.2641E5	1.98128E5	1.63147E5	1.39493E5	1.52362E5	1.48095E5
528	2.81211E6	9.22189E5	1.3657E7	1.21075E6	6.36708E5	5.3952E5	4.58805E5	4.16547E5	3.97585E5	3.82257E5	3.71127E5	3.62013E5	3.46821E5	3.3785E5	2.94582E5	2.5779E5	2.24452E5	1.91999E5	1.64209E5	1.38888E5	1.35517E5	1.67929E5
530	2.53948E6	9.2166E5	7.95744E6	2.63873E6	6.27486E5	5.20461E5	4.48613E5	4.0591E5	3.87811E5	3.77494E5	3.63609E5	3.50427E5	3.39684E5	3.30061E5	2.91582E5	2.51795E5	2.1999E5	1.88517E5	1.60426E5	1.38341E5	1.2268E5	1.79457E5
532	2.12019E6	9.31351E5	3.70842E6	5.80299E6	6.23129E5	5.12467E5	4.34847E5	3.94366E5	3.7317E5	3.67555E5	3.55034E5	3.42504E5	3.32974E5	3.20428E5	2.82508E5	2.47484E5	2.13307E5	1.85903E5	1.58848E5	1.34394E5	1.15732E5	1.84821E5
534	1.65752E6	1.0373E6	1.55259E6	1.07327E7	6.11477E5	4.98533E5	4.33221E5	3.85649E5	3.64761E5	3.53346E5	3.45691E5	3.33134E5	3.25261E5	3.08848E5	2.75814E5	2.43197E5	2.11957E5	1.83104E5	1.57604E5	1.33204E5	1.13733E5	1.79137E5
536	1.24216E6	1.16393E6	9.46477E5	1.6642E7	5.81342E5	4.84763E5	4.22505E5	3.80905E5	3.61301E5	3.45058E5	3.40993E5	3.23998E5	3.16111E5	3.03504E5	2.73011E5	2.37619E5	2.06166E5	1.8091E5	1.5301E5	1.33111E5	1.09691E5	1.64718E5
538	1.05632E6	1.42897E6	8.54607E5	2.24058E7	5.79758E5	4.81848E5	4.11579E5	3.67935E5	3.50611E5	3.36821E5	3.27717E5	3.15163E5	3.05115E5	2.98066E5	2.64056E5	2.32255E5	2.02039E5	1.75751E5	1.51357E5	1.30178E5	1.10365E5	1.41958E5
540	8.84159E5	1.75902E6	8.1166E5	2.64305E7	5.70518E5	4.72028E5	3.99555E5	3.63272E5	3.38941E5	3.26991E5	3.18315E5	3.0961E5	2.97634E5	2.86615E5	2.57051E5	2.25805E5	1.97593E5	1.72461E5	1.49711E5	1.2767E5	1.07574E5	1.23297E5
542	8.33739E5	2.16498E6	7.85507E5	2.725E7	5.67257E5	4.53811E5	3.89687E5	3.53535E5	3.30336E5	3.2162E5	3.10966E5	2.9974E5	2.87805E5	2.79532E5	2.51414E5	2.21478E5	1.93006E5	1.68967E5	1.45656E5	1.25907E5	1.05886E5	1.05278E5
544	7.6749E5	2.55095E6	7.42959E5	2.46755E7	5.68627E5	4.53458E5	3.83856E5	3.46214E5	3.23988E5	3.09661E5	3.03835E5	2.90166E5	2.79562E5	2.71339E5	2.43743E5	2.17404E5	1.87814E5	1.64973E5	1.4481E5	1.25137E5	1.05107E5	9.57556E4
546	7.22057E5	2.81198E6	7.26892E5	1.9772E7	6.14207E5	4.38745E5	3.76655E5	3.32982E5	3.14695E5	3.00491E5	2.95125E5	2.81257E5	2.73029E5	2.69443E5	2.36215E5	2.09033E5	1.85273E5	1.62029E5	1.40499E5	1.21745E5	1.03208E5	9.00584E4
548	7.11368E5	2.99755E6	7.17691E5	1.36578E7	1.11738E6	4.31317E5	3.64993E5	3.26695E5	3.02705E5	2.97838E5	2.85385E5	2.73114E5	2.6867E5	2.58883E5	2.33204E5	2.05686E5	1.79711E5	1.58626E5	1.39642E5	1.18773E5	1.00735E5	8.57569E4
550	6.78275E5	2.9473E6	7.02574E5	7.8388E6	2.84699E6	4.18328E5	3.57674E5	3.22578E5	2.94892E5	2.87785E5	2.76338E5	2.67174E5	2.58645E5	2.55074E5	2.22254E5	1.97809E5	1.76875E5	1.56372E5	1.34516E5	1.16944E5	9.85407E4	8.59721E4
552	6.91659E5	2.72765E6	6.86351E5	3.55358E6	6.45853E6	4.19994E5	3.55267E5	3.14054E5	2.89027E5	2.7542E5	2.69659E5	2.61315E5	2.55554E5	2.47861E5	2.17641E5	1.95057E5	1.71785E5	1.53583E5	1.3251E5	1.16715E5	9.73351E4	8.17389E4
554	6.59712E5	2.28653E6	6.88511E5	1.39842E6	1.16917E7	4.03111E5	3.41789E5	3.06592E5	2.82755E5	2.73033E5	2.61019E5	2.54125E5	2.45018E5	2.39435E5	2.13753E5	1.89541E5	1.6741E5	1.47418E5	1.29415E5	1.12464E5	9.44188E4	8.2166E4
556	6.46273E5	1.88072E6	7.14563E5	7.423E5	1.76561E7	3.97802E5	3.36669E5	2.98015E5	2.79607E5	2.62474E5	2.56077E5	2.46397E5	2.37993E5	2.30173E5	2.10653E5	1.87048E5	1.6683E5	1.45293E5	1.26556E5	1.12986E5	9.48675E4	8.06779E4
558	6.33926E5	1.48103E6	8.2602E5	6.60463E5	2.3495E7	3.97016E5	3.31326E5	2.90818E5	2.70219E5	2.54779E5	2.48693E5	2.39389E5	2.31698E5	2.25224E5	2.03351E5	1.79638E5	1.59063E5	1.41627E5	1.25061E5	1.09535E5	9.06755E4	8.02163E4
560	6.04388E5	1.04808E6	1.00068E6	6.23098E5	2.76106E7	3.95442E5	3.1661E5	2.79317E5	2.6538E5	2.53317E5	2.37983E5	2.34611E5	2.25649E5	2.20768E5	1.97487E5	1.79066E5	1.5587E5	1.37583E5	1.20088E5	1.0566E5	8.83222E4	7.62759E4
562	6.37733E5	8.07458E5	1.28247E6	5.97722E5	2.83117E7	3.85878E5	3.14602E5	2.74495E5	2.5454E5	2.45905E5	2.31698E5	2.20665E5	2.21184E5	2.14785E5	1.92186E5	1.69543E5	1.51672E5	1.33829E5	1.20166E5	1.06056E5	8.94676E4	7.63825E4
564	5.69154E5	6.61115E5	1.65092E6	5.73929E5	2.53821E7	3.9793E5	3.01784E5	2.71533E5	2.49533E5	2.33993E5	2.24564E5	2.1484E5	2.16011E5	2.05157E5	1.89671E5	1.66202E5	1.47E5	1.33292E5	1.16979E5	9.98224E4	8.63437E4	7.3088E4
566	5.82964E5	6.01083E5	2.00068E6	5.62056E5	2.01114E7	4.49001E5	2.94656E5	2.60676E5	2.43362E5	2.32328E5	2.23994E5	2.11358E5	2.0891E5	1.98652E5	1.79645E5	1.64207E5	1.44713E5	1.28473E5	1.13762E5	1.0082E5	8.54253E4	7.22977E4
568	5.65828E5	5.65369E5	2.36049E6	5.564E5	1.36136E7	1.01558E6	2.93336E5	2.55173E5	2.36098E5	2.23514E5	2.14183E5	2.03655E5	2.0168E5	1.96913E5	1.7605E5	1.59387E5	1.4146E5	1.24312E5	1.10452E5	9.80733E4	8.45738E4	7.05469E4
570	5.68734E5	5.28318E5	2.61026E6	5.4039E5	7.50167E6	2.97607E6	2.90208E5	2.45462E5	2.30419E5	2.17565E5	2.05254E5	2.04001E5	1.94739E5	1.89126E5	1.68091E5	1.53722E5	1.37072E5	1.207E5	1.07362E5	9.40993E4	7.95204E4	7.04546E4
572	5.7028E5	5.35259E5	2.72953E6	5.24199E5	3.23795E6	6.84015E6	2.81118E5	2.44764E5	2.23889E5	2.10564E5	2.0024E5	1.93505E5	1.90508E5	1.84248E5	1.67561E5	1.48842E5	1.31928E5	1.18397E5	1.04335E5	9.02732E4	8.03968E4	6.5903E4
574	5.44925E5	4.91492E5	2.60564E6	5.29127E5	1.14549E6	1.23699E7	2.76597E5	2.41125E5	2.17889E5	2.02499E5	1.96198E5	1.89121E5	1.81893E5	1.77906E5	1.6004E5	1.42827E5	1.27141E5	1.14848E5	1.00687E5	9.08585E4	7.86022E4	6.61545E4
576	5.68016E5	5.12573E5	2.32597E6	5.18684E5	5.92021E5	1.84694E7	2.70663E5	2.29584E5	2.13399E5	2.00993E5	1.91084E5	1.84784E5	1.78727E5	1.73694E5	1.56755E5	1.39231E5	1.26157E5	1.11684E5	9.84729E4	8.89743E4	7.4602E4	6.41E4
578	5.22316E5	4.81819E5	1.99628E6	5.47159E5	5.28981E5	2.41699E7	2.66508E5	2.24895E5	2.08977E5	1.957E5	1.8274E5	1.76835E5	1.74602E5	1.67516E5	1.53321E5	1.37914E5	1.18266E5	1.07194E5	9.78162E4	8.59819E4	7.23967E4	6.29392E4
580	5.23909E5	4.63409E5	1.55394E6	5.80516E5	5.00657E5	2.80002E7	2.6501E5	2.24563E5	2.01926E5	1.85025E5	1.82029E5	1.72811E5	1.65914E5	1.63692E5	1.48697E5	1.3237E5	1.1775E5	1.06558E5	9.41574E4	8.38822E4	7.10569E4	6.16946E4
582	5.0373E5	4.66859E5	1.18394E6	7.0885E5	4.89144E5	2.84952E7	2.67717E5	2.186E5	1.9395E5	1.79888E5	1.7467E5	1.66195E5	1.63563E5	1.59526E5	1.45474E5	1.29573E5	1.1375E5	1.01816E5	9.17539E4	8.18414E4	7.19576E4	5.99163E4
584	5.21519E5	4.49686E5	8.81283E5	8.81063E5	4.72666E5	2.53712E7	2.72904E5	2.08841E5	1.90004E5	1.78023E5	1.68983E5	1.62504E5	1.60571E5	1.52982E5	1.39479E5	1.24682E5	1.10141E5	1.0256E5	8.94905E4	7.85639E4	6.90724E4	5.81607E4
586	5.04347E5	4.26085E5	6.60385E5	1.17813E6	4.64756E5	1.97933E7	3.24167E5	2.08447E5	1.83824E5	1.73296E5	1.62188E5	1.57481E5	1.54493E5	1.48526E5	1.3599E5	1.18537E5	1.1086E5	9.66632E4	8.74912E4	7.72403E4	6.67254E4	5.91273E4
588	5.40391E5	4.45307E5	5.48693E5	1.48751E6	4.65558E5	1.30301E7	8.78007E5	2.04084E5	1.82778E5	1.68299E5	1.6206E5	1.52548E5	1.46354E5	1.45172E5	1.30175E5	1.1449E5	1.03846E5	9.44723E4	8.3999E4	7.55501E4	6.48381E4	5.58269E4
590	5.13333E5	4.27409E5	4.90951E5	1.8559E6	4.76171E5	6.91751E6	2.93879E6	2.01527E5	1.78532E5	1.61004E5	1.56004E5	1.49236E5	1.41593E5	1.38484E5	1.2637E5	1.13023E5	1.00861E5	9.23868E4	8.21843E4	7.38043E4	6.23037E4	5.43147E4
592	5.50571E5	4.2068E5	4.63729E5	2.17839E6	4.66978E5	2.71624E6	7.18974E6	1.96634E5	1.70211E5	1.60643E5	1.50576E5	1.43623E5	1.39728E5	1.34591E5	1.25021E5	1.10581E5	9.85539E4	8.77709E4	7.92935E4	6.95966E4	6.06655E4	5.22108E4
594	5.09377E5	4.10976E5	4.46891E5	2.36819E6	4.65787E5	9.0502E5	1.3085E7	1.93012E5	1.65191E5	1.55463E5	1.4596E5	1.38336E5	1.35619E5	1.29559E5	1.1747E5	1.07314E5	9.6014E4	8.39397E4	7.44101E4	6.83456E4	6.1296E4	5.08329E4
596	5.27315E5	4.22099E5	4.41402E5	2.43832E6	4.73468E5	4.49042E5	1.95616E7	1.92876E5	1.63211E5	1.47848E5	1.40363E5	1.33871E5	1.30703E5	1.30904E5	1.13882E5	1.02807E5	9.29379E4	8.42411E4	7.30644E4	6.71177E4	5.7244E4	4.81509E4
598	5.06518E5	4.30839E5	4.37254E5	2.35509E6	4.67715E5	4.01036E5	2.52739E7	1.91398E5	1.56597E5	1.45044E5	1.39227E5	1.2986E5	1.24426E5	1.21806E5	1.11301E5	1.00023E5	8.78397E4	8.20845E4	7.16656E4	6.53484E4	5.74253E4	4.79544E4
600	4.90597E5	4.12348E5	4.39029E5	2.1291E6	4.77163E5	3.78484E5	2.87115E7	1.88382E5	1.54036E5	1.41246E5	1.35003E5	1.26495E5	1.20725E5	1.1914E5	1.0689E5	9.67111E4	8.80652E4	7.74194E4	7.17931E4	6.18084E4	5.4564E4	4.66594E4
