300	1.91375E5	1.42519E5	1.62976E5	2.54992E6	3.71593E5	2.94357E5	2.70163E7	1.01082E5	1.63357E4	1.05499E4	6685.774	5345.6043	4292.17557	3719.55284	3375.8805	2957.2939	2260.14226	2164.31571	1958.71141	1572.92296	1334.51564	1096.52436
302	2.06991E5	1.5296E5	1.66251E5	1.70551E6	6.8117E5	2.07438E5	2.35684E7	1.18128E6	1.92004E4	9960.71285	6845.26552	5848.85744	4399.23572	3713.42055	2847.05327	2556.61834	2408.62492	1946.51814	1859.79649	1859.18666	1889.57609	1352.55548
304	2.14346E5	1.57575E5	1.77497E5	9.6373E5	1.24991E6	2.05568E5	1.51022E7	5.18351E6	2.1582E4	1.01987E4	7270.14538	5337.41946	4060.5746	3661.66975	3198.25475	3085.37171	2201.60498	2312.70267	1589.29641	1829.05975	1576.42947	1559.67245
306	2.46739E5	1.55251E5	1.89116E5	5.14869E5	1.99034E6	2.083E5	6.53638E6	1.32151E7	2.54663E4	1.14853E4	8229.35956	5390.36871	4375.49559	4002.0601	3113.64215	2667.01206	2472.44286	2135.03912	1710.21887	1641.14654	1324.89231	1604.14777
308	2.4002E5	1.90462E5	1.92825E5	3.27109E5	2.60962E6	2.12452E5	1.64718E6	2.23098E7	3.75887E4	1.3418E4	8565.38808	5710.23348	4410.12172	4358.59642	3363.96722	2797.68763	2208.81883	1832.14369	1973.78927	1564.65263	1372.54062	1227.05081
310	2.57137E5	1.8534E5	1.96792E5	2.93181E5	2.77182E6	2.30581E5	2.68184E5	2.65448E7	1.02104E5	1.31947E4	8844.40035	5517.48651	4751.0953	3475.55681	3114.16364	3171.48926	2296.32589	2215.97683	1717.68773	1903.8665	1726.79701	1220.78947
312	2.75461E5	1.90489E5	2.21456E5	2.77679E5	2.40067E6	3.17531E5	1.57326E5	2.33937E7	1.14151E6	1.52809E4	8998.67414	6262.8659	4767.59532	3538.12838	3190.03425	2540.59591	2219.41415	1873.00764	2042.77887	1857.23043	1660.60405	1420.70165
314	2.72066E5	2.01196E5	2.302E5	2.78606E5	1.63242E6	5.76333E5	1.4308E5	1.45866E7	5.45822E6	1.79895E4	9410.65372	6573.23386	5042.10078	4184.75852	3244.59395	2559.66814	2513.17853	1790.06954	1654.79442	1723.54761	1690.71595	1329.19676
316	2.85952E5	2.2137E5	2.47587E5	2.89965E5	9.8456E5	1.05719E6	1.44885E5	5.99546E6	1.32853E7	2.19882E4	9781.53109	6271.36388	5208.08204	4214.61768	3296.1382	2614.29757	2165.32586	1906.73085	1594.99362	1711.00597	1244.22102	1506.83644
318	3.07204E5	2.24955E5	2.5947E5	3.00686E5	5.75794E5	1.6789E6	1.44522E5	1.48534E6	2.08362E7	3.41552E4	1.08198E4	7118.71504	4908.69704	3615.04316	3426.20287	2408.11783	2270.43948	1887.90158	1788.98504	1930.35853	1458.81403	1366.85441
320	3.09481E5	2.46397E5	2.68218E5	3.0342E5	4.05791E5	2.19206E6	1.50224E5	2.17663E5	2.38153E7	9.36449E4	1.17931E4	6953.1069	5840.81918	3988.4803	3328.74573	2321.7156	2216.06172	1990.4828	2189.93676	1455.70707	1561.94575	1316.16869
322	3.45305E5	2.42447E5	2.69989E5	3.09318E5	3.53166E5	2.31807E6	1.69612E5	1.33765E5	2.02825E7	1.00753E6	1.31649E4	7131.05082	5488.5049	4007.61825	3545.67077	2691.65318	2078.42341	1742.82739	1567.18064	1446.54022	1510.17927	1247.80246
324	3.31538E5	2.47816E5	2.90448E5	3.15803E5	3.46497E5	2.01706E6	2.37881E5	1.17996E5	1.25517E7	4.47613E6	1.5942E4	7688.92642	5737.45563	4131.53218	3097.02403	2906.7442	2357.85968	1976.43923	1495.72257	1583.77661	1108.52428	1165.20977
326	3.57588E5	2.56381E5	2.82282E5	3.22535E5	3.47204E5	1.45729E6	4.19671E5	1.19158E5	5.17586E6	1.08803E7	2.00089E4	8277.10081	6083.34854	4147.96395	2822.11648	2473.85873	2077.94608	1802.32029	1691.53313	1570.68341	1264.36473	1076.93896
328	3.54784E5	2.73001E5	2.95874E5	3.28258E5	3.57498E5	9.29784E5	7.7276E5	1.25152E5	1.30866E6	1.73567E7	2.78803E4	8898.5817	6249.06303	4546.34658	3509.14623	2404.89809	2425.10842	2011.93201	1757.99093	1648.5608	1306.46183	1207.21641
330	4.01635E5	2.95354E5	3.08425E5	3.43756E5	3.62144E5	5.76825E5	1.28727E6	1.26777E5	1.97567E5	2.04989E7	7.5395E4	1.01557E4	6944.3823	5086.28992	3356.37283	2632.66579	1949.32188	1900.1091	1606.1804	1574.18576	1327.62327	1537.64959
332	4.12263E5	2.9474E5	3.05231E5	3.46958E5	3.66814E5	3.99003E5	1.72398E6	1.33415E5	1.17821E5	1.80436E7	8.28245E5	1.0943E4	6395.94748	4451.77187	2950.16424	2509.2295	2269.47038	1961.48054	1706.39973	1381.16417	1285.77799	1476.29476
334	3.99604E5	3.20504E5	3.21743E5	3.52526E5	3.69425E5	3.48355E5	1.92303E6	1.50199E5	1.10023E5	1.17173E7	3.79399E6	1.28983E4	6791.42502	5100.64177	3629.25355	2848.70903	2141.5394	1776.43317	1745.062	1458.86087	1181.92113	999.30757
336	4.17041E5	3.2371E5	3.25914E5	3.60394E5	3.78057E5	3.4073E5	1.76858E6	1.98318E5	1.08778E5	5.02844E6	9.47553E6	1.68197E4	6648.2468	4947.3953	3719.93193	2713.55026	1824.02133	1742.82001	1754.48212	1781.50939	1214.21289	961.63669
338	4.38134E5	3.37554E5	3.33177E5	3.66537E5	3.77912E5	3.47633E5	1.36732E6	3.20409E5	1.17109E5	1.3632E6	1.49342E7	2.53739E4	7654.42665	5142.3965	3708.72234	2564.9549	2052.03207	2111.83271	1384.72971	1385.51137	1264.44983	1018.03316
340	4.59121E5	3.43844E5	3.50572E5	3.75546E5	3.87179E5	3.58345E5	8.92697E5	6.02006E5	1.2516E5	2.00607E5	1.75079E7	6.35283E4	8717.26245	5653.81961	3597.54152	2612.08128	2025.96191	1684.33795	1552.92138	1359.95603	1422.18026	1095.34036
342	4.7475E5	3.69864E5	3.59711E5	3.73762E5	3.90877E5	3.62424E5	5.63785E5	9.75305E5	1.32482E5	1.12543E5	1.54473E7	6.81098E5	9398.52611	5264.87767	3923.08369	3005.296	2191.07721	1675.9703	1907.65847	1396.9961	1275.14667	1124.86028
344	4.77864E5	4.03839E5	3.61546E5	3.75752E5	4.06142E5	3.78584E5	3.86909E5	1.38576E6	1.41073E5	1.06119E5	9.9026E6	3.37044E6	1.20479E4	5777.7554	4374.27948	2726.10578	1942.36297	1605.94939	1486.65997	1273.69608	1232.95508	997.69529
346	5.17707E5	4.07936E5	3.78523E5	3.91987E5	3.9929E5	3.83549E5	3.37701E5	1.60084E6	1.61297E5	1.09831E5	4.30913E6	8.17305E6	1.47286E4	6510.59509	4443.26391	2924.18932	2042.11828	1650.12689	1500.6023	1335.06026	1159.57247	1127.64356
348	5.10417E5	4.3377E5	3.93758E5	3.97241E5	4.14274E5	3.97006E5	3.33633E5	1.53419E6	1.9945E5	1.2178E5	1.05249E6	1.30378E7	2.17781E4	6910.77594	3931.14446	3004.44554	2109.33573	1736.35052	1438.97513	1357.41426	1155.42403	1007.06494
350	5.37437E5	4.50495E5	4.16809E5	4.00745E5	4.15766E5	4.02387E5	3.47653E5	1.24644E6	2.99013E5	1.33414E5	1.78818E5	1.4895E7	4.69663E4	7248.16196	4757.43873	3193.42276	1942.49886	1759.04571	1339.32047	1384.68376	1278.98466	1104.92555
352	5.72107E5	4.60964E5	4.24564E5	4.18289E5	4.30109E5	4.18356E5	3.63466E5	8.7466E5	4.98045E5	1.41716E5	1.15479E5	1.29937E7	5.72549E5	8483.06668	4469.2003	3128.35232	2353.6788	1615.26992	1498.43435	1121.58572	1143.67469	1194.6857
354	6.28271E5	4.85743E5	4.43008E5	4.2591E5	4.33836E5	4.2618E5	3.76448E5	5.94775E5	7.75843E5	1.59187E5	1.11763E5	8.43025E6	2.69749E6	1.0491E4	4747.72898	3441.57707	2400.42668	1830.72712	1391.59443	1197.25647	1003.42789	1128.97344
356	6.45379E5	5.2784E5	4.55418E5	4.37956E5	4.49017E5	4.45603E5	3.92781E5	4.32784E5	1.08302E6	1.73549E5	1.19979E5	3.598E6	6.93121E6	1.3031E4	4910.04648	3291.68522	2178.81528	1702.07141	1528.05909	1245.08964	1235.00021	1013.55864
358	6.88143E5	5.51077E5	4.86372E5	4.40312E5	4.61162E5	4.54343E5	4.1521E5	3.8362E5	1.29674E6	1.95092E5	1.32249E5	9.445E5	1.11766E7	1.95571E4	5292.52383	3487.78446	2515.12537	1910.57641	1459.53592	1426.2617	1155.96148	1205.25136
360	6.71608E5	5.8062E5	5.07658E5	4.64706E5	4.68531E5	4.69598E5	4.37133E5	3.82501E5	1.32365E6	2.26788E5	1.44458E5	1.65681E5	1.31931E7	4.28306E4	5621.47932	3488.45058	2472.81967	1854.39759	1526.59502	1284.51648	982.052	975.98629
362	7.08948E5	6.3733E5	5.26612E5	4.80814E5	4.75622E5	4.87311E5	4.50242E5	3.91142E5	1.1685E6	2.88052E5	1.58313E5	1.12865E5	1.19871E7	4.81847E5	7109.41704	3458.87481	2537.47616	1887.77207	1516.28656	1469.74794	1258.36731	936.05485
364	7.4491E5	6.52122E5	5.42883E5	5.00265E5	4.88953E5	5.03109E5	4.75603E5	4.12068E5	9.01146E5	4.13867E5	1.7389E5	1.10914E5	8.1345E6	2.43228E6	8040.07501	3625.70534	2858.01764	1799.32276	1331.65602	1307.47525	1063.61186	1037.21265
366	7.47949E5	6.83959E5	5.7356E5	5.18756E5	5.09138E5	5.15316E5	4.87526E5	4.39273E5	6.51273E5	6.24279E5	1.91122E5	1.18166E5	3.52645E6	6.53449E6	1.12284E4	3963.5292	2378.42599	2046.16121	1640.40245	1292.32072	1127.301	1038.68576
368	8.17056E5	7.32475E5	6.04248E5	5.37551E5	5.23639E5	5.32256E5	5.11867E5	4.6388E5	5.07561E5	8.73656E5	2.10374E5	1.28969E5	9.45378E5	1.04468E7	1.68844E4	4634.91694	2713.2077	2052.4953	1625.29194	1304.93455	1135.65995	949.544
370	8.83862E5	7.5257E5	6.33945E5	5.50278E5	5.45644E5	5.5504E5	5.3568E5	4.87147E5	4.56473E5	1.10087E6	2.28433E5	1.41331E5	1.50426E5	1.22482E7	4.14868E4	5345.77758	2903.09449	2451.95832	1541.803	1204.79647	934.32763	1138.30173
372	8.84286E5	8.07979E5	6.60862E5	5.78856E5	5.56021E5	5.66573E5	5.62296E5	5.09569E5	4.51752E5	1.17668E6	2.5463E5	1.53934E5	1.00409E5	1.08492E7	4.74078E5	6050.7424	3105.70679	2294.92776	1772.32965	1315.21623	1218.24247	1042.27635
374	9.4879E5	8.43257E5	6.89785E5	5.90146E5	5.78448E5	5.87569E5	5.80226E5	5.32458E5	4.63726E5	1.08805E6	3.06733E5	1.68275E5	9.91924E4	7.05415E6	2.29556E6	7348.79954	3343.2679	2226.19001	1905.02862	1372.25812	1132.12533	1216.32241
376	1.00085E6	8.76703E5	7.22687E5	6.23307E5	5.96986E5	6.07027E5	6.02605E5	5.56403E5	4.82888E5	9.08385E5	3.96734E5	1.85458E5	1.04318E5	3.05924E6	5.66098E6	1.00219E4	3749.18616	2124.16818	1868.90802	1319.24083	1221.85896	1114.75862
378	1.00579E6	9.12848E5	7.52954E5	6.44123E5	6.06714E5	6.22101E5	6.25681E5	5.84327E5	5.08662E5	7.13254E5	5.49232E5	2.02041E5	1.14288E5	7.52514E5	9.05336E6	1.49982E4	3682.06795	2220.26909	1813.35577	1383.27701	1342.29405	1146.70576
380	1.06817E6	9.63831E5	7.88623E5	6.5916E5	6.25885E5	6.48048E5	6.49138E5	6.09452E5	5.33081E5	5.81019E5	7.42847E5	2.15052E5	1.26477E5	1.33317E5	1.05636E7	3.1904E4	4525.27051	2649.98447	2076.30809	1427.93316	1213.31128	1083.36448
382	1.10958E6	1.00652E6	8.29547E5	6.91587E5	6.45082E5	6.62584E5	6.78733E5	6.36631E5	5.57761E5	5.211E5	9.32603E5	2.38517E5	1.41705E5	9.35614E4	9.56786E6	3.5532E5	5502.88032	2614.64673	1893.94916	1530.63249	1230.00431	1079.56704
384	1.17509E6	1.04984E6	8.65948E5	7.19152E5	6.76571E5	6.93229E5	7.04829E5	6.67217E5	5.87984E5	5.0713E5	1.04625E6	2.64334E5	1.55199E5	9.40207E4	6.51786E6	1.8145E6	6752.30893	3018.45539	2236.99345	1733.05459	1307.08083	1016.12282
386	1.19806E6	1.07733E6	8.90137E5	7.40395E5	6.90959E5	7.13575E5	7.22378E5	7.01572E5	6.16506E5	5.19366E5	1.04408E6	2.97977E5	1.7186E5	9.92142E4	2.86915E6	4.90898E6	9254.15969	3298.48564	2103.70692	1807.23955	1284.18787	1099.3996
388	1.30433E6	1.12479E6	9.1858E5	7.66882E5	7.14698E5	7.33031E5	7.50771E5	7.28031E5	6.424E5	5.39637E5	9.33028E5	3.62428E5	1.85709E5	1.07688E5	8.01303E5	8.10283E6	1.35882E4	3592.51008	2354.39324	1920.45886	1355.6121	1149.29052
390	1.31604E6	1.18642E6	9.79312E5	7.94899E5	7.38794E5	7.57029E5	7.77674E5	7.49377E5	6.64914E5	5.6361E5	7.77042E5	4.7461E5	2.05869E5	1.208E5	1.38447E5	9.83932E6	3.00842E4	3969.86704	2312.78886	2068.89672	1452.02673	1454.29147
392	1.36396E6	1.21215E6	9.93872E5	8.15883E5	7.54854E5	7.75285E5	8.01734E5	7.79323E5	6.88234E5	5.83791E5	6.42461E5	6.35129E5	2.22444E5	1.35749E5	8.88941E4	9.0846E6	3.92946E5	5538.96795	2638.3768	2076.41576	1396.3035	1221.05306
394	1.39988E6	1.25293E6	1.04764E6	8.4111E5	7.85235E5	7.95877E5	8.19356E5	8.01271E5	7.19361E5	6.06252E5	5.69573E5	7.97872E5	2.40175E5	1.49341E5	8.667E4	6.42861E6	1.83028E6	6434.28625	2925.79363	1742.12841	1824.4439	1406.19227
396	1.46188E6	1.30024E6	1.05527E6	8.74733E5	7.89653E5	8.10502E5	8.43295E5	8.29576E5	7.43579E5	6.30732E5	5.4621E5	9.30833E5	2.63401E5	1.64973E5	9.24356E4	2.94151E6	4.80521E6	8945.14031	2918.62088	2054.40596	1850.27827	1470.10254
398	1.48224E6	1.35599E6	1.09613E6	8.94876E5	8.24054E5	8.28575E5	8.65545E5	8.52508E5	7.65059E5	6.59223E5	5.51887E5	9.63718E5	2.92109E5	1.81775E5	1.00034E5	8.19207E5	7.71309E6	1.26114E4	3571.65109	2279.34793	1736.78559	1456.89129
400	1.50548E6	1.37072E6	1.14086E6	9.26234E5	8.42967E5	8.51914E5	8.84362E5	8.72342E5	7.89467E5	6.78395E5	5.66406E5	9.02685E5	3.3768E5	1.98176E5	1.11116E5	1.34334E5	9.02272E6	2.63141E4	4140.41874	2294.77745	1844.55341	1479.38572
402	1.55206E6	1.42137E6	1.18218E6	9.57574E5	8.62546E5	8.71389E5	9.04923E5	8.94665E5	8.11782E5	7.01653E5	5.8797E5	7.89656E5	4.16532E5	2.16197E5	1.2272E5	8.11363E4	8.02083E6	3.09434E5	4706.54723	2468.95387	1863.20382	1463.37481
404	1.57355E6	1.46485E6	1.20906E6	9.80144E5	8.83366E5	8.85229E5	9.24353E5	9.14723E5	8.32419E5	7.23563E5	6.11591E5	6.67337E5	5.35158E5	2.34125E5	1.35629E5	7.90987E4	5.24409E6	1.61887E6	5880.6596	2758.15262	1888.71057	1655.48782
406	1.68395E6	1.49078E6	1.25301E6	9.97013E5	8.9288E5	8.99126E5	9.3491E5	9.34063E5	8.48903E5	7.41912E5	6.27263E5	5.94182E5	6.69402E5	2.51557E5	1.48563E5	8.33747E4	2.25284E6	4.27973E6	7527.13205	2990.18214	1955.08022	1677.86434
408	1.67221E6	1.51936E6	1.26507E6	1.02855E6	9.10091E5	9.11798E5	9.4818E5	9.39698E5	8.72292E5	7.58504E5	6.53624E5	5.57049E5	7.99568E5	2.69522E5	1.62609E5	8.97094E4	5.65828E5	7.08897E6	1.17581E4	3124.98305	1996.86852	1842.28719
410	1.72846E6	1.57964E6	1.31184E6	1.04073E6	9.33115E5	9.23874E5	9.61668E5	9.6069E5	8.90925E5	7.80294E5	6.65827E5	5.56927E5	8.72095E5	2.93464E5	1.74805E5	9.74386E4	9.85267E4	8.44584E6	2.33113E4	3683.67638	2076.99936	1814.53865
412	1.76706E6	1.59656E6	1.33549E6	1.06819E6	9.41146E5	9.3605E5	9.806E5	9.68018E5	9.03678E5	8.01967E5	6.88218E5	5.69359E5	8.71728E5	3.28117E5	1.89641E5	1.08575E5	7.10104E4	7.62412E6	2.53608E5	4640.7995	2427.38708	1686.12745
414	1.76166E6	1.61618E6	1.35517E6	1.08864E6	9.58922E5	9.50239E5	9.78376E5	9.86102E5	9.14405E5	8.17035E5	7.09266E5	5.8223E5	8.03575E5	3.83291E5	2.04078E5	1.18214E5	7.05781E4	5.13151E6	1.32008E6	6157.78482	2457.55058	1709.77029
416	1.79097E6	1.65382E6	1.38194E6	1.11614E6	9.74802E5	9.5815E5	9.94828E5	9.88671E5	9.28397E5	8.34856E5	7.25311E5	6.02978E5	7.03875E5	4.67762E5	2.18948E5	1.30941E5	7.42634E4	2.27604E6	3.73643E6	7594.56117	2591.04142	1794.03508
418	1.89091E6	1.66573E6	1.41906E6	1.13475E6	9.86244E5	9.65303E5	1.00078E6	1.00366E6	9.43988E5	8.48483E5	7.4214E5	6.21245E5	6.18686E5	5.81221E5	2.35657E5	1.41056E5	7.87725E4	6.01969E5	6.4311E6	1.13375E4	2932.44779	1737.02074
420	1.87322E6	1.70114E6	1.43755E6	1.15441E6	1.00011E6	9.7559E5	1.0055E6	1.00708E6	9.50839E5	8.62548E5	7.62159E5	6.34713E5	5.6784E5	6.94568E5	2.52721E5	1.51613E5	8.66615E4	1.00522E5	7.8598E6	2.28296E4	3407.28865	1962.16607
422	1.87142E6	1.71848E6	1.46732E6	1.17915E6	1.02088E6	9.85626E5	1.01465E6	1.01654E6	9.64765E5	8.77547E5	7.75572E5	6.57422E5	5.55293E5	7.89782E5	2.71022E5	1.64024E5	9.49049E4	6.37525E4	7.17353E6	2.7589E5	4130.1263	2163.08437
424	1.91026E6	1.76044E6	1.49748E6	1.18459E6	1.03132E6	9.90329E5	1.01745E6	1.0252E6	9.72011E5	8.87628E5	7.90883E5	6.70334E5	5.55894E5	8.2321E5	2.93412E5	1.7667E5	1.03948E5	6.32597E4	4.8702E6	1.3894E6	5221.22998	2306.64255
426	1.88866E6	1.75536E6	1.52153E6	1.21339E6	1.03119E6	9.93152E5	1.01542E6	1.02346E6	9.76964E5	8.96942E5	8.10382E5	6.85886E5	5.69651E5	7.84708E5	3.31425E5	1.89935E5	1.14277E5	6.67619E4	2.09184E6	3.83457E6	7033.40382	2522.47867
428	1.97317E6	1.7758E6	1.51286E6	1.23326E6	1.05401E6	1.00437E6	1.01279E6	1.03089E6	9.77153E5	9.07378E5	8.21558E5	7.01621E5	5.83095E5	7.06215E5	3.89712E5	2.04363E5	1.2532E5	6.938E4	5.18164E5	6.36453E6	1.105E4	2847.33621
430	1.95264E6	1.77563E6	1.5474E6	1.26542E6	1.05693E6	1.00159E6	1.01484E6	1.01994E6	9.84917E5	9.15562E5	8.26457E5	7.19706E5	5.94554E5	6.26428E5	4.70214E5	2.15499E5	1.33344E5	7.54485E4	8.49144E4	7.49257E6	2.30822E4	3438.85069
432	1.9171E6	1.81115E6	1.55835E6	1.26634E6	1.07121E6	1.00549E6	1.01344E6	1.02803E6	9.93071E5	9.24787E5	8.41803E5	7.2997E5	6.1258E5	5.6584E5	5.6243E5	2.27717E5	1.43761E5	8.18129E4	5.7202E4	6.5665E6	2.66554E5	3775.01761
434	1.912E6	1.83561E6	1.57425E6	1.2894E6	1.07946E6	1.00826E6	1.01455E6	1.02244E6	9.94895E5	9.3615E5	8.54557E5	7.4242E5	6.23071E5	5.41501E5	6.45391E5	2.42049E5	1.53852E5	9.07742E4	5.74219E4	4.15339E6	1.34428E6	4746.78047
436	1.92549E6	1.82771E6	1.5715E6	1.301E6	1.08722E6	1.01348E6	1.01599E6	1.02207E6	9.9828E5	9.35872E5	8.63442E5	7.55055E5	6.37905E5	5.39217E5	6.95628E5	2.58493E5	1.64096E5	9.95949E4	5.93209E4	1.76185E6	3.46302E6	6437.91583
438	1.96808E6	1.84755E6	1.5839E6	1.31057E6	1.09938E6	1.01145E6	1.00388E6	1.01856E6	9.91489E5	9.41529E5	8.68151E5	7.62003E5	6.48183E5	5.44027E5	6.94964E5	2.79691E5	1.74032E5	1.07719E5	6.36937E4	4.48051E5	5.76073E6	9408.66267
440	1.97169E6	1.83797E6	1.61325E6	1.30723E6	1.10253E6	1.01634E6	1.00369E6	1.01753E6	9.80903E5	9.40874E5	8.73594E5	7.70846E5	6.62034E5	5.54672E5	6.55265E5	3.17073E5	1.84235E5	1.141E5	6.81311E4	7.49607E4	6.91206E6	1.67021E4
442	1.95259E6	1.83012E6	1.59593E6	1.33534E6	1.1065E6	1.01333E6	9.98964E5	1.00725E6	9.88572E5	9.39495E5	8.77108E5	7.7912E5	6.708E5	5.6242E5	5.91149E5	3.66528E5	1.94838E5	1.24006E5	7.22924E4	5.4025E4	6.20646E6	1.55927E5
444	1.906E6	1.82391E6	1.63382E6	1.33054E6	1.11194E6	1.01253E6	9.95499E5	9.97572E5	9.74762E5	9.44367E5	8.80668E5	7.8231E5	6.80092E5	5.72589E5	5.32017E5	4.37477E5	2.04708E5	1.31829E5	8.02672E4	5.40298E4	4.04799E6	9.03783E5
446	1.92532E6	1.82669E6	1.62593E6	1.34141E6	1.1133E6	1.01084E6	9.88242E5	9.91331E5	9.81442E5	9.43288E5	8.83347E5	7.8988E5	6.84118E5	5.8549E5	4.90251E5	5.06589E5	2.16856E5	1.41667E5	8.68656E4	5.48107E4	1.73734E6	2.80574E6
448	1.92244E6	1.82494E6	1.62916E6	1.34207E6	1.12455E6	1.01848E6	9.92246E5	9.97709E5	9.71964E5	9.44457E5	8.88902E5	7.94217E5	6.9526E5	5.91943E5	4.73409E5	5.68476E5	2.28861E5	1.49028E5	9.45178E4	5.81166E4	4.4166E5	5.11803E6
450	1.93077E6	1.82404E6	1.63073E6	1.37192E6	1.13378E6	1.01176E6	9.88104E5	9.88899E5	9.73269E5	9.3596E5	8.88506E5	7.96596E5	7.01188E5	6.02259E5	4.71619E5	6.01673E5	2.4253E5	1.57595E5	1.01887E5	6.28722E4	7.48841E4	6.49036E6
452	1.92502E6	1.81817E6	1.62875E6	1.36855E6	1.12276E6	1.01085E6	9.78775E5	9.78531E5	9.72139E5	9.35691E5	8.8334E5	8.00324E5	7.05795E5	6.13629E5	4.78497E5	5.89416E5	2.6696E5	1.66996E5	1.10155E5	6.74366E4	4.95171E4	5.9851E6
454	1.90164E6	1.80445E6	1.62636E6	1.36569E6	1.13373E6	1.00272E6	9.72606E5	9.69288E5	9.54591E5	9.28978E5	8.82338E5	8.04902E5	7.11938E5	6.16173E5	4.838E5	5.49376E5	3.03037E5	1.76353E5	1.1525E5	7.17941E4	4.91012E4	3.96648E6
456	1.92478E6	1.82737E6	1.63338E6	1.36251E6	1.12727E6	1.00198E6	9.57827E5	9.55117E5	9.4415E5	9.2259E5	8.80629E5	8.08956E5	7.16368E5	6.22424E5	4.90635E5	4.90764E5	3.52305E5	1.82094E5	1.21998E5	7.78306E4	4.88044E4	1.64551E6
458	1.86538E6	1.78857E6	1.62413E6	1.37132E6	1.13274E6	9.99618E5	9.49243E5	9.44329E5	9.36492E5	9.17204E5	8.80624E5	8.00693E5	7.17234E5	6.25828E5	4.96154E5	4.44877E5	4.08502E5	1.91723E5	1.30153E5	8.41067E4	5.2933E4	4.06591E5
460	1.85925E6	1.78565E6	1.61315E6	1.37622E6	1.12608E6	9.97352E5	9.41914E5	9.32776E5	9.25047E5	9.04588E5	8.68021E5	7.99034E5	7.17929E5	6.31076E5	5.01577E5	4.11568E5	4.64188E5	1.98785E5	1.35982E5	9.07669E4	5.55069E4	6.8692E4
462	1.89636E6	1.79238E6	1.62358E6	1.36405E6	1.1295E6	9.93554E5	9.34813E5	9.26884E5	9.1819E5	8.98095E5	8.60264E5	7.9593E5	7.19539E5	6.35478E5	5.03197E5	4.02354E5	5.00999E5	2.1161E5	1.4201E5	9.60398E4	5.98018E4	4.45817E4
464	1.80364E6	1.77076E6	1.60897E6	1.36742E6	1.12645E6	9.85965E5	9.31832E5	9.14894E5	9.02095E5	8.8807E5	8.60168E5	7.95867E5	7.17644E5	6.35056E5	5.09494E5	4.01958E5	5.0944E5	2.21625E5	1.50536E5	1.0229E5	6.34671E4	4.43392E4
466	1.82331E6	1.7241E6	1.60316E6	1.35274E6	1.12795E6	9.74434E5	9.1618E5	9.06096E5	8.97317E5	8.82067E5	8.49423E5	7.90803E5	7.12547E5	6.37661E5	5.15198E5	4.01585E5	4.87102E5	2.44243E5	1.55728E5	1.08134E5	6.62866E4	4.61272E4
468	1.96713E6	1.73625E6	1.58562E6	1.36952E6	1.12057E6	9.80499E5	9.07008E5	8.92282E5	8.78704E5	8.73252E5	8.40869E5	7.8383E5	7.12719E5	6.41696E5	5.18647E5	4.08118E5	4.43649E5	2.76498E5	1.61066E5	1.12231E5	7.13592E4	4.76318E4
470	2.34088E6	1.72038E6	1.58917E6	1.34202E6	1.11698E6	9.72657E5	8.993E5	8.758E5	8.65134E5	8.59146E5	8.30751E5	7.76455E5	7.07371E5	6.40441E5	5.19086E5	4.08859E5	4.0133E5	3.17241E5	1.66284E5	1.17375E5	7.79441E4	4.89131E4
472	3.27093E6	1.71555E6	1.55091E6	1.3414E6	1.11488E6	9.65241E5	8.8955E5	8.65198E5	8.66082E5	8.51473E5	8.27145E5	7.66021E5	7.09112E5	6.39877E5	5.2079E5	4.12909E5	3.66338E5	3.62807E5	1.71951E5	1.21956E5	8.19358E4	5.29147E4
474	4.89335E6	1.68482E6	1.55652E6	1.34385E6	1.11147E6	9.63566E5	8.80163E5	8.67119E5	8.48823E5	8.38352E5	8.1169E5	7.66796E5	7.0667E5	6.41079E5	5.19717E5	4.16541E5	3.46933E5	4.08214E5	1.77341E5	1.28516E5	8.71037E4	5.53347E4
476	7.25594E6	1.66233E6	1.54456E6	1.33374E6	1.09861E6	9.45844E5	8.73276E5	8.4525E5	8.34489E5	8.21516E5	8.05622E5	7.57886E5	6.98466E5	6.36486E5	5.22974E5	4.19002E5	3.38774E5	4.28102E5	1.87583E5	1.33373E5	9.09451E4	5.80023E4
478	1.01124E7	1.64382E6	1.52208E6	1.31724E6	1.09529E6	9.39615E5	8.58873E5	8.35478E5	8.1672E5	8.09508E5	7.89302E5	7.44494E5	6.91901E5	6.27889E5	5.22842E5	4.15969E5	3.39099E5	4.31671E5	1.99851E5	1.36882E5	9.39753E4	5.95292E4
480	1.28196E7	1.62887E6	1.51745E6	1.30909E6	1.07368E6	9.31196E5	8.48048E5	8.2299E5	8.02509E5	7.98014E5	7.79502E5	7.32066E5	6.80968E5	6.26344E5	5.1733E5	4.19168E5	3.35241E5	4.10643E5	2.2003E5	1.39363E5	9.76443E4	6.54358E4
482	1.4168E7	1.63566E6	1.47919E6	1.30136E6	1.07767E6	9.2097E5	8.31556E5	7.98809E5	7.94575E5	7.8042E5	7.64352E5	7.22248E5	6.74367E5	6.21342E5	5.22002E5	4.16752E5	3.37273E5	3.68332E5	2.47844E5	1.45796E5	1.01367E5	7.02399E4
484	1.37421E7	1.5818E6	1.46389E6	1.2819E6	1.06033E6	9.09691E5	8.2602E5	7.88683E5	7.81117E5	7.67058E5	7.48284E5	7.15688E5	6.66028E5	6.15363E5	5.1633E5	4.18671E5	3.37655E5	3.32883E5	2.84934E5	1.49308E5	1.07916E5	7.31176E4
486	1.18175E7	1.57829E6	1.43944E6	1.27405E6	1.05549E6	8.98467E5	8.09623E5	7.79292E5	7.66356E5	7.57867E5	7.42023E5	6.99934E5	6.60431E5	6.07066E5	5.12777E5	4.16993E5	3.38491E5	2.99669E5	3.22229E5	1.54503E5	1.08624E5	7.8646E4
488	8.9614E6	1.7994E6	1.4221E6	1.25223E6	1.04462E6	8.889E5	7.97053E5	7.67502E5	7.53351E5	7.39766E5	7.29844E5	6.94634E5	6.56427E5	6.03964E5	5.10918E5	4.18138E5	3.3739E5	2.84146E5	3.4904E5	1.58569E5	1.12005E5	8.01122E4
490	5.81361E6	2.404E6	1.4075E6	1.23745E6	1.02561E6	8.79196E5	7.86666E5	7.53115E5	7.34046E5	7.29506E5	7.10343E5	6.81578E5	6.4484E5	5.97385E5	5.05964E5	4.17497E5	3.38437E5	2.77303E5	3.66545E5	1.64257E5	1.1583E5	8.33427E4
492	3.33954E6	3.7483E6	1.38042E6	1.21605E6	1.01979E6	8.65107E5	7.8228E5	7.39355E5	7.20422E5	7.15457E5	7.02238E5	6.70184E5	6.34321E5	5.90754E5	5.0076E5	4.13633E5	3.40014E5	2.7538E5	3.61882E5	1.78442E5	1.18923E5	8.59499E4
494	2.09685E6	5.96547E6	1.38317E6	1.20674E6	1.01095E6	8.52406E5	7.701E5	7.25422E5	7.10412E5	7.01261E5	6.8576E5	6.53006E5	6.2168E5	5.84955E5	4.96354E5	4.1043E5	3.35142E5	2.74129E5	3.40401E5	1.96641E5	1.22678E5	8.89163E4
496	1.624E6	9.0471E6	1.35113E6	1.21015E6	9.98479E5	8.40082E5	7.55439E5	7.07562E5	6.98864E5	6.80879E5	6.74929E5	6.45473E5	6.14059E5	5.75682E5	4.92313E5	4.08895E5	3.37288E5	2.73608E5	3.04988E5	2.20191E5	1.23325E5	9.03268E4
498	1.56078E6	1.22453E7	1.32247E6	1.17732E6	9.72863E5	8.3179E5	7.45444E5	7.0787E5	6.85793E5	6.74899E5	6.61428E5	6.36939E5	6.08429E5	5.68857E5	4.86462E5	4.0743E5	3.36E5	2.74798E5	2.75666E5	2.50477E5	1.26787E5	9.25321E4
500	1.47776E6	1.49004E7	1.30676E6	1.16669E6	9.65726E5	8.22157E5	7.32063E5	6.84904E5	6.77376E5	6.65439E5	6.52242E5	6.26093E5	5.96733E5	5.59052E5	4.82886E5	4.01227E5	3.33985E5	2.72644E5	2.50976E5	2.79642E5	1.31205E5	9.59734E4
502	1.4555E6	1.61412E7	1.29439E6	1.14854E6	9.59596E5	8.05902E5	7.13043E5	6.74807E5	6.59158E5	6.45469E5	6.3714E5	6.13891E5	5.85694E5	5.51672E5	4.75823E5	4.01671E5	3.33617E5	2.73862E5	2.33396E5	3.00907E5	1.34956E5	9.83196E4
504	1.40176E6	1.54282E7	1.26896E6	1.12231E6	9.45792E5	7.96911E5	7.05989E5	6.67086E5	6.40047E5	6.34282E5	6.27206E5	5.99164E5	5.71596E5	5.45151E5	4.71588E5	3.95329E5	3.30637E5	2.73207E5	2.27428E5	3.07219E5	1.38879E5	9.95828E4
506	1.40656E6	1.30843E7	1.30631E6	1.10907E6	9.36437E5	7.88359E5	6.96717E5	6.57005E5	6.26614E5	6.21184E5	6.09064E5	5.89253E5	5.6611E5	5.35691E5	4.63303E5	3.94359E5	3.29362E5	2.71702E5	2.2446E5	3.00415E5	1.4879E5	1.01673E5
508	1.40641E6	9.6571E6	1.48956E6	1.10526E6	9.22204E5	7.78466E5	6.88727E5	6.38187E5	6.16557E5	6.04041E5	6.00786E5	5.76907E5	5.5053E5	5.30147E5	4.55352E5	3.87762E5	3.23168E5	2.69166E5	2.24436E5	2.81197E5	1.63103E5	1.03957E5
510	1.39932E6	6.05473E6	2.30242E6	1.08552E6	9.00106E5	7.66936E5	6.67945E5	6.29633E5	6.09716E5	6.02861E5	5.84613E5	5.64911E5	5.44457E5	5.21346E5	4.51173E5	3.83017E5	3.22207E5	2.68154E5	2.2135E5	2.53449E5	1.82394E5	1.04659E5
512	1.52612E6	3.21761E6	4.12998E6	1.05467E6	8.90257E5	7.43524E5	6.61245E5	6.14724E5	5.92531E5	5.81353E5	5.71627E5	5.54895E5	5.31623E5	5.08876E5	4.4221E5	3.7739E5	3.1978E5	2.65247E5	2.18125E5	2.22403E5	2.0893E5	1.06108E5
514	1.69102E6	1.81497E6	6.79621E6	1.0281E6	8.70891E5	7.36718E5	6.44329E5	6.03975E5	5.80218E5	5.65468E5	5.60842E5	5.35692E5	5.2172E5	4.97625E5	4.34704E5	3.70828E5	3.13746E5	2.61919E5	2.18732E5	2.04402E5	2.30933E5	1.06994E5
516	1.91314E6	1.34823E6	1.01927E7	1.02056E6	8.53948E5	7.22182E5	6.3487E5	5.83632E5	5.59754E5	5.56331E5	5.47807E5	5.27218E5	5.10021E5	4.88635E5	4.29067E5	3.65487E5	3.10757E5	2.6139E5	2.17399E5	1.87442E5	2.46211E5	1.1047E5
518	2.29457E6	1.26622E6	1.37131E7	9.98978E5	8.49737E5	7.19444E5	6.25358E5	5.72982E5	5.52682E5	5.44011E5	5.35547E5	5.15272E5	4.9482E5	4.84165E5	4.20232E5	3.57824E5	3.06016E5	2.58332E5	2.14895E5	1.83083E5	2.52301E5	1.14012E5
520	2.58137E6	1.25519E6	1.65846E7	9.81395E5	8.30481E5	6.95222E5	6.15577E5	5.62753E5	5.42895E5	5.30231E5	5.17832E5	4.99801E5	4.8835E5	4.67367E5	4.10418E5	3.58049E5	3.0273E5	2.55502E5	2.142E5	1.79373E5	2.4363E5	1.23856E5
522	2.91829E6	1.23388E6	1.72677E7	9.69038E5	8.1428E5	6.83914E5	5.96765E5	5.5408E5	5.31341E5	5.19546E5	5.08536E5	4.9485E5	4.7866E5	4.59008E5	4.05815E5	3.49686E5	2.96849E5	2.5398E5	2.09038E5	1.77381E5	2.2568E5	1.35181E5
524	3.14407E6	1.16916E6	1.58853E7	9.6096E5	7.9927E5	6.78279E5	5.9004E5	5.38829E5	5.18206E5	5.04718E5	4.95463E5	4.85655E5	4.66607E5	4.47753E5	3.96226E5	3.44118E5	2.93714E5	2.5015E5	2.07447E5	1.76866E5	2.01821E5	1.51255E5
526	3.09188E6	1.14368E6	1.30124E7	9.72794E5	7.807E5	6.59166E5	5.75574E5	5.27624E5	5.0749E5	4.94016E5	4.83396E5	4.70524E5	4.5893E5	4.40189E5	3.88511E5	3.35934E5	2.87355E5	2.49472E5	2.08546E5	1.74807E5	1.78405E5	1.69222E5
528	2.92394E6	1.11955E6	9.43966E6	1.22962E6	7.74475E5	6.54489E5	5.60717E5	5.20697E5	4.9216E5	4.7543E5	4.71378E5	4.6154E5	4.44733E5	4.29946E5	3.80666E5	3.26937E5	2.84994E5	2.41363E5	2.06846E5	1.70636E5	1.59047E5	1.86812E5
530	2.66219E6	1.10456E6	5.71389E6	2.18372E6	7.49193E5	6.30762E5	5.51426E5	5.0545E5	4.82104E5	4.7582E5	4.57034E5	4.4887E5	4.32836E5	4.19609E5	3.73249E5	3.22516E5	2.80162E5	2.36929E5	2.00928E5	1.68729E5	1.49569E5	2.01597E5
532	2.25736E6	1.11528E6	2.89335E6	4.24304E6	7.46381E5	6.26204E5	5.40249E5	4.93726E5	4.72313E5	4.58013E5	4.49564E5	4.36434E5	4.23799E5	4.11778E5	3.61644E5	3.16605E5	2.75842E5	2.3593E5	2.01721E5	1.67154E5	1.4234E5	2.04839E5
534	1.82441E6	1.1844E6	1.47667E6	7.40773E6	7.23032E5	6.13856E5	5.28652E5	4.84552E5	4.61346E5	4.48192E5	4.41104E5	4.27063E5	4.12013E5	4.01014E5	3.55123E5	3.08645E5	2.69531E5	2.31822E5	1.93023E5	1.66318E5	1.38953E5	1.97158E5
536	1.43619E6	1.34881E6	1.05001E6	1.12696E7	7.10926E5	5.97303E5	5.19428E5	4.74787E5	4.47493E5	4.32851E5	4.2501E5	4.18119E5	4.03483E5	3.9183E5	3.47175E5	3.01363E5	2.67796E5	2.2568E5	1.92493E5	1.6522E5	1.36994E5	1.83198E5
538	1.15815E6	1.55362E6	9.69529E5	1.49756E7	7.01184E5	5.86337E5	5.04274E5	4.56997E5	4.32131E5	4.22629E5	4.18207E5	4.03915E5	3.91078E5	3.84109E5	3.39298E5	2.98032E5	2.57948E5	2.23997E5	1.90367E5	1.63701E5	1.32438E5	1.6373E5
540	9.95385E5	1.8952E6	9.30326E5	1.77246E7	6.81968E5	5.76958E5	4.9123E5	4.47805E5	4.221E5	4.09878E5	4.03626E5	3.89724E5	3.81718E5	3.69121E5	3.29837E5	2.89094E5	2.53201E5	2.19203E5	1.87743E5	1.60327E5	1.33558E5	1.41418E5
542	9.3408E5	2.28052E6	9.18256E5	1.81884E7	6.70859E5	5.55056E5	4.86224E5	4.38179E5	4.10114E5	3.98693E5	3.90945E5	3.81455E5	3.71218E5	3.5968E5	3.21876E5	2.84497E5	2.44972E5	2.11986E5	1.84399E5	1.57287E5	1.32893E5	1.26472E5
544	8.66884E5	2.62062E6	8.96553E5	1.64294E7	6.74446E5	5.43351E5	4.73639E5	4.2487E5	4.03953E5	3.91539E5	3.8366E5	3.68184E5	3.5991E5	3.52072E5	3.09123E5	2.77077E5	2.39392E5	2.1021E5	1.81963E5	1.55108E5	1.27014E5	1.13897E5
546	8.50333E5	2.96896E6	8.5635E5	1.31669E7	6.99104E5	5.37901E5	4.63687E5	4.20549E5	3.89249E5	3.79955E5	3.72599E5	3.63213E5	3.53381E5	3.48063E5	3.08619E5	2.66817E5	2.35772E5	2.07127E5	1.77356E5	1.53917E5	1.24993E5	1.07575E5
548	9.05182E5	3.1074E6	8.27476E5	9.2116E6	1.03926E6	5.21558E5	4.57077E5	4.03524E5	3.80989E5	3.69093E5	3.63328E5	3.50136E5	3.43569E5	3.33667E5	2.96274E5	2.62559E5	2.30207E5	2.01343E5	1.7277E5	1.49041E5	1.24284E5	1.04966E5
550	8.07724E5	3.01654E6	8.10658E5	5.45735E6	2.14129E6	5.09394E5	4.46262E5	3.94497E5	3.70409E5	3.58711E5	3.55365E5	3.43199E5	3.32431E5	3.19674E5	2.8993E5	2.56997E5	2.25366E5	1.96232E5	1.73063E5	1.46485E5	1.23117E5	1.0327E5
552	7.89442E5	2.7627E6	7.93845E5	2.64793E6	4.45654E6	5.09542E5	4.30202E5	3.83632E5	3.62421E5	3.51305E5	3.42568E5	3.30944E5	3.22606E5	3.13479E5	2.85439E5	2.50691E5	2.23019E5	1.94565E5	1.66908E5	1.43134E5	1.19998E5	1.01105E5
554	7.40811E5	2.378E6	7.95314E5	1.20793E6	7.79598E6	4.86952E5	4.15415E5	3.77309E5	3.56546E5	3.40429E5	3.29091E5	3.24797E5	3.15245E5	3.08532E5	2.78023E5	2.46513E5	2.15608E5	1.88995E5	1.65361E5	1.41025E5	1.16383E5	9.98289E4
556	7.41137E5	1.95216E6	8.23536E5	8.04395E5	1.17308E7	4.83009E5	4.13797E5	3.6497E5	3.4393E5	3.34823E5	3.24337E5	3.11168E5	3.07508E5	3.00564E5	2.69841E5	2.36986E5	2.1262E5	1.84642E5	1.60582E5	1.38063E5	1.16714E5	9.76381E4
558	7.56612E5	1.55011E6	9.27887E5	7.494E5	1.5643E7	4.64397E5	3.95904E5	3.55533E5	3.38278E5	3.23881E5	3.15915E5	3.07236E5	2.9705E5	2.90821E5	2.61648E5	2.34133E5	2.04372E5	1.81735E5	1.54661E5	1.36607E5	1.14758E5	9.7631E4
560	7.2423E5	1.14518E6	1.10475E6	7.10652E5	1.81882E7	4.57454E5	3.84981E5	3.49542E5	3.27514E5	3.12715E5	3.05048E5	2.93666E5	2.89169E5	2.81255E5	2.53686E5	2.26454E5	2.01996E5	1.74915E5	1.52074E5	1.34616E5	1.12542E5	9.39855E4
562	6.80836E5	8.99292E5	1.3511E6	6.77662E5	1.86534E7	4.449E5	3.80472E5	3.36481E5	3.12458E5	3.04993E5	3.01024E5	2.87366E5	2.82387E5	2.77828E5	2.47357E5	2.18695E5	1.93669E5	1.70115E5	1.50066E5	1.28958E5	1.09615E5	9.2797E4
564	6.67361E5	7.57367E5	1.72657E6	6.59079E5	1.65815E7	4.4965E5	3.67505E5	3.27116E5	3.08633E5	2.99465E5	2.84682E5	2.7686E5	2.7304E5	2.61927E5	2.40526E5	2.11228E5	1.88134E5	1.68037E5	1.44265E5	1.28149E5	1.0818E5	8.9224E4
566	6.66871E5	7.27149E5	2.08483E6	6.44409E5	1.31446E7	4.89441E5	3.64939E5	3.19019E5	2.97538E5	2.85998E5	2.8021E5	2.70461E5	2.6475E5	2.57997E5	2.29946E5	2.08052E5	1.83867E5	1.64354E5	1.4128E5	1.21681E5	1.06153E5	8.88224E4
568	6.71386E5	6.39744E5	2.44924E6	6.20531E5	8.92531E6	8.68776E5	3.56619E5	3.15144E5	2.94714E5	2.77041E5	2.72613E5	2.61613E5	2.56122E5	2.53022E5	2.24422E5	2.00025E5	1.76649E5	1.58542E5	1.38309E5	1.21703E5	1.04698E5	8.70618E4
570	6.17363E5	6.27554E5	2.68448E6	6.03977E5	4.97758E6	2.16462E6	3.42264E5	3.0518E5	2.83554E5	2.73607E5	2.63046E5	2.55553E5	2.47862E5	2.45628E5	2.21347E5	1.95437E5	1.74602E5	1.53112E5	1.36497E5	1.18085E5	9.92927E4	8.71157E4
572	6.05449E5	5.92594E5	2.72418E6	5.87232E5	2.28573E6	4.60932E6	3.41622E5	2.9909E5	2.71102E5	2.62237E5	2.55042E5	2.48602E5	2.42193E5	2.34948E5	2.13749E5	1.89265E5	1.70223E5	1.49049E5	1.32433E5	1.15315E5	9.67461E4	8.43528E4
574	6.28905E5	5.69898E5	2.61716E6	5.75775E5	9.64726E5	8.23975E6	3.31661E5	2.90779E5	2.65944E5	2.55756E5	2.46385E5	2.37848E5	2.34256E5	2.28358E5	2.04648E5	1.85845E5	1.6331E5	1.45611E5	1.29417E5	1.12841E5	9.53899E4	7.96276E4
576	6.30902E5	5.85711E5	2.38625E6	5.72727E5	6.08273E5	1.21997E7	3.22751E5	2.82183E5	2.6181E5	2.45195E5	2.4098E5	2.33638E5	2.23503E5	2.1966E5	2.00837E5	1.7813E5	1.5993E5	1.4095E5	1.26292E5	1.0931E5	9.29114E4	7.9317E4
578	5.85252E5	5.16971E5	1.98725E6	5.87924E5	5.53565E5	1.58974E7	3.15622E5	2.76673E5	2.56106E5	2.385E5	2.3168E5	2.23841E5	2.1796E5	2.12526E5	1.92704E5	1.75478E5	1.57105E5	1.37846E5	1.2285E5	1.06788E5	8.82848E4	7.71098E4
580	5.5031E5	5.50604E5	1.60222E6	6.26487E5	5.28426E5	1.83684E7	3.10245E5	2.65422E5	2.43714E5	2.31253E5	2.25102E5	2.18125E5	2.10585E5	2.09737E5	1.89102E5	1.67925E5	1.48272E5	1.34079E5	1.16371E5	1.04499E5	8.91256E4	7.55014E4
582	5.22552E5	5.22816E5	1.21735E6	7.4131E5	5.12729E5	1.85769E7	3.11461E5	2.6047E5	2.40296E5	2.25281E5	2.17889E5	2.09602E5	2.05017E5	1.9963E5	1.82175E5	1.65173E5	1.44459E5	1.29314E5	1.15713E5	1.02929E5	8.70236E4	7.25317E4
584	5.57192E5	5.05421E5	9.08125E5	9.37817E5	4.96642E5	1.64024E7	3.12687E5	2.48827E5	2.38074E5	2.21744E5	2.12336E5	2.0701E5	1.99397E5	1.95461E5	1.77611E5	1.54948E5	1.41577E5	1.27055E5	1.0943E5	9.84087E4	8.34879E4	7.01499E4
586	4.93237E5	5.04235E5	7.00831E5	1.19316E6	4.87243E5	1.2672E7	3.40657E5	2.50496E5	2.2741E5	2.16867E5	2.07448E5	1.94554E5	1.9065E5	1.88802E5	1.73424E5	1.54525E5	1.38573E5	1.224E5	1.11203E5	9.42275E4	8.18415E4	6.99775E4
588	5.2108E5	4.95233E5	5.93436E5	1.51582E6	4.78658E5	8.41326E6	7.11097E5	2.46768E5	2.18042E5	2.07012E5	2.00593E5	1.93209E5	1.87315E5	1.83992E5	1.65013E5	1.47361E5	1.33386E5	1.17303E5	1.07797E5	9.25508E4	8.04049E4	6.85439E4
590	5.06749E5	4.74875E5	5.16797E5	1.85882E6	4.71363E5	4.4853E6	2.02765E6	2.37493E5	2.13278E5	2.01324E5	1.94987E5	1.84869E5	1.78404E5	1.75274E5	1.60993E5	1.44687E5	1.28781E5	1.16626E5	1.01462E5	8.74293E4	7.86738E4	6.63879E4
592	5.13276E5	4.91557E5	4.96152E5	2.15032E6	4.78012E5	1.87946E6	4.69202E6	2.31548E5	2.04783E5	1.93815E5	1.85811E5	1.81218E5	1.75607E5	1.70962E5	1.54567E5	1.40431E5	1.24037E5	1.14122E5	9.77166E4	8.82105E4	7.61515E4	6.35616E4
594	5.25334E5	4.64094E5	4.67649E5	2.35347E6	4.61238E5	7.20769E5	8.42516E6	2.28783E5	2.00743E5	1.87196E5	1.8265E5	1.75658E5	1.68391E5	1.67686E5	1.52058E5	1.3377E5	1.21097E5	1.10135E5	9.58715E4	8.69679E4	7.11837E4	6.31801E4
596	4.46518E5	4.6269E5	4.69699E5	2.42332E6	4.56762E5	4.38035E5	1.25797E7	2.17712E5	1.98067E5	1.80278E5	1.73967E5	1.67301E5	1.6462E5	1.59595E5	1.47009E5	1.29809E5	1.16833E5	1.03948E5	9.23626E4	8.41082E4	7.03123E4	6.12729E4
598	4.45054E5	4.54451E5	4.4428E5	2.29737E6	4.51222E5	3.99181E5	1.62674E7	2.18553E5	1.86958E5	1.81199E5	1.6957E5	1.63061E5	1.57481E5	1.56366E5	1.42096E5	1.22851E5	1.12861E5	1.03551E5	8.84143E4	7.87761E4	6.86209E4	5.86872E4
600	4.7805E5	4.29539E5	4.39114E5	2.0419E6	4.67334E5	3.83439E5	1.85347E7	2.11772E5	1.83037E5	1.73503E5	1.66389E5	1.56761E5	1.5526E5	1.51993E5	1.38084E5	1.24773E5	1.12888E5	9.88292E4	8.79502E4	7.88911E4	6.57753E4	5.94121E4
