300	2.63358E5	1.63891E5	1.7812E5	2.65926E6	3.71823E5	2.9005E5	2.41008E7	8.65959E4	1.3976E4	8963.98087	6012.84566	4524.17913	4166.30355	2974.62696	2892.48045	2234.45049	1948.71486	2159.69134	1595.63807	1628.73026	1450.90412	1197.81944
302	2.52835E5	1.66071E5	1.95025E5	1.75159E6	6.89249E5	2.13045E5	2.10865E7	9.91727E5	1.54411E4	8254.62147	6058.85739	4377.15762	4059.40219	3151.95727	2357.12296	2349.48159	1973.4831	1925.64871	1075.89155	1299.51253	1531.73265	1019.18207
304	2.48061E5	1.82553E5	2.0291E5	1.00384E6	1.26184E6	2.06792E5	1.34649E7	4.45128E6	1.91187E4	9694.02683	6410.85078	4677.98362	3812.13366	3190.45399	2669.81642	2049.81152	1789.09349	1579.96871	1331.02586	1545.04153	1564.02754	1447.71316
306	2.68E5	1.97582E5	2.11065E5	5.481E5	2.03076E6	2.07877E5	5.77705E6	1.15026E7	2.28544E4	9685.46045	7040.98544	4714.78875	3476.0607	3249.90479	3070.26448	2551.27941	2047.44627	2012.12709	1485.90457	1589.04848	1433.14702	1115.0667
308	2.93146E5	1.99182E5	2.24744E5	3.52955E5	2.68199E6	2.1245E5	1.44287E6	1.98283E7	3.29224E4	1.02438E4	6671.63699	4796.03804	3786.33511	3092.30136	2781.05038	2070.77267	2237.92999	1892.37822	1332.51737	1191.74256	1481.58919	1151.6498
310	2.97627E5	2.07801E5	2.31853E5	3.05086E5	2.86886E6	2.3575E5	2.49306E5	2.37732E7	8.12865E4	1.21126E4	6789.9332	5120.50111	3987.52894	3559.41204	2489.82417	2512.31032	1820.49795	1849.19206	1535.22746	1372.23521	1484.70016	1245.28068
312	2.77931E5	2.28697E5	2.41901E5	2.9137E5	2.47012E6	3.17139E5	1.57756E5	2.09017E7	9.49467E5	1.34518E4	8010.62262	5310.00657	3932.77282	3381.80324	2907.58687	2320.59157	2034.73349	1454.8332	1695.33685	1517.61854	1541.99411	1155.61803
314	2.78921E5	2.39307E5	2.4775E5	2.95776E5	1.6922E6	5.80801E5	1.48542E5	1.27737E7	4.61784E6	1.53316E4	8348.32296	5500.9157	3922.83389	2984.51257	2814.35671	1802.43885	1898.05922	1682.6295	1409.37703	1423.89101	1212.31329	1342.06071
316	3.19121E5	2.32515E5	2.55397E5	3.00223E5	1.01621E6	1.06255E6	1.4419E5	5.20945E6	1.15311E7	1.90503E4	8255.26564	5619.93584	3555.22255	3159.52701	3003.79052	2640.11322	1909.65419	1709.60284	1456.02208	1255.8915	1043.16128	1103.60126
318	3.1354E5	2.37198E5	2.73577E5	3.03995E5	5.8862E5	1.70513E6	1.48002E5	1.26319E6	1.83823E7	2.8893E4	9832.37014	6570.57592	4346.96989	3314.02591	2511.32874	2459.69101	1766.31729	1615.21295	1661.73786	1509.7812	1265.33084	1056.37409
320	3.13799E5	2.55096E5	2.71767E5	3.09034E5	4.22095E5	2.25565E6	1.51131E5	1.98371E5	2.11645E7	7.87737E4	9845.47628	6112.89443	4327.36477	3406.24366	2731.29912	2296.54621	1841.7388	1694.81565	1649.98678	1458.18689	1518.00704	1159.43606
322	3.42048E5	2.69886E5	2.69281E5	3.12763E5	3.62552E5	2.38539E6	1.64744E5	1.21822E5	1.79807E7	8.43405E5	1.20108E4	6286.80858	4776.4943	3538.17414	2357.3866	2024.84017	2002.51754	1630.22727	1897.09584	1226.11315	1226.2829	1084.30123
324	3.14108E5	2.64143E5	2.8547E5	3.18546E5	3.59636E5	2.04129E6	2.32024E5	1.11964E5	1.10594E7	3.82297E6	1.35917E4	6834.7048	5199.57846	3545.6773	2293.18126	2319.70506	1863.86105	1822.69288	1535.04797	1212.67508	1130.26711	1080.15246
326	3.62835E5	2.70286E5	2.94137E5	3.34595E5	3.55767E5	1.46501E6	4.237E5	1.1219E5	4.49387E6	9.56268E6	1.70304E4	7098.72828	4996.91388	3734.24358	3005.58349	2031.73879	1905.11673	1468.03266	1398.56484	1375.4599	1208.747	1057.42865
328	3.89044E5	2.89719E5	3.00094E5	3.35801E5	3.54554E5	9.27187E5	7.72336E5	1.14088E5	1.1234E6	1.54529E7	2.44185E4	7568.90248	5235.42672	3705.23468	2768.82937	1871.64374	1973.91712	1637.32097	1369.71441	1391.65912	1382.10441	867.27031
330	4.00899E5	2.85023E5	3.03869E5	3.46618E5	3.67214E5	5.60138E5	1.28783E6	1.18959E5	1.74337E5	1.82711E7	6.08431E4	8215.81487	5464.92605	4148.61638	2819.03378	2262.75264	1830.40253	1563.06723	1304.19445	1307.02901	1266.60823	1086.15091
332	4.33831E5	3.10359E5	3.16671E5	3.51615E5	3.636E5	3.99922E5	1.74104E6	1.25057E5	1.10604E5	1.60952E7	6.82281E5	9462.82086	5090.8866	4115.71371	2589.9665	2384.39234	1740.84162	1699.44415	1337.25432	1480.407	1309.16014	1082.82911
334	4.43537E5	3.18552E5	3.30924E5	3.44674E5	3.68154E5	3.46715E5	1.9621E6	1.38737E5	1.05091E5	1.03321E7	3.25832E6	1.11576E4	5379.0491	4424.85217	2804.6811	2115.12365	1719.40177	1457.31684	1307.57574	1000.64544	1461.67813	1149.5333
336	4.71883E5	3.2499E5	3.27627E5	3.50227E5	3.71343E5	3.3077E5	1.79899E6	1.84851E5	1.02225E5	4.39176E6	8.29921E6	1.40779E4	5289.75823	4297.1382	2966.75339	2216.59482	1869.26571	1671.03927	1326.19681	1276.54987	1244.47419	1034.43492
338	4.67742E5	3.33074E5	3.26922E5	3.64275E5	3.82292E5	3.34543E5	1.38516E6	3.05233E5	1.07208E5	1.18143E6	1.32872E7	2.11354E4	6098.15777	4369.68669	2975.43721	2079.8657	1975.27651	1424.85224	1347.92343	1130.71164	1071.85681	1125.67058
340	5.0288E5	3.27355E5	3.51316E5	3.52569E5	3.79805E5	3.41061E5	8.90429E5	5.77714E5	1.11493E5	1.80046E5	1.56152E7	5.12935E4	6772.23016	4778.04541	3260.44597	2147.40788	1805.00622	1289.67507	1362.06134	1128.43053	1139.714	874.1415
342	5.11037E5	3.6859E5	3.4932E5	3.61801E5	3.87335E5	3.47675E5	5.51562E5	9.53847E5	1.15218E5	1.03363E5	1.38004E7	5.22045E5	8659.25587	4708.59975	3532.42751	2326.18888	1950.37014	1435.53406	1301.63913	1213.85035	910.76972	1017.20834
344	5.58958E5	3.71797E5	3.57827E5	3.7931E5	3.8996E5	3.52136E5	3.70307E5	1.37735E6	1.25255E5	9.70841E4	8.74149E6	2.74352E6	9730.55947	4844.27391	3588.92678	2424.9777	1720.2116	1641.73458	1253.11322	1148.90228	1127.45435	860.58876
346	5.60802E5	4.02739E5	3.61034E5	3.68689E5	3.96411E5	3.63748E5	3.15147E5	1.60015E6	1.40235E5	9.75531E4	3.7424E6	6.85115E6	1.15856E4	5121.90033	3508.98636	2367.14151	2028.12554	1529.66163	1162.94581	1062.60376	1003.05428	913.15228
348	5.93771E5	4.0468E5	3.73419E5	3.8074E5	4.00426E5	3.72314E5	3.04456E5	1.53654E6	1.79535E5	1.07436E5	9.20204E5	1.13169E7	1.82408E4	5799.69901	3612.76099	2476.47359	1858.01405	1550.84719	1318.52386	1248.81099	840.13065	1087.10017
350	5.79914E5	4.30268E5	3.75947E5	3.87859E5	3.9628E5	3.81412E5	3.13741E5	1.24158E6	2.69727E5	1.16047E5	1.55776E5	1.31998E7	3.60043E4	6379.21136	3567.20223	2711.10084	1738.96945	1384.84563	1161.06276	951.97592	1174.18783	890.78326
352	6.25105E5	4.33758E5	3.98709E5	3.95239E5	4.13984E5	3.93952E5	3.24246E5	8.55952E5	4.67578E5	1.23634E5	9.83457E4	1.14568E7	4.56185E5	7424.8783	3591.28576	2752.8276	1944.34154	1571.35112	1323.52731	1149.29114	942.99598	855.82261
354	6.21076E5	4.58624E5	4.06006E5	3.94093E5	4.11073E5	3.98686E5	3.3931E5	5.54735E5	7.46724E5	1.322E5	9.43338E4	7.40381E6	2.24886E6	8432.59804	4041.94066	2803.46897	1458.08155	1612.4908	1240.25557	1113.91383	1072.76803	945.49813
356	6.4338E5	4.89667E5	4.16023E5	4.02023E5	4.12029E5	4.04699E5	3.50511E5	3.93143E5	1.05427E6	1.45308E5	9.91598E4	3.10156E6	5.95981E6	1.07416E4	3943.69745	2466.30896	1843.15018	1256.56524	1179.3512	1094.60197	987.85209	934.4624
358	6.86873E5	5.07253E5	4.4127E5	4.15857E5	4.16118E5	4.20953E5	3.59387E5	3.33098E5	1.27338E6	1.60662E5	1.06843E5	7.99314E5	9.78469E6	1.60193E4	4903.42627	2884.09654	1870.51258	1408.66702	1174.44651	1234.5139	1075.72048	900.07799
360	7.06317E5	5.26383E5	4.47314E5	4.18833E5	4.28069E5	4.30954E5	3.7777E5	3.25781E5	1.30042E6	1.87552E5	1.16966E5	1.39687E5	1.16065E7	3.58253E4	5026.50482	2733.51655	2172.87586	1444.16696	1289.18292	859.46188	937.67945	823.91455
362	7.19E5	5.47428E5	4.63573E5	4.26285E5	4.36817E5	4.36881E5	3.91921E5	3.37917E5	1.12582E6	2.3999E5	1.25192E5	8.99898E4	1.04622E7	3.98792E5	6080.99007	3119.93881	2193.67898	1450.88773	1346.67338	1140.68308	1001.51745	857.37742
364	7.27182E5	5.89056E5	4.82244E5	4.42141E5	4.42548E5	4.48321E5	4.06247E5	3.51588E5	8.47201E5	3.70152E5	1.36728E5	8.61995E4	6.98512E6	2.03916E6	7153.79797	3181.97037	2014.71567	1568.826	1067.3475	945.75107	921.18562	892.50402
366	7.8755E5	6.17982E5	4.98587E5	4.49185E5	4.56786E5	4.5579E5	4.21876E5	3.67076E5	5.9104E5	5.7353E5	1.46352E5	9.08765E4	2.97128E6	5.58735E6	9348.21793	3640.62263	2215.5552	1569.80191	1272.1925	986.19337	905.72244	912.42341
368	7.8439E5	6.31157E5	5.24284E5	4.70327E5	4.62008E5	4.65879E5	4.33344E5	3.80846E5	4.34239E5	8.25649E5	1.59454E5	9.69487E4	7.85825E5	9.1507E6	1.42505E4	3462.35515	2226.14023	1715.99663	1377.44197	1232.54836	1054.45999	1188.61499
370	8.22524E5	6.58933E5	5.41927E5	4.75967E5	4.71998E5	4.78405E5	4.56105E5	4.01886E5	3.75799E5	1.04391E6	1.72294E5	1.07761E5	1.24977E5	1.07884E7	3.33407E4	4451.6982	2457.50568	1839.07241	1471.80485	1471.42391	893.71872	796.61808
372	8.56969E5	6.81235E5	5.5816E5	4.93786E5	4.82976E5	4.91972E5	4.7482E5	4.20061E5	3.63069E5	1.11415E6	1.94741E5	1.17374E5	8.26626E4	9.465E6	3.975E5	4741.29081	2488.77045	1821.34353	1186.97477	1269.74544	890.22531	932.94762
374	8.59351E5	7.18807E5	5.83403E5	5.12134E5	4.95941E5	5.04826E5	4.86461E5	4.38207E5	3.69826E5	1.02017E6	2.40484E5	1.26131E5	7.66664E4	5.98621E6	1.97767E6	5916.88128	2506.54534	1734.73615	1443.00675	1334.90605	1033.06953	1056.90378
376	8.93096E5	7.43881E5	5.95331E5	5.20315E5	5.03757E5	5.09147E5	5.02877E5	4.52935E5	3.8644E5	8.2454E5	3.2824E5	1.37061E5	7.8449E4	2.52276E6	4.9596E6	7753.3137	3076.52769	2061.14427	1604.01004	1191.54984	971.54269	866.24702
378	9.12056E5	7.71311E5	6.19392E5	5.37161E5	5.09516E5	5.2126E5	5.19313E5	4.75699E5	3.99824E5	6.19443E5	4.77999E5	1.47689E5	8.69393E4	6.1052E5	8.02449E6	1.212E4	3362.92767	1804.442	1880.41451	1136.38719	1085.81783	842.10557
380	9.3609E5	8.01519E5	6.63086E5	5.577E5	5.27342E5	5.37131E5	5.3686E5	4.89306E5	4.19445E5	4.77076E5	6.68931E5	1.5818E5	9.48712E4	1.07437E5	9.3817E6	2.63183E4	3748.19447	2110.56331	1756.63516	1350.66702	990.31217	793.79434
382	9.94775E5	8.20086E5	6.77128E5	5.6936E5	5.40347E5	5.53087E5	5.57964E5	5.1225E5	4.43191E5	4.10994E5	8.51206E5	1.72975E5	1.05306E5	7.54039E4	8.42384E6	2.91681E5	4504.73594	2296.67639	1790.71388	1248.78444	1127.82511	891.12815
384	1.03085E6	8.72043E5	7.03414E5	5.90228E5	5.54007E5	5.71646E5	5.75338E5	5.37862E5	4.5763E5	3.88196E5	9.57057E5	1.90163E5	1.14983E5	7.4425E4	5.59533E6	1.51368E6	5161.81222	2538.24597	1695.7469	1540.95683	1019.82321	994.40117
386	1.03879E6	9.10039E5	7.30021E5	6.03769E5	5.75394E5	5.85346E5	5.86131E5	5.57277E5	4.81737E5	3.97707E5	9.39137E5	2.22059E5	1.23794E5	7.6911E4	2.39976E6	4.18233E6	7362.19254	2427.41437	1911.1589	1558.21745	1225.50197	981.67037
388	1.10159E6	9.29741E5	7.6023E5	6.2461E5	5.88224E5	6.01953E5	6.07243E5	5.71989E5	4.97259E5	4.10643E5	8.2938E5	2.81053E5	1.35995E5	8.23179E4	6.65168E5	7.01202E6	1.1397E4	3268.17708	1785.37451	1662.97332	1148.25966	938.63235
390	1.11482E6	9.54727E5	8.03973E5	6.41779E5	6.00212E5	6.15354E5	6.26189E5	5.93513E5	5.1469E5	4.24317E5	6.6602E5	3.86041E5	1.4907E5	9.07725E4	1.15242E5	8.61266E6	2.46005E4	3567.77642	1872.22886	1801.26962	973.55643	1024.36408
392	1.13157E6	1.00735E6	8.04719E5	6.67423E5	6.19515E5	6.2704E5	6.44296E5	6.10347E5	5.33968E5	4.38656E5	5.17806E5	5.41927E5	1.61049E5	1.01356E5	7.03584E4	7.83996E6	3.14196E5	3788.60938	1965.75782	1573.3186	1169.9858	1146.09298
394	1.16155E6	1.02046E6	8.21324E5	6.76152E5	6.28025E5	6.43256E5	6.58235E5	6.31265E5	5.45635E5	4.55792E5	4.36183E5	7.02152E5	1.73946E5	1.12103E5	6.83597E4	5.42649E6	1.49064E6	5262.87269	2377.70017	1801.22329	1362.76041	1269.95616
396	1.20788E6	1.04898E6	8.57084E5	6.91157E5	6.36591E5	6.50946E5	6.70282E5	6.47011E5	5.63194E5	4.71631E5	4.03886E5	8.25136E5	1.90178E5	1.21569E5	7.02625E4	2.42366E6	4.08555E6	7334.40397	2470.20551	1746.23606	1420.38945	1148.75078
398	1.25133E6	1.06532E6	8.87561E5	7.16317E5	6.58336E5	6.7068E5	6.81898E5	6.60123E5	5.86345E5	4.88632E5	4.06489E5	8.56091E5	2.1162E5	1.32448E5	7.39722E4	6.53834E5	6.80857E6	1.06403E4	3018.64277	1646.37632	1572.64443	1031.49212
400	1.22373E6	1.10184E6	9.14824E5	7.34903E5	6.67187E5	6.77299E5	6.97471E5	6.74875E5	5.98384E5	5.05288E5	4.11296E5	7.91633E5	2.51621E5	1.44031E5	8.05883E4	1.07209E5	7.9722E6	2.0274E4	3227.34389	1873.75168	1532.22104	1054.49431
402	1.31625E6	1.14409E6	9.38214E5	7.58177E5	6.76287E5	6.8888E5	7.09991E5	6.8819E5	6.15465E5	5.16539E5	4.24873E5	6.66573E5	3.19669E5	1.54903E5	8.95555E4	6.37749E4	7.09844E6	2.33042E5	3828.79874	2095.67095	1549.98833	1260.32917
404	1.31418E6	1.18586E6	9.6428E5	7.68355E5	6.9839E5	6.99669E5	7.20182E5	7.03262E5	6.28221E5	5.34905E5	4.41314E5	5.36848E5	4.34258E5	1.65684E5	9.8503E4	6.10971E4	4.59145E6	1.29482E6	4732.57369	2132.9133	1380.96238	1324.33938
406	1.337E6	1.2133E6	9.89924E5	7.80468E5	7.01468E5	7.06156E5	7.32158E5	7.1312E5	6.42325E5	5.46927E5	4.54364E5	4.47526E5	5.64123E5	1.78505E5	1.06837E5	6.16981E4	1.95803E6	3.54248E6	6197.14331	2219.88924	1563.81587	1630.50848
408	1.34676E6	1.19794E6	1.00265E6	8.00743E5	7.17038E5	7.21735E5	7.45745E5	7.24785E5	6.53813E5	5.58355E5	4.6606E5	4.09259E5	6.92869E5	1.92413E5	1.16704E5	6.45677E4	4.72604E5	6.07236E6	9222.95309	2735.53677	1656.34913	1449.14231
410	1.36307E6	1.23643E6	1.02025E6	8.25706E5	7.30782E5	7.26814E5	7.49262E5	7.35432E5	6.67658E5	5.70644E5	4.83988E5	3.98671E5	7.6131E5	2.09933E5	1.25472E5	7.0766E4	7.92094E4	7.36476E6	1.8612E4	3217.00338	1813.10314	1486.7297
412	1.41754E6	1.24756E6	1.05263E6	8.31752E5	7.40203E5	7.39206E5	7.55982E5	7.39233E5	6.71026E5	5.88986E5	4.95587E5	4.0964E5	7.55402E5	2.3575E5	1.33398E5	7.7238E4	5.59246E4	6.6035E6	2.03913E5	3730.48263	1782.34502	1531.1535
414	1.46605E6	1.27723E6	1.06667E6	8.5902E5	7.51534E5	7.34948E5	7.59893E5	7.51776E5	6.87825E5	5.99382E5	5.06996E5	4.16063E5	6.78747E5	2.84159E5	1.44228E5	8.45254E4	5.30374E4	4.42617E6	1.08855E6	4478.14382	1991.12703	1458.84782
416	1.4107E6	1.28823E6	1.08336E6	8.61165E5	7.55819E5	7.50369E5	7.6036E5	7.54459E5	6.93382E5	6.08835E5	5.2035E5	4.27645E5	5.70928E5	3.65273E5	1.54608E5	9.09632E4	5.42918E4	1.89522E6	3.15484E6	6229.64344	2229.82964	1460.50617
418	1.47979E6	1.32166E6	1.09696E6	8.78858E5	7.71925E5	7.51902E5	7.72826E5	7.61452E5	7.04268E5	6.21343E5	5.34156E5	4.41925E5	4.78845E5	4.6986E5	1.6457E5	1.0134E5	5.57656E4	4.87455E5	5.57625E6	9186.33172	2383.87937	1534.27295
420	1.43067E6	1.32528E6	1.12477E6	8.94541E5	7.7752E5	7.53535E5	7.74289E5	7.64374E5	7.04839E5	6.27141E5	5.45247E5	4.52465E5	4.18362E5	5.8333E5	1.75444E5	1.0661E5	6.02263E4	7.92138E4	6.95577E6	1.81543E4	2944.48273	1499.09466
422	1.49804E6	1.3559E6	1.14312E6	9.11549E5	7.90038E5	7.59291E5	7.73442E5	7.7064E5	7.15701E5	6.40499E5	5.59293E5	4.63729E5	3.9604E5	6.69377E5	1.87618E5	1.13992E5	6.71556E4	4.90292E4	6.29602E6	2.28319E5	3227.81606	1573.82071
424	1.48884E6	1.35537E6	1.15335E6	9.28518E5	7.96411E5	7.70589E5	7.73631E5	7.68615E5	7.17543E5	6.4804E5	5.65962E5	4.76038E5	3.97287E5	7.00453E5	2.05074E5	1.23337E5	7.2682E4	4.64175E4	4.17386E6	1.15883E6	4173.8128	1916.57615
426	1.50498E6	1.35392E6	1.17133E6	9.3757E5	8.0099E5	7.68762E5	7.76959E5	7.71889E5	7.28347E5	6.54037E5	5.78499E5	4.84118E5	4.01542E5	6.56259E5	2.40778E5	1.31243E5	7.91481E4	4.75371E4	1.7622E6	3.24192E6	5627.50812	2248.60085
428	1.50332E6	1.37596E6	1.17495E6	9.4735E5	8.07865E5	7.74012E5	7.68398E5	7.67188E5	7.25227E5	6.59966E5	5.85802E5	4.97719E5	4.10473E5	5.71436E5	2.91851E5	1.38263E5	8.68297E4	4.99521E4	4.25075E5	5.49352E6	8230.70789	2238.26555
430	1.49751E6	1.41042E6	1.19245E6	9.6812E5	8.13887E5	7.69553E5	7.68046E5	7.73411E5	7.23728E5	6.63123E5	5.91096E5	5.07166E5	4.17171E5	4.82631E5	3.65101E5	1.47385E5	9.32293E4	5.30498E4	6.83613E4	6.55381E6	1.74167E4	2653.12935
432	1.52684E6	1.3989E6	1.20883E6	9.76857E5	8.20384E5	7.72864E5	7.72907E5	7.78343E5	7.30521E5	6.70235E5	5.99575E5	5.13731E5	4.27295E5	4.15863E5	4.56198E5	1.55176E5	9.85475E4	5.69998E4	4.54141E4	5.74628E6	2.07956E5	3137.29737
434	1.53225E6	1.40359E6	1.21823E6	9.82026E5	8.28801E5	7.74939E5	7.65967E5	7.71059E5	7.3148E5	6.76523E5	6.08235E5	5.21597E5	4.35759E5	3.87037E5	5.37123E5	1.64897E5	1.05854E5	6.21428E4	4.29422E4	3.64921E6	1.09523E6	3862.07315
436	1.57781E6	1.40903E6	1.22918E6	9.91733E5	8.249E5	7.7387E5	7.67612E5	7.6401E5	7.32743E5	6.83426E5	6.10208E5	5.31922E5	4.43955E5	3.80571E5	5.78909E5	1.76372E5	1.10668E5	6.76712E4	4.35579E4	1.46436E6	2.91577E6	5467.66641
438	1.5219E6	1.42073E6	1.23749E6	1.00171E6	8.47366E5	7.79355E5	7.7065E5	7.63621E5	7.3547E5	6.76971E5	6.16825E5	5.41224E5	4.54457E5	3.79748E5	5.78838E5	1.95318E5	1.18771E5	7.39684E4	4.38163E4	3.67859E5	4.93661E6	7394.00593
440	1.49254E6	1.4325E6	1.22433E6	1.00805E6	8.39959E5	7.63932E5	7.60705E5	7.55661E5	7.2403E5	6.82857E5	6.20857E5	5.42573E5	4.6205E5	3.88306E5	5.31592E5	2.26431E5	1.2535E5	8.00522E4	4.74838E4	5.78314E4	5.9886E6	1.37517E4
442	1.46035E6	1.40964E6	1.25345E6	1.01305E6	8.42799E5	7.67517E5	7.56936E5	7.56834E5	7.23576E5	6.76943E5	6.19595E5	5.45807E5	4.68787E5	3.90792E5	4.63762E5	2.73739E5	1.30545E5	8.35821E4	4.99716E4	4.14483E4	5.34771E6	1.35877E5
444	1.47682E6	1.39213E6	1.24836E6	1.01927E6	8.40584E5	7.68E5	7.47378E5	7.44682E5	7.19334E5	6.79476E5	6.27542E5	5.52005E5	4.71309E5	3.97115E5	3.95951E5	3.36039E5	1.39038E5	8.86175E4	5.39424E4	3.95036E4	3.4101E6	7.45375E5
446	1.49007E6	1.41686E6	1.23809E6	1.03721E6	8.41924E5	7.66758E5	7.45055E5	7.45773E5	7.18075E5	6.79457E5	6.25379E5	5.54115E5	4.79747E5	4.01833E5	3.54425E5	4.06625E5	1.46511E5	9.29217E4	5.94099E4	4.01807E4	1.42671E6	2.32771E6
448	1.42517E6	1.4068E6	1.24785E6	1.02809E6	8.42736E5	7.63669E5	7.48389E5	7.36984E5	7.16767E5	6.78514E5	6.30298E5	5.55142E5	4.85142E5	4.09658E5	3.31328E5	4.62139E5	1.52884E5	1.0049E5	6.42133E4	4.24169E4	3.57203E5	4.29254E6
450	1.45017E6	1.40749E6	1.23719E6	1.03892E6	8.51306E5	7.67111E5	7.3855E5	7.2884E5	7.10842E5	6.7928E5	6.32338E5	5.59955E5	4.89308E5	4.15613E5	3.26974E5	4.89079E5	1.65052E5	1.04765E5	7.00151E4	4.33402E4	5.68404E4	5.50716E6
452	1.46788E6	1.39705E6	1.26621E6	1.04746E6	8.50917E5	7.60674E5	7.34196E5	7.22953E5	7.08108E5	6.73788E5	6.32355E5	5.60339E5	4.92558E5	4.24438E5	3.29747E5	4.79736E5	1.87043E5	1.11725E5	7.40065E4	4.60505E4	3.79353E4	5.0272E6
454	1.44343E6	1.4107E6	1.24597E6	1.03244E6	8.5317E5	7.59526E5	7.25425E5	7.19131E5	6.97443E5	6.65516E5	6.27976E5	5.64289E5	4.93666E5	4.27799E5	3.32182E5	4.34287E5	2.18471E5	1.16417E5	7.76582E4	5.00341E4	3.6258E4	3.26577E6
456	1.45132E6	1.39411E6	1.24958E6	1.04045E6	8.52327E5	7.59491E5	7.18356E5	7.09038E5	6.89916E5	6.61888E5	6.2301E5	5.62702E5	4.96943E5	4.30944E5	3.34504E5	3.75763E5	2.64374E5	1.2127E5	8.09454E4	5.23422E4	3.68438E4	1.31826E6
458	1.41593E6	1.37053E6	1.25318E6	1.03805E6	8.50017E5	7.50894E5	7.14556E5	7.0386E5	6.84296E5	6.54069E5	6.2148E5	5.62139E5	5.00486E5	4.33947E5	3.37545E5	3.21981E5	3.23307E5	1.26075E5	8.68494E4	5.61288E4	3.69051E4	3.12596E5
460	1.43657E6	1.3748E6	1.22459E6	1.03542E6	8.41125E5	7.45163E5	7.05086E5	6.93132E5	6.82524E5	6.50341E5	6.14805E5	5.5845E5	5.01119E5	4.33559E5	3.41413E5	2.89929E5	3.73837E5	1.33344E5	9.05722E4	6.11205E4	3.75963E4	5.24793E4
462	1.39225E6	1.34834E6	1.23302E6	1.03207E6	8.49967E5	7.33485E5	6.96307E5	6.83162E5	6.73789E5	6.45615E5	6.09742E5	5.52282E5	5.00059E5	4.40595E5	3.44857E5	2.75402E5	4.09351E5	1.40963E5	9.57561E4	6.50147E4	4.08974E4	3.3868E4
464	1.41089E6	1.33986E6	1.22358E6	1.02707E6	8.45772E5	7.36746E5	6.93507E5	6.75521E5	6.62529E5	6.33388E5	6.07382E5	5.5174E5	4.98634E5	4.41298E5	3.48277E5	2.72839E5	4.14608E5	1.53439E5	9.98854E4	6.82136E4	4.2827E4	3.35039E4
466	1.40983E6	1.33312E6	1.2319E6	1.03063E6	8.35801E5	7.30454E5	6.81393E5	6.67514E5	6.47909E5	6.30886E5	5.97603E5	5.5286E5	4.96067E5	4.41497E5	3.50804E5	2.71762E5	3.91259E5	1.70406E5	1.02867E5	7.29325E4	4.59331E4	3.27788E4
468	1.51379E6	1.30243E6	1.22243E6	1.02699E6	8.42823E5	7.25146E5	6.72674E5	6.59087E5	6.43482E5	6.21071E5	5.95188E5	5.5021E5	4.97312E5	4.40864E5	3.51909E5	2.72574E5	3.48093E5	2.00463E5	1.05393E5	7.6056E4	4.86375E4	3.37134E4
470	1.86044E6	1.29463E6	1.20336E6	1.03189E6	8.30489E5	7.18453E5	6.64545E5	6.47553E5	6.36053E5	6.13151E5	5.89644E5	5.4076E5	4.91375E5	4.43357E5	3.56853E5	2.742E5	3.00757E5	2.40512E5	1.09553E5	7.95572E4	5.17304E4	3.49544E4
472	2.81056E6	1.30532E6	1.18022E6	1.02105E6	8.32954E5	7.22348E5	6.63243E5	6.49457E5	6.18898E5	6.09013E5	5.82382E5	5.38743E5	4.95094E5	4.38217E5	3.56108E5	2.77815E5	2.60995E5	2.82004E5	1.13419E5	8.33979E4	5.62049E4	3.61934E4
474	4.39461E6	1.25987E6	1.19135E6	1.02636E6	8.3311E5	7.08402E5	6.54436E5	6.26718E5	6.17398E5	6.00816E5	5.80295E5	5.38388E5	4.8895E5	4.40581E5	3.5803E5	2.8027E5	2.39643E5	3.25998E5	1.21156E5	8.6512E4	5.9278E4	3.80951E4
476	6.61602E6	1.2584E6	1.17662E6	1.01293E6	8.15694E5	6.99308E5	6.46905E5	6.24635E5	6.09684E5	5.91067E5	5.68399E5	5.30584E5	4.86964E5	4.39169E5	3.59448E5	2.83447E5	2.30343E5	3.50351E5	1.27181E5	8.8128E4	6.34086E4	3.9659E4
478	9.33428E6	1.26584E6	1.15701E6	1.00135E6	8.14564E5	7.00022E5	6.38665E5	6.11225E5	5.95118E5	5.82149E5	5.59734E5	5.23039E5	4.79582E5	4.35632E5	3.57059E5	2.79317E5	2.25353E5	3.50371E5	1.36951E5	9.1224E4	6.49615E4	4.38145E4
480	1.1996E7	1.22898E6	1.14137E6	9.73775E5	8.06221E5	6.90624E5	6.27597E5	5.98964E5	5.88099E5	5.69562E5	5.50513E5	5.14961E5	4.77351E5	4.32998E5	3.5894E5	2.80609E5	2.27485E5	3.2502E5	1.54773E5	9.61786E4	6.7424E4	4.5641E4
482	1.32205E7	1.25326E6	1.12374E6	9.72207E5	7.97397E5	6.76426E5	6.15899E5	5.96427E5	5.70248E5	5.58879E5	5.37228E5	5.06131E5	4.70267E5	4.27182E5	3.52393E5	2.82724E5	2.28044E5	2.84619E5	1.83894E5	9.8042E4	7.02183E4	4.89812E4
484	1.29352E7	1.20791E6	1.10903E6	9.41762E5	7.84698E5	6.63625E5	6.09996E5	5.83675E5	5.60517E5	5.50582E5	5.29966E5	4.97193E5	4.63858E5	4.26058E5	3.53327E5	2.82687E5	2.27406E5	2.43669E5	2.18019E5	1.01188E5	7.22909E4	5.13829E4
486	1.08688E7	1.20406E6	1.10685E6	9.53708E5	7.88569E5	6.69109E5	5.96417E5	5.69708E5	5.54471E5	5.41956E5	5.21857E5	4.9246E5	4.5877E5	4.21691E5	3.50965E5	2.82512E5	2.25711E5	2.15933E5	2.5315E5	1.04242E5	7.62597E4	5.3591E4
488	8.05665E6	1.38555E6	1.07773E6	9.34689E5	7.67802E5	6.57514E5	5.90438E5	5.5894E5	5.48416E5	5.28531E5	5.08345E5	4.85181E5	4.5221E5	4.1678E5	3.48493E5	2.83056E5	2.27803E5	1.95664E5	2.85227E5	1.06712E5	7.74218E4	5.5843E4
490	5.18375E6	1.94093E6	1.05722E6	9.29408E5	7.69772E5	6.40393E5	5.80654E5	5.54778E5	5.33954E5	5.23031E5	5.05329E5	4.7938E5	4.47935E5	4.13055E5	3.4446E5	2.82063E5	2.26297E5	1.88123E5	2.98712E5	1.15842E5	7.80986E4	5.82159E4
492	2.9326E6	3.19747E6	1.05313E6	9.21074E5	7.57933E5	6.36823E5	5.72076E5	5.42618E5	5.24419E5	5.11608E5	4.94157E5	4.6933E5	4.41299E5	4.1202E5	3.45259E5	2.77616E5	2.27317E5	1.85529E5	2.92659E5	1.25548E5	8.04434E4	5.86091E4
494	1.71842E6	5.35143E6	1.02413E6	8.92334E5	7.50492E5	6.34399E5	5.61591E5	5.32334E5	5.13733E5	5.00343E5	4.8727E5	4.61392E5	4.32501E5	4.04856E5	3.40578E5	2.7706E5	2.26661E5	1.8538E5	2.70342E5	1.43364E5	8.32107E4	6.06521E4
496	1.26654E6	8.20007E6	1.03837E6	8.9394E5	7.39807E5	6.1835E5	5.57792E5	5.21926E5	4.99941E5	4.92064E5	4.78883E5	4.53372E5	4.26755E5	3.97051E5	3.36438E5	2.77163E5	2.25363E5	1.85382E5	2.35659E5	1.65099E5	8.50279E4	6.33239E4
498	1.17912E6	1.13019E7	1.00407E6	8.89431E5	7.28977E5	6.13111E5	5.45993E5	5.10598E5	4.91844E5	4.83559E5	4.69509E5	4.4655E5	4.21284E5	3.94295E5	3.31693E5	2.74132E5	2.25285E5	1.84254E5	2.03994E5	1.9381E5	8.57829E4	6.5667E4
500	1.14521E6	1.37851E7	9.9323E5	8.78338E5	7.19041E5	6.07817E5	5.35278E5	5.05759E5	4.8312E5	4.72921E5	4.60743E5	4.38572E5	4.15745E5	3.89767E5	3.25851E5	2.73978E5	2.2346E5	1.81814E5	1.78253E5	2.20497E5	8.91958E4	6.66555E4
502	1.11413E6	1.49371E7	9.76912E5	8.66943E5	7.12086E5	5.93148E5	5.24147E5	4.97806E5	4.75384E5	4.63107E5	4.50009E5	4.33217E5	4.0819E5	3.82334E5	3.27183E5	2.6958E5	2.25026E5	1.81898E5	1.61622E5	2.42724E5	9.25387E4	6.83132E4
504	1.11947E6	1.41514E7	9.67921E5	8.50489E5	7.025E5	5.8676E5	5.18213E5	4.88095E5	4.65804E5	4.5689E5	4.40304E5	4.24867E5	3.99557E5	3.77252E5	3.21031E5	2.64804E5	2.22694E5	1.83409E5	1.54997E5	2.51492E5	9.81246E4	6.89851E4
506	1.0585E6	1.17636E7	9.95656E5	8.36292E5	6.84767E5	5.77521E5	5.08878E5	4.7701E5	4.52621E5	4.4342E5	4.37531E5	4.15346E5	3.93381E5	3.68561E5	3.17918E5	2.62278E5	2.20876E5	1.80836E5	1.51392E5	2.44351E5	1.06206E5	6.92377E4
508	1.07379E6	8.75449E6	1.1671E6	8.29265E5	6.82891E5	5.68603E5	5.0091E5	4.67707E5	4.49973E5	4.30802E5	4.23294E5	4.07988E5	3.87181E5	3.6221E5	3.15021E5	2.59483E5	2.1703E5	1.8037E5	1.51925E5	2.24036E5	1.22015E5	7.06041E4
510	1.14525E6	5.41723E6	1.91283E6	8.04485E5	6.72369E5	5.65066E5	4.97278E5	4.55733E5	4.35944E5	4.22493E5	4.17149E5	3.9863E5	3.78893E5	3.58914E5	3.07137E5	2.58137E5	2.17102E5	1.78503E5	1.49776E5	1.93247E5	1.4298E5	7.29878E4
512	1.21868E6	2.80128E6	3.62502E6	7.77548E5	6.52922E5	5.53394E5	4.82316E5	4.51645E5	4.2496E5	4.13793E5	4.0428E5	3.90719E5	3.73326E5	3.49612E5	3.04127E5	2.53535E5	2.13886E5	1.7564E5	1.47967E5	1.64936E5	1.65283E5	7.24243E4
514	1.39874E6	1.48504E6	6.1087E6	7.6877E5	6.45584E5	5.35545E5	4.75032E5	4.4017E5	4.21282E5	4.02739E5	3.98707E5	3.77611E5	3.63056E5	3.43123E5	3.00301E5	2.49794E5	2.11149E5	1.775E5	1.47972E5	1.44748E5	1.86014E5	7.39614E4
516	1.67833E6	1.05371E6	9.21591E6	7.62766E5	6.35877E5	5.3168E5	4.63984E5	4.24415E5	4.07739E5	3.95501E5	3.88572E5	3.72659E5	3.55462E5	3.36115E5	2.94325E5	2.47749E5	2.07278E5	1.74407E5	1.48156E5	1.30802E5	2.01975E5	7.73818E4
518	1.96582E6	9.76495E5	1.2543E7	7.49919E5	6.21567E5	5.2321E5	4.58204E5	4.19806E5	4.00433E5	3.90325E5	3.81038E5	3.61636E5	3.51757E5	3.30024E5	2.87528E5	2.41658E5	2.06011E5	1.72532E5	1.45611E5	1.24909E5	2.0795E5	8.24936E4
520	2.35949E6	9.58291E5	1.51126E7	7.42951E5	6.17064E5	5.06402E5	4.43541E5	4.10477E5	3.91288E5	3.82854E5	3.70371E5	3.54619E5	3.41045E5	3.25117E5	2.82697E5	2.38011E5	2.04881E5	1.72131E5	1.42931E5	1.2278E5	2.01132E5	9.06091E4
522	2.6717E6	9.22525E5	1.58975E7	7.25459E5	6.02913E5	5.07994E5	4.40963E5	3.99088E5	3.80504E5	3.71614E5	3.5849E5	3.49912E5	3.35874E5	3.20126E5	2.75877E5	2.35522E5	2.01681E5	1.7021E5	1.43116E5	1.22869E5	1.81694E5	1.01944E5
524	2.93909E6	9.01942E5	1.45852E7	7.22599E5	5.92369E5	4.97273E5	4.27278E5	3.95395E5	3.687E5	3.66042E5	3.55274E5	3.3667E5	3.25295E5	3.15263E5	2.72701E5	2.29707E5	1.97227E5	1.70156E5	1.40847E5	1.20847E5	1.58752E5	1.1729E5
526	2.89404E6	8.86605E5	1.18901E7	7.36379E5	5.85388E5	4.85309E5	4.23318E5	3.84109E5	3.68139E5	3.51018E5	3.44084E5	3.32525E5	3.21142E5	3.07075E5	2.67871E5	2.28187E5	1.94546E5	1.67962E5	1.39186E5	1.18769E5	1.3614E5	1.3555E5
528	2.8437E6	8.51641E5	8.4913E6	9.73135E5	5.74456E5	4.81413E5	4.09603E5	3.77581E5	3.61358E5	3.4962E5	3.40568E5	3.21569E5	3.10086E5	3.00009E5	2.61013E5	2.21803E5	1.92751E5	1.6329E5	1.39092E5	1.15999E5	1.17611E5	1.54092E5
530	2.47612E6	8.3552E5	5.02173E6	1.8378E6	5.63457E5	4.66863E5	4.05647E5	3.73946E5	3.45423E5	3.36046E5	3.2755E5	3.16667E5	3.03973E5	2.92668E5	2.53375E5	2.19187E5	1.88798E5	1.5987E5	1.34918E5	1.15924E5	1.04154E5	1.67447E5
532	2.03489E6	8.79149E5	2.51247E6	3.74599E6	5.47883E5	4.5596E5	3.94203E5	3.59693E5	3.39008E5	3.27358E5	3.19091E5	3.10201E5	2.98344E5	2.81674E5	2.47085E5	2.14437E5	1.86066E5	1.57727E5	1.35313E5	1.14185E5	9.91327E4	1.72851E5
534	1.58258E6	9.33494E5	1.21604E6	6.66957E6	5.37225E5	4.46413E5	3.87354E5	3.56363E5	3.32453E5	3.21675E5	3.08676E5	3.0072E5	2.90292E5	2.78795E5	2.45711E5	2.10308E5	1.81258E5	1.53386E5	1.31665E5	1.1291E5	9.67296E4	1.6402E5
536	1.20673E6	1.08022E6	8.41554E5	1.02157E7	5.37297E5	4.34683E5	3.76361E5	3.42793E5	3.23304E5	3.15266E5	3.07735E5	2.89583E5	2.7928E5	2.71189E5	2.34387E5	2.06021E5	1.76205E5	1.54317E5	1.31409E5	1.10902E5	9.42165E4	1.49198E5
538	9.4871E5	1.38428E6	7.78879E5	1.37265E7	5.27443E5	4.25072E5	3.72723E5	3.41432E5	3.1646E5	3.02043E5	2.96791E5	2.86154E5	2.75179E5	2.62384E5	2.29551E5	2.00498E5	1.74951E5	1.49134E5	1.2906E5	1.12441E5	9.32891E4	1.29372E5
540	8.19945E5	1.70446E6	7.46904E5	1.62195E7	5.05134E5	4.20545E5	3.57839E5	3.27124E5	3.09833E5	2.94726E5	2.86789E5	2.74581E5	2.71194E5	2.5782E5	2.25541E5	1.96803E5	1.71382E5	1.48329E5	1.24176E5	1.08328E5	9.24171E4	1.08343E5
542	7.22152E5	2.12643E6	7.12593E5	1.66945E7	5.06799E5	4.08961E5	3.55105E5	3.20054E5	2.954E5	2.8775E5	2.80575E5	2.71524E5	2.61228E5	2.52826E5	2.20024E5	1.91737E5	1.68775E5	1.43771E5	1.2413E5	1.08577E5	8.94498E4	9.26781E4
544	7.04199E5	2.47287E6	6.79975E5	1.49755E7	4.9973E5	3.99511E5	3.44613E5	3.12234E5	2.90016E5	2.82218E5	2.69673E5	2.62152E5	2.53132E5	2.44444E5	2.16959E5	1.83062E5	1.63517E5	1.41677E5	1.22235E5	1.05142E5	8.84322E4	8.28894E4
546	6.95994E5	2.79839E6	6.75909E5	1.19134E7	5.30427E5	3.95946E5	3.3362E5	3.03793E5	2.83209E5	2.73395E5	2.62791E5	2.56026E5	2.44648E5	2.38873E5	2.12147E5	1.8004E5	1.59386E5	1.39328E5	1.19944E5	1.04703E5	8.62364E4	7.77379E4
548	6.63973E5	2.95827E6	6.60789E5	8.20956E6	8.26601E5	3.83754E5	3.29346E5	2.98314E5	2.76765E5	2.6392E5	2.58115E5	2.46079E5	2.41098E5	2.31586E5	2.04865E5	1.80791E5	1.57633E5	1.36179E5	1.17139E5	1.01186E5	8.49279E4	7.55634E4
550	6.30696E5	2.86967E6	6.38877E5	4.80251E6	1.83524E6	3.79128E5	3.1969E5	2.8985E5	2.69732E5	2.60379E5	2.50321E5	2.41165E5	2.35297E5	2.28775E5	1.99172E5	1.7203E5	1.53851E5	1.31356E5	1.15052E5	9.97343E4	8.4381E4	7.30278E4
552	5.99578E5	2.65416E6	6.10202E5	2.26413E6	3.88664E6	3.6961E5	3.09076E5	2.81197E5	2.60151E5	2.50229E5	2.45415E5	2.36418E5	2.26936E5	2.21372E5	1.91384E5	1.69674E5	1.50039E5	1.30312E5	1.14503E5	9.78241E4	8.32136E4	6.9975E4
554	6.04982E5	2.26119E6	6.31287E5	9.98769E5	6.95026E6	3.66036E5	3.07506E5	2.75328E5	2.58669E5	2.48664E5	2.39213E5	2.27151E5	2.21858E5	2.15488E5	1.90131E5	1.6634E5	1.45531E5	1.28035E5	1.11418E5	9.67027E4	8.08635E4	6.90823E4
556	5.61794E5	1.79888E6	6.78256E5	6.39619E5	1.05781E7	3.5334E5	2.99209E5	2.68977E5	2.47882E5	2.37175E5	2.29715E5	2.21161E5	2.131E5	2.10526E5	1.83169E5	1.60585E5	1.44216E5	1.24882E5	1.09149E5	9.40355E4	8.17252E4	6.89734E4
558	5.49058E5	1.37347E6	7.72875E5	5.88702E5	1.42168E7	3.51783E5	2.93448E5	2.61599E5	2.42721E5	2.3166E5	2.24673E5	2.16385E5	2.11758E5	2.01293E5	1.80085E5	1.58E5	1.39553E5	1.23487E5	1.0566E5	9.37528E4	7.88038E4	6.68964E4
560	5.72172E5	9.79055E5	9.5547E5	5.66055E5	1.66311E7	3.41456E5	2.83231E5	2.55793E5	2.34377E5	2.25457E5	2.19397E5	2.12273E5	2.01029E5	1.97738E5	1.7393E5	1.53904E5	1.3674E5	1.20116E5	1.03483E5	9.06521E4	7.77169E4	6.62707E4
562	5.54801E5	7.45735E5	1.23413E6	5.45719E5	1.70391E7	3.41506E5	2.76239E5	2.47453E5	2.31534E5	2.21575E5	2.1103E5	2.04063E5	1.94591E5	1.89862E5	1.70384E5	1.51857E5	1.33446E5	1.13121E5	1.00845E5	8.91509E4	7.71606E4	6.25642E4
564	5.52277E5	6.15482E5	1.63205E6	5.20744E5	1.52124E7	3.3796E5	2.75642E5	2.41502E5	2.26774E5	2.09616E5	2.05688E5	1.97321E5	1.92531E5	1.87117E5	1.66522E5	1.4469E5	1.27665E5	1.12199E5	9.91031E4	8.78097E4	7.55402E4	6.39682E4
566	5.19473E5	5.46389E5	1.99976E6	4.99046E5	1.19426E7	3.72992E5	2.72206E5	2.35592E5	2.23815E5	2.06061E5	2.01194E5	1.93972E5	1.87564E5	1.83088E5	1.62873E5	1.41235E5	1.25384E5	1.1109E5	9.78236E4	8.34919E4	7.2567E4	6.00954E4
568	5.00287E5	4.97173E5	2.39573E6	4.85292E5	8.05477E6	6.9484E5	2.63206E5	2.26615E5	2.15794E5	2.02328E5	1.9275E5	1.85236E5	1.81045E5	1.73552E5	1.56521E5	1.36507E5	1.21328E5	1.09055E5	9.40301E4	8.19794E4	7.11114E4	6.05201E4
570	5.20929E5	5.05392E5	2.6498E6	4.81537E5	4.47519E6	1.80122E6	2.52711E5	2.21915E5	2.06235E5	1.95921E5	1.89042E5	1.85304E5	1.75859E5	1.70674E5	1.5301E5	1.32264E5	1.18396E5	1.05455E5	9.27333E4	8.21325E4	6.88154E4	5.97377E4
572	4.79907E5	4.77389E5	2.71363E6	4.74981E5	2.01238E6	3.97428E6	2.52476E5	2.18773E5	2.01054E5	1.95453E5	1.82246E5	1.74293E5	1.70517E5	1.65894E5	1.45909E5	1.28923E5	1.15104E5	9.93373E4	9.12216E4	7.81867E4	6.80288E4	5.64611E4
574	4.8994E5	4.8058E5	2.57557E6	4.48862E5	8.12062E5	7.18009E6	2.42767E5	2.12746E5	1.94853E5	1.81845E5	1.79283E5	1.69305E5	1.64854E5	1.58391E5	1.45131E5	1.26512E5	1.12012E5	9.84043E4	8.63015E4	7.67598E4	6.65771E4	5.57911E4
576	4.52718E5	4.50766E5	2.30932E6	4.6589E5	4.90701E5	1.0783E7	2.39396E5	2.07441E5	1.90378E5	1.80686E5	1.72679E5	1.64536E5	1.58743E5	1.55973E5	1.37682E5	1.19658E5	1.09921E5	9.61131E4	8.49997E4	7.3851E4	6.44256E4	5.42328E4
578	4.53541E5	4.48813E5	1.95245E6	4.58969E5	4.40196E5	1.43037E7	2.34158E5	1.95821E5	1.82474E5	1.7585E5	1.67307E5	1.60609E5	1.55958E5	1.51555E5	1.35463E5	1.195E5	1.06027E5	9.35026E4	8.25591E4	7.17678E4	6.3651E4	5.32495E4
580	4.57382E5	4.37862E5	1.54598E6	5.18203E5	4.27996E5	1.67096E7	2.29133E5	1.97217E5	1.80566E5	1.67826E5	1.62792E5	1.55726E5	1.51556E5	1.45468E5	1.29223E5	1.13291E5	1.03096E5	8.93901E4	8.26148E4	7.13594E4	6.03999E4	5.17732E4
582	4.73739E5	4.19006E5	1.13561E6	6.38589E5	4.08676E5	1.68233E7	2.28216E5	1.87465E5	1.76694E5	1.63057E5	1.56444E5	1.50696E5	1.44461E5	1.42966E5	1.25852E5	1.11536E5	9.96316E4	9.00535E4	7.83308E4	6.77255E4	5.95026E4	5.08711E4
584	4.41451E5	4.06452E5	8.2303E5	8.41546E5	3.98331E5	1.489E7	2.30992E5	1.87256E5	1.70652E5	1.58958E5	1.53506E5	1.44209E5	1.40947E5	1.38418E5	1.22169E5	1.06341E5	9.66303E4	8.66431E4	7.53463E4	6.59868E4	5.74412E4	5.05738E4
586	4.46303E5	3.84215E5	6.07871E5	1.10681E6	3.95846E5	1.16448E7	2.62334E5	1.82553E5	1.66911E5	1.57065E5	1.45766E5	1.4324E5	1.3733E5	1.33479E5	1.19702E5	1.06422E5	9.32309E4	8.33878E4	7.5539E4	6.4525E4	5.74291E4	4.86318E4
588	4.0338E5	3.9413E5	4.78561E5	1.44996E6	3.95801E5	7.6369E6	5.79038E5	1.77909E5	1.57606E5	1.49721E5	1.43334E5	1.36804E5	1.32444E5	1.27805E5	1.15291E5	1.01459E5	9.164E4	8.07365E4	7.20869E4	6.34869E4	5.44816E4	4.75015E4
590	3.93416E5	3.68159E5	4.1846E5	1.80636E6	3.89857E5	4.03359E6	1.73086E6	1.6634E5	1.53308E5	1.46198E5	1.37966E5	1.32382E5	1.30089E5	1.25926E5	1.1168E5	9.76621E4	8.7322E4	7.88509E4	6.97449E4	6.00949E4	5.25119E4	4.64482E4
592	3.83566E5	3.85133E5	4.04937E5	2.14472E6	3.91256E5	1.64963E6	4.09053E6	1.70246E5	1.45387E5	1.38418E5	1.34464E5	1.29592E5	1.24328E5	1.21638E5	1.0758E5	9.38736E4	8.49442E4	7.51339E4	6.68725E4	6.12358E4	5.05676E4	4.46828E4
594	4.32362E5	3.59553E5	3.93007E5	2.3218E6	3.77887E5	6.15292E5	7.40684E6	1.6759E5	1.43292E5	1.39744E5	1.30354E5	1.2443E5	1.21548E5	1.18014E5	1.02923E5	9.17883E4	8.20967E4	7.44352E4	6.72664E4	5.72887E4	5.07813E4	4.34294E4
596	3.87824E5	3.82882E5	3.79643E5	2.40318E6	3.83775E5	3.64242E5	1.11231E7	1.6651E5	1.44722E5	1.31705E5	1.26945E5	1.1786E5	1.18461E5	1.13475E5	1.00778E5	9.00844E4	7.88425E4	7.1089E4	6.30425E4	5.68185E4	4.9482E4	4.35701E4
598	4.17078E5	3.7806E5	3.87453E5	2.30312E6	3.80707E5	3.36855E5	1.44667E7	1.5973E5	1.37783E5	1.29215E5	1.20345E5	1.15717E5	1.1346E5	1.11013E5	9.8854E4	8.65898E4	7.72118E4	7.03443E4	6.23424E4	5.60239E4	4.67457E4	4.20996E4
600	4.13302E5	3.68348E5	3.83424E5	2.05205E6	3.90672E5	3.27476E5	1.64574E7	1.5874E5	1.37635E5	1.25535E5	1.18572E5	1.13218E5	1.1115E5	1.07717E5	9.47098E4	8.31807E4	7.60887E4	6.66302E4	6.13349E4	5.31595E4	4.75943E4	3.94113E4
