[HEADER]
Format,J&M ASCII Table
Comment,NC1-B2
Date,7/31/2013 11:44:42 AM
Order,Y (evenX)
TechType,UV
NumPoints,524
FirstX,200.00
LastX,723.00
XType,NMetr
YType,Absrb
[DATA]
200.000,0.754
201.000,0.753
202.000,0.745
203.000,0.732
204.000,0.717
205.000,0.702
206.000,0.687
207.000,0.672
208.000,0.655
209.000,0.633
210.000,0.603
211.000,0.564
212.000,0.518
213.000,0.468
214.000,0.416
215.000,0.366
216.000,0.319
217.000,0.276
218.000,0.238
219.000,0.204
220.000,0.175
221.000,0.149
222.000,0.127
223.000,0.108
224.000,0.093
225.000,0.080
226.000,0.069
227.000,0.060
228.000,0.052
229.000,0.046
230.000,0.041
231.000,0.037
232.000,0.033
233.000,0.030
234.000,0.028
235.000,0.026
236.000,0.024
237.000,0.023
238.000,0.022
239.000,0.021
240.000,0.020
241.000,0.019
242.000,0.019
243.000,0.018
244.000,0.018
245.000,0.017
246.000,0.017
247.000,0.017
248.000,0.016
249.000,0.016
250.000,0.016
251.000,0.016
252.000,0.015
253.000,0.015
254.000,0.015
255.000,0.015
256.000,0.015
257.000,0.015
258.000,0.015
259.000,0.015
260.000,0.014
261.000,0.014
262.000,0.014
263.000,0.014
264.000,0.014
265.000,0.014
266.000,0.014
267.000,0.014
268.000,0.014
269.000,0.014
270.000,0.014
271.000,0.013
272.000,0.013
273.000,0.013
274.000,0.013
275.000,0.013
276.000,0.013
277.000,0.013
278.000,0.013
279.000,0.012
280.000,0.012
281.000,0.012
282.000,0.012
283.000,0.012
284.000,0.012
285.000,0.012
286.000,0.012
287.000,0.011
288.000,0.011
289.000,0.011
290.000,0.011
291.000,0.011
292.000,0.011
293.000,0.011
294.000,0.011
295.000,0.010
296.000,0.010
297.000,0.010
298.000,0.010
299.000,0.010
300.000,0.010
301.000,0.010
302.000,0.010
303.000,0.010
304.000,0.010
305.000,0.010
306.000,0.010
307.000,0.010
308.000,0.009
309.000,0.009
310.000,0.009
311.000,0.009
312.000,0.009
313.000,0.009
314.000,0.009
315.000,0.009
316.000,0.009
317.000,0.009
318.000,0.009
319.000,0.009
320.000,0.008
321.000,0.008
322.000,0.008
323.000,0.008
324.000,0.008
325.000,0.008
326.000,0.008
327.000,0.008
328.000,0.008
329.000,0.008
330.000,0.008
331.000,0.008
332.000,0.008
333.000,0.008
334.000,0.007
335.000,0.007
336.000,0.007
337.000,0.007
338.000,0.007
339.000,0.007
340.000,0.007
341.000,0.007
342.000,0.007
343.000,0.007
344.000,0.007
345.000,0.007
346.000,0.007
347.000,0.007
348.000,0.007
349.000,0.007
350.000,0.007
351.000,0.007
352.000,0.007
353.000,0.007
354.000,0.006
355.000,0.006
356.000,0.006
357.000,0.006
358.000,0.006
359.000,0.006
360.000,0.006
361.000,0.006
362.000,0.006
363.000,0.006
364.000,0.006
365.000,0.006
366.000,0.006
367.000,0.006
368.000,0.006
369.000,0.006
370.000,0.006
371.000,0.006
372.000,0.006
373.000,0.006
374.000,0.006
375.000,0.006
376.000,0.006
377.000,0.006
378.000,0.006
379.000,0.006
380.000,0.006
381.000,0.006
382.000,0.006
383.000,0.006
384.000,0.006
385.000,0.006
386.000,0.006
387.000,0.006
388.000,0.006
389.000,0.006
390.000,0.006
391.000,0.006
392.000,0.006
393.000,0.006
394.000,0.006
395.000,0.006
396.000,0.006
397.000,0.006
398.000,0.006
399.000,0.006
400.000,0.006
401.000,0.006
402.000,0.005
403.000,0.005
404.000,0.005
405.000,0.005
406.000,0.005
407.000,0.005
408.000,0.005
409.000,0.005
410.000,0.005
411.000,0.005
412.000,0.005
413.000,0.005
414.000,0.004
415.000,0.004
416.000,0.004
417.000,0.004
418.000,0.004
419.000,0.004
420.000,0.004
421.000,0.004
422.000,0.004
423.000,0.004
424.000,0.004
425.000,0.004
426.000,0.004
427.000,0.004
428.000,0.004
429.000,0.004
430.000,0.004
431.000,0.004
432.000,0.004
433.000,0.004
434.000,0.004
435.000,0.004
436.000,0.004
437.000,0.004
438.000,0.004
439.000,0.004
440.000,0.004
441.000,0.004
442.000,0.004
443.000,0.004
444.000,0.004
445.000,0.004
446.000,0.004
447.000,0.003
448.000,0.003
449.000,0.003
450.000,0.003
451.000,0.003
452.000,0.003
453.000,0.003
454.000,0.003
455.000,0.003
456.000,0.003
457.000,0.003
458.000,0.003
459.000,0.003
460.000,0.003
461.000,0.003
462.000,0.003
463.000,0.003
464.000,0.003
465.000,0.003
466.000,0.003
467.000,0.003
468.000,0.003
469.000,0.003
470.000,0.003
471.000,0.003
472.000,0.003
473.000,0.003
474.000,0.003
475.000,0.003
476.000,0.003
477.000,0.003
478.000,0.003
479.000,0.003
480.000,0.003
481.000,0.003
482.000,0.003
483.000,0.003
484.000,0.003
485.000,0.003
486.000,0.003
487.000,0.003
488.000,0.003
489.000,0.003
490.000,0.003
491.000,0.003
492.000,0.003
493.000,0.003
494.000,0.003
495.000,0.003
496.000,0.003
497.000,0.003
498.000,0.003
499.000,0.003
500.000,0.002
501.000,0.002
502.000,0.002
503.000,0.002
504.000,0.002
505.000,0.002
506.000,0.002
507.000,0.002
508.000,0.002
509.000,0.002
510.000,0.002
511.000,0.002
512.000,0.002
513.000,0.002
514.000,0.002
515.000,0.002
516.000,0.002
517.000,0.002
518.000,0.002
519.000,0.002
520.000,0.002
521.000,0.002
522.000,0.002
523.000,0.002
524.000,0.002
525.000,0.002
526.000,0.002
527.000,0.002
528.000,0.002
529.000,0.002
530.000,0.002
531.000,0.002
532.000,0.002
533.000,0.002
534.000,0.002
535.000,0.002
536.000,0.002
537.000,0.002
538.000,0.002
539.000,0.002
540.000,0.002
541.000,0.002
542.000,0.002
543.000,0.002
544.000,0.002
545.000,0.002
546.000,0.002
547.000,0.002
548.000,0.002
549.000,0.002
550.000,0.002
551.000,0.002
552.000,0.002
553.000,0.002
554.000,0.002
555.000,0.002
556.000,0.002
557.000,0.002
558.000,0.002
559.000,0.002
560.000,0.002
561.000,0.002
562.000,0.002
563.000,0.002
564.000,0.002
565.000,0.002
566.000,0.002
567.000,0.002
568.000,0.002
569.000,0.002
570.000,0.002
571.000,0.002
572.000,0.002
573.000,0.002
574.000,0.002
575.000,0.002
576.000,0.002
577.000,0.002
578.000,0.002
579.000,0.002
580.000,0.002
581.000,0.002
582.000,0.002
583.000,0.002
584.000,0.002
585.000,0.002
586.000,0.002
587.000,0.002
588.000,0.002
589.000,0.002
590.000,0.002
591.000,0.002
592.000,0.001
593.000,0.001
594.000,0.001
595.000,0.001
596.000,0.001
597.000,0.001
598.000,0.001
599.000,0.001
600.000,0.001
601.000,0.001
602.000,0.001
603.000,0.001
604.000,0.001
605.000,0.001
606.000,0.001
607.000,0.001
608.000,0.001
609.000,0.001
610.000,0.001
611.000,0.001
612.000,0.001
613.000,0.001
614.000,0.001
615.000,0.001
616.000,0.001
617.000,0.001
618.000,0.001
619.000,0.001
620.000,0.001
621.000,0.001
622.000,0.001
623.000,0.001
624.000,0.001
625.000,0.001
626.000,0.001
627.000,0.001
628.000,0.001
629.000,0.001
630.000,0.001
631.000,0.001
632.000,0.001
633.000,0.001
634.000,0.001
635.000,0.001
636.000,0.001
637.000,0.001
638.000,0.001
639.000,0.001
640.000,0.001
641.000,0.001
642.000,0.001
643.000,0.001
644.000,0.001
645.000,0.001
646.000,0.001
647.000,0.001
648.000,0.001
649.000,0.001
650.000,0.001
651.000,0.001
652.000,0.001
653.000,0.001
654.000,0.001
655.000,0.001
656.000,0.001
657.000,0.001
658.000,0.001
659.000,0.001
660.000,0.001
661.000,0.001
662.000,0.001
663.000,0.001
664.000,0.001
665.000,0.001
666.000,0.001
667.000,0.001
668.000,0.001
669.000,0.001
670.000,0.001
671.000,0.001
672.000,0.001
673.000,0.001
674.000,0.001
675.000,0.001
676.000,0.001
677.000,0.001
678.000,0.001
679.000,0.001
680.000,0.001
681.000,0.001
682.000,0.001
683.000,0.001
684.000,0.001
685.000,0.001
686.000,0.001
687.000,0.001
688.000,0.001
689.000,0.001
690.000,0.001
691.000,0.001
692.000,0.001
693.000,0.001
694.000,0.001
695.000,0.001
696.000,0.001
697.000,0.001
698.000,0.001
699.000,0.001
700.000,0.001
701.000,0.001
702.000,0.001
703.000,0.001
704.000,0.001
705.000,0.001
706.000,0.001
707.000,0.001
708.000,0.001
709.000,0.001
710.000,0.000
711.000,0.000
712.000,0.000
713.000,0.000
714.000,0.000
715.000,0.000
716.000,0.000
717.000,0.000
718.000,0.000
719.000,0.000
720.000,0.000
721.000,0.000
722.000,0.000
723.000,0.000
