[HEADER]
Format,J&M ASCII Table
Comment,SAT05-04/01-SUR2
Date,4/4/2013 2:14:07 PM
Order,Y (evenX)
TechType,UV
NumPoints,524
FirstX,200.00
LastX,723.00
XType,NMetr
YType,Absrb
[DATA]
200.000,0.287
201.000,0.280
202.000,0.273
203.000,0.265
204.000,0.257
205.000,0.249
206.000,0.241
207.000,0.233
208.000,0.226
209.000,0.219
210.000,0.212
211.000,0.205
212.000,0.199
213.000,0.191
214.000,0.184
215.000,0.177
216.000,0.169
217.000,0.162
218.000,0.154
219.000,0.145
220.000,0.137
221.000,0.129
222.000,0.121
223.000,0.113
224.000,0.106
225.000,0.099
226.000,0.092
227.000,0.087
228.000,0.082
229.000,0.077
230.000,0.073
231.000,0.069
232.000,0.066
233.000,0.063
234.000,0.061
235.000,0.059
236.000,0.057
237.000,0.056
238.000,0.054
239.000,0.053
240.000,0.052
241.000,0.051
242.000,0.050
243.000,0.049
244.000,0.048
245.000,0.047
246.000,0.046
247.000,0.046
248.000,0.045
249.000,0.044
250.000,0.044
251.000,0.043
252.000,0.043
253.000,0.042
254.000,0.042
255.000,0.042
256.000,0.041
257.000,0.041
258.000,0.041
259.000,0.040
260.000,0.040
261.000,0.040
262.000,0.040
263.000,0.039
264.000,0.039
265.000,0.039
266.000,0.038
267.000,0.038
268.000,0.038
269.000,0.037
270.000,0.037
271.000,0.036
272.000,0.036
273.000,0.035
274.000,0.035
275.000,0.034
276.000,0.034
277.000,0.033
278.000,0.033
279.000,0.032
280.000,0.032
281.000,0.031
282.000,0.031
283.000,0.030
284.000,0.030
285.000,0.029
286.000,0.029
287.000,0.028
288.000,0.028
289.000,0.027
290.000,0.027
291.000,0.026
292.000,0.026
293.000,0.025
294.000,0.025
295.000,0.024
296.000,0.024
297.000,0.023
298.000,0.023
299.000,0.023
300.000,0.022
301.000,0.022
302.000,0.021
303.000,0.021
304.000,0.021
305.000,0.020
306.000,0.020
307.000,0.020
308.000,0.019
309.000,0.019
310.000,0.019
311.000,0.018
312.000,0.018
313.000,0.018
314.000,0.017
315.000,0.017
316.000,0.017
317.000,0.016
318.000,0.016
319.000,0.016
320.000,0.016
321.000,0.015
322.000,0.015
323.000,0.015
324.000,0.014
325.000,0.014
326.000,0.014
327.000,0.014
328.000,0.014
329.000,0.013
330.000,0.013
331.000,0.013
332.000,0.013
333.000,0.012
334.000,0.012
335.000,0.012
336.000,0.012
337.000,0.012
338.000,0.011
339.000,0.011
340.000,0.011
341.000,0.011
342.000,0.011
343.000,0.011
344.000,0.010
345.000,0.010
346.000,0.010
347.000,0.010
348.000,0.010
349.000,0.010
350.000,0.009
351.000,0.009
352.000,0.009
353.000,0.009
354.000,0.009
355.000,0.009
356.000,0.009
357.000,0.009
358.000,0.008
359.000,0.008
360.000,0.008
361.000,0.008
362.000,0.008
363.000,0.008
364.000,0.008
365.000,0.008
366.000,0.008
367.000,0.007
368.000,0.007
369.000,0.007
370.000,0.007
371.000,0.007
372.000,0.007
373.000,0.007
374.000,0.007
375.000,0.007
376.000,0.007
377.000,0.007
378.000,0.006
379.000,0.006
380.000,0.006
381.000,0.006
382.000,0.006
383.000,0.006
384.000,0.006
385.000,0.006
386.000,0.006
387.000,0.006
388.000,0.006
389.000,0.006
390.000,0.006
391.000,0.006
392.000,0.006
393.000,0.006
394.000,0.006
395.000,0.006
396.000,0.006
397.000,0.006
398.000,0.006
399.000,0.006
400.000,0.005
401.000,0.006
402.000,0.005
403.000,0.005
404.000,0.005
405.000,0.005
406.000,0.005
407.000,0.005
408.000,0.005
409.000,0.005
410.000,0.005
411.000,0.005
412.000,0.005
413.000,0.004
414.000,0.004
415.000,0.004
416.000,0.004
417.000,0.004
418.000,0.004
419.000,0.004
420.000,0.004
421.000,0.004
422.000,0.004
423.000,0.004
424.000,0.004
425.000,0.004
426.000,0.004
427.000,0.004
428.000,0.004
429.000,0.004
430.000,0.004
431.000,0.004
432.000,0.004
433.000,0.004
434.000,0.004
435.000,0.004
436.000,0.004
437.000,0.004
438.000,0.003
439.000,0.003
440.000,0.003
441.000,0.003
442.000,0.003
443.000,0.003
444.000,0.003
445.000,0.003
446.000,0.003
447.000,0.003
448.000,0.003
449.000,0.003
450.000,0.003
451.000,0.003
452.000,0.003
453.000,0.003
454.000,0.003
455.000,0.003
456.000,0.003
457.000,0.003
458.000,0.003
459.000,0.003
460.000,0.003
461.000,0.003
462.000,0.003
463.000,0.003
464.000,0.003
465.000,0.003
466.000,0.003
467.000,0.003
468.000,0.003
469.000,0.003
470.000,0.003
471.000,0.003
472.000,0.003
473.000,0.003
474.000,0.003
475.000,0.003
476.000,0.003
477.000,0.003
478.000,0.003
479.000,0.003
480.000,0.003
481.000,0.003
482.000,0.003
483.000,0.003
484.000,0.003
485.000,0.003
486.000,0.003
487.000,0.003
488.000,0.003
489.000,0.003
490.000,0.003
491.000,0.003
492.000,0.003
493.000,0.003
494.000,0.003
495.000,0.003
496.000,0.003
497.000,0.002
498.000,0.002
499.000,0.002
500.000,0.002
501.000,0.002
502.000,0.002
503.000,0.002
504.000,0.002
505.000,0.002
506.000,0.002
507.000,0.002
508.000,0.002
509.000,0.002
510.000,0.002
511.000,0.002
512.000,0.002
513.000,0.002
514.000,0.002
515.000,0.002
516.000,0.002
517.000,0.002
518.000,0.002
519.000,0.002
520.000,0.002
521.000,0.002
522.000,0.002
523.000,0.002
524.000,0.002
525.000,0.002
526.000,0.002
527.000,0.002
528.000,0.002
529.000,0.002
530.000,0.002
531.000,0.002
532.000,0.002
533.000,0.002
534.000,0.002
535.000,0.002
536.000,0.002
537.000,0.002
538.000,0.002
539.000,0.002
540.000,0.002
541.000,0.002
542.000,0.002
543.000,0.002
544.000,0.002
545.000,0.002
546.000,0.002
547.000,0.002
548.000,0.002
549.000,0.002
550.000,0.002
551.000,0.002
552.000,0.002
553.000,0.002
554.000,0.002
555.000,0.002
556.000,0.002
557.000,0.002
558.000,0.002
559.000,0.002
560.000,0.002
561.000,0.002
562.000,0.002
563.000,0.002
564.000,0.002
565.000,0.002
566.000,0.002
567.000,0.002
568.000,0.002
569.000,0.002
570.000,0.002
571.000,0.002
572.000,0.002
573.000,0.002
574.000,0.002
575.000,0.002
576.000,0.002
577.000,0.002
578.000,0.002
579.000,0.002
580.000,0.002
581.000,0.002
582.000,0.002
583.000,0.002
584.000,0.002
585.000,0.002
586.000,0.002
587.000,0.002
588.000,0.002
589.000,0.002
590.000,0.002
591.000,0.002
592.000,0.002
593.000,0.002
594.000,0.002
595.000,0.002
596.000,0.002
597.000,0.002
598.000,0.002
599.000,0.002
600.000,0.002
601.000,0.002
602.000,0.002
603.000,0.002
604.000,0.002
605.000,0.002
606.000,0.002
607.000,0.002
608.000,0.002
609.000,0.002
610.000,0.002
611.000,0.002
612.000,0.002
613.000,0.002
614.000,0.002
615.000,0.002
616.000,0.002
617.000,0.002
618.000,0.002
619.000,0.002
620.000,0.002
621.000,0.002
622.000,0.002
623.000,0.002
624.000,0.002
625.000,0.002
626.000,0.002
627.000,0.002
628.000,0.002
629.000,0.002
630.000,0.002
631.000,0.002
632.000,0.002
633.000,0.002
634.000,0.002
635.000,0.002
636.000,0.002
637.000,0.002
638.000,0.002
639.000,0.002
640.000,0.002
641.000,0.002
642.000,0.002
643.000,0.002
644.000,0.002
645.000,0.002
646.000,0.002
647.000,0.002
648.000,0.002
649.000,0.002
650.000,0.002
651.000,0.001
652.000,0.001
653.000,0.001
654.000,0.001
655.000,0.001
656.000,0.001
657.000,0.001
658.000,0.001
659.000,0.001
660.000,0.001
661.000,0.001
662.000,0.002
663.000,0.002
664.000,0.002
665.000,0.002
666.000,0.002
667.000,0.002
668.000,0.002
669.000,0.002
670.000,0.002
671.000,0.002
672.000,0.002
673.000,0.002
674.000,0.002
675.000,0.002
676.000,0.002
677.000,0.002
678.000,0.002
679.000,0.002
680.000,0.002
681.000,0.001
682.000,0.002
683.000,0.002
684.000,0.001
685.000,0.001
686.000,0.001
687.000,0.001
688.000,0.001
689.000,0.001
690.000,0.001
691.000,0.001
692.000,0.001
693.000,0.001
694.000,0.001
695.000,0.001
696.000,0.001
697.000,0.001
698.000,0.001
699.000,0.001
700.000,0.001
701.000,0.001
702.000,0.001
703.000,0.001
704.000,0.001
705.000,0.001
706.000,0.001
707.000,0.001
708.000,0.001
709.000,0.001
710.000,0.001
711.000,0.001
712.000,0.001
713.000,0.001
714.000,0.001
715.000,0.001
716.000,0.001
717.000,0.001
718.000,0.001
719.000,0.001
720.000,0.001
721.000,0.001
722.000,0.001
723.000,0.001
