[HEADER]
Format,J&M ASCII Table
Comment,SAT05-04/10-SUR1
Date,4/11/2013 12:02:13 PM
Order,Y (evenX)
TechType,UV
NumPoints,524
FirstX,200.00
LastX,723.00
XType,NMetr
YType,Absrb
[DATA]
200.000,0.284
201.000,0.279
202.000,0.272
203.000,0.266
204.000,0.258
205.000,0.251
206.000,0.243
207.000,0.236
208.000,0.229
209.000,0.223
210.000,0.216
211.000,0.209
212.000,0.202
213.000,0.195
214.000,0.187
215.000,0.180
216.000,0.172
217.000,0.164
218.000,0.156
219.000,0.147
220.000,0.139
221.000,0.131
222.000,0.123
223.000,0.115
224.000,0.108
225.000,0.101
226.000,0.094
227.000,0.089
228.000,0.084
229.000,0.079
230.000,0.075
231.000,0.072
232.000,0.069
233.000,0.066
234.000,0.064
235.000,0.062
236.000,0.060
237.000,0.059
238.000,0.058
239.000,0.056
240.000,0.055
241.000,0.054
242.000,0.053
243.000,0.052
244.000,0.052
245.000,0.051
246.000,0.050
247.000,0.049
248.000,0.048
249.000,0.048
250.000,0.047
251.000,0.047
252.000,0.046
253.000,0.046
254.000,0.045
255.000,0.045
256.000,0.044
257.000,0.044
258.000,0.044
259.000,0.043
260.000,0.043
261.000,0.042
262.000,0.042
263.000,0.042
264.000,0.041
265.000,0.041
266.000,0.040
267.000,0.040
268.000,0.040
269.000,0.039
270.000,0.039
271.000,0.038
272.000,0.038
273.000,0.037
274.000,0.037
275.000,0.036
276.000,0.036
277.000,0.035
278.000,0.035
279.000,0.034
280.000,0.034
281.000,0.033
282.000,0.033
283.000,0.032
284.000,0.032
285.000,0.031
286.000,0.031
287.000,0.030
288.000,0.029
289.000,0.029
290.000,0.028
291.000,0.028
292.000,0.027
293.000,0.027
294.000,0.026
295.000,0.026
296.000,0.025
297.000,0.025
298.000,0.025
299.000,0.024
300.000,0.024
301.000,0.023
302.000,0.023
303.000,0.023
304.000,0.022
305.000,0.022
306.000,0.021
307.000,0.021
308.000,0.021
309.000,0.020
310.000,0.020
311.000,0.020
312.000,0.019
313.000,0.019
314.000,0.019
315.000,0.018
316.000,0.018
317.000,0.018
318.000,0.017
319.000,0.017
320.000,0.017
321.000,0.017
322.000,0.016
323.000,0.016
324.000,0.016
325.000,0.015
326.000,0.015
327.000,0.015
328.000,0.015
329.000,0.014
330.000,0.014
331.000,0.014
332.000,0.014
333.000,0.013
334.000,0.013
335.000,0.013
336.000,0.013
337.000,0.012
338.000,0.012
339.000,0.012
340.000,0.012
341.000,0.012
342.000,0.011
343.000,0.011
344.000,0.011
345.000,0.011
346.000,0.011
347.000,0.010
348.000,0.010
349.000,0.010
350.000,0.010
351.000,0.010
352.000,0.010
353.000,0.009
354.000,0.009
355.000,0.009
356.000,0.009
357.000,0.009
358.000,0.009
359.000,0.009
360.000,0.008
361.000,0.008
362.000,0.008
363.000,0.008
364.000,0.008
365.000,0.008
366.000,0.008
367.000,0.007
368.000,0.007
369.000,0.007
370.000,0.007
371.000,0.007
372.000,0.007
373.000,0.007
374.000,0.007
375.000,0.007
376.000,0.006
377.000,0.006
378.000,0.006
379.000,0.006
380.000,0.006
381.000,0.006
382.000,0.006
383.000,0.006
384.000,0.006
385.000,0.006
386.000,0.006
387.000,0.006
388.000,0.006
389.000,0.005
390.000,0.005
391.000,0.005
392.000,0.005
393.000,0.005
394.000,0.005
395.000,0.005
396.000,0.005
397.000,0.005
398.000,0.005
399.000,0.005
400.000,0.005
401.000,0.005
402.000,0.004
403.000,0.004
404.000,0.004
405.000,0.004
406.000,0.004
407.000,0.004
408.000,0.004
409.000,0.004
410.000,0.004
411.000,0.004
412.000,0.003
413.000,0.003
414.000,0.003
415.000,0.003
416.000,0.003
417.000,0.003
418.000,0.003
419.000,0.003
420.000,0.003
421.000,0.003
422.000,0.003
423.000,0.003
424.000,0.003
425.000,0.003
426.000,0.003
427.000,0.002
428.000,0.002
429.000,0.002
430.000,0.002
431.000,0.002
432.000,0.002
433.000,0.002
434.000,0.002
435.000,0.002
436.000,0.002
437.000,0.002
438.000,0.002
439.000,0.002
440.000,0.002
441.000,0.002
442.000,0.002
443.000,0.002
444.000,0.002
445.000,0.002
446.000,0.002
447.000,0.002
448.000,0.002
449.000,0.001
450.000,0.001
451.000,0.001
452.000,0.001
453.000,0.001
454.000,0.001
455.000,0.001
456.000,0.001
457.000,0.001
458.000,0.001
459.000,0.001
460.000,0.001
461.000,0.001
462.000,0.001
463.000,0.001
464.000,0.001
465.000,0.001
466.000,0.001
467.000,0.001
468.000,0.001
469.000,0.001
470.000,0.001
471.000,0.001
472.000,0.001
473.000,0.001
474.000,0.001
475.000,0.001
476.000,0.001
477.000,0.001
478.000,0.001
479.000,0.001
480.000,0.001
481.000,0.001
482.000,0.001
483.000,0.001
484.000,0.001
485.000,0.001
486.000,0.001
487.000,0.001
488.000,0.001
489.000,0.001
490.000,0.000
491.000,0.000
492.000,0.000
493.000,0.000
494.000,0.000
495.000,0.000
496.000,0.000
497.000,0.000
498.000,0.000
499.000,0.000
500.000,0.000
501.000,0.000
502.000,0.000
503.000,0.000
504.000,0.000
505.000,0.000
506.000,0.000
507.000,0.000
508.000,0.000
509.000,0.000
510.000,0.000
511.000,0.000
512.000,0.000
513.000,0.000
514.000,0.000
515.000,0.000
516.000,0.000
517.000,0.000
518.000,0.000
519.000,0.000
520.000,0.000
521.000,0.000
522.000,0.000
523.000,0.000
524.000,0.000
525.000,0.000
526.000,0.000
527.000,0.000
528.000,0.000
529.000,0.000
530.000,0.000
531.000,0.000
532.000,0.000
533.000,0.000
534.000,-0.000
535.000,-0.000
536.000,-0.000
537.000,-0.000
538.000,-0.000
539.000,-0.000
540.000,-0.000
541.000,-0.000
542.000,-0.000
543.000,-0.000
544.000,-0.000
545.000,-0.000
546.000,-0.000
547.000,-0.000
548.000,-0.000
549.000,-0.000
550.000,-0.000
551.000,-0.000
552.000,-0.000
553.000,-0.000
554.000,-0.000
555.000,-0.000
556.000,-0.000
557.000,-0.000
558.000,-0.000
559.000,-0.000
560.000,-0.000
561.000,-0.000
562.000,-0.000
563.000,-0.000
564.000,-0.000
565.000,-0.000
566.000,-0.000
567.000,-0.000
568.000,-0.000
569.000,-0.000
570.000,-0.000
571.000,-0.000
572.000,-0.000
573.000,-0.000
574.000,-0.000
575.000,-0.000
576.000,-0.000
577.000,-0.000
578.000,-0.000
579.000,-0.000
580.000,-0.000
581.000,-0.000
582.000,-0.000
583.000,-0.000
584.000,-0.000
585.000,-0.000
586.000,-0.000
587.000,-0.000
588.000,-0.000
589.000,-0.000
590.000,-0.000
591.000,-0.001
592.000,-0.001
593.000,-0.001
594.000,-0.001
595.000,-0.001
596.000,-0.001
597.000,-0.001
598.000,-0.001
599.000,-0.001
600.000,-0.001
601.000,-0.001
602.000,-0.001
603.000,-0.001
604.000,-0.001
605.000,-0.001
606.000,-0.001
607.000,-0.001
608.000,-0.001
609.000,-0.001
610.000,-0.001
611.000,-0.001
612.000,-0.001
613.000,-0.001
614.000,-0.001
615.000,-0.001
616.000,-0.001
617.000,-0.001
618.000,-0.001
619.000,-0.001
620.000,-0.001
621.000,-0.001
622.000,-0.001
623.000,-0.001
624.000,-0.001
625.000,-0.001
626.000,-0.001
627.000,-0.001
628.000,-0.001
629.000,-0.001
630.000,-0.001
631.000,-0.001
632.000,-0.001
633.000,-0.001
634.000,-0.001
635.000,-0.001
636.000,-0.001
637.000,-0.001
638.000,-0.001
639.000,-0.001
640.000,-0.001
641.000,-0.001
642.000,-0.001
643.000,-0.001
644.000,-0.001
645.000,-0.001
646.000,-0.001
647.000,-0.001
648.000,-0.001
649.000,-0.001
650.000,-0.001
651.000,-0.001
652.000,-0.001
653.000,-0.001
654.000,-0.001
655.000,-0.001
656.000,-0.001
657.000,-0.001
658.000,-0.001
659.000,-0.001
660.000,-0.001
661.000,-0.001
662.000,-0.001
663.000,-0.001
664.000,-0.001
665.000,-0.001
666.000,-0.001
667.000,-0.001
668.000,-0.001
669.000,-0.001
670.000,-0.001
671.000,-0.001
672.000,-0.001
673.000,-0.001
674.000,-0.001
675.000,-0.001
676.000,-0.001
677.000,-0.001
678.000,-0.001
679.000,-0.001
680.000,-0.001
681.000,-0.001
682.000,-0.001
683.000,-0.001
684.000,-0.001
685.000,-0.001
686.000,-0.001
687.000,-0.001
688.000,-0.001
689.000,-0.001
690.000,-0.001
691.000,-0.001
692.000,-0.001
693.000,-0.001
694.000,-0.001
695.000,-0.001
696.000,-0.001
697.000,-0.001
698.000,-0.001
699.000,-0.001
700.000,-0.001
701.000,-0.001
702.000,-0.001
703.000,-0.001
704.000,-0.001
705.000,-0.001
706.000,-0.001
707.000,-0.001
708.000,-0.001
709.000,-0.001
710.000,-0.001
711.000,-0.001
712.000,-0.001
713.000,-0.001
714.000,-0.001
715.000,-0.001
716.000,-0.001
717.000,-0.001
718.000,-0.001
719.000,-0.001
720.000,-0.001
721.000,-0.001
722.000,-0.001
723.000,-0.001
