[HEADER]
Format,J&M ASCII Table
Comment,SAT05-04/10-SUR3
Date,4/11/2013 12:06:57 PM
Order,Y (evenX)
TechType,UV
NumPoints,524
FirstX,200.00
LastX,723.00
XType,NMetr
YType,Absrb
[DATA]
200.000,0.285
201.000,0.280
202.000,0.274
203.000,0.267
204.000,0.259
205.000,0.252
206.000,0.244
207.000,0.237
208.000,0.230
209.000,0.223
210.000,0.216
211.000,0.209
212.000,0.202
213.000,0.195
214.000,0.188
215.000,0.180
216.000,0.172
217.000,0.164
218.000,0.155
219.000,0.147
220.000,0.139
221.000,0.131
222.000,0.122
223.000,0.115
224.000,0.107
225.000,0.100
226.000,0.094
227.000,0.088
228.000,0.083
229.000,0.078
230.000,0.074
231.000,0.071
232.000,0.068
233.000,0.065
234.000,0.063
235.000,0.061
236.000,0.060
237.000,0.058
238.000,0.057
239.000,0.056
240.000,0.055
241.000,0.054
242.000,0.053
243.000,0.052
244.000,0.051
245.000,0.050
246.000,0.049
247.000,0.048
248.000,0.048
249.000,0.047
250.000,0.047
251.000,0.046
252.000,0.045
253.000,0.045
254.000,0.045
255.000,0.044
256.000,0.044
257.000,0.043
258.000,0.043
259.000,0.043
260.000,0.042
261.000,0.042
262.000,0.041
263.000,0.041
264.000,0.041
265.000,0.040
266.000,0.040
267.000,0.040
268.000,0.039
269.000,0.039
270.000,0.038
271.000,0.038
272.000,0.037
273.000,0.037
274.000,0.036
275.000,0.036
276.000,0.035
277.000,0.035
278.000,0.034
279.000,0.034
280.000,0.033
281.000,0.033
282.000,0.032
283.000,0.032
284.000,0.031
285.000,0.031
286.000,0.030
287.000,0.030
288.000,0.029
289.000,0.029
290.000,0.028
291.000,0.027
292.000,0.027
293.000,0.026
294.000,0.026
295.000,0.025
296.000,0.025
297.000,0.024
298.000,0.024
299.000,0.024
300.000,0.023
301.000,0.023
302.000,0.023
303.000,0.022
304.000,0.022
305.000,0.021
306.000,0.021
307.000,0.021
308.000,0.020
309.000,0.020
310.000,0.020
311.000,0.019
312.000,0.019
313.000,0.019
314.000,0.018
315.000,0.018
316.000,0.018
317.000,0.017
318.000,0.017
319.000,0.017
320.000,0.017
321.000,0.016
322.000,0.016
323.000,0.016
324.000,0.015
325.000,0.015
326.000,0.015
327.000,0.015
328.000,0.014
329.000,0.014
330.000,0.014
331.000,0.014
332.000,0.014
333.000,0.013
334.000,0.013
335.000,0.013
336.000,0.013
337.000,0.013
338.000,0.013
339.000,0.012
340.000,0.012
341.000,0.012
342.000,0.012
343.000,0.012
344.000,0.012
345.000,0.012
346.000,0.012
347.000,0.012
348.000,0.011
349.000,0.011
350.000,0.011
351.000,0.011
352.000,0.011
353.000,0.011
354.000,0.011
355.000,0.011
356.000,0.011
357.000,0.011
358.000,0.011
359.000,0.011
360.000,0.011
361.000,0.011
362.000,0.011
363.000,0.011
364.000,0.011
365.000,0.011
366.000,0.011
367.000,0.011
368.000,0.011
369.000,0.011
370.000,0.011
371.000,0.011
372.000,0.011
373.000,0.011
374.000,0.011
375.000,0.011
376.000,0.011
377.000,0.011
378.000,0.011
379.000,0.012
380.000,0.012
381.000,0.012
382.000,0.012
383.000,0.012
384.000,0.012
385.000,0.012
386.000,0.012
387.000,0.012
388.000,0.012
389.000,0.012
390.000,0.012
391.000,0.012
392.000,0.012
393.000,0.012
394.000,0.012
395.000,0.012
396.000,0.013
397.000,0.013
398.000,0.013
399.000,0.013
400.000,0.013
401.000,0.013
402.000,0.013
403.000,0.013
404.000,0.013
405.000,0.013
406.000,0.013
407.000,0.013
408.000,0.013
409.000,0.013
410.000,0.013
411.000,0.013
412.000,0.013
413.000,0.013
414.000,0.014
415.000,0.014
416.000,0.014
417.000,0.014
418.000,0.014
419.000,0.014
420.000,0.014
421.000,0.014
422.000,0.014
423.000,0.014
424.000,0.014
425.000,0.014
426.000,0.014
427.000,0.014
428.000,0.014
429.000,0.014
430.000,0.014
431.000,0.014
432.000,0.014
433.000,0.014
434.000,0.014
435.000,0.014
436.000,0.014
437.000,0.014
438.000,0.014
439.000,0.014
440.000,0.014
441.000,0.014
442.000,0.014
443.000,0.014
444.000,0.014
445.000,0.014
446.000,0.014
447.000,0.014
448.000,0.014
449.000,0.014
450.000,0.014
451.000,0.014
452.000,0.014
453.000,0.014
454.000,0.014
455.000,0.014
456.000,0.014
457.000,0.014
458.000,0.014
459.000,0.014
460.000,0.014
461.000,0.014
462.000,0.014
463.000,0.014
464.000,0.014
465.000,0.014
466.000,0.014
467.000,0.014
468.000,0.014
469.000,0.014
470.000,0.014
471.000,0.014
472.000,0.014
473.000,0.014
474.000,0.014
475.000,0.014
476.000,0.014
477.000,0.014
478.000,0.014
479.000,0.014
480.000,0.014
481.000,0.014
482.000,0.014
483.000,0.014
484.000,0.014
485.000,0.014
486.000,0.013
487.000,0.014
488.000,0.014
489.000,0.014
490.000,0.014
491.000,0.014
492.000,0.014
493.000,0.014
494.000,0.014
495.000,0.014
496.000,0.014
497.000,0.014
498.000,0.014
499.000,0.014
500.000,0.014
501.000,0.014
502.000,0.014
503.000,0.014
504.000,0.014
505.000,0.014
506.000,0.014
507.000,0.014
508.000,0.014
509.000,0.014
510.000,0.014
511.000,0.014
512.000,0.014
513.000,0.014
514.000,0.014
515.000,0.014
516.000,0.014
517.000,0.014
518.000,0.014
519.000,0.014
520.000,0.014
521.000,0.014
522.000,0.014
523.000,0.014
524.000,0.014
525.000,0.014
526.000,0.014
527.000,0.014
528.000,0.014
529.000,0.014
530.000,0.014
531.000,0.014
532.000,0.014
533.000,0.014
534.000,0.014
535.000,0.013
536.000,0.013
537.000,0.013
538.000,0.013
539.000,0.013
540.000,0.013
541.000,0.013
542.000,0.013
543.000,0.013
544.000,0.013
545.000,0.013
546.000,0.013
547.000,0.013
548.000,0.013
549.000,0.013
550.000,0.013
551.000,0.013
552.000,0.013
553.000,0.013
554.000,0.013
555.000,0.013
556.000,0.013
557.000,0.013
558.000,0.013
559.000,0.013
560.000,0.013
561.000,0.013
562.000,0.013
563.000,0.013
564.000,0.013
565.000,0.012
566.000,0.012
567.000,0.012
568.000,0.012
569.000,0.012
570.000,0.012
571.000,0.012
572.000,0.011
573.000,0.011
574.000,0.011
575.000,0.011
576.000,0.011
577.000,0.011
578.000,0.011
579.000,0.011
580.000,0.011
581.000,0.011
582.000,0.011
583.000,0.011
584.000,0.011
585.000,0.011
586.000,0.011
587.000,0.011
588.000,0.011
589.000,0.011
590.000,0.011
591.000,0.011
592.000,0.011
593.000,0.011
594.000,0.011
595.000,0.011
596.000,0.011
597.000,0.011
598.000,0.011
599.000,0.011
600.000,0.011
601.000,0.011
602.000,0.011
603.000,0.011
604.000,0.011
605.000,0.011
606.000,0.011
607.000,0.011
608.000,0.011
609.000,0.011
610.000,0.011
611.000,0.011
612.000,0.011
613.000,0.011
614.000,0.011
615.000,0.011
616.000,0.011
617.000,0.011
618.000,0.011
619.000,0.011
620.000,0.011
621.000,0.011
622.000,0.011
623.000,0.011
624.000,0.011
625.000,0.011
626.000,0.011
627.000,0.011
628.000,0.011
629.000,0.011
630.000,0.011
631.000,0.011
632.000,0.011
633.000,0.011
634.000,0.011
635.000,0.011
636.000,0.011
637.000,0.011
638.000,0.011
639.000,0.011
640.000,0.011
641.000,0.011
642.000,0.011
643.000,0.011
644.000,0.011
645.000,0.011
646.000,0.011
647.000,0.011
648.000,0.010
649.000,0.010
650.000,0.010
651.000,0.010
652.000,0.009
653.000,0.009
654.000,0.009
655.000,0.009
656.000,0.009
657.000,0.009
658.000,0.009
659.000,0.009
660.000,0.009
661.000,0.010
662.000,0.010
663.000,0.010
664.000,0.010
665.000,0.010
666.000,0.010
667.000,0.010
668.000,0.010
669.000,0.010
670.000,0.010
671.000,0.010
672.000,0.010
673.000,0.010
674.000,0.010
675.000,0.010
676.000,0.010
677.000,0.010
678.000,0.010
679.000,0.010
680.000,0.010
681.000,0.010
682.000,0.010
683.000,0.010
684.000,0.010
685.000,0.010
686.000,0.010
687.000,0.010
688.000,0.010
689.000,0.010
690.000,0.010
691.000,0.010
692.000,0.010
693.000,0.010
694.000,0.010
695.000,0.010
696.000,0.010
697.000,0.010
698.000,0.010
699.000,0.010
700.000,0.010
701.000,0.010
702.000,0.010
703.000,0.010
704.000,0.010
705.000,0.009
706.000,0.009
707.000,0.009
708.000,0.009
709.000,0.009
710.000,0.009
711.000,0.009
712.000,0.009
713.000,0.009
714.000,0.009
715.000,0.009
716.000,0.009
717.000,0.009
718.000,0.009
719.000,0.009
720.000,0.009
721.000,0.009
722.000,0.009
723.000,0.009
