[HEADER]
Format,J&M ASCII Table
Comment,TS-05/29-1600
Date,5/31/2013 3:29:19 PM
Order,Y (evenX)
TechType,UV
NumPoints,524
FirstX,200.00
LastX,723.00
XType,NMetr
YType,Absrb
[DATA]
200.000,0.197
201.000,0.194
202.000,0.190
203.000,0.186
204.000,0.181
205.000,0.177
206.000,0.172
207.000,0.168
208.000,0.164
209.000,0.160
210.000,0.157
211.000,0.154
212.000,0.150
213.000,0.147
214.000,0.144
215.000,0.140
216.000,0.137
217.000,0.134
218.000,0.130
219.000,0.127
220.000,0.123
221.000,0.120
222.000,0.116
223.000,0.113
224.000,0.110
225.000,0.108
226.000,0.105
227.000,0.102
228.000,0.100
229.000,0.098
230.000,0.096
231.000,0.095
232.000,0.093
233.000,0.092
234.000,0.090
235.000,0.089
236.000,0.088
237.000,0.087
238.000,0.086
239.000,0.085
240.000,0.084
241.000,0.083
242.000,0.082
243.000,0.081
244.000,0.080
245.000,0.079
246.000,0.078
247.000,0.077
248.000,0.076
249.000,0.075
250.000,0.074
251.000,0.073
252.000,0.073
253.000,0.072
254.000,0.071
255.000,0.070
256.000,0.070
257.000,0.069
258.000,0.069
259.000,0.068
260.000,0.067
261.000,0.067
262.000,0.066
263.000,0.066
264.000,0.065
265.000,0.064
266.000,0.064
267.000,0.063
268.000,0.062
269.000,0.061
270.000,0.061
271.000,0.060
272.000,0.059
273.000,0.058
274.000,0.057
275.000,0.057
276.000,0.056
277.000,0.055
278.000,0.054
279.000,0.053
280.000,0.053
281.000,0.052
282.000,0.051
283.000,0.050
284.000,0.049
285.000,0.049
286.000,0.048
287.000,0.047
288.000,0.046
289.000,0.045
290.000,0.045
291.000,0.044
292.000,0.043
293.000,0.042
294.000,0.042
295.000,0.041
296.000,0.040
297.000,0.039
298.000,0.039
299.000,0.038
300.000,0.037
301.000,0.037
302.000,0.036
303.000,0.036
304.000,0.035
305.000,0.035
306.000,0.034
307.000,0.034
308.000,0.033
309.000,0.032
310.000,0.032
311.000,0.031
312.000,0.031
313.000,0.030
314.000,0.030
315.000,0.029
316.000,0.029
317.000,0.028
318.000,0.028
319.000,0.027
320.000,0.027
321.000,0.027
322.000,0.026
323.000,0.026
324.000,0.025
325.000,0.025
326.000,0.024
327.000,0.024
328.000,0.024
329.000,0.023
330.000,0.023
331.000,0.022
332.000,0.022
333.000,0.022
334.000,0.021
335.000,0.021
336.000,0.021
337.000,0.020
338.000,0.020
339.000,0.020
340.000,0.019
341.000,0.019
342.000,0.019
343.000,0.018
344.000,0.018
345.000,0.018
346.000,0.017
347.000,0.017
348.000,0.017
349.000,0.017
350.000,0.016
351.000,0.016
352.000,0.016
353.000,0.016
354.000,0.015
355.000,0.015
356.000,0.015
357.000,0.015
358.000,0.014
359.000,0.014
360.000,0.014
361.000,0.014
362.000,0.013
363.000,0.013
364.000,0.013
365.000,0.013
366.000,0.013
367.000,0.012
368.000,0.012
369.000,0.012
370.000,0.012
371.000,0.012
372.000,0.012
373.000,0.011
374.000,0.011
375.000,0.011
376.000,0.011
377.000,0.010
378.000,0.010
379.000,0.010
380.000,0.010
381.000,0.010
382.000,0.010
383.000,0.010
384.000,0.009
385.000,0.009
386.000,0.009
387.000,0.009
388.000,0.009
389.000,0.009
390.000,0.009
391.000,0.008
392.000,0.008
393.000,0.008
394.000,0.008
395.000,0.008
396.000,0.008
397.000,0.008
398.000,0.008
399.000,0.007
400.000,0.007
401.000,0.007
402.000,0.007
403.000,0.007
404.000,0.007
405.000,0.007
406.000,0.006
407.000,0.006
408.000,0.006
409.000,0.006
410.000,0.006
411.000,0.006
412.000,0.006
413.000,0.006
414.000,0.006
415.000,0.005
416.000,0.005
417.000,0.005
418.000,0.005
419.000,0.005
420.000,0.005
421.000,0.005
422.000,0.005
423.000,0.005
424.000,0.005
425.000,0.005
426.000,0.005
427.000,0.004
428.000,0.004
429.000,0.004
430.000,0.004
431.000,0.004
432.000,0.004
433.000,0.004
434.000,0.004
435.000,0.004
436.000,0.004
437.000,0.004
438.000,0.004
439.000,0.004
440.000,0.004
441.000,0.003
442.000,0.003
443.000,0.003
444.000,0.003
445.000,0.003
446.000,0.003
447.000,0.003
448.000,0.003
449.000,0.003
450.000,0.003
451.000,0.003
452.000,0.003
453.000,0.003
454.000,0.003
455.000,0.003
456.000,0.003
457.000,0.003
458.000,0.003
459.000,0.003
460.000,0.003
461.000,0.002
462.000,0.002
463.000,0.002
464.000,0.002
465.000,0.002
466.000,0.002
467.000,0.002
468.000,0.002
469.000,0.002
470.000,0.002
471.000,0.002
472.000,0.002
473.000,0.002
474.000,0.002
475.000,0.002
476.000,0.002
477.000,0.002
478.000,0.002
479.000,0.002
480.000,0.002
481.000,0.002
482.000,0.002
483.000,0.002
484.000,0.002
485.000,0.002
486.000,0.002
487.000,0.002
488.000,0.002
489.000,0.002
490.000,0.002
491.000,0.002
492.000,0.002
493.000,0.002
494.000,0.002
495.000,0.002
496.000,0.002
497.000,0.001
498.000,0.001
499.000,0.001
500.000,0.001
501.000,0.001
502.000,0.001
503.000,0.001
504.000,0.001
505.000,0.001
506.000,0.001
507.000,0.001
508.000,0.001
509.000,0.001
510.000,0.001
511.000,0.001
512.000,0.001
513.000,0.001
514.000,0.001
515.000,0.001
516.000,0.001
517.000,0.001
518.000,0.001
519.000,0.001
520.000,0.001
521.000,0.001
522.000,0.001
523.000,0.001
524.000,0.001
525.000,0.001
526.000,0.001
527.000,0.001
528.000,0.001
529.000,0.001
530.000,0.001
531.000,0.001
532.000,0.001
533.000,0.001
534.000,0.001
535.000,0.001
536.000,0.001
537.000,0.001
538.000,0.001
539.000,0.001
540.000,0.001
541.000,0.001
542.000,0.001
543.000,0.001
544.000,0.001
545.000,0.001
546.000,0.001
547.000,0.001
548.000,0.001
549.000,0.001
550.000,0.001
551.000,0.001
552.000,0.001
553.000,0.001
554.000,0.001
555.000,0.001
556.000,0.001
557.000,0.001
558.000,0.001
559.000,0.001
560.000,0.001
561.000,0.001
562.000,0.001
563.000,0.001
564.000,0.001
565.000,0.001
566.000,0.001
567.000,0.001
568.000,0.001
569.000,0.001
570.000,0.001
571.000,0.001
572.000,0.001
573.000,0.001
574.000,0.001
575.000,0.001
576.000,0.001
577.000,0.001
578.000,0.001
579.000,0.001
580.000,0.001
581.000,0.001
582.000,0.001
583.000,0.001
584.000,0.001
585.000,0.001
586.000,0.001
587.000,0.001
588.000,0.001
589.000,0.001
590.000,0.001
591.000,0.000
592.000,0.000
593.000,0.000
594.000,0.000
595.000,0.000
596.000,0.000
597.000,0.000
598.000,0.000
599.000,0.000
600.000,0.000
601.000,0.000
602.000,0.000
603.000,0.000
604.000,0.000
605.000,0.000
606.000,0.000
607.000,0.000
608.000,0.000
609.000,0.000
610.000,0.000
611.000,0.000
612.000,0.000
613.000,0.000
614.000,0.000
615.000,0.000
616.000,0.000
617.000,0.000
618.000,0.000
619.000,0.000
620.000,0.000
621.000,0.000
622.000,0.000
623.000,0.000
624.000,0.000
625.000,0.000
626.000,0.000
627.000,0.000
628.000,0.000
629.000,0.000
630.000,0.000
631.000,0.000
632.000,0.000
633.000,0.000
634.000,0.000
635.000,0.000
636.000,0.000
637.000,0.000
638.000,0.000
639.000,0.000
640.000,0.000
641.000,0.000
642.000,0.000
643.000,0.000
644.000,0.000
645.000,0.000
646.000,0.000
647.000,0.000
648.000,0.000
649.000,0.000
650.000,0.000
651.000,0.000
652.000,0.000
653.000,0.000
654.000,0.000
655.000,0.000
656.000,0.000
657.000,0.000
658.000,0.000
659.000,0.000
660.000,0.000
661.000,0.000
662.000,0.000
663.000,0.000
664.000,0.000
665.000,0.000
666.000,0.000
667.000,0.000
668.000,0.000
669.000,0.000
670.000,0.000
671.000,0.000
672.000,0.000
673.000,0.000
674.000,0.000
675.000,0.000
676.000,0.000
677.000,0.000
678.000,0.000
679.000,0.000
680.000,0.000
681.000,0.000
682.000,0.000
683.000,0.000
684.000,0.000
685.000,0.000
686.000,0.000
687.000,0.000
688.000,0.000
689.000,0.000
690.000,0.000
691.000,0.000
692.000,0.000
693.000,0.000
694.000,0.000
695.000,0.000
696.000,0.000
697.000,0.000
698.000,0.000
699.000,0.000
700.000,0.000
701.000,0.000
702.000,0.000
703.000,0.000
704.000,0.000
705.000,0.000
706.000,0.000
707.000,0.000
708.000,0.000
709.000,0.000
710.000,0.000
711.000,0.000
712.000,0.000
713.000,0.000
714.000,0.000
715.000,0.000
716.000,0.000
717.000,0.000
718.000,0.000
719.000,0.000
720.000,0.000
721.000,0.000
722.000,0.000
723.000,0.000
