[HEADER]
Format,J&M ASCII Table
Comment,TS-07/15-2100
Date,7/17/2013 1:46:18 PM
Order,Y (evenX)
TechType,UV
NumPoints,524
FirstX,200.00
LastX,723.00
XType,NMetr
YType,Absrb
[DATA]
200.000,0.141
201.000,0.136
202.000,0.131
203.000,0.126
204.000,0.122
205.000,0.118
206.000,0.114
207.000,0.110
208.000,0.107
209.000,0.105
210.000,0.102
211.000,0.100
212.000,0.098
213.000,0.096
214.000,0.094
215.000,0.092
216.000,0.090
217.000,0.088
218.000,0.086
219.000,0.084
220.000,0.081
221.000,0.079
222.000,0.076
223.000,0.074
224.000,0.072
225.000,0.070
226.000,0.068
227.000,0.066
228.000,0.064
229.000,0.063
230.000,0.061
231.000,0.060
232.000,0.059
233.000,0.058
234.000,0.057
235.000,0.056
236.000,0.055
237.000,0.054
238.000,0.054
239.000,0.053
240.000,0.052
241.000,0.052
242.000,0.051
243.000,0.051
244.000,0.050
245.000,0.049
246.000,0.049
247.000,0.048
248.000,0.048
249.000,0.047
250.000,0.047
251.000,0.046
252.000,0.046
253.000,0.046
254.000,0.045
255.000,0.045
256.000,0.045
257.000,0.044
258.000,0.044
259.000,0.044
260.000,0.044
261.000,0.043
262.000,0.043
263.000,0.043
264.000,0.042
265.000,0.042
266.000,0.041
267.000,0.041
268.000,0.041
269.000,0.040
270.000,0.040
271.000,0.039
272.000,0.038
273.000,0.038
274.000,0.037
275.000,0.037
276.000,0.036
277.000,0.035
278.000,0.035
279.000,0.034
280.000,0.034
281.000,0.033
282.000,0.032
283.000,0.032
284.000,0.031
285.000,0.031
286.000,0.030
287.000,0.029
288.000,0.029
289.000,0.028
290.000,0.028
291.000,0.027
292.000,0.027
293.000,0.026
294.000,0.025
295.000,0.025
296.000,0.024
297.000,0.024
298.000,0.023
299.000,0.023
300.000,0.023
301.000,0.022
302.000,0.022
303.000,0.021
304.000,0.021
305.000,0.021
306.000,0.020
307.000,0.020
308.000,0.019
309.000,0.019
310.000,0.019
311.000,0.018
312.000,0.018
313.000,0.018
314.000,0.017
315.000,0.017
316.000,0.017
317.000,0.016
318.000,0.016
319.000,0.016
320.000,0.015
321.000,0.015
322.000,0.015
323.000,0.014
324.000,0.014
325.000,0.014
326.000,0.014
327.000,0.013
328.000,0.013
329.000,0.013
330.000,0.013
331.000,0.012
332.000,0.012
333.000,0.012
334.000,0.012
335.000,0.011
336.000,0.011
337.000,0.011
338.000,0.011
339.000,0.010
340.000,0.010
341.000,0.010
342.000,0.010
343.000,0.010
344.000,0.009
345.000,0.009
346.000,0.009
347.000,0.009
348.000,0.009
349.000,0.008
350.000,0.008
351.000,0.008
352.000,0.008
353.000,0.008
354.000,0.007
355.000,0.007
356.000,0.007
357.000,0.007
358.000,0.007
359.000,0.006
360.000,0.006
361.000,0.006
362.000,0.006
363.000,0.006
364.000,0.005
365.000,0.005
366.000,0.005
367.000,0.005
368.000,0.005
369.000,0.005
370.000,0.004
371.000,0.004
372.000,0.004
373.000,0.004
374.000,0.004
375.000,0.004
376.000,0.003
377.000,0.003
378.000,0.003
379.000,0.003
380.000,0.003
381.000,0.003
382.000,0.003
383.000,0.003
384.000,0.002
385.000,0.002
386.000,0.002
387.000,0.002
388.000,0.002
389.000,0.002
390.000,0.002
391.000,0.002
392.000,0.001
393.000,0.001
394.000,0.001
395.000,0.001
396.000,0.001
397.000,0.001
398.000,0.001
399.000,0.001
400.000,0.000
401.000,0.000
402.000,0.000
403.000,0.000
404.000,0.000
405.000,-0.000
406.000,-0.000
407.000,-0.001
408.000,-0.001
409.000,-0.001
410.000,-0.001
411.000,-0.001
412.000,-0.001
413.000,-0.001
414.000,-0.001
415.000,-0.001
416.000,-0.002
417.000,-0.002
418.000,-0.002
419.000,-0.002
420.000,-0.002
421.000,-0.002
422.000,-0.002
423.000,-0.002
424.000,-0.002
425.000,-0.002
426.000,-0.002
427.000,-0.002
428.000,-0.002
429.000,-0.003
430.000,-0.003
431.000,-0.003
432.000,-0.003
433.000,-0.003
434.000,-0.003
435.000,-0.003
436.000,-0.003
437.000,-0.003
438.000,-0.003
439.000,-0.003
440.000,-0.003
441.000,-0.003
442.000,-0.003
443.000,-0.003
444.000,-0.003
445.000,-0.003
446.000,-0.004
447.000,-0.004
448.000,-0.004
449.000,-0.004
450.000,-0.004
451.000,-0.004
452.000,-0.004
453.000,-0.004
454.000,-0.004
455.000,-0.004
456.000,-0.004
457.000,-0.004
458.000,-0.004
459.000,-0.004
460.000,-0.004
461.000,-0.004
462.000,-0.004
463.000,-0.004
464.000,-0.004
465.000,-0.004
466.000,-0.004
467.000,-0.004
468.000,-0.004
469.000,-0.004
470.000,-0.004
471.000,-0.004
472.000,-0.005
473.000,-0.005
474.000,-0.005
475.000,-0.005
476.000,-0.005
477.000,-0.005
478.000,-0.005
479.000,-0.005
480.000,-0.005
481.000,-0.005
482.000,-0.005
483.000,-0.005
484.000,-0.005
485.000,-0.005
486.000,-0.005
487.000,-0.005
488.000,-0.005
489.000,-0.005
490.000,-0.005
491.000,-0.005
492.000,-0.005
493.000,-0.005
494.000,-0.005
495.000,-0.005
496.000,-0.005
497.000,-0.005
498.000,-0.005
499.000,-0.005
500.000,-0.005
501.000,-0.005
502.000,-0.005
503.000,-0.005
504.000,-0.005
505.000,-0.005
506.000,-0.005
507.000,-0.005
508.000,-0.005
509.000,-0.005
510.000,-0.005
511.000,-0.005
512.000,-0.005
513.000,-0.005
514.000,-0.005
515.000,-0.005
516.000,-0.005
517.000,-0.005
518.000,-0.005
519.000,-0.005
520.000,-0.005
521.000,-0.005
522.000,-0.005
523.000,-0.005
524.000,-0.005
525.000,-0.005
526.000,-0.005
527.000,-0.005
528.000,-0.005
529.000,-0.005
530.000,-0.005
531.000,-0.005
532.000,-0.005
533.000,-0.005
534.000,-0.005
535.000,-0.005
536.000,-0.005
537.000,-0.005
538.000,-0.005
539.000,-0.005
540.000,-0.005
541.000,-0.005
542.000,-0.005
543.000,-0.005
544.000,-0.005
545.000,-0.005
546.000,-0.005
547.000,-0.005
548.000,-0.005
549.000,-0.005
550.000,-0.005
551.000,-0.005
552.000,-0.005
553.000,-0.005
554.000,-0.005
555.000,-0.005
556.000,-0.005
557.000,-0.005
558.000,-0.005
559.000,-0.005
560.000,-0.005
561.000,-0.005
562.000,-0.005
563.000,-0.005
564.000,-0.005
565.000,-0.005
566.000,-0.005
567.000,-0.005
568.000,-0.005
569.000,-0.005
570.000,-0.005
571.000,-0.005
572.000,-0.005
573.000,-0.005
574.000,-0.005
575.000,-0.005
576.000,-0.005
577.000,-0.005
578.000,-0.005
579.000,-0.005
580.000,-0.005
581.000,-0.005
582.000,-0.005
583.000,-0.005
584.000,-0.005
585.000,-0.005
586.000,-0.005
587.000,-0.005
588.000,-0.005
589.000,-0.005
590.000,-0.005
591.000,-0.005
592.000,-0.005
593.000,-0.005
594.000,-0.005
595.000,-0.005
596.000,-0.005
597.000,-0.005
598.000,-0.005
599.000,-0.005
600.000,-0.005
601.000,-0.005
602.000,-0.005
603.000,-0.005
604.000,-0.005
605.000,-0.005
606.000,-0.005
607.000,-0.005
608.000,-0.005
609.000,-0.005
610.000,-0.005
611.000,-0.005
612.000,-0.005
613.000,-0.005
614.000,-0.005
615.000,-0.005
616.000,-0.005
617.000,-0.005
618.000,-0.005
619.000,-0.005
620.000,-0.005
621.000,-0.005
622.000,-0.005
623.000,-0.005
624.000,-0.005
625.000,-0.005
626.000,-0.005
627.000,-0.005
628.000,-0.005
629.000,-0.005
630.000,-0.005
631.000,-0.005
632.000,-0.005
633.000,-0.005
634.000,-0.005
635.000,-0.005
636.000,-0.005
637.000,-0.005
638.000,-0.005
639.000,-0.005
640.000,-0.005
641.000,-0.005
642.000,-0.005
643.000,-0.005
644.000,-0.005
645.000,-0.005
646.000,-0.005
647.000,-0.005
648.000,-0.005
649.000,-0.005
650.000,-0.005
651.000,-0.005
652.000,-0.005
653.000,-0.004
654.000,-0.004
655.000,-0.004
656.000,-0.004
657.000,-0.004
658.000,-0.004
659.000,-0.004
660.000,-0.005
661.000,-0.005
662.000,-0.005
663.000,-0.005
664.000,-0.005
665.000,-0.005
666.000,-0.005
667.000,-0.005
668.000,-0.005
669.000,-0.005
670.000,-0.005
671.000,-0.005
672.000,-0.005
673.000,-0.005
674.000,-0.005
675.000,-0.005
676.000,-0.005
677.000,-0.005
678.000,-0.005
679.000,-0.005
680.000,-0.005
681.000,-0.005
682.000,-0.005
683.000,-0.005
684.000,-0.005
685.000,-0.005
686.000,-0.005
687.000,-0.005
688.000,-0.005
689.000,-0.005
690.000,-0.005
691.000,-0.005
692.000,-0.005
693.000,-0.005
694.000,-0.005
695.000,-0.005
696.000,-0.005
697.000,-0.005
698.000,-0.005
699.000,-0.005
700.000,-0.005
701.000,-0.005
702.000,-0.005
703.000,-0.005
704.000,-0.005
705.000,-0.005
706.000,-0.005
707.000,-0.005
708.000,-0.005
709.000,-0.005
710.000,-0.005
711.000,-0.005
712.000,-0.005
713.000,-0.005
714.000,-0.005
715.000,-0.005
716.000,-0.005
717.000,-0.005
718.000,-0.005
719.000,-0.005
720.000,-0.005
721.000,-0.005
722.000,-0.005
723.000,-0.005
