Wavelength	I1	I1 dark	R1	R1dark	XCorrect	I1c	R1c	I1c/R1c	Abs	Percent T
nm	uA	uA	uA	uA		uA	uA	uA/uA	OD	T*100
	Abs Detector Raw	Dark Offset for Abs Detector	Ref Detector Raw	Dark Offset for Ref Detector	Linear interp	Dark subtracted Abs Detector	Corrected Ref Detector	Corrected Intensity 	-Log(T)	% Transmittance
600	2.73760065149598	0.00154808350039833	1.61811090173747	0.00333791286660621	0.717130899429321	2.73605256799559	1.15800360588314	2.36273233873824	0.0010981234187639	99.7474671406374
595	2.8647197370883		1.69456349746063		0.719892263412476	2.8631716535879	1.21750021403448	2.35168061621944	0.00108886731507364	99.7495930777056
590	3.00534041605115		1.77927068055315		0.723316371440887	3.00379233255075	1.284561245446	2.33838000577998	0.00138902262438454	99.6806766461062
585	3.12855999889212		1.85297709790186		0.726323843002319	3.12701191539172	1.34343704104248	2.32762073685658	0.00123062727340226	99.7170386908384
580	3.22954541841048		1.91413668668742		0.72833788394928	3.22799733491008	1.39170713557753	2.31945159465646	0.00131893739834754	99.6967641323115
575	3.33747962045315		1.97954791119819		0.73105776309967	3.33593153695275	1.44472366079549	2.30904471732396	0.00136111412454812	99.6870825012385
570	3.45579829104157		2.0511239712963		0.73466420173645	3.45425020754117	1.50443510994328	2.29604466467909	0.00130645814757069	99.6996289138093
565	3.57807304885377		2.12574441858928		0.738382756710052	3.57652496535337	1.56714836655486	2.28218657638385	0.00154216996960398	99.6455319682003
560	3.71568747213201		2.20847795097353		0.742404222488403	3.71413938863161	1.63710527546882	2.2687236088516	0.0016544106443519	99.6197825353141
555	3.8724109968964		2.30213370662144		0.747231364250183	3.870862913396	1.71773231710001	2.25347271799081	0.00175346863846059	99.5970629040056
550	4.0329022039374		2.39782849220911		0.752462446689606	4.031354120437	1.80176423990728	2.23744818059241	0.00184788327789169	99.5754130808853
545	4.20825830675234		2.50203834123933		0.757837355136871	4.20671022325194	1.89360852391735	2.22153109796391	0.00193546673677059	99.5553338946915
540	4.38642558143104		2.60725192561709		0.763391971588135	4.38487749793064	1.98780705203956	2.20588688093827	0.00211526850168285	99.5141256349233
535	4.57308870568517		2.71720229138869		0.769757688045502	4.57154062218477	2.0890179696802	2.18836826132454	0.00223832028960903	99.4859335740756
530	4.80737470735318		2.85428704100369		0.776710212230682	4.80582662385278	2.21436130237423	2.17029922745669	0.00235300301791956	99.4596661161917
525	5.05309137629322		2.99752654808107		0.783903956413269	5.05154329279282	2.34715631739226	2.15219721641939	0.00251839720243122	99.4217956870675
520	5.31444013826975		3.14877840538685		0.791250944137573	5.31289205476935	2.4888327594352	2.13469227075548	0.00260703067698084	99.4015071491917
515	5.61951974317051		3.3250374069612		0.799825251102448	5.61797165967011	2.65677913195108	2.1145798655624	0.00285380210648121	99.3450420422467
510	5.91683653885749		3.49465994046311		0.809457659721375	5.91528845535709	2.82607735779195	2.09310917800876	0.00297752393703765	99.316744653298
505	6.30688723716871		3.71761569152535		0.818737685680389	6.30533915366831	3.04101919247316	2.0734295821857	0.00322544686973983	99.2600645138882
500	6.75849296778606		3.97438447630664		0.828416645526886	6.75694488428566	3.28968107331606	2.05398174889778	0.0034158675612663	99.2165525011489
495	7.63706206909318		4.47931493978383		0.838614106178284	7.63551398559278	3.75361747370272	2.03417477648856	0.00363612163740115	99.1662472115862
490	8.31730023043758		4.86334536142641		0.848338663578033	8.31575214693718	4.12293222389051	2.0169509696888	0.0038621724292139	99.1146444933535
485	9.15077844650821		5.33219322739152		0.855348587036133	9.14923036300781	4.55802886379888	2.00727784671868	0.004124173064466	99.0548687663406
480	10.1667021110686		5.90278721925217		0.866066455841064	10.1651540275682	5.10931515219537	1.9895335724594	0.00438084966588395	98.9963426826578
475	11.6983709884119		6.77208730366924		0.879869520664215	11.6968229049115	5.95561628198171	1.96399874523471	0.00469011700648039	98.9258710595392
470	14.4298805933827		8.30807906510985		0.895019471645355	14.4283325098823	7.43290503823218	1.94114312448069	0.00504984081143862	98.843965213498
465	15.1345784942127		8.67382933383067		0.910354375839233	15.1330304107123	7.89321980575117	1.91721892752639	0.00543109209177108	98.7572317784101
460	13.982956884231		8.00340606828038		0.922647356987	13.9814088007306	7.38124173930838	1.89418112758365	0.0058375975376947	98.6648369362433
455	12.4375447614999		7.15217173899946		0.929956316947937	12.4359966779995	6.64810317542333	1.87060825469329	0.00620902974292784	98.5804894886554
450	11.0282571922614		6.42012960650789		0.932973027229309	11.026709108761	5.98669357151639	1.84186963589118	0.00671905289899877	98.464787302011
445	8.77503850985855		5.18486621951667		0.935176968574524	8.77349042635815	4.84564593439609	1.81059254950529	0.00727367084654172	98.3391226087014
440	7.89916261492088		4.71422566475663		0.939942717552185	7.89761453142048	4.42796463559482	1.78357669524603	0.00796411437644822	98.1829067911418
435	7.76985377103653		4.64156937272925		0.948230147361755	7.76830568753613	4.39811090068348	1.76628235689303	0.00869849436386971	98.0170224968742
430	8.28683537053327		4.92552859359981		0.960858643054962	8.28528728703287	4.72952945834709	1.75182063247545	0.00948451959041875	97.8397829114856
425	8.72495104261077		5.18586262576269		0.977734744548798	8.72340295911038	5.06713447628128	1.72156531466526	0.0103091008196908	97.6541938446664
420	8.1900247036024		4.92776254215859		0.992123365402222	8.188476620102	4.88563673588275	1.6760305898229	0.0111897411788509	97.4563762453124
415	6.95829447414915		4.27177815350373		0.999114215373993	6.95674639064875	4.26465932189494	1.63125489413246	0.012199248044933	97.2301043737897
410	6.01808961136957		3.77376263140516		1.00281167030334	6.01654152786917	3.78102590975067	1.591245781298	0.0133086943395235	96.9820378735446
405	5.43689902124397		3.46427557697775		1.00957882404327	5.43535093774358	3.4940893770204	1.55558440304655	0.0144706939929403	96.7228992649276
400	5.34714221821721		3.43706851247058		1.02345275878906	5.34559413471681	3.51426105510311	1.52111469549321	0.0157900653588937	96.4295043851142
395	5.4401594704497		3.50336111230334		1.04821944236755	5.4386113869493	3.66879236638708	1.48239825092775	0.0170732102810338	96.1450190273743
390	5.47703059334924		3.52244570858125		1.08368313312531	5.47548250984884	3.81359776186573	1.43577871914055	0.0185385258524181	95.8211710482174
385	5.58464682664319		3.58582494986446		1.12599265575409	5.58309874314279	4.03385409299381	1.3840606562443	0.0201031902716742	95.476570255421
380	5.65100486674262		3.62973356948068		1.17243885993958	5.64945678324222	4.25172718933043	1.32874395079236	0.0218454528062831	95.0943134235219
375	5.58515855841197		3.59705450711125		1.21915531158447	5.58361047491158	4.38129867420262	1.27441904561044	0.0237402879739929	94.6803188969797
370	5.53037600980275		3.57770088739692		1.25962615013123	5.52882792630235	4.50236107277922	1.22798412586877	0.0257531645078527	94.2425080793994
365	5.56395143935609		3.62177254086665		1.27197480201721	5.56240335585569	4.60255766956258	1.20854615090229	0.027961270711642	93.764562007306
360	5.75285718404397		3.77054532347531		1.25185632705688	5.75130910054357	4.71600243230609	1.21953056282272	0.0303917676776605	93.2412811838581
355	6.03427408396115		3.98087561234841		1.21720862388611	6.03272600046075	4.84149318964137	1.2460465736827	0.0328600416595856	92.7128557241643
350	6.27705121189731		4.17275471639941		1.1792927980423	6.27550312839691	4.91696320844277	1.27629653962459	0.0356674178524758	92.1154720800761
345	6.45548751977806		4.33017265847873		1.14527189731598	6.45393943627766	4.9554022384799	1.30240475458506	0.03866327927289	91.4822254000554
340	6.54945632474112		4.43880940609152		1.11531460285187	6.54790824124072	4.94694612692692	1.32362634911254	0.0418113080005197	90.8215045182095
335	6.50167364264039		4.46549834478696		1.09089875221252	6.50012555913999	4.86776524735401	1.3353408040113	0.0451698013457572	90.1218708377839
330	6.25333112410146		4.37975147012958		1.06744050979614	6.25178304060107	4.67156111864354	1.3382642080077	0.0489283401720783	89.3452893846617
325	5.85770146096878		4.20739720649536		1.03879284858704	5.85615337746838	4.36714672925742	1.34095640483876	0.0530366050242002	88.5041009958436
320	5.54485204815636		4.08173326168499		1.00754153728485	5.54330396465597	4.10915271940386	1.3490138583752	0.0574095823430704	87.6174113144689
315	5.40940671015591		4.0653538704744		0.978299379348755	5.40785862665551	3.97386769023244	1.36085522926386	0.0620101170581595	86.6941679780781
310	5.32695223457392		4.08499817052611		0.953616976737976	5.32540415107353	3.89234051498081	1.36817529981695	0.0668548067796656	85.732441780479
305	5.13606251853981		4.03152441422936		0.934748709201813	5.13451443503941	3.765342132573	1.36362493878632	0.072025464907657	84.717773831863
300	4.7975424157258		3.87512067136474		0.921929001808167	4.7959943322254	3.56950881376025	1.34360064156085	0.0778282655668277	83.5933508700504
295	4.31697225163044		3.60166344263971		0.920162856578827	4.31542416813004	3.31104549837654	1.30334185085827	0.0840746453958522	82.3996476489116
290	3.73697355603133		3.24309612880555		0.925946474075317	3.73542547253093	2.99984269690521	1.2452071158213	0.0910595742047199	81.0849822163246
285	3.13397272999028		2.84694989666451		0.924624860286713	3.13242464648989	2.62927433322876	1.19136470732715	0.0981092128820379	79.779403921431
280	2.56843210480867		2.45887824375554		0.918464839458466	2.56688402130827	2.25532745579369	1.13814249665352	0.104623630686656	78.5916432331694
275	2.06496019601315		2.09933726293308		0.889670491218567	2.06341211251275	1.86474877136743	1.10653624992048	0.110758172464031	77.489316027405
270	1.71562253871763		1.84882115309425		0.843315124511719	1.71407445521723	1.55632392851686	1.10136098521	0.116683314537804	76.4392972108235
265	1.50648668750251		1.69220639786067		0.793934762477875	1.50493860400211	1.34085139949013	1.12237538371096	0.12199080664522	75.5108211990596
260	1.3092251933363		1.51784295047797		0.754058063030243	1.3076771098359	1.14202473511077	1.14505147711102	0.127014360905246	74.6424075843043
255	1.04354798411144		1.25123715564483		0.730857133865356	1.04199990061104	0.912036063929644	1.14249857195496	0.132026029983507	73.7860004240597
250	0.734298001216281		0.918029587803089		0.716208219528198	0.732749917715882	0.655109695923524	1.1185148415227	0.138061841372556	72.7676179693132
245	0.427812161376484		0.566602583998989		0.708019316196442	0.426264077876086	0.398802267292763	1.06886071829467	0.146513260638147	71.3652414307019
240	0.203409873912556		0.289337244327264		0.70177036523819	0.201861790412158	0.200705855297024	1.00575934923983	0.158450330644835	69.4304003276005
