Wavelength	I1	I1 dark	R1	R1dark	XCorrect	I1c	R1c	I1c/R1c	Abs	Percent T
nm	uA	uA	uA	uA		uA	uA	uA/uA	OD	T*100
	Abs Detector Raw	Dark Offset for Abs Detector	Ref Detector Raw	Dark Offset for Ref Detector	Linear interp	Dark subtracted Abs Detector	Corrected Ref Detector	Corrected Intensity 	-Log(T)	% Transmittance
600	2.6876176809112	0.0015535141320142	1.58730590186056	0.00335599086183426	0.717130899429321	2.68606416677919	1.13589942432551	2.36470246331373	0.00119434720913395	99.7253691943022
595	2.81510725681779		1.66356763861638		0.719892263412476	2.81355374268578	1.19517352084578	2.35409645010771	0.00117434525900614	99.7299622708416
590	2.95208044718844		1.74548341709766		0.723316371440887	2.95052693305643	1.26010928853255	2.34148494889078	0.00124015189523749	99.7148517952895
585	3.07329681022948		1.81827915777358		0.726323843002319	3.07174329609746	1.31822196934528	2.33021704047544	0.00120130747973857	99.7237709469781
580	3.17048092361068		1.87700004376941		0.72833788394928	3.16892740947867	1.36464594476886	2.32216086643296	0.00121683589842814	99.7202053368937
575	3.27714026034269		1.94140260088512		0.73105776309967	3.27558674621068	1.41682401950652	2.31192208849732	0.0012588961962347	99.7105481604537
570	3.39470889634752		2.01200061451904		0.73466420173645	3.39315538221551	1.47567929901133	2.29938536407527	0.00130247856796092	99.700542497667
565	3.51501157286877		2.08501877828977		0.738382756710052	3.51345805873676	1.53706390752177	2.28582431839256	0.00129066266378658	99.7032550996714
560	3.65001606451682		2.16578257191237		0.742404222488403	3.6484625503848	1.60539462459308	2.27262661435009	0.00132996237934831	99.6942332666783
555	3.80146891425344		2.25570285719759		0.747231364250183	3.79991540012142	1.68302422169669	2.25779008473844	0.00134538344255108	99.6906933557619
550	3.96081122684916		2.35024677771825		0.752462446689606	3.95925771271715	1.76594718359127	2.24200233704923	0.00140531880346627	99.6769363644564
545	4.13375115169524		2.45229883053313		0.757837355136871	4.13219763756322	1.85590036449787	2.22651911525499	0.00140973107553627	99.6759236886188
540	4.30767240100028		2.55407777421824		0.763391971588135	4.30611888686827	1.94720053116925	2.21144089575743	0.00142476534439675	99.672473198778
535	4.4957061380419		2.66386747959009		0.769757688045502	4.49415262390989	2.04794917258195	2.19446492328903	0.00143928828984024	99.6691401753389
530	4.72481566471432		2.79697909404843		0.776710212230682	4.7232621505823	2.1698355933686	2.17678342313926	0.00145175761825693	99.6662785469916
525	4.96710108855088		2.9371460661446		0.783903956413269	4.96554757441887	2.29980964730014	2.15911242056409	0.00153893805143218	99.6462735097516
520	5.22550640856327		3.08547094348161		0.791250944137573	5.22395289443125	2.43872636620093	2.14208242746363	0.00156381168375791	99.6405665668906
515	5.52642444569094		3.25773208293001		0.799825251102448	5.52487093155892	2.60293217502023	2.12255662463275	0.00162962966282656	99.6254670340275
510	5.82536792594173		3.42709272312242		0.809457659721375	5.82381441180971	2.77136992279776	2.10142080416693	0.00168656442571283	99.6124072766644
505	6.21041734823127		3.6449232251817		0.818737685680389	6.20886383409926	2.98148832967658	2.08247128533043	0.00171727061150884	99.6053645692752
500	6.65016178983351		3.89223499421302		0.828416645526886	6.6486082757015	3.22161209881613	2.06375195764404	0.00177089908564127	99.5930656473527
495	7.52395967696699		4.39030569046502		0.838614106178284	7.52240616283498	3.67895790118181	2.04471112877332	0.00180540988461012	99.5851518933134
490	8.21100953750292		4.77456429000381		0.848338663578033	8.20945602337091	4.04760047214653	2.02822785496348	0.0018698369040546	99.5703796617803
485	9.01962349911561		5.22430230578487		0.855348587036133	9.0180699849836	4.46572905346093	2.01939479019548	0.00194338034798472	99.5535198374984
480	10.0332353261201		5.78757343878806		0.866066455841064	10.0316818119881	5.00951670493951	2.00252487472426	0.00202163126402324	99.5355839606308
475	11.5112896268547		6.61704314250491		0.879869520664215	11.5097361127227	5.81918174393927	1.9778959687434	0.00212481827568968	99.5119374262276
470	14.2729016910152		8.15536749182682		0.895019471645355	14.2713481768832	7.29620902644054	1.95599497289148	0.00218020052348429	99.4992482403839
465	15.0306269223625		8.54340925785441		0.910354375839233	15.0290734082304	7.77447486150683	1.9331303626233	0.00228642928255698	99.4749136251885
460	13.8784808722787		7.87208557401345		0.922647356987	13.8769273581467	7.26006255274025	1.91140603229499	0.00242653504457951	99.4428276528344
455	12.3376723139823		7.02538929321699		0.929956316947937	12.3361187998503	6.53018422734396	1.889092002672	0.00261974517647201	99.3985970916969
450	10.9562820509474		6.3101470450984		0.932973027229309	10.9547285368154	5.88406594197381	1.86176168738528	0.00276852056538961	99.3645521454988
445	8.71643306575679		5.09008627360633		0.935176968574524	8.71487955162478	4.75699300577323	1.83201437148386	0.00288327024941514	99.338301421072
440	7.84566406532996		4.62245790633426		0.939942717552185	7.84411055119795	4.34169120707965	1.80669471343498	0.00295470347501229	99.3219634936055
435	7.71980913419223		4.54764727186756		0.948230147361755	7.71825562006021	4.3090339910428	1.79118002691651	0.00308511729470359	99.2921426863927
430	8.23489522588405		4.82066486110867		0.960858643054962	8.23334171175203	4.62875286424201	1.77873866962226	0.00332361810239658	99.2376295486346
425	8.69175249944916		5.08027545089163		0.977734744548798	8.69019898531714	4.96388055134705	1.7506865637528	0.00364064864490519	99.1652135258632
420	8.18832426415607		4.83700989522304		0.992123365402222	8.18677075002406	4.79558097878443	1.70714889108164	0.00392000350250238	99.1014471701262
415	6.96900531883292		4.1927775271918		0.999114215373993	6.9674518047009	4.18571061114122	1.6645803907598	0.00414749291561375	99.0495500646874
410	6.03580725615554		3.70198061631113		1.00281167030334	6.03425374202353	3.70902393847189	1.62691151152549	0.00435564675935364	99.0020877889657
405	5.46032850845504		3.39638900620409		1.00957882404327	5.45877499432303	3.42553428156924	1.59355433215001	0.00457096184354747	98.9530165701675
400	5.37928703416949		3.36813258663926		1.02345275878906	5.37773352003748	3.44368988965728	1.56161956864608	0.00486486596197897	98.8860738346959
395	5.48602999761016		3.43385507539032		1.04821944236755	5.48447648347814	3.59591583742685	1.52519600887063	0.00512263112142036	98.8273997717324
390	5.53158787828749		3.44921235560239		1.08368313312531	5.53003436415548	3.73421642164182	1.48090890825339	0.00549618473840411	98.7424310196252
385	5.65467582701441		3.51050270447858		1.12599265575409	5.65312231288239	3.94902144218455	1.43152484625537	0.00593381162594135	98.6429810383172
380	5.74310793115324		3.55566064130986		1.17243885993958	5.74155441702122	4.16486001452933	1.37857080357839	0.00637534006712744	98.5427459411812
375	5.68658232102754		3.51828323911546		1.21915531158447	5.68502880689552	4.28524222454141	1.32665284924563	0.00687919164984982	98.4284867687125
370	5.65298300475554		3.50065325139294		1.25962615013123	5.65142949062353	4.40528708414728	1.28287427871854	0.0073671434301479	98.3179594967533
365	5.70411878580122		3.54062321461213		1.27197480201721	5.7025652716692	4.49931477661176	1.26742972092376	0.00802039818391084	98.1701832821388
360	5.92987999583662		3.69047958486295		1.25185632705688	5.92832648170461	4.61574899979101	1.28436933680168	0.00862690209127798	98.0331816702133
355	6.23936117135781		3.89180460725185		1.21720862388611	6.23780765722579	4.73305318940793	1.31792468996236	0.00923239165295037	97.8965998999071
350	6.52066847492126		4.07872877398541		1.1792927980423	6.51911496078924	4.80605777247522	1.35643707783225	0.00988602419532503	97.7493719760074
345	6.73475058832364		4.22881407123726		1.14527189731598	6.73319707419163	4.8392983927407	1.39135811180644	0.010683168868884	97.5701182046438
340	6.86967620301888		4.33461865577542		1.11531460285187	6.86812268888686	4.83072049896522	1.42175948502052	0.0115000130108066	97.3867756153026
335	6.85918411809987		4.36076602383501		1.09089875221252	6.85763060396785	4.75349316784877	1.44265077529739	0.0123928537531832	97.1867694737368
330	6.63680945590249		4.275256302497		1.06744050979614	6.63525594177048	4.55999944645014	1.45510016386863	0.0134153784310969	96.9582172395113
325	6.25577055605786		4.104540115435		1.03879284858704	6.25421704192585	4.26028073934529	1.46802932120548	0.0145869599686854	96.6970088206037
320	5.95631923401222		3.97686633908969		1.00754153728485	5.95476571988021	4.00347672467076	1.48739861110843	0.0158035592945017	96.4265082767998
315	5.85113687603407		3.95932585454064		0.978299379348755	5.84958336190206	3.87012286235936	1.51147226326969	0.0171808782121756	96.1211862303838
310	5.80241761353343		3.97522503538532		0.953616976737976	5.80086409940142	3.78764175023764	1.53152396185238	0.018675722906453	95.7909051649852
305	5.63722116888103		3.92046777974474		0.934748709201813	5.63566765474901	3.6615151884575	1.53916271398103	0.0203055712363534	95.4320885967137
300	5.30956275222153		3.76451464682298		0.921929001808167	5.30800923808952	3.4675212453324	1.53077915390845	0.0221262496937095	95.0328492375199
295	4.82678426049828		3.50003406316299		0.920162856578827	4.82523074636626	3.21751328354518	1.49967702419231	0.0240721315029014	94.6080014904965
290	4.21797709984501		3.14585681848446		0.925946474075317	4.216423585713	2.90978756111594	1.4490485979313	0.0263216783717318	94.1192204908085
285	3.57022192543136		2.7563300854218		0.924624860286713	3.56866841129935	2.54546828755544	1.40196930708044	0.0286042088442399	93.6258537954599
280	2.95368679117617		2.37854842311298		0.918464839458466	2.95213327704415	2.18153073597051	1.35323936920413	0.0308699821404746	93.1386669652901
275	2.39172392843142		2.02658788618926		0.889670491218567	2.39017041429941	1.80000971416503	1.32786528622049	0.0330552963151409	92.6711822774777
270	1.99793371149907		1.77918419455089		0.843315124511719	1.99638019736706	1.49758278270546	1.33306834214567	0.0351858835257834	92.2176639419884
265	1.7616543374432		1.62248721397585		0.793934762477875	1.76010082331118	1.28548456304353	1.36921194848419	0.0370022983009521	91.8327736649565
260	1.53910214839107		1.45289040435079		0.754058063030243	1.53754863425905	1.09303311213116	1.4066807466255	0.0389029279637059	91.4317583811783
255	1.23515028650745		1.19690669657238		0.730857133865356	1.23359677237544	0.872315047898581	1.414164269374	0.0406467197729422	91.0653749799696
250	0.876792410742116		0.877656766512588		0.716208219528198	0.875238896610102	0.626181401860949	1.3977401660429	0.0427499969920788	90.6254138865663
245	0.517017233651874		0.541210227329618		0.708019316196442	0.51546371951986	0.38081118871728	1.35359394574551	0.0454023690432256	90.0736228726229
240	0.249908440239818		0.276052837260595		0.70177036523819	0.248354926107804	0.191370565496561	1.29776972473997	0.0494559960898057	89.2368032188256
