Wavelength	I1	I1 dark	R1	R1dark	XCorrect	I1c	R1c	I1c/R1c	Abs	Percent T
nm	uA	uA	uA	uA		uA	uA	uA/uA	OD	T*100
	Abs Detector Raw	Dark Offset for Abs Detector	Ref Detector Raw	Dark Offset for Ref Detector	Linear interp	Dark subtracted Abs Detector	Corrected Ref Detector	Corrected Intensity 	-Log(T)	% Transmittance
600	2.69036486595882	0.00155243274259134	1.58444052101264	0.003355554067555	0.717130899429321	2.68881243321623	1.13384488441951	2.37141117816377	-3.6011692385974E-5	100.008292342402
595	2.8164647311776		1.65971078560445		0.719892263412476	2.81491229843501	1.19239731664619	2.36071673354013	-4.52807753329395E-5	100.010426827384
590	2.95730350136679		1.74363630406793		0.723316371440887	2.9557510686242	1.2587735573787	2.34811976411336	1.12783596175599E-5	99.9974030954473
585	3.07776082266281		1.81574849127978		0.726323843002319	3.07620838992022	1.31638420318625	2.33686212769372	-3.54089147595118E-5	100.008153536311
580	3.17423123365429		1.87385335677026		0.72833788394928	3.1726788009117	1.36235441155227	2.32882044056124	-2.68664866858308E-5	100.006186428526
575	3.2810283621338		1.93796352008831		0.73105776309967	3.27947592939121	1.41431017211394	2.31878126457186	-2.76921559401902E-5	100.00637655784
570	3.39913888412279		2.00864331472776		0.73466420173645	3.3975864513802	1.47321313193731	2.30624230651019	9.30652910430412E-6	99.9978571154418
565	3.51820678159624		2.08065804588532		0.738382756710052	3.51665434885365	1.53384434042906	2.29270614765898	-1.48840607340432E-5	100.003427240365
560	3.65411371464693		2.16147949697839		0.742404222488403	3.65256128190434	1.60220032787032	2.2797157249115	-2.26441944355614E-5	100.005214154387
555	3.80752398625073		2.25227742996519		0.747231364250183	3.80597155350814	1.68046496141907	2.26483243678832	-7.13142786097654E-6	100.001642085431
550	3.96730724366891		2.34649753701058		0.752462446689606	3.96575481092632	1.76312634942644	2.24927431446782	-1.04409523371512E-6	100.000240412101
545	4.14090851616859		2.44868227170969		0.757837355136871	4.139356083426	1.85315993214344	2.23367449923129	1.62729831871462E-5	99.9962530773484
540	4.31339769394615		2.54906539386717		0.763391971588135	4.31184526120356	1.94337445369594	2.2187413511602	-6.57548540099424E-6	100.001514072928
535	4.50100475252269		2.6581082987049		0.769757688045502	4.49945231978009	2.04351633504449	2.20181862147049	-1.36086800026532E-5	100.003133563466
530	4.73210456727308		2.79196921980087		0.776710212230682	4.73055213453049	2.16594471214111	2.1840595043879	2.51263464841535E-6	99.9994214461651
525	4.97644218958777		2.93257118212968		0.783903956413269	4.97488975684518	2.29622372002548	2.16655272457075	4.49314411302044E-5	99.9896546885089
520	5.2367469358621		3.08137284779486		0.791250944137573	5.23519450311951	2.43548408973351	2.14954986780158	5.24653323011016E-5	99.9879201404682
515	5.53899467513289		3.25343054119915		0.799825251102448	5.5374422423903	2.59949204268431	2.13020165150118	6.81976020835717E-5	99.9842981546752
510	5.83525188586317		3.42020738745657		0.809457659721375	5.83369945312058	2.76579688866976	2.10922916177202	7.58247369147219E-5	99.9825422331555
505	6.22154746049149		3.63742522838549		0.818737685680389	6.21999502774889	2.97534979475235	2.09050883318632	4.42854070204374E-5	99.9898034280815
500	6.66205126244226		3.88435181187147		0.828416645526886	6.66049882969967	3.21508190119232	2.07164204035661	1.13681638696543E-4	99.9738272609981
495	7.53680333902505		4.38071429401897		0.838614106178284	7.53525090628245	3.67091478712605	2.05269022661836	1.1395608526303E-4	99.9737640839003
490	8.22700099739996		4.7649797136261		0.848338663578033	8.22544856465737	4.03946987598077	2.03626931681481	1.51362555260979E-4	99.9651535564458
485	9.03446160940789		5.21155634148034		0.855348587036133	9.03290917666529	4.454827184514	2.02766769675505	1.67829471671443E-4	99.9613633019317
480	10.0577838562955		5.77768263316352		0.866066455841064	10.0562314235529	5.00095098825973	2.01086382313303	2.16889803325809E-4	99.9500717455072
475	11.5412427859147		6.6059886552444		0.879869520664215	11.5396903531721	5.80945562185415	1.98636345714766	2.69546616118212E-4	99.9379538545725
470	14.3149437318628		8.1436514616002		0.895019471645355	14.3133912991202	7.28572334219672	1.96458067742174	2.78066554418189E-4	99.9359933027252
465	15.0729421956309		8.52893964853723		0.910354375839233	15.0713897628883	7.76130278698583	1.94186339285204	3.28896703573756E-4	99.9242974042063
460	13.9105984014472		7.85367912389168		0.922647356987	13.9090459687047	7.24308029319098	1.92032193565218	4.05444481838916E-4	99.9066865221368
455	12.3729481341539		7.01148213506944		0.929956316947937	12.3713957014113	6.51725158397345	1.89825351100973	5.1864282749571E-4	99.8806493552847
450	10.9888244336299		6.29751013108639		0.932973027229309	10.9872720008873	5.87227644957047	1.87104134065264	6.09226072829157E-4	99.8598188583252
445	8.74384778244412		5.07938762252603		0.935176968574524	8.74229534970153	4.74698828216807	1.841650922658	6.04831543918481E-4	99.8608293226519
440	7.86943606230528		4.61174696155284		0.939942717552185	7.86788362956269	4.33162394309586	1.81638196965442	6.32295027978906E-4	99.8545146221529
435	7.73846321126613		4.53351927875995		0.948230147361755	7.73691077852354	4.29563781623795	1.80110873157817	6.84423521545239E-4	99.8425297748714
430	8.25779367305817		4.80626717806073		0.960858643054962	8.25624124031558	4.61491914574299	1.7890326958234	8.17487118283994E-4	99.8119436826662
425	8.72010502863274		5.06576676076405		0.977734744548798	8.71855259589015	4.94969532798037	1.76143217272478	9.83122750509441E-4	99.7738836500498
420	8.21852032848854		4.82392427271674		0.992123365402222	8.21696789574595	4.7825988602989	1.71809682052916	0.0011437696560499	99.7369837993177
415	6.9976100794608		4.18197417274278		0.999114215373993	6.99605764671821	4.17491726254486	1.67573563899892	0.00124676093578672	99.7133343583616
410	6.06537689959208		3.69434227893931		1.00281167030334	6.06382446684948	3.70136456263611	1.63826728338557	0.00133482048901106	99.6931180721979
405	5.48698964116101		3.38819428455715		1.00957882404327	5.48543720841842	3.41726150510381	1.60521435079689	0.00140480343225559	99.6770546497582
400	5.40852969030264		3.3605516284176		1.02345275878906	5.40697725756005	3.43593158408937	1.57365684538014	0.00153007319821424	99.6483075181048
395	5.52126850821154		3.42816424533493		1.04821944236755	5.51971607546894	3.58995105657584	1.53754633098919	0.0016200799936731	99.6276577151188
390	5.56963788790108		3.44351874112319		1.08368313312531	5.56808545515848	3.72804682101079	1.49356639615615	0.00179999649048846	99.5863932101115
385	5.70357149088153		3.50935449769606		1.12599265575409	5.70201905813894	3.94772906160729	1.4443795329301	0.00205137609758012	99.5287670009055
380	5.79468674930651		3.5537579606534		1.17243885993958	5.79313431656392	4.16262974990423	1.39170059904972	0.00225860232555777	99.4812875786745
375	5.74144089502708		3.51668678160231		1.21915531158447	5.73988846228449	4.28329642740459	1.34006332729171	0.00251116346398633	99.4234516999464
370	5.70879449867316		3.49814497259437		1.25962615013123	5.70724206593057	4.40212814077827	1.29647340636512	0.00278762834228289	99.3601804714256
365	5.76442187638057		3.53796584645869		1.27197480201721	5.76286944363798	4.49593522687221	1.2817954781006	0.00312555004124257	99.2828990341479
360	5.98742076709107		3.68193806512169		1.25185632705688	5.98586833434848	4.60505679106392	1.29984680014458	0.00342466130243614	99.2145435512642
355	6.30368821699921		3.88224340489748		1.21720862388611	6.30213578425661	4.72141574311723	1.33479789265407	0.00370747344428912	99.1499561694429
350	6.60168521287878		4.07370177449378		1.1792927980423	6.60013278013619	4.80012998328733	1.37499042799173	0.00398600195128399	99.086388160377
345	6.82497685749436		4.2239480177899		1.14527189731598	6.82342442475177	4.83372593872482	1.41162831969573	0.00440173075744946	98.9915830044019
340	6.96805936180545		4.32954060892071		1.11531460285187	6.96650692906286	4.82505736631723	1.44381846684242	0.00481355500373499	98.8977577016714
335	6.96111183741914		4.35359372039687		1.09089875221252	6.95955940467655	4.74566938747595	1.46650742739121	0.00526980034794632	98.7939158373322
330	6.7430193382906		4.26813519900983		1.06744050979614	6.74146690554801	4.55239855836539	1.48086043414631	0.00579413832182946	98.674710676699
325	6.36245958883468		4.09641690745965		1.03879284858704	6.36090715609209	4.25184286273168	1.49603533372477	0.00637983895292925	98.5417251355232
320	6.06776621598878		3.96992740967406		1.00754153728485	6.06621378324619	3.99648590514861	1.51788694548658	0.00699150505927465	98.403035352531
315	5.96640959530003		3.94995968392377		0.978299379348755	5.96485716255744	3.86096037077357	1.54491540698263	0.00767635585906829	98.24798321044
310	5.92576477124369		3.96527981203638		0.953616976737976	5.9242123385011	3.77815823294908	1.56801594142787	0.00844904528891928	98.073337462401
305	5.76698793594063		3.91067172753779		0.934748709201813	5.76543550319804	3.65235874959467	1.57855125919322	0.00933141633071409	97.8742807718755
300	5.44132190696849		3.75439614222474		0.921929001808167	5.4397694742259	3.45819310518167	1.57300917235509	0.0103075340408544	97.6545461466333
295	4.95438970188292		3.4889604926506		0.920162856578827	4.95283726914033	3.20732419719184	1.54422720143999	0.0113586711670705	97.41847545753
290	4.34202007664428		3.13788666959053		0.925946474075317	4.34046764390169	2.90240803429787	1.49547120618818	0.0126265738381889	97.1344814755159
285	3.68395402702769		2.74957470703082		0.924624860286713	3.6824015942851	2.53922250062535	1.45020831903396	0.0139123225891017	96.8473356478712
280	3.05235704957096		2.37145257963547		0.918464839458466	3.05080461682837	2.17501385441031	1.40265985462217	0.0152922389089376	96.5401037231647
275	2.47593675158125		2.01994326585449		0.889670491218567	2.47438431883866	1.79409858013081	1.37917968736047	0.0165884615898601	96.252393617852
270	2.07155252346077		1.77277703759407		0.843315124511719	2.07000009071817	1.49217989869387	1.38723225834236	0.0178891191761374	95.9645609792169
265	1.82952154664467		1.61613559290748		0.793934762477875	1.82796911390208	1.28044213706543	1.4276077465644	0.0188640827890845	95.7493682535598
260	1.6015577719208		1.44742246980232		0.754058063030243	1.60000533917821	1.08891030136502	1.46936376409747	0.0199691457055736	95.5060435534529
255	1.28915631961685		1.1939932340596		0.730857133865356	1.28760388687426	0.870186042271087	1.47968804867722	0.0209764137687608	95.2847911125766
250	0.917071543576774		0.875480488139936		0.716208219528198	0.915519110834183	0.624623046238127	1.4657145879391	0.0221270320947581	95.0326780317206
245	0.543236392177479		0.540962465489788		0.708019316196442	0.541683959434888	0.38063607780765	1.42310198905691	0.0236547466001785	94.6989695650513
240	0.26333351030031		0.275721806530716		0.70177036523819	0.261781077557719	0.19113856446963	1.36958796506664	0.0260637034230762	94.1751447885039
