300	1.95324E5	1.48401E5	1.75751E5	2.68522E6	3.59627E5	2.51035E5	1.83547E7	6.68297E4	9750.01083	5939.60083	4291.54963	2930.90244	2664.74047	2080.69479	1585.705	1498.21289	1673.14234	1215.42354	1143.8059	941.0024	1472.39153	1018.89214
302	2.0914E5	1.44927E5	1.75992E5	1.79895E6	6.83575E5	1.90363E5	1.60709E7	7.3403E5	1.23737E4	6431.9001	4353.62998	3465.49887	2745.33762	2274.88006	2155.59116	1663.46584	1637.43292	1585.07986	1074.32653	1150.561	1104.44413	967.68373
304	2.17274E5	1.4927E5	1.86017E5	1.03722E6	1.27325E6	1.88979E5	1.01556E7	3.2269E6	1.34888E4	7091.6689	5065.78531	3067.61401	2402.19516	2247.53237	2000.04289	1842.37397	1505.54348	1420.29151	1127.21078	1034.55189	1091.80116	995.65564
306	2.16413E5	1.58569E5	1.94798E5	5.45967E5	2.02656E6	1.9147E5	4.36094E6	8.42955E6	1.70977E4	6777.33616	5323.90076	3561.49283	2768.61534	2583.60427	1925.31379	1195.1689	1279.4228	1150.80598	1134.83326	992.3729	1091.45425	887.79285
308	2.59853E5	1.75492E5	2.05691E5	3.41243E5	2.68755E6	1.97015E5	1.11005E6	1.48215E7	2.21988E4	8530.38889	5345.62658	3272.816	3021.42362	2570.55166	2084.05816	1674.38259	1591.46522	1160.46853	1499.07141	910.08378	1282.93906	1052.01055
310	2.6389E5	1.85008E5	2.08431E5	2.84113E5	2.86381E6	2.17247E5	2.12967E5	1.81627E7	6.29471E4	8389.63384	4900.2511	3634.19358	2990.06938	2344.10323	1989.22009	1513.08524	1040.78658	1180.24876	1063.68832	1136.9902	1246.73717	780.60934
312	2.48163E5	1.89172E5	2.14183E5	2.83713E5	2.47382E6	3.08729E5	1.37833E5	1.62697E7	6.80114E5	9636.07899	5517.64505	4188.3439	3042.92591	1998.51362	1919.5979	1760.08172	1317.95896	1037.89318	985.32646	762.91811	1367.92872	904.40895
314	2.64944E5	2.16239E5	2.33465E5	2.88583E5	1.72347E6	5.68426E5	1.28445E5	9.97092E6	3.33248E6	1.19354E4	6092.74717	4289.88197	2845.64083	2068.46933	1861.99859	1561.08745	1429.66705	961.01427	1004.86246	1271.90196	1111.35102	977.63048
316	2.96069E5	2.19211E5	2.47772E5	2.92838E5	1.01728E6	1.05521E6	1.29563E5	4.01889E6	8.3519E6	1.39784E4	6331.2831	3654.41234	2769.48181	2711.36749	2150.72983	1370.56116	1608.89351	1210.66229	1025.39939	1056.53483	1219.22475	1253.1516
318	2.92441E5	2.34216E5	2.63309E5	3.05636E5	5.92131E5	1.70261E6	1.31376E5	9.86954E5	1.37913E7	1.89338E4	7021.36567	4609.02816	3365.67435	2707.269	2092.17304	1829.62503	1375.97153	1197.18571	1195.4694	1173.59407	1158.58769	776.03226
320	3.07868E5	2.49939E5	2.67834E5	3.131E5	4.19203E5	2.25834E6	1.35889E5	1.70006E5	1.58031E7	5.77664E4	7362.17446	4424.15989	3046.55348	2945.76256	1926.98651	1593.81162	1413.51305	1103.78745	1263.54906	1123.23834	1082.37224	846.50203
322	3.21274E5	2.47694E5	2.71893E5	3.17907E5	3.70225E5	2.38271E6	1.44346E5	1.15278E5	1.32486E7	6.1498E5	8396.01825	5033.73358	3284.91165	2565.90925	1824.39143	1417.1194	1287.05362	975.86661	1096.5755	998.24267	1104.63367	733.00661
324	3.32078E5	2.72446E5	2.92845E5	3.21321E5	3.58108E5	2.07153E6	2.19952E5	1.0383E5	7.96644E6	2.67342E6	9298.77903	5180.87225	3623.47576	2397.73399	2001.75263	1563.80077	1399.69729	1255.08264	1108.92244	1080.08755	1004.60288	841.67932
326	3.59195E5	2.8453E5	2.95168E5	3.37511E5	3.63428E5	1.49205E6	4.04515E5	1.04246E5	3.24186E6	6.62438E6	1.19899E4	5203.36097	3298.62434	2467.87932	1958.94433	1669.92417	1459.2818	1378.75242	1163.31889	1280.76514	1111.1422	1068.99184
328	4.01864E5	3.03693E5	3.01734E5	3.54975E5	3.6944E5	9.46302E5	7.68749E5	1.03965E5	8.49184E5	1.07407E7	1.7239E4	5245.07186	3755.9338	2614.57884	1717.61102	1684.56993	1323.3459	1207.46121	822.47133	1050.878	796.40788	958.49299
330	3.88533E5	3.05885E5	3.18303E5	3.53407E5	3.72761E5	5.68983E5	1.29856E6	1.12464E5	1.55914E5	1.28289E7	4.2984E4	6441.86952	3783.27565	3036.78602	1924.13865	1531.65464	1456.63446	930.91895	935.12796	988.75972	893.53888	713.34884
332	4.18193E5	3.15513E5	3.25956E5	3.6529E5	3.7374E5	4.03552E5	1.74594E6	1.14685E5	1.01737E5	1.13457E7	4.40337E5	6619.55668	3989.97033	2769.54167	2065.9324	1467.91479	1062.79006	988.36465	1055.82341	1064.97746	1009.94366	771.21429
334	4.67572E5	3.30451E5	3.31734E5	3.65657E5	3.79728E5	3.47251E5	1.9449E6	1.27381E5	9.4544E4	7.21662E6	2.08182E6	7732.75689	4015.14067	2958.37807	1895.50235	1468.69098	1351.71695	1055.91657	1271.44209	822.563	1102.54577	736.06943
336	4.58019E5	3.68202E5	3.47942E5	3.80802E5	3.85432E5	3.38719E5	1.79998E6	1.78712E5	9.6336E4	3.09021E6	5.49015E6	9579.95031	4704.24331	3133.02964	1808.51658	1590.72182	1228.2364	1115.6209	1202.58268	763.1778	928.60948	868.05252
338	4.64419E5	3.60375E5	3.47579E5	3.67567E5	3.95747E5	3.32727E5	1.37585E6	3.03453E5	1.0196E5	8.71016E5	9.16149E6	1.53917E4	4110.31006	2649.36535	2209.87199	1611.37965	1277.63476	1104.25187	892.38746	700.46594	1008.71819	939.81262
340	4.94101E5	3.59238E5	3.42299E5	3.75404E5	4.02732E5	3.42776E5	8.83043E5	5.79792E5	1.05007E5	1.54813E5	1.10254E7	3.68419E4	5308.47976	3167.39658	2466.20326	1623.46437	1270.88929	942.29361	844.52004	777.7303	928.42089	824.61207
342	5.21921E5	3.63915E5	3.52351E5	3.79719E5	3.98192E5	3.43739E5	5.42284E5	9.60826E5	1.10313E5	9.48826E4	9.88864E6	3.80753E5	5571.77468	3378.12183	2462.76227	1590.08041	1331.74358	1010.34825	964.57996	741.77617	1041.90923	856.40094
344	5.21933E5	3.89984E5	3.60691E5	3.80122E5	4.02109E5	3.49846E5	3.51592E5	1.36453E6	1.16624E5	8.89291E4	6.11167E6	1.9358E6	6197.59567	3101.29964	2044.34958	1756.82489	1442.77584	1066.54368	834.51904	822.98737	856.09944	812.94656
346	5.35075E5	4.07797E5	3.71017E5	3.74707E5	4.00184E5	3.53527E5	2.95982E5	1.58873E6	1.31947E5	9.20778E4	2.56495E6	4.80171E6	8286.7016	3492.35246	2333.38944	1750.30519	1378.96602	1198.74641	1027.62512	801.20047	909.19571	814.61962
348	5.68604E5	4.07159E5	3.77853E5	3.74533E5	4.08003E5	3.62036E5	2.80876E5	1.52557E6	1.71899E5	9.87111E4	6.39568E5	7.91871E6	1.22058E4	3687.04746	2473.17892	1637.7514	1175.3122	962.99482	902.85509	698.5312	704.31459	684.23247
350	5.67078E5	4.15759E5	3.8781E5	3.85346E5	3.98334E5	3.68505E5	2.91577E5	1.23265E6	2.60741E5	1.09535E5	1.32316E5	9.24197E6	2.68308E4	4274.01928	2472.98151	1738.46184	1350.28045	1218.99578	923.81643	753.50105	732.21136	851.08201
352	5.82501E5	4.48288E5	3.9387E5	3.89325E5	4.00393E5	3.75226E5	2.98976E5	8.4277E5	4.56672E5	1.1654E5	8.98753E4	7.90593E6	3.01784E5	4699.21834	2205.50988	1852.52071	1286.75713	1138.15526	873.86025	872.48111	971.63961	856.97189
354	5.71408E5	4.5811E5	3.90836E5	3.85345E5	4.08389E5	3.74731E5	3.05801E5	5.3618E5	7.4067E5	1.26203E5	8.65889E4	4.98877E6	1.41678E6	5776.18512	2530.10489	1971.67064	1172.38056	816.11039	916.29955	839.92709	661.99143	501.90046
356	5.75327E5	4.57692E5	4.01085E5	3.96209E5	4.07977E5	3.84501E5	3.15018E5	3.70425E5	1.06244E6	1.38303E5	9.20557E4	2.05047E6	3.81664E6	6939.07846	2638.01305	1858.80023	1408.05508	1032.69097	930.035	727.73721	688.57286	771.3185
358	6.29272E5	4.73896E5	4.00929E5	4.05006E5	4.11245E5	3.90514E5	3.26522E5	3.07427E5	1.26284E6	1.52652E5	9.99551E4	5.47519E5	6.56488E6	1.07078E4	2798.1334	1790.27328	1462.19627	1008.36904	951.61324	677.73555	821.58783	652.75823
360	6.35458E5	4.95153E5	4.23995E5	4.01539E5	4.1482E5	4.01236E5	3.43166E5	2.96778E5	1.28454E6	1.77557E5	1.0876E5	1.19708E5	7.98315E6	2.4435E4	3510.48931	1967.57467	1585.31502	908.76087	804.46188	909.56912	800.55464	752.28196
362	6.58304E5	5.08669E5	4.33333E5	4.04207E5	4.07521E5	4.06517E5	3.51582E5	3.06352E5	1.11812E6	2.33346E5	1.17729E5	8.26863E4	7.27544E6	2.49522E5	4121.0719	1914.87739	1697.48129	1095.39589	985.14682	770.44601	734.7765	789.48372
364	6.62207E5	5.32295E5	4.46243E5	4.05816E5	4.17887E5	4.13976E5	3.63873E5	3.17845E5	8.36862E5	3.49038E5	1.28864E5	8.18192E4	4.71278E6	1.30073E6	4675.25631	2261.18483	1432.82356	992.21007	988.40408	865.94166	850.30377	769.98067
366	6.89023E5	5.52231E5	4.61541E5	4.26999E5	4.20251E5	4.13408E5	3.77136E5	3.30863E5	5.74743E5	5.58446E5	1.37389E5	8.55305E4	1.95635E6	3.61404E6	6298.85638	2349.05736	1653.70003	1034.32168	1064.07066	886.00324	868.39713	755.75531
368	6.71256E5	5.62976E5	4.6996E5	4.2786E5	4.32165E5	4.22113E5	3.87418E5	3.44275E5	4.15713E5	8.0322E5	1.49706E5	9.35602E4	5.37217E5	6.02289E6	9545.59213	2759.49182	1406.15306	1201.85323	755.15516	726.66619	774.13905	739.74542
370	7.33695E5	5.8959E5	4.87553E5	4.39963E5	4.31076E5	4.2589E5	3.96549E5	3.62318E5	3.49096E5	1.03017E6	1.63536E5	1.02476E5	1.04978E5	7.25394E6	2.24514E4	2916.0939	1516.43866	1262.56272	917.09031	791.63509	763.39262	679.54741
372	7.35275E5	6.06698E5	4.92885E5	4.42811E5	4.34578E5	4.42386E5	4.16453E5	3.74035E5	3.36877E5	1.09726E6	1.86976E5	1.09937E5	7.59233E4	6.3349E6	2.53385E5	3319.6055	1880.61025	1148.84809	961.94412	827.11718	765.98943	592.69902
374	7.16107E5	6.25E5	5.08829E5	4.5597E5	4.46503E5	4.46715E5	4.2377E5	3.84474E5	3.42886E5	1.00845E6	2.26861E5	1.20993E5	7.16763E4	3.92577E6	1.24539E6	4078.43797	1731.33728	1403.4882	1164.60763	838.83845	872.4243	795.34226
376	7.79823E5	6.34036E5	5.18699E5	4.62338E5	4.50527E5	4.50537E5	4.35239E5	4.00426E5	3.50779E5	8.15632E5	3.14377E5	1.30605E5	7.59123E4	1.65593E6	3.20736E6	5758.66783	2189.95263	1357.23213	1082.57072	743.2251	685.46861	763.39767
378	7.7587E5	6.57635E5	5.55514E5	4.70353E5	4.5405E5	4.56187E5	4.48969E5	4.16742E5	3.66898E5	6.02521E5	4.6646E5	1.39838E5	8.16612E4	4.20964E5	5.29377E6	8205.28798	2403.66999	1456.3545	1015.65893	873.77699	727.63282	772.83145
380	8.10574E5	6.94955E5	5.58934E5	4.79985E5	4.62772E5	4.66686E5	4.57269E5	4.27751E5	3.80845E5	4.54637E5	6.5476E5	1.52018E5	9.07368E4	9.2864E4	6.31663E6	1.85515E4	2481.52872	1272.12307	1147.51751	755.50977	802.01281	821.28191
382	8.22171E5	7.12643E5	5.85054E5	4.94938E5	4.78976E5	4.82306E5	4.73702E5	4.46109E5	3.96521E5	3.84014E5	8.37803E5	1.64976E5	1.0081E5	7.0091E4	5.54076E6	1.83819E5	3075.55227	1547.58629	1207.29569	769.65898	888.42866	697.93921
384	8.57021E5	7.37187E5	5.84848E5	5.07691E5	4.82668E5	4.90195E5	4.84362E5	4.65288E5	4.08445E5	3.65966E5	9.42808E5	1.81927E5	1.11322E5	6.89458E4	3.57563E6	9.61667E5	4078.82109	1584.79251	1267.34889	944.31886	818.78473	773.10854
386	8.81154E5	7.56624E5	6.19136E5	5.19496E5	4.92779E5	5.04604E5	4.90839E5	4.76281E5	4.25537E5	3.67784E5	9.33186E5	2.15333E5	1.19056E5	7.17659E4	1.50828E6	2.6974E6	5322.58977	1778.48135	1214.89919	1112.19473	710.1654	661.45033
388	9.17136E5	7.97153E5	6.4966E5	5.355E5	5.10393E5	5.13345E5	5.05688E5	4.88114E5	4.36785E5	3.79216E5	8.18197E5	2.69359E5	1.30945E5	7.86517E4	4.20091E5	4.62679E6	8154.95687	1898.83261	1145.68578	1187.63221	944.83564	789.42369
390	9.20947E5	7.97129E5	6.62327E5	5.46715E5	5.17557E5	5.27142E5	5.19603E5	5.04926E5	4.52111E5	3.90628E5	6.4894E5	3.764E5	1.42277E5	8.61872E4	9.01146E4	5.73303E6	1.77952E4	2280.47735	1311.46337	1519.10056	942.40993	778.77799
392	9.29395E5	8.38222E5	6.78815E5	5.58824E5	5.31967E5	5.29827E5	5.31599E5	5.16972E5	4.69885E5	3.98975E5	5.00201E5	5.28853E5	1.55736E5	9.48831E4	6.49809E4	5.2572E6	2.29255E5	2848.58947	1499.18819	1113.31864	1004.77585	817.89643
394	9.7655E5	8.66723E5	6.96247E5	5.80947E5	5.39139E5	5.46342E5	5.44194E5	5.2763E5	4.81974E5	4.14003E5	4.13911E5	6.89779E5	1.67183E5	1.06698E5	6.37457E4	3.60937E6	1.06768E6	3805.29292	1513.27253	1314.15271	986.31379	928.15549
396	9.91859E5	8.76183E5	7.16719E5	5.92899E5	5.51592E5	5.53871E5	5.53315E5	5.41491E5	4.87761E5	4.27254E5	3.80844E5	8.14473E5	1.82426E5	1.13431E5	6.54896E4	1.58306E6	2.82365E6	4440.6704	1606.03425	1218.74787	1067.82036	776.36217
398	1.02121E6	8.98878E5	7.3771E5	6.1646E5	5.69352E5	5.66636E5	5.60817E5	5.51972E5	5.09016E5	4.40487E5	3.79312E5	8.48232E5	2.06207E5	1.24809E5	7.08915E4	4.38681E5	4.65822E6	7062.72856	1977.25122	1255.99312	1204.66419	841.8874
400	1.0671E6	9.45321E5	7.56163E5	6.29524E5	5.72552E5	5.75669E5	5.75067E5	5.6444E5	5.16361E5	4.56435E5	3.90832E5	7.83721E5	2.45003E5	1.3555E5	7.67489E4	8.66828E4	5.51962E6	1.56439E4	2142.47574	1356.9569	1132.49709	945.36402
402	1.06431E6	9.61661E5	7.72353E5	6.46897E5	5.92218E5	5.9442E5	5.90547E5	5.78446E5	5.30017E5	4.67571E5	4.00552E5	6.56428E5	3.1613E5	1.48158E5	8.39506E4	5.77448E4	4.7954E6	1.67573E5	2790.91351	1180.62863	1198.10393	827.62515
404	1.0873E6	9.80811E5	7.96601E5	6.65394E5	6.11596E5	5.99874E5	5.97395E5	5.84768E5	5.44072E5	4.83028E5	4.10364E5	5.23738E5	4.24721E5	1.60048E5	9.38641E4	5.61815E4	3.04242E6	9.07628E5	3568.52658	1602.61224	1052.19057	853.93973
406	1.07684E6	9.85614E5	8.26312E5	6.79699E5	6.20366E5	6.05623E5	6.07233E5	5.87932E5	5.52353E5	4.92712E5	4.25423E5	4.3482E5	5.62588E5	1.73273E5	1.03279E5	5.73593E4	1.2942E6	2.39038E6	4286.5319	1595.70671	1056.39871	1063.85057
408	1.14686E6	1.01682E6	8.40785E5	6.99459E5	6.38189E5	6.25068E5	6.22171E5	5.957E5	5.62125E5	5.05479E5	4.35707E5	3.95245E5	6.85007E5	1.84901E5	1.11226E5	6.23668E4	3.38698E5	4.16112E6	6717.03031	1881.75102	1197.03832	1097.42831
410	1.14451E6	1.06066E6	8.5968E5	7.16272E5	6.4748E5	6.32979E5	6.18005E5	6.08499E5	5.75744E5	5.19234E5	4.48549E5	3.83401E5	7.56735E5	2.03792E5	1.18387E5	6.66698E4	7.24326E4	4.9844E6	1.34363E4	2208.45877	1281.23052	1074.94232
412	1.15799E6	1.05282E6	8.7899E5	7.32539E5	6.65702E5	6.37178E5	6.28671E5	6.10759E5	5.80115E5	5.26897E5	4.59554E5	3.84098E5	7.46939E5	2.295E5	1.29678E5	7.34208E4	5.60366E4	4.34506E6	1.30875E5	2513.43793	1181.22337	1114.55792
414	1.17254E6	1.08111E6	9.0353E5	7.41707E5	6.69752E5	6.37826E5	6.29724E5	6.19231E5	5.88473E5	5.34697E5	4.68994E5	3.96115E5	6.65431E5	2.76246E5	1.37193E5	8.04319E4	5.43281E4	2.79324E6	7.11208E5	3402.36467	1424.23574	1109.45917
416	1.15895E6	1.09014E6	9.11828E5	7.60182E5	6.69579E5	6.45182E5	6.28819E5	6.249E5	5.9133E5	5.43778E5	4.81115E5	4.01476E5	5.58814E5	3.50483E5	1.46229E5	8.78997E4	5.56456E4	1.18191E6	2.0503E6	4598.81421	1706.90474	1193.75293
418	1.19529E6	1.11507E6	9.40763E5	7.79377E5	6.85281E5	6.45355E5	6.44657E5	6.28584E5	5.97631E5	5.52565E5	4.8998E5	4.10621E5	4.62009E5	4.60665E5	1.56222E5	9.50123E4	5.67427E4	3.12542E5	3.69329E6	7409.52246	1612.98588	928.07683
420	1.21613E6	1.13341E6	9.46807E5	7.82025E5	6.92653E5	6.57549E5	6.46747E5	6.33317E5	6.06862E5	5.5954E5	4.97614E5	4.23417E5	4.0213E5	5.71634E5	1.67786E5	1.01266E5	6.11347E4	6.42627E4	4.69008E6	1.44584E4	2162.56366	1185.7629
422	1.23267E6	1.13407E6	9.58131E5	8.04347E5	7.0091E5	6.55268E5	6.39329E5	6.29404E5	6.03823E5	5.66268E5	5.06684E5	4.33426E5	3.78692E5	6.58137E5	1.79425E5	1.08296E5	6.80264E4	4.59861E4	4.19339E6	1.5882E5	2429.57329	1288.39895
424	1.21311E6	1.14078E6	9.89594E5	8.09572E5	7.05671E5	6.6048E5	6.40923E5	6.3524E5	6.1089E5	5.68558E5	5.10861E5	4.39689E5	3.73952E5	6.83884E5	1.96866E5	1.16799E5	7.61928E4	4.54107E4	2.71278E6	7.77172E5	3311.93433	1343.25086
426	1.18325E6	1.17243E6	9.87694E5	8.1716E5	7.13792E5	6.67835E5	6.40146E5	6.37896E5	6.1088E5	5.73379E5	5.20583E5	4.46059E5	3.81261E5	6.4228E5	2.27821E5	1.25175E5	8.12612E4	4.57704E4	1.10902E6	2.16189E6	4596.01309	1684.04262
428	1.24863E6	1.15982E6	9.87317E5	8.35786E5	7.20266E5	6.67617E5	6.44186E5	6.38346E5	6.10112E5	5.77883E5	5.23399E5	4.59815E5	3.84747E5	5.57623E5	2.79225E5	1.33016E5	8.83706E4	4.79728E4	2.77965E5	3.70631E6	6569.16565	1783.92247
430	1.25486E6	1.17846E6	1.01535E6	8.43149E5	7.25475E5	6.64113E5	6.42086E5	6.31271E5	6.15438E5	5.82283E5	5.29779E5	4.60618E5	3.94466E5	4.69044E5	3.54568E5	1.42253E5	9.37233E4	5.15567E4	5.7407E4	4.37302E6	1.35171E4	1761.81021
432	1.24036E6	1.21186E6	1.01967E6	8.54841E5	7.37923E5	6.7099E5	6.44552E5	6.34608E5	6.16085E5	5.81492E5	5.40406E5	4.72416E5	3.99591E5	4.03596E5	4.43368E5	1.51048E5	1.03054E5	5.59531E4	4.21239E4	3.74599E6	1.42123E5	2250.57968
434	1.26485E6	1.18691E6	1.0423E6	8.71294E5	7.46173E5	6.74402E5	6.44173E5	6.33671E5	6.14037E5	5.84134E5	5.41046E5	4.75149E5	4.08138E5	3.66984E5	5.21201E5	1.5912E5	1.09324E5	6.03074E4	4.17961E4	2.28625E6	7.34296E5	2993.53883
436	1.25707E6	1.19553E6	1.04188E6	8.75125E5	7.46419E5	6.68303E5	6.39799E5	6.32063E5	6.18669E5	5.89103E5	5.43413E5	4.80238E5	4.14348E5	3.55998E5	5.70055E5	1.71419E5	1.15651E5	6.72874E4	4.25516E4	9.382E5	1.95537E6	4060.75456
438	1.26071E6	1.20988E6	1.0461E6	8.85318E5	7.48471E5	6.76863E5	6.30268E5	6.29367E5	6.15335E5	5.83391E5	5.42408E5	4.83698E5	4.19727E5	3.56263E5	5.67248E5	1.87141E5	1.23227E5	7.31345E4	4.44036E4	2.44993E5	3.39513E6	5737.65345
440	1.2212E6	1.2275E6	1.04498E6	8.82414E5	7.46475E5	6.75981E5	6.29677E5	6.23472E5	6.06927E5	5.87785E5	5.44868E5	4.89207E5	4.26192E5	3.58956E5	5.18539E5	2.20057E5	1.30762E5	7.83814E4	4.70146E4	5.19658E4	4.16675E6	1.04321E4
442	1.2446E6	1.1944E6	1.0581E6	8.92112E5	7.60735E5	6.67715E5	6.33198E5	6.17439E5	5.99644E5	5.81655E5	5.44984E5	4.89078E5	4.28925E5	3.6342E5	4.51597E5	2.67415E5	1.36949E5	8.31075E4	5.09342E4	3.97171E4	3.71796E6	8.85227E4
444	1.25886E6	1.19442E6	1.06465E6	8.99151E5	7.57487E5	6.64541E5	6.2896E5	6.2091E5	6.00951E5	5.77646E5	5.48011E5	4.92648E5	4.35299E5	3.70364E5	3.82102E5	3.30374E5	1.41774E5	8.91634E4	5.44546E4	3.85687E4	2.38659E6	5.14913E5
446	1.2579E6	1.19776E6	1.05601E6	8.96354E5	7.52719E5	6.65762E5	6.26147E5	6.11492E5	6.00238E5	5.79751E5	5.46634E5	4.9725E5	4.39082E5	3.71182E5	3.37156E5	3.98803E5	1.48584E5	9.46016E4	6.03327E4	3.97583E4	9.83327E5	1.59609E6
448	1.22887E6	1.20925E6	1.06437E6	9.0451E5	7.53941E5	6.73124E5	6.21579E5	6.05866E5	5.9587E5	5.76457E5	5.42799E5	4.96849E5	4.43647E5	3.81853E5	3.14709E5	4.58107E5	1.57561E5	1.00244E5	6.44412E4	4.15606E4	2.51346E5	2.99294E6
450	1.26697E6	1.18508E6	1.0627E6	9.0995E5	7.55295E5	6.55089E5	6.23271E5	5.9854E5	5.89864E5	5.72252E5	5.43179E5	4.9886E5	4.45399E5	3.88218E5	3.09677E5	4.83089E5	1.69812E5	1.05701E5	7.03472E4	4.46427E4	5.07151E4	3.90046E6
452	1.21627E6	1.19392E6	1.05984E6	9.17895E5	7.55876E5	6.58766E5	6.14886E5	5.93102E5	5.83969E5	5.67737E5	5.43523E5	4.97282E5	4.4738E5	3.89791E5	3.08226E5	4.7464E5	1.89083E5	1.11798E5	7.39252E4	4.69359E4	3.6518E4	3.56735E6
454	1.20015E6	1.16422E6	1.06971E6	9.03055E5	7.59167E5	6.6075E5	6.1314E5	5.8796E5	5.81461E5	5.64126E5	5.36842E5	4.95057E5	4.5006E5	3.91528E5	3.13602E5	4.24815E5	2.21438E5	1.17074E5	7.89408E4	5.0098E4	3.56598E4	2.30488E6
456	1.22616E6	1.16968E6	1.0551E6	9.08525E5	7.54849E5	6.57445E5	6.00316E5	5.84029E5	5.76335E5	5.5876E5	5.33568E5	4.93739E5	4.49864E5	3.96757E5	3.18384E5	3.70378E5	2.66445E5	1.22135E5	8.20042E4	5.46675E4	3.63141E4	9.32597E5
458	1.19779E6	1.17163E6	1.06633E6	9.03377E5	7.50136E5	6.50601E5	5.93695E5	5.74814E5	5.6381E5	5.53805E5	5.31452E5	4.93585E5	4.48319E5	3.99134E5	3.20677E5	3.19067E5	3.20163E5	1.28478E5	8.78224E4	5.78677E4	3.72715E4	2.35673E5
460	1.18729E6	1.1548E6	1.05532E6	9.01636E5	7.489E5	6.38204E5	5.90528E5	5.70292E5	5.61622E5	5.46657E5	5.25691E5	4.92134E5	4.50073E5	3.98321E5	3.18925E5	2.81874E5	3.75172E5	1.32669E5	9.39901E4	6.28301E4	3.91146E4	4.70752E4
462	1.17863E6	1.14985E6	1.04312E6	8.93278E5	7.44679E5	6.39352E5	5.85276E5	5.64945E5	5.50348E5	5.43609E5	5.22182E5	4.90798E5	4.45814E5	4.02032E5	3.24897E5	2.67663E5	4.10314E5	1.40239E5	9.70623E4	6.74584E4	4.14887E4	3.26884E4
464	1.18359E6	1.14507E6	1.05201E6	9.05436E5	7.42251E5	6.4375E5	5.83073E5	5.56022E5	5.44215E5	5.32924E5	5.1578E5	4.83601E5	4.41957E5	3.98904E5	3.27986E5	2.60662E5	4.19481E5	1.50971E5	1.02493E5	7.09021E4	4.36834E4	3.15063E4
466	1.18365E6	1.13158E6	1.0353E6	8.95373E5	7.44217E5	6.33593E5	5.70543E5	5.47496E5	5.3824E5	5.27072E5	5.12812E5	4.80327E5	4.42429E5	4.03245E5	3.28951E5	2.63279E5	3.9298E5	1.70881E5	1.06057E5	7.26496E4	4.6429E4	3.21121E4
468	1.27489E6	1.13384E6	1.03561E6	8.81856E5	7.31815E5	6.3265E5	5.66475E5	5.44317E5	5.2958E5	5.24365E5	5.05659E5	4.72071E5	4.41173E5	4.01643E5	3.29589E5	2.66429E5	3.47524E5	2.00312E5	1.08739E5	7.80366E4	5.04293E4	3.29456E4
470	1.62405E6	1.10655E6	1.02828E6	8.96574E5	7.31933E5	6.27675E5	5.61282E5	5.35273E5	5.26941E5	5.10306E5	4.98877E5	4.70676E5	4.35888E5	4.00226E5	3.32947E5	2.65297E5	2.99839E5	2.3889E5	1.13334E5	8.12056E4	5.32384E4	3.41862E4
472	2.51453E6	1.08678E6	1.00288E6	8.78826E5	7.40315E5	6.12343E5	5.54586E5	5.26894E5	5.17629E5	5.04796E5	4.93104E5	4.65554E5	4.38424E5	3.9906E5	3.34203E5	2.67086E5	2.63067E5	2.84751E5	1.18214E5	8.24811E4	5.71753E4	3.61193E4
474	3.98235E6	1.1118E6	1.00827E6	8.70074E5	7.25787E5	6.08709E5	5.49142E5	5.2254E5	5.13096E5	4.99654E5	4.83171E5	4.58534E5	4.37368E5	3.98939E5	3.32581E5	2.67224E5	2.39823E5	3.24125E5	1.19598E5	8.73544E4	5.94667E4	3.79123E4
476	6.06548E6	1.06778E6	1.00453E6	8.73854E5	7.22077E5	6.06935E5	5.41409E5	5.09972E5	5.01917E5	4.94524E5	4.74205E5	4.55402E5	4.28773E5	3.97629E5	3.3191E5	2.69801E5	2.28057E5	3.51277E5	1.26135E5	9.01582E4	6.22769E4	4.02961E4
478	8.6063E6	1.06546E6	9.69879E5	8.53268E5	7.10974E5	6.04634E5	5.31972E5	5.00371E5	4.94137E5	4.8106E5	4.70985E5	4.47956E5	4.19855E5	3.95228E5	3.29601E5	2.6896E5	2.21902E5	3.5066E5	1.3782E5	9.32767E4	6.4328E4	4.22966E4
480	1.09825E7	1.02807E6	9.64677E5	8.51006E5	7.04424E5	5.91763E5	5.27419E5	4.98785E5	4.818E5	4.7291E5	4.61053E5	4.39247E5	4.17563E5	3.88001E5	3.28462E5	2.67788E5	2.22688E5	3.26551E5	1.56391E5	9.51085E4	6.78556E4	4.54219E4
482	1.21666E7	1.0648E6	9.46076E5	8.38644E5	6.98728E5	5.83456E5	5.21718E5	4.85854E5	4.73656E5	4.66134E5	4.51842E5	4.33014E5	4.12512E5	3.84949E5	3.2822E5	2.68295E5	2.24897E5	2.8555E5	1.81727E5	9.70493E4	6.92854E4	4.81514E4
484	1.16249E7	1.02839E6	9.54424E5	8.28411E5	6.90495E5	5.73498E5	5.10486E5	4.7927E5	4.63128E5	4.5875E5	4.45605E5	4.24128E5	4.07039E5	3.80745E5	3.23524E5	2.67529E5	2.22693E5	2.43516E5	2.19868E5	1.00852E5	7.18064E4	4.91411E4
486	1.01037E7	1.02671E6	9.23071E5	8.03507E5	6.77387E5	5.70078E5	5.02967E5	4.72309E5	4.52106E5	4.4747E5	4.39422E5	4.17261E5	4.0333E5	3.74436E5	3.21723E5	2.68308E5	2.20794E5	2.09869E5	2.54172E5	1.01762E5	7.48166E4	5.36484E4
488	7.35007E6	1.19474E6	9.04212E5	8.06443E5	6.72766E5	5.65749E5	5.00576E5	4.63834E5	4.49323E5	4.40463E5	4.30814E5	4.12333E5	3.92209E5	3.72265E5	3.21315E5	2.66851E5	2.23196E5	1.92317E5	2.81066E5	1.09165E5	7.64716E4	5.61848E4
490	4.75866E6	1.75196E6	9.03783E5	8.00448E5	6.70984E5	5.54442E5	4.89302E5	4.58824E5	4.39353E5	4.30946E5	4.19824E5	4.00638E5	3.88935E5	3.67446E5	3.19007E5	2.64332E5	2.21183E5	1.85449E5	2.98775E5	1.14877E5	7.84647E4	5.70785E4
492	2.60684E6	2.89581E6	8.93872E5	7.91263E5	6.65674E5	5.48179E5	4.8236E5	4.47202E5	4.29143E5	4.23055E5	4.15879E5	3.9671E5	3.8386E5	3.64888E5	3.14611E5	2.63309E5	2.19792E5	1.813E5	2.93674E5	1.26619E5	8.15502E4	5.83607E4
494	1.46553E6	4.76795E6	8.66725E5	7.78702E5	6.49252E5	5.39042E5	4.71728E5	4.37632E5	4.24701E5	4.14476E5	4.04768E5	3.94476E5	3.75969E5	3.60096E5	3.1439E5	2.59626E5	2.19303E5	1.80697E5	2.70183E5	1.41671E5	8.21218E4	5.99255E4
496	1.09645E6	7.31493E6	8.753E5	7.68483E5	6.40775E5	5.35712E5	4.69049E5	4.30334E5	4.18037E5	4.07153E5	3.95856E5	3.85269E5	3.70353E5	3.53158E5	3.04467E5	2.60132E5	2.18397E5	1.78929E5	2.3595E5	1.66052E5	8.3623E4	6.16136E4
498	1.04958E6	9.97053E6	8.55271E5	7.55741E5	6.41093E5	5.23473E5	4.61859E5	4.23488E5	4.09962E5	3.97517E5	3.90235E5	3.75581E5	3.65851E5	3.49391E5	3.02232E5	2.5681E5	2.15474E5	1.78739E5	2.01844E5	1.93994E5	8.65255E4	6.35425E4
500	9.80931E5	1.21886E7	8.46415E5	7.42167E5	6.28923E5	5.19178E5	4.52696E5	4.21254E5	4.03178E5	3.91965E5	3.82194E5	3.71958E5	3.60328E5	3.4429E5	2.96078E5	2.56467E5	2.13898E5	1.77549E5	1.75638E5	2.20253E5	8.79399E4	6.46966E4
502	9.78687E5	1.31789E7	8.37056E5	7.4318E5	6.17677E5	5.16778E5	4.49808E5	4.17506E5	3.9235E5	3.81136E5	3.71304E5	3.61794E5	3.53182E5	3.4217E5	2.95234E5	2.49954E5	2.13418E5	1.75634E5	1.62106E5	2.41125E5	9.17856E4	6.63514E4
504	9.49187E5	1.24261E7	8.14618E5	7.24953E5	6.06255E5	5.02359E5	4.40668E5	4.05058E5	3.85368E5	3.79801E5	3.66165E5	3.53306E5	3.4554E5	3.34846E5	2.95059E5	2.48713E5	2.11376E5	1.75359E5	1.50048E5	2.52084E5	9.53996E4	6.72745E4
506	9.21465E5	1.03594E7	8.5315E5	7.07458E5	5.94568E5	5.02714E5	4.3275E5	3.94711E5	3.74467E5	3.66689E5	3.5904E5	3.50062E5	3.36851E5	3.29313E5	2.89221E5	2.46604E5	2.09014E5	1.76388E5	1.48807E5	2.42694E5	1.06295E5	6.91498E4
508	9.13855E5	7.62102E6	1.01439E6	7.11962E5	5.88578E5	4.94688E5	4.21564E5	3.89858E5	3.70793E5	3.60713E5	3.52848E5	3.40819E5	3.32644E5	3.19966E5	2.82654E5	2.43185E5	2.11906E5	1.74883E5	1.46821E5	2.2278E5	1.20959E5	6.91085E4
510	9.73054E5	4.75742E6	1.67667E6	6.94852E5	5.73443E5	4.77601E5	4.15788E5	3.76313E5	3.55546E5	3.54664E5	3.44808E5	3.31158E5	3.2461E5	3.13526E5	2.79277E5	2.39675E5	2.0446E5	1.75413E5	1.48572E5	1.92265E5	1.38831E5	7.04504E4
512	1.07654E6	2.43055E6	3.12101E6	6.77411E5	5.70037E5	4.71078E5	4.07116E5	3.75456E5	3.53778E5	3.43197E5	3.3253E5	3.26322E5	3.19818E5	3.06522E5	2.74025E5	2.34258E5	2.03927E5	1.723E5	1.44451E5	1.63576E5	1.64896E5	7.06755E4
514	1.30621E6	1.33038E6	5.28025E6	6.62567E5	5.53818E5	4.62517E5	3.99228E5	3.61865E5	3.45478E5	3.33475E5	3.28723E5	3.18649E5	3.10548E5	3.0363E5	2.67206E5	2.29984E5	1.97596E5	1.71329E5	1.44127E5	1.42133E5	1.83738E5	7.32812E4
516	1.50962E6	9.23167E5	7.97158E6	6.52554E5	5.42263E5	4.53144E5	3.9037E5	3.59666E5	3.38701E5	3.28983E5	3.2163E5	3.12016E5	3.06149E5	2.94359E5	2.62043E5	2.27312E5	1.96859E5	1.66302E5	1.42041E5	1.29282E5	2.0182E5	7.58093E4
518	1.87044E6	8.71651E5	1.08578E7	6.37773E5	5.38791E5	4.4749E5	3.82997E5	3.50261E5	3.30396E5	3.18276E5	3.1349E5	3.04592E5	2.95987E5	2.88035E5	2.58856E5	2.24747E5	1.95198E5	1.65875E5	1.43345E5	1.24538E5	2.07E5	7.88846E4
520	2.27645E6	8.20158E5	1.30804E7	6.35568E5	5.20552E5	4.40377E5	3.80803E5	3.45896E5	3.23889E5	3.13818E5	3.03704E5	2.98377E5	2.92987E5	2.86076E5	2.49753E5	2.18412E5	1.92124E5	1.63683E5	1.41616E5	1.20977E5	2.00158E5	8.84372E4
522	2.62791E6	7.85057E5	1.36244E7	6.21799E5	5.20123E5	4.31552E5	3.74417E5	3.35017E5	3.17464E5	3.07264E5	2.99084E5	2.91062E5	2.83002E5	2.77913E5	2.49059E5	2.17152E5	1.88584E5	1.62071E5	1.39002E5	1.18739E5	1.83186E5	1.00273E5
524	2.82007E6	7.58062E5	1.24745E7	6.2136E5	5.11112E5	4.23069E5	3.65159E5	3.3072E5	3.06345E5	3.00478E5	2.90796E5	2.84838E5	2.75627E5	2.71544E5	2.44191E5	2.11204E5	1.87708E5	1.60243E5	1.35223E5	1.17992E5	1.57839E5	1.14877E5
526	2.87668E6	7.44967E5	1.01907E7	6.2332E5	5.02383E5	4.18904E5	3.56765E5	3.23666E5	3.01213E5	2.9569E5	2.83476E5	2.78275E5	2.74078E5	2.65554E5	2.38013E5	2.08362E5	1.82698E5	1.575E5	1.33584E5	1.17514E5	1.32161E5	1.30926E5
528	2.67768E6	7.32221E5	7.26007E6	8.33696E5	4.90766E5	4.0719E5	3.49519E5	3.1485E5	2.94561E5	2.86705E5	2.75433E5	2.6858E5	2.65386E5	2.59412E5	2.32151E5	2.05517E5	1.78878E5	1.55525E5	1.33217E5	1.14343E5	1.14677E5	1.5068E5
530	2.36888E6	7.30988E5	4.32569E6	1.58358E6	4.77252E5	3.96162E5	3.44754E5	3.06944E5	2.86614E5	2.78306E5	2.69214E5	2.64539E5	2.5833E5	2.48914E5	2.25849E5	2.00036E5	1.75031E5	1.53336E5	1.29957E5	1.1281E5	1.03373E5	1.65364E5
532	1.95457E6	7.51904E5	2.14429E6	3.17774E6	4.80544E5	3.89532E5	3.36745E5	3.02454E5	2.84187E5	2.71462E5	2.64686E5	2.58963E5	2.50543E5	2.49319E5	2.20716E5	1.96903E5	1.71368E5	1.49313E5	1.29838E5	1.10751E5	9.76254E4	1.70826E5
534	1.50072E6	8.21427E5	1.04617E6	5.64099E6	4.62348E5	3.80686E5	3.27654E5	2.9293E5	2.71185E5	2.63977E5	2.60105E5	2.4803E5	2.45792E5	2.40972E5	2.1628E5	1.92872E5	1.69632E5	1.47449E5	1.26711E5	1.10954E5	9.51425E4	1.63791E5
536	1.12018E6	1.01517E6	7.33117E5	8.50631E6	4.54634E5	3.74705E5	3.23158E5	2.89844E5	2.68295E5	2.58458E5	2.50199E5	2.44624E5	2.39642E5	2.35597E5	2.1094E5	1.85289E5	1.65946E5	1.44068E5	1.25219E5	1.08374E5	9.29305E4	1.47233E5
538	8.3698E5	1.25134E6	6.62873E5	1.13308E7	4.48307E5	3.63664E5	3.18273E5	2.79713E5	2.59294E5	2.51742E5	2.44089E5	2.36567E5	2.33093E5	2.28222E5	2.05391E5	1.82733E5	1.61743E5	1.41894E5	1.23068E5	1.05898E5	9.13214E4	1.285E5
540	6.9055E5	1.63801E6	6.52875E5	1.33252E7	4.31521E5	3.55363E5	3.07237E5	2.73847E5	2.52098E5	2.42947E5	2.37977E5	2.33846E5	2.27203E5	2.20723E5	2.00826E5	1.78774E5	1.57383E5	1.38397E5	1.20774E5	1.03241E5	8.89341E4	1.08265E5
542	6.25728E5	2.03984E6	6.16431E5	1.35714E7	4.32987E5	3.49565E5	3.02321E5	2.66434E5	2.51096E5	2.3675E5	2.29783E5	2.21987E5	2.19682E5	2.17581E5	1.94129E5	1.74823E5	1.54995E5	1.3222E5	1.18615E5	1.01573E5	8.73597E4	8.9309E4
544	6.24724E5	2.45936E6	5.978E5	1.21591E7	4.20747E5	3.40539E5	2.95856E5	2.59078E5	2.42232E5	2.37032E5	2.27447E5	2.18904E5	2.14188E5	2.09175E5	1.90282E5	1.70405E5	1.48629E5	1.32053E5	1.16304E5	1.0213E5	8.61006E4	7.98309E4
546	5.53059E5	2.77186E6	5.7914E5	9.68392E6	4.57644E5	3.36894E5	2.83983E5	2.61182E5	2.36906E5	2.25547E5	2.20592E5	2.1109E5	2.09744E5	2.06113E5	1.85736E5	1.65472E5	1.4743E5	1.28853E5	1.13029E5	9.9532E4	8.35954E4	7.55728E4
548	5.59276E5	2.96143E6	5.65753E5	6.67614E6	7.2098E5	3.29242E5	2.7734E5	2.46132E5	2.36298E5	2.23569E5	2.10954E5	2.06356E5	2.02843E5	2.01317E5	1.83673E5	1.6159E5	1.43314E5	1.28012E5	1.13375E5	9.75445E4	8.22715E4	7.14445E4
550	5.11759E5	2.84962E6	5.38227E5	3.93672E6	1.55428E6	3.19E5	2.70108E5	2.46232E5	2.25423E5	2.18041E5	2.05875E5	2.00492E5	1.9881E5	1.94549E5	1.75015E5	1.57744E5	1.39126E5	1.22893E5	1.11265E5	9.43226E4	7.912E4	6.95558E4
552	5.18556E5	2.65463E6	5.23939E5	1.89665E6	3.26216E6	3.14706E5	2.68376E5	2.4087E5	2.19916E5	2.10513E5	2.0344E5	1.94421E5	1.94664E5	1.90365E5	1.71459E5	1.54136E5	1.35924E5	1.21968E5	1.0548E5	9.50059E4	8.04649E4	6.84574E4
554	4.93723E5	2.22817E6	5.42527E5	8.82018E5	5.68101E6	3.05963E5	2.6003E5	2.28452E5	2.12056E5	2.05596E5	1.96801E5	1.91086E5	1.87475E5	1.83171E5	1.68679E5	1.49634E5	1.34235E5	1.17868E5	1.05477E5	9.32432E4	8.02041E4	6.69591E4
556	5.01331E5	1.80391E6	5.97448E5	5.54128E5	8.62636E6	2.95719E5	2.54916E5	2.28587E5	2.08417E5	1.97882E5	1.90343E5	1.85212E5	1.81978E5	1.78812E5	1.63262E5	1.46487E5	1.29955E5	1.14088E5	1.00799E5	8.90947E4	7.64457E4	6.62069E4
558	4.8043E5	1.32426E6	7.1564E5	5.20649E5	1.14282E7	2.99479E5	2.48966E5	2.19719E5	2.0324E5	1.95622E5	1.87847E5	1.81218E5	1.75967E5	1.74863E5	1.5823E5	1.39975E5	1.23801E5	1.13725E5	1.00265E5	8.87052E4	7.60585E4	6.41473E4
560	4.76022E5	9.38263E5	9.10669E5	4.95853E5	1.33728E7	2.94226E5	2.44212E5	2.12185E5	1.95355E5	1.84896E5	1.81686E5	1.73845E5	1.69765E5	1.66744E5	1.54292E5	1.3794E5	1.23619E5	1.08935E5	9.73314E4	8.48614E4	7.25466E4	6.4468E4
562	4.5473E5	6.96594E5	1.20477E6	4.7479E5	1.37579E7	2.86642E5	2.41983E5	2.10195E5	1.94094E5	1.84547E5	1.78322E5	1.68904E5	1.65961E5	1.66109E5	1.51051E5	1.32521E5	1.21442E5	1.08009E5	9.51797E4	8.40642E4	7.27735E4	6.19593E4
564	4.52262E5	5.41977E5	1.59107E6	4.51718E5	1.2193E7	2.87358E5	2.31475E5	2.04933E5	1.86696E5	1.78244E5	1.69932E5	1.62948E5	1.62171E5	1.58707E5	1.44915E5	1.29625E5	1.16999E5	1.04403E5	9.18468E4	8.37169E4	6.98942E4	6.1045E4
566	4.40238E5	4.92078E5	1.95493E6	4.33309E5	9.60057E6	3.17428E5	2.24221E5	1.97686E5	1.79095E5	1.7472E5	1.66884E5	1.5845E5	1.54965E5	1.54754E5	1.4202E5	1.26902E5	1.12848E5	9.98385E4	8.95659E4	8.06792E4	6.9697E4	5.87945E4
568	4.49613E5	4.59103E5	2.32138E6	4.39161E5	6.51521E6	5.88703E5	2.18995E5	1.97475E5	1.77686E5	1.66148E5	1.62514E5	1.52851E5	1.51032E5	1.47559E5	1.38851E5	1.2081E5	1.08615E5	9.84122E4	8.86839E4	7.62601E4	6.7333E4	5.69619E4
570	4.18661E5	4.07921E5	2.62532E6	4.32202E5	3.62724E6	1.47133E6	2.17563E5	1.86691E5	1.72367E5	1.62194E5	1.54385E5	1.51403E5	1.48446E5	1.41815E5	1.33554E5	1.18247E5	1.06619E5	9.6912E4	8.59111E4	7.5266E4	6.51228E4	5.48825E4
572	4.46223E5	4.1463E5	2.65968E6	4.21418E5	1.69963E6	3.19365E6	2.06149E5	1.84062E5	1.64567E5	1.56864E5	1.50965E5	1.44743E5	1.40178E5	1.40092E5	1.29426E5	1.1667E5	1.04259E5	9.35029E4	8.44401E4	7.4749E4	6.4786E4	5.51804E4
574	4.26379E5	3.94438E5	2.5865E6	4.12962E5	7.11648E5	5.71303E6	2.06085E5	1.79293E5	1.63116E5	1.51441E5	1.46601E5	1.41318E5	1.40778E5	1.36269E5	1.25793E5	1.11582E5	1.00383E5	9.16559E4	8.17094E4	7.25267E4	6.10182E4	5.31043E4
576	4.16393E5	3.87335E5	2.3078E6	3.96456E5	4.3932E5	8.46907E6	2.04568E5	1.76634E5	1.60577E5	1.47203E5	1.43461E5	1.37087E5	1.34632E5	1.30291E5	1.21893E5	1.10258E5	9.84777E4	8.76056E4	7.71681E4	6.96326E4	6.11072E4	5.40522E4
578	4.07478E5	3.83728E5	1.93596E6	4.2159E5	3.95958E5	1.10679E7	1.96166E5	1.66322E5	1.52324E5	1.47911E5	1.41342E5	1.33506E5	1.28236E5	1.27637E5	1.1702E5	1.05477E5	9.61972E4	8.67588E4	7.64877E4	6.81408E4	5.93969E4	5.12287E4
580	3.93054E5	3.7268E5	1.49034E6	4.77127E5	3.82492E5	1.28872E7	1.95712E5	1.65829E5	1.49018E5	1.43144E5	1.35322E5	1.26292E5	1.26039E5	1.25136E5	1.13978E5	1.00743E5	9.39037E4	8.38833E4	7.59771E4	6.69844E4	5.77783E4	5.02405E4
582	3.82827E5	3.62446E5	1.14177E6	6.05642E5	3.70101E5	1.30912E7	1.93464E5	1.5836E5	1.47908E5	1.36278E5	1.28711E5	1.25997E5	1.23412E5	1.20582E5	1.12517E5	9.79133E4	8.98891E4	8.08287E4	7.14489E4	6.43566E4	5.53239E4	4.91617E4
584	3.89164E5	3.59966E5	7.87387E5	7.98689E5	3.55032E5	1.14515E7	1.97373E5	1.56965E5	1.4046E5	1.30478E5	1.26166E5	1.20515E5	1.1885E5	1.18225E5	1.04505E5	9.48523E4	8.84104E4	7.79658E4	7.14346E4	6.20287E4	5.58208E4	4.76734E4
586	3.71483E5	3.51093E5	5.63561E5	1.07619E6	3.49618E5	8.8336E6	2.26019E5	1.53221E5	1.36451E5	1.29505E5	1.21173E5	1.16766E5	1.11751E5	1.13828E5	1.03097E5	9.30434E4	8.55055E4	7.81632E4	6.80573E4	6.19121E4	5.39095E4	4.55832E4
588	3.72306E5	3.28892E5	4.33924E5	1.42467E6	3.62357E5	5.79595E6	4.92066E5	1.51399E5	1.34047E5	1.20421E5	1.19638E5	1.1216E5	1.11989E5	1.09334E5	1.02021E5	9.09859E4	8.0793E4	7.25156E4	6.69904E4	5.94103E4	5.17639E4	4.44795E4
590	3.86313E5	3.40597E5	3.98999E5	1.79549E6	3.47395E5	3.1229E6	1.39971E6	1.44105E5	1.27023E5	1.23E5	1.16216E5	1.09151E5	1.0823E5	1.05371E5	9.77899E4	8.92622E4	8.02081E4	7.07684E4	6.43521E4	5.67869E4	4.98437E4	4.46125E4
592	3.85042E5	3.30177E5	3.63424E5	2.11679E6	3.4285E5	1.32606E6	3.2179E6	1.43971E5	1.24222E5	1.16007E5	1.09281E5	1.06916E5	1.05103E5	1.02663E5	9.26173E4	8.28354E4	7.63729E4	6.96968E4	6.24455E4	5.48433E4	4.82643E4	4.23206E4
594	3.37442E5	3.19108E5	3.46918E5	2.29842E6	3.43171E5	5.37954E5	5.83872E6	1.4078E5	1.22953E5	1.13672E5	1.08448E5	1.02737E5	1.00533E5	9.82954E4	9.1748E4	8.26321E4	7.48087E4	6.77634E4	6.05486E4	5.35371E4	4.59251E4	4.32379E4
596	3.46859E5	3.19523E5	3.316E5	2.38954E6	3.46838E5	3.31368E5	8.86121E6	1.38049E5	1.19256E5	1.11721E5	1.04959E5	9.96013E4	9.81807E4	9.70434E4	8.69092E4	7.89977E4	7.41963E4	6.54834E4	5.88418E4	5.45466E4	4.62841E4	4.07298E4
598	3.37696E5	3.25076E5	3.26052E5	2.25883E6	3.41581E5	2.99523E5	1.16943E7	1.33351E5	1.16607E5	1.06912E5	1.01575E5	9.77784E4	9.48481E4	9.3481E4	8.39615E4	7.96611E4	6.86011E4	6.3459E4	5.6603E4	5.2331E4	4.51031E4	3.81052E4
600	3.3283E5	3.22371E5	3.20353E5	2.02392E6	3.4515E5	2.85191E5	1.35232E7	1.31029E5	1.13468E5	1.06379E5	9.86698E4	9.43225E4	9.01545E4	9.21563E4	8.32839E4	7.59134E4	6.73745E4	6.25067E4	5.35456E4	4.97594E4	4.22215E4	3.67439E4
