300	2.19623E5	1.50774E5	1.82581E5	2.66714E6	3.84549E5	2.82807E5	2.27919E7	8.56442E4	1.45686E4	8504.10455	6748.46094	5088.9185	3224.16112	2685.95595	2605.31516	2606.73155	1704.79625	2048.18752	1689.51459	1589.75402	1357.95165	1248.55925
302	2.10768E5	1.55823E5	1.82987E5	1.79428E6	7.04961E5	2.05967E5	1.93364E7	9.76129E5	1.47766E4	8483.44119	5809.12991	4402.55572	3498.62513	2786.5457	2798.90506	2431.70526	1959.58791	1865.15628	1673.63941	1310.62575	1272.62595	1108.99244
304	2.26545E5	1.85976E5	2.0148E5	1.05616E6	1.2717E6	2.08351E5	1.21847E7	4.33196E6	1.65558E4	8450.28482	6588.56117	4218.73631	4131.11866	2903.19225	3278.44079	1897.39165	2064.49452	1845.31108	1732.28782	1406.67999	1375.42997	1373.84588
306	2.60428E5	1.6828E5	2.085E5	5.66768E5	2.04151E6	2.06757E5	5.26273E6	1.10367E7	2.14978E4	9809.82601	6136.72138	4710.31203	3997.03018	3267.46662	2596.41938	1954.4722	2105.11404	1884.82637	1582.92225	1465.12384	1578.80239	1503.97807
308	2.84014E5	1.91888E5	2.12293E5	3.72695E5	2.69653E6	2.20171E5	1.33128E6	1.85434E7	3.02296E4	9532.18771	7055.24128	4785.42135	3812.44134	3307.43745	2757.0037	2281.87806	2293.02497	1857.00362	1576.86183	1212.9818	1194.47312	1179.03865
310	2.74756E5	1.90263E5	2.25361E5	3.26477E5	2.90313E6	2.37985E5	2.39563E5	2.20674E7	7.9143E4	1.13246E4	6652.0814	5239.2722	4023.26393	2792.26313	2443.79996	2204.00644	1769.33718	1814.49487	1476.40797	1316.8636	1295.01423	1562.726
312	2.88023E5	2.11081E5	2.42092E5	3.09957E5	2.49136E6	3.23922E5	1.50297E5	1.90915E7	8.653E5	1.35692E4	7228.24583	4353.11361	3717.21786	2873.50149	2588.54767	2575.29676	1621.34173	1718.11684	1449.41611	1231.81278	1395.72706	1414.02971
314	3.02061E5	2.2423E5	2.5344E5	3.18581E5	1.72777E6	5.94956E5	1.41493E5	1.13935E7	4.13465E6	1.56303E4	7807.92709	4818.0222	4005.25379	3363.75916	2553.9711	2327.31794	1904.22203	1766.22083	1566.14321	1227.95783	1267.61107	1149.63085
316	3.03676E5	2.23689E5	2.5162E5	3.18448E5	1.04619E6	1.08014E6	1.37774E5	4.49622E6	1.0181E7	1.85974E4	8349.85678	5114.98341	4133.15803	3345.56001	2858.66348	2282.17166	1783.85744	1293.60676	1662.70406	1506.96995	1225.68549	1139.11118
318	3.33948E5	2.48809E5	2.71103E5	3.3668E5	6.19517E5	1.71341E6	1.36985E5	1.09128E6	1.64224E7	2.70715E4	8718.72831	5593.89845	3677.87496	3397.20907	2574.30477	2141.75604	1868.84139	1581.02225	1510.29279	1311.53193	1471.37571	1179.11569
320	3.48651E5	2.53253E5	2.85227E5	3.43559E5	4.46864E5	2.26839E6	1.43417E5	1.85265E5	1.9205E7	7.77631E4	9818.11176	5240.80609	4021.61167	3086.74899	2589.80207	2303.39342	2043.09665	1855.69416	1519.7426	1587.57566	1181.80728	1269.20699
322	3.46203E5	2.59356E5	2.94344E5	3.57746E5	4.03636E5	2.40352E6	1.60317E5	1.19864E5	1.66613E7	8.82838E5	1.17763E4	5708.34751	4495.20437	3349.35683	3052.25912	2200.91714	1818.27145	1598.22465	1490.53316	1233.46648	1533.83621	1225.1356
324	3.56765E5	2.81044E5	3.07939E5	3.53548E5	3.91549E5	2.07073E6	2.28531E5	1.09805E5	1.06641E7	4.03281E6	1.23723E4	6229.74369	4162.19833	3470.58474	2672.95291	2308.80805	1879.55981	1964.26723	1412.02071	1355.45293	1180.95379	1255.94337
326	3.79113E5	2.86136E5	3.09816E5	3.71106E5	3.96377E5	1.50145E6	4.20217E5	1.10611E5	4.60912E6	9.69158E6	1.5331E4	6517.63555	4936.8894	3231.34709	2358.53054	2190.06654	1712.06885	1486.13089	1487.3918	1479.26502	1076.69233	1094.16936
328	4.17908E5	3.05206E5	3.18805E5	3.80001E5	3.97296E5	9.52606E5	7.80656E5	1.16749E5	1.23088E6	1.4797E7	2.32136E4	7019.73785	4567.73493	3464.01571	2502.07482	2229.5806	1437.20723	1473.50323	1401.64554	1561.74316	1300.29902	1314.43841
330	4.033E5	3.16922E5	3.42068E5	3.94451E5	4.01945E5	5.91845E5	1.30381E6	1.21166E5	1.94695E5	1.69195E7	5.83997E4	7959.36759	4535.13441	3612.55988	2777.66468	2079.42934	1692.54876	1497.23078	1174.78519	1503.9507	1213.39582	1051.80744
332	4.71929E5	3.11833E5	3.31657E5	4.00771E5	4.16196E5	4.20909E5	1.75834E6	1.26636E5	1.11417E5	1.44428E7	6.09662E5	9176.8607	4865.53129	4397.17159	2435.73202	2205.96887	1959.18468	1373.90282	1479.97649	1192.68914	1336.61654	1042.70078
334	4.8821E5	3.36701E5	3.4675E5	3.90777E5	4.1721E5	3.69688E5	1.96536E6	1.42697E5	1.01285E5	9.02295E6	2.8585E6	9873.76078	4761.66066	3978.37978	2638.2685	2404.11509	1859.8802	1605.87676	1145.07175	1618.74237	1383.4789	1210.89295
336	4.81737E5	3.54376E5	3.56248E5	3.93233E5	4.13847E5	3.70743E5	1.78998E6	1.88586E5	1.03246E5	3.79279E6	7.34255E6	1.26616E4	5193.11695	4193.16262	2783.59774	2478.69814	1838.46407	1570.48792	1390.85336	1076.88798	1387.0092	1105.25291
338	4.87377E5	3.59016E5	3.63383E5	4.05292E5	4.2454E5	3.632E5	1.38583E6	3.16851E5	1.08805E5	1.00767E6	1.20225E7	1.86543E4	5363.79338	3873.71394	3054.3407	2216.23525	1779.61786	1568.42208	1341.07251	1447.8662	953.87117	1395.45489
340	5.43662E5	3.71296E5	3.62182E5	4.03029E5	4.26943E5	3.74184E5	9.12314E5	6.02488E5	1.13068E5	1.72096E5	1.41335E7	4.72496E4	6460.06399	4062.49713	3218.31808	2342.52877	1911.45625	1364.25104	1291.1887	1239.94672	1172.29065	1024.63914
342	5.40542E5	3.73792E5	3.74639E5	4.11639E5	4.39129E5	3.74236E5	5.57682E5	9.7424E5	1.18759E5	1.04256E5	1.231E7	5.10615E5	7127.08851	4156.85648	3087.31403	2222.19272	1766.9057	1374.49124	1387.14587	1172.18129	1156.71244	1029.82812
344	5.52871E5	4.07195E5	3.79117E5	4.09813E5	4.36302E5	3.84336E5	3.77802E5	1.38608E6	1.29456E5	9.7255E4	7.70225E6	2.58674E6	8965.68591	4790.60457	3005.13295	2336.85705	1839.54352	1376.12014	979.61085	1347.92702	1217.29556	838.37239
346	5.97722E5	4.00925E5	3.84345E5	4.08697E5	4.30163E5	3.92457E5	3.20132E5	1.59114E6	1.44848E5	1.02607E5	3.27613E6	6.38706E6	1.14075E4	5119.12119	3430.84693	2561.27955	1788.77579	1460.77887	1305.04891	1201.32846	1253.75421	1049.71624
348	5.88385E5	4.37539E5	3.86589E5	4.14337E5	4.32763E5	3.97239E5	3.11587E5	1.53145E6	1.84988E5	1.10473E5	8.35609E5	1.03012E7	1.56579E4	5133.49363	3130.22074	2301.29472	1847.44078	1580.2835	1337.33327	1258.18038	1132.3728	1101.41738
350	6.18894E5	4.19042E5	4.0675E5	4.15487E5	4.3391E5	3.98876E5	3.06335E5	1.24369E6	2.7729E5	1.198E5	1.56454E5	1.17219E7	3.63139E4	6059.19277	3245.29063	2693.99787	1588.29713	1373.08161	1305.63195	1329.22994	1134.83646	1025.35045
352	6.30817E5	4.50649E5	4.03511E5	4.13433E5	4.38884E5	4.1117E5	3.23426E5	8.54809E5	4.74204E5	1.25415E5	9.91365E4	1.00197E7	4.42567E5	7063.98518	3300.80809	2653.05177	1755.4592	1529.29347	1286.08153	1145.93799	1085.4712	916.04386
354	6.63462E5	4.55483E5	4.22161E5	4.27064E5	4.38377E5	4.13863E5	3.38866E5	5.50427E5	7.51707E5	1.36337E5	9.41215E4	6.29335E6	2.0599E6	8843.23472	3528.07624	2658.67819	1807.38735	1289.07647	1188.90507	1084.25018	1106.40817	947.74164
356	6.56834E5	4.76963E5	4.21921E5	4.22538E5	4.37309E5	4.20455E5	3.4924E5	3.93329E5	1.06482E6	1.52291E5	9.73927E4	2.60157E6	5.31095E6	1.06682E4	3830.07825	2440.8344	1675.67664	1598.88986	1221.42582	982.84488	1165.86319	1007.16359
358	6.80265E5	5.11589E5	4.42368E5	4.33459E5	4.39208E5	4.25177E5	3.62209E5	3.33168E5	1.27195E6	1.68183E5	1.06933E5	6.86767E5	8.75476E6	1.65566E4	4632.17135	2833.75348	2103.26912	1447.25085	1370.88482	1050.33982	1037.01347	1141.4314
360	7.02323E5	5.07763E5	4.48658E5	4.35291E5	4.49697E5	4.38853E5	3.72781E5	3.24342E5	1.29526E6	1.93256E5	1.19497E5	1.34356E5	1.04778E7	3.58349E4	4833.86078	2784.71526	2118.58361	1502.83405	1403.02083	1129.51644	1084.48913	957.6354
362	7.00488E5	5.44961E5	4.54616E5	4.44046E5	4.50964E5	4.44117E5	3.91472E5	3.34844E5	1.13469E6	2.53333E5	1.28892E5	9.01917E4	9.54648E6	4.10955E5	5327.09494	2880.98835	1960.47013	1477.13452	1298.53615	1009.7872	1104.67855	1107.9063
364	7.20801E5	5.61215E5	4.87128E5	4.47082E5	4.49557E5	4.4996E5	3.99619E5	3.46312E5	8.54318E5	3.71511E5	1.38602E5	8.74182E4	6.37517E6	2.28945E6	6676.42345	2902.72585	2230.19016	1651.24758	1336.97918	1194.57179	1016.63746	983.61907
366	7.48008E5	5.86704E5	4.90093E5	4.57102E5	4.67128E5	4.56918E5	4.17061E5	3.63877E5	5.97001E5	5.81773E5	1.52165E5	9.15535E4	2.72387E6	6.07138E6	8838.4566	3196.20333	2138.55544	1628.16444	1280.66066	1151.48058	951.64751	887.28183
368	7.72324E5	6.21774E5	5.09227E5	4.64116E5	4.708E5	4.69923E5	4.34431E5	3.79771E5	4.42274E5	8.24054E5	1.64641E5	9.95199E4	7.24554E5	9.47303E6	1.39901E4	3396.73914	2117.24858	1758.48036	1282.36375	1158.34477	1116.75622	1123.8475
370	7.819E5	6.28784E5	5.25812E5	4.8285E5	4.77488E5	4.77725E5	4.45247E5	3.95518E5	3.77601E5	1.04531E6	1.82541E5	1.10589E5	1.21598E5	1.0529E7	3.15241E4	4138.86513	2290.78383	1959.99843	1243.50291	1006.49072	1109.5748	968.13894
372	8.05744E5	6.75705E5	5.47232E5	4.86623E5	4.86608E5	4.79893E5	4.60959E5	4.15471E5	3.68238E5	1.12435E6	2.03577E5	1.20594E5	8.28834E4	8.69974E6	3.72652E5	4935.39337	2464.79941	1824.57255	1405.39403	1078.95103	1155.34156	1042.34949
374	8.2888E5	6.79148E5	5.67776E5	5.06773E5	4.94267E5	4.8788E5	4.70482E5	4.27669E5	3.76709E5	1.03037E6	2.46648E5	1.3176E5	7.8903E4	5.20721E6	1.85131E6	6064.87685	2659.60403	1796.1473	1305.02047	1357.0707	912.10733	860.39501
376	8.23129E5	7.04065E5	5.81232E5	5.0815E5	4.88929E5	5.03417E5	4.81341E5	4.47308E5	3.89858E5	8.31375E5	3.32535E5	1.42446E5	8.05249E4	2.15624E6	4.70247E6	7661.53118	2761.65653	1962.5874	1593.51861	1296.65636	985.59999	986.39892
378	8.65002E5	7.34416E5	5.90314E5	5.16923E5	5.03408E5	5.04837E5	4.99422E5	4.65356E5	4.02017E5	6.28717E5	4.85441E5	1.54074E5	9.03663E4	5.39302E5	7.66873E6	1.20948E4	3066.69617	1867.69777	1723.948	1431.80291	1263.28385	1084.55099
380	8.85102E5	7.49988E5	6.27475E5	5.26525E5	5.16803E5	5.19692E5	5.11196E5	4.81065E5	4.18068E5	4.81392E5	6.77914E5	1.66324E5	9.78543E4	1.07269E5	8.95718E6	2.74525E4	3385.00119	1962.20808	1657.39201	1222.97566	1152.41699	1055.55924
382	9.08229E5	7.92344E5	6.45976E5	5.56994E5	5.31504E5	5.38281E5	5.33042E5	4.92489E5	4.34654E5	4.18561E5	8.63791E5	1.81849E5	1.09477E5	7.69884E4	7.96759E6	3.01432E5	4158.0276	2130.14681	1497.1057	1308.07222	1089.85548	959.80273
384	9.68149E5	8.07651E5	6.60525E5	5.63664E5	5.41482E5	5.50376E5	5.43991E5	5.09294E5	4.53232E5	4.0039E5	9.67263E5	2.0016E5	1.20763E5	7.62284E4	5.1652E6	1.46191E6	5311.04035	2557.25503	1725.37238	1301.91801	1024.72687	961.99427
386	9.62457E5	8.37883E5	6.77214E5	5.79276E5	5.60457E5	5.58815E5	5.59274E5	5.30286E5	4.68938E5	4.02645E5	9.53138E5	2.3235E5	1.30352E5	7.81193E4	2.12088E6	3.90586E6	7358.26917	2488.68314	1741.83067	1432.73256	1140.56879	943.12453
388	9.61173E5	8.66476E5	7.08491E5	6.00765E5	5.72635E5	5.71244E5	5.72822E5	5.45551E5	4.87328E5	4.15648E5	8.39812E5	2.89908E5	1.43788E5	8.57947E4	5.59418E5	6.55277E6	1.16306E4	2921.75713	1730.54036	1276.54736	1113.10267	1015.04411
390	1.01847E6	9.04903E5	7.35166E5	6.16268E5	5.77267E5	5.8903E5	5.9065E5	5.64825E5	5.05049E5	4.31465E5	6.79301E5	3.96864E5	1.56387E5	9.43185E4	1.06423E5	8.04823E6	2.53896E4	3457.42443	1914.51109	1638.40102	1131.3436	968.32182
392	1.09817E6	9.20278E5	7.54013E5	6.31034E5	5.95551E5	5.94851E5	5.957E5	5.78096E5	5.20634E5	4.47968E5	5.27899E5	5.49019E5	1.68622E5	1.07469E5	7.16481E4	7.44499E6	3.3881E5	4258.52186	2199.53538	1488.67946	1284.24369	1194.04255
394	1.09151E6	9.56649E5	7.76915E5	6.44549E5	5.99904E5	6.12663E5	6.1505E5	5.93308E5	5.32932E5	4.57143E5	4.52708E5	7.07905E5	1.82777E5	1.17941E5	6.96858E4	5.41319E6	1.57535E6	5094.10114	2386.53803	1638.47934	1173.84921	1259.36646
396	1.12485E6	9.64849E5	8.07691E5	6.71222E5	6.22265E5	6.28106E5	6.21096E5	6.04694E5	5.48962E5	4.77248E5	4.17991E5	8.40799E5	2.01036E5	1.26682E5	7.17857E4	2.52781E6	4.1136E6	7234.44155	2650.73136	1635.59204	1389.5388	1106.6574
398	1.12889E6	1.01726E6	8.23419E5	6.76973E5	6.40943E5	6.42172E5	6.39707E5	6.17172E5	5.67863E5	4.95956E5	4.16397E5	8.72803E5	2.23077E5	1.37623E5	7.745E4	7.62667E5	6.52701E6	1.11936E4	3147.31432	1910.53649	1607.58016	1132.49497
400	1.16148E6	1.02068E6	8.59208E5	7.02638E5	6.51932E5	6.53282E5	6.60015E5	6.28966E5	5.77464E5	5.09097E5	4.29508E5	8.10853E5	2.65723E5	1.50684E5	8.55308E4	1.16006E5	7.47723E6	2.26008E4	3681.20708	1719.06787	1555.1485	1061.43067
402	1.21248E6	1.06967E6	8.94737E5	7.34172E5	6.70949E5	6.64824E5	6.68437E5	6.49511E5	5.96479E5	5.2218E5	4.43694E5	6.86405E5	3.40193E5	1.63805E5	9.24522E4	6.59995E4	6.46038E6	2.60081E5	4527.36999	1918.68346	1547.58283	1195.10408
404	1.2252E6	1.0858E6	9.08525E5	7.46215E5	6.84699E5	6.80176E5	6.79355E5	6.63183E5	6.09983E5	5.42976E5	4.58835E5	5.59414E5	4.53825E5	1.77801E5	1.0306E5	6.34941E4	4.05778E6	1.37758E6	4930.67507	2211.67472	1670.13675	1299.13573
406	1.25545E6	1.12408E6	9.36974E5	7.76541E5	7.09898E5	6.90211E5	6.90075E5	6.72913E5	6.24945E5	5.54696E5	4.7375E5	4.7305E5	5.84464E5	1.89646E5	1.11952E5	6.52188E4	1.67584E6	3.6347E6	6937.95683	2447.64433	1522.66899	1442.53883
408	1.27546E6	1.1466E6	9.53979E5	7.9371E5	7.13561E5	6.99023E5	6.93376E5	6.82466E5	6.33195E5	5.68607E5	4.87076E5	4.30777E5	7.13377E5	2.03185E5	1.20293E5	6.85916E4	4.13824E5	6.14074E6	1.09274E4	2824.9781	1716.44753	1459.79509
410	1.27284E6	1.15254E6	9.9587E5	8.08631E5	7.28593E5	7.05843E5	7.02299E5	6.96038E5	6.4488E5	5.79642E5	5.02201E5	4.21614E5	7.80259E5	2.20773E5	1.31589E5	7.24996E4	7.78211E4	7.3706E6	2.13473E4	3108.0134	1851.6252	1464.65007
412	1.29221E6	1.19287E6	1.01142E6	8.25331E5	7.38444E5	7.25142E5	7.18265E5	6.9715E5	6.54254E5	5.92101E5	5.1536E5	4.2913E5	7.7442E5	2.5209E5	1.41687E5	8.02265E4	5.71281E4	6.59571E6	2.31077E5	3896.61328	2084.36977	1660.46897
414	1.26307E6	1.2041E6	1.02006E6	8.40138E5	7.52154E5	7.28086E5	7.16804E5	7.04783E5	6.59025E5	6.00675E5	5.2517E5	4.36766E5	6.90561E5	2.9685E5	1.50262E5	8.83772E4	5.56123E4	4.3544E6	1.25768E6	4812.35025	2157.24418	1496.36152
416	1.31348E6	1.2114E6	1.03503E6	8.65195E5	7.64602E5	7.35149E5	7.23302E5	7.11166E5	6.65406E5	6.07803E5	5.36073E5	4.50828E5	5.89291E5	3.76382E5	1.62837E5	9.66291E4	5.75056E4	1.88023E6	3.54967E6	6292.38817	2559.17539	1400.37707
418	1.34589E6	1.20983E6	1.05364E6	8.72372E5	7.70525E5	7.44349E5	7.28615E5	7.14038E5	6.74619E5	6.203E5	5.4673E5	4.6231E5	4.96137E5	4.81479E5	1.71745E5	1.03226E5	5.89246E4	4.7508E5	5.88803E6	9697.93214	3030.22411	1624.01929
420	1.35255E6	1.27389E6	1.06195E6	8.91617E5	7.75593E5	7.47206E5	7.28402E5	7.1699E5	6.76886E5	6.28327E5	5.59594E5	4.70705E5	4.34737E5	5.98373E5	1.81041E5	1.12535E5	6.35024E4	7.88345E4	6.96844E6	1.99516E4	3247.17291	1785.44037
422	1.36774E6	1.24823E6	1.09198E6	9.07629E5	7.89203E5	7.47173E5	7.31989E5	7.17052E5	6.8173E5	6.3461E5	5.63724E5	4.80569E5	4.1284E5	6.84661E5	1.96656E5	1.1973E5	7.00606E4	5.17115E4	6.11241E6	2.50236E5	3895.99637	1919.52411
424	1.39272E6	1.28434E6	1.10287E6	9.12205E5	7.98876E5	7.47452E5	7.40766E5	7.20382E5	6.89338E5	6.42261E5	5.75271E5	4.93E5	4.14426E5	7.09709E5	2.13808E5	1.27331E5	7.60632E4	4.96753E4	4.02977E6	1.2553E6	5281.37033	2036.89957
426	1.42616E6	1.27623E6	1.11261E6	9.41871E5	8.07545E5	7.5667E5	7.31373E5	7.27309E5	6.91219E5	6.45267E5	5.84106E5	4.97958E5	4.18733E5	6.66571E5	2.47345E5	1.37524E5	8.33774E4	5.04134E4	1.60938E6	3.43842E6	6709.07678	1964.69298
428	1.38842E6	1.2902E6	1.13707E6	9.42661E5	8.17231E5	7.64E5	7.30345E5	7.18668E5	6.92922E5	6.53272E5	5.9011E5	5.0753E5	4.27924E5	5.84124E5	3.00836E5	1.46242E5	9.15098E4	5.33171E4	3.85635E5	5.67179E6	1.08276E4	2420.54448
430	1.39642E6	1.31835E6	1.14622E6	9.60154E5	8.22511E5	7.63323E5	7.31305E5	7.23436E5	6.95775E5	6.56306E5	5.92179E5	5.18479E5	4.32277E5	4.98622E5	3.77527E5	1.55659E5	9.69299E4	5.70645E4	6.75233E4	6.58677E6	2.35155E4	2720.03807
432	1.41892E6	1.33649E6	1.1485E6	9.67202E5	8.33634E5	7.59575E5	7.36359E5	7.21353E5	6.97709E5	6.57259E5	6.06577E5	5.23573E5	4.42257E5	4.33489E5	4.66437E5	1.62902E5	1.03166E5	6.24716E4	4.73649E4	5.54328E6	3.08695E5	3391.52115
434	1.43982E6	1.33469E6	1.18078E6	9.76404E5	8.3621E5	7.65208E5	7.36457E5	7.13752E5	6.96633E5	6.55704E5	6.0687E5	5.32552E5	4.5061E5	4.0046E5	5.47227E5	1.73132E5	1.10712E5	6.6871E4	4.61451E4	3.39081E6	1.74426E6	4176.5259
436	1.42154E6	1.31867E6	1.1784E6	9.81289E5	8.37266E5	7.64812E5	7.28141E5	7.21756E5	6.9378E5	6.58381E5	6.106E5	5.41375E5	4.57959E5	3.91567E5	5.90463E5	1.87622E5	1.18117E5	7.33529E4	4.58387E4	1.41636E6	4.33083E6	5784.99016
438	1.4178E6	1.3475E6	1.17112E6	9.88878E5	8.49809E5	7.68492E5	7.22238E5	7.11196E5	6.92738E5	6.6314E5	6.14374E5	5.44471E5	4.63092E5	3.94578E5	5.90046E5	2.05969E5	1.26311E5	7.90259E4	4.87118E4	3.50775E5	6.82181E6	8553.03352
440	1.40063E6	1.31388E6	1.1763E6	1.00229E6	8.49763E5	7.63818E5	7.15695E5	7.01247E5	6.89197E5	6.62271E5	6.12826E5	5.48256E5	4.71164E5	3.98061E5	5.42013E5	2.38589E5	1.33117E5	8.61541E4	5.09739E4	6.15647E4	7.55245E6	1.58653E4
442	1.39779E6	1.32276E6	1.17336E6	1.00164E6	8.53066E5	7.60216E5	7.20474E5	7.07857E5	6.84214E5	6.56248E5	6.15476E5	5.47748E5	4.78773E5	4.03609E5	4.76635E5	2.84495E5	1.40131E5	9.13203E4	5.5413E4	4.44558E4	6.1816E6	1.61466E5
444	1.39859E6	1.33108E6	1.19676E6	1.00943E6	8.54023E5	7.60342E5	7.14992E5	6.95964E5	6.80767E5	6.53864E5	6.14643E5	5.4925E5	4.81037E5	4.11095E5	4.07796E5	3.47737E5	1.47548E5	9.6282E4	5.97544E4	4.22343E4	3.5565E6	9.24271E5
446	1.41021E6	1.30076E6	1.19715E6	1.0092E6	8.53965E5	7.61122E5	7.07247E5	6.93553E5	6.75875E5	6.52222E5	6.154E5	5.51273E5	4.87164E5	4.12474E5	3.63136E5	4.17954E5	1.55641E5	1.03513E5	6.45456E4	4.40336E4	1.39833E6	2.77902E6
448	1.37662E6	1.32309E6	1.20204E6	1.01358E6	8.54995E5	7.57411E5	7.08369E5	6.87563E5	6.71726E5	6.48325E5	6.16475E5	5.56347E5	4.90178E5	4.21329E5	3.43507E5	4.73945E5	1.6651E5	1.08678E5	7.13315E4	4.51288E4	3.44424E5	4.93551E6
450	1.3468E6	1.33097E6	1.19712E6	1.023E6	8.52186E5	7.52519E5	6.9873E5	6.89873E5	6.71086E5	6.49456E5	6.17826E5	5.5508E5	4.91133E5	4.26448E5	3.37207E5	5.02239E5	1.7736E5	1.16059E5	7.67063E4	4.83823E4	6.33729E4	6.1252E6
452	1.37888E6	1.31001E6	1.18459E6	1.02643E6	8.53789E5	7.54116E5	6.97764E5	6.78631E5	6.64172E5	6.44095E5	6.07052E5	5.52742E5	4.92915E5	4.3022E5	3.41111E5	4.94749E5	2.00674E5	1.21501E5	8.18543E4	5.13715E4	4.15785E4	5.48992E6
454	1.3873E6	1.3119E6	1.19734E6	1.01882E6	8.54348E5	7.4814E5	6.91196E5	6.70968E5	6.57776E5	6.35143E5	6.0585E5	5.49803E5	4.96927E5	4.36099E5	3.4182E5	4.5011E5	2.31018E5	1.27775E5	8.62215E4	5.46647E4	4.03805E4	3.44967E6
456	1.32182E6	1.2892E6	1.19615E6	1.01859E6	8.54611E5	7.43462E5	6.82013E5	6.64549E5	6.47039E5	6.34483E5	6.02436E5	5.5141E5	4.9604E5	4.37697E5	3.48031E5	3.91063E5	2.7711E5	1.33109E5	9.13596E4	5.92272E4	4.05675E4	1.36754E6
458	1.33679E6	1.3289E6	1.18535E6	1.03203E6	8.46594E5	7.39951E5	6.79404E5	6.55935E5	6.43634E5	6.27831E5	5.97689E5	5.47791E5	4.96466E5	4.39208E5	3.48096E5	3.39633E5	3.32731E5	1.3874E5	9.69904E4	6.30035E4	4.16959E4	3.25328E5
460	1.36649E6	1.31527E6	1.1771E6	1.00202E6	8.51511E5	7.34409E5	6.71298E5	6.50464E5	6.32338E5	6.17566E5	5.90381E5	5.44727E5	4.98287E5	4.42026E5	3.50221E5	3.0699E5	3.85237E5	1.44871E5	1.01476E5	6.73311E4	4.36886E4	5.60138E4
462	1.36148E6	1.29703E6	1.17901E6	1.00818E6	8.44407E5	7.33415E5	6.65683E5	6.35308E5	6.24306E5	6.11968E5	5.87723E5	5.43019E5	4.94856E5	4.44425E5	3.55103E5	2.91446E5	4.22392E5	1.51466E5	1.05918E5	7.19789E4	4.68514E4	3.73667E4
464	1.29744E6	1.29156E6	1.17778E6	1.00593E6	8.49332E5	7.22865E5	6.5321E5	6.35428E5	6.12535E5	6.01389E5	5.80947E5	5.38203E5	4.92575E5	4.43367E5	3.5603E5	2.8529E5	4.28451E5	1.64517E5	1.10164E5	7.72347E4	4.8393E4	3.64048E4
466	1.3619E6	1.25541E6	1.15984E6	1.00082E6	8.41852E5	7.13818E5	6.47226E5	6.18977E5	6.08353E5	5.94779E5	5.7449E5	5.38322E5	4.92897E5	4.43698E5	3.63255E5	2.8932E5	4.05448E5	1.84269E5	1.15529E5	7.93006E4	5.08836E4	3.59553E4
468	1.41102E6	1.25753E6	1.15281E6	1.00006E6	8.34377E5	7.08411E5	6.47273E5	6.15507E5	6.03002E5	5.86108E5	5.69672E5	5.3341E5	4.88275E5	4.41877E5	3.64706E5	2.88715E5	3.61928E5	2.13329E5	1.19096E5	8.44817E4	5.47583E4	3.66506E4
470	1.8162E6	1.22355E6	1.15155E6	1.00316E6	8.16671E5	7.06882E5	6.38738E5	6.04257E5	5.93784E5	5.77239E5	5.62547E5	5.23711E5	4.85833E5	4.39446E5	3.62347E5	2.91363E5	3.13601E5	2.55031E5	1.22769E5	8.75376E4	5.85818E4	3.76166E4
472	2.71068E6	1.23403E6	1.12339E6	9.90092E5	8.21905E5	7.01435E5	6.25176E5	5.99447E5	5.86329E5	5.73707E5	5.5757E5	5.19613E5	4.8237E5	4.47976E5	3.61964E5	2.91928E5	2.76691E5	3.00227E5	1.30467E5	9.2796E4	6.34422E4	3.94098E4
474	4.25594E6	1.20247E6	1.12907E6	9.84426E5	8.18058E5	6.97806E5	6.22901E5	5.89619E5	5.78556E5	5.68497E5	5.47478E5	5.16803E5	4.79724E5	4.41743E5	3.67098E5	2.92688E5	2.5507E5	3.3777E5	1.32123E5	9.58694E4	6.51448E4	4.18178E4
476	6.57484E6	1.2051E6	1.11265E6	9.78867E5	8.02296E5	6.93698E5	6.15971E5	5.84001E5	5.69113E5	5.58289E5	5.38146E5	5.06869E5	4.76307E5	4.38673E5	3.66413E5	2.93002E5	2.42967E5	3.66493E5	1.39216E5	9.9935E4	6.88401E4	4.42632E4
478	9.39362E6	1.18917E6	1.09825E6	9.63555E5	8.01442E5	6.71404E5	6.04596E5	5.69805E5	5.58333E5	5.45758E5	5.26118E5	5.00307E5	4.71277E5	4.37814E5	3.65986E5	2.93773E5	2.41874E5	3.66556E5	1.48392E5	1.00607E5	7.21712E4	4.67844E4
480	1.19434E7	1.16444E6	1.0831E6	9.47309E5	7.95827E5	6.71908E5	5.96075E5	5.64466E5	5.48207E5	5.35025E5	5.2099E5	4.90547E5	4.65937E5	4.25099E5	3.66281E5	2.94079E5	2.42033E5	3.40039E5	1.68894E5	1.04325E5	7.41446E4	4.91795E4
482	1.29257E7	1.16776E6	1.06901E6	9.37146E5	7.88245E5	6.63845E5	5.9258E5	5.53449E5	5.32706E5	5.23765E5	5.10238E5	4.85518E5	4.59289E5	4.28644E5	3.59959E5	2.92955E5	2.402E5	3.00712E5	1.93063E5	1.07498E5	7.76826E4	5.25685E4
484	1.2617E7	1.14283E6	1.0525E6	9.23318E5	7.74963E5	6.49235E5	5.79143E5	5.40805E5	5.25493E5	5.12346E5	5.02724E5	4.7641E5	4.52402E5	4.21493E5	3.55966E5	2.93565E5	2.38479E5	2.58162E5	2.30141E5	1.10725E5	8.00809E4	5.55903E4
486	1.0683E7	1.15827E6	1.03749E6	9.26036E5	7.66441E5	6.48334E5	5.68991E5	5.31582E5	5.17595E5	5.07218E5	4.97851E5	4.66119E5	4.46371E5	4.17941E5	3.51936E5	2.9328E5	2.39094E5	2.2618E5	2.66944E5	1.13374E5	8.29004E4	5.83965E4
488	7.83132E6	1.34957E6	1.03505E6	9.15624E5	7.58122E5	6.37592E5	5.63828E5	5.21266E5	5.10204E5	4.9638E5	4.83415E5	4.61809E5	4.40413E5	4.1397E5	3.52992E5	2.92569E5	2.38386E5	2.09812E5	2.95001E5	1.18603E5	8.58286E4	6.1394E4
490	5.00089E6	1.94855E6	1.02685E6	9.03966E5	7.535E5	6.27384E5	5.55464E5	5.16302E5	5.00473E5	4.87323E5	4.7538E5	4.51987E5	4.31671E5	4.10233E5	3.49073E5	2.91121E5	2.41934E5	2.03508E5	3.10766E5	1.24558E5	8.58677E4	6.19184E4
492	2.73684E6	3.33212E6	1.0023E6	8.81457E5	7.37107E5	6.20912E5	5.40293E5	5.05542E5	4.87409E5	4.78394E5	4.66684E5	4.45014E5	4.23957E5	4.05684E5	3.44502E5	2.89812E5	2.37697E5	2.0078E5	3.03924E5	1.33931E5	8.80692E4	6.54085E4
494	1.58333E6	5.34299E6	9.917E5	8.7742E5	7.3353E5	6.14366E5	5.38537E5	4.98808E5	4.82157E5	4.72118E5	4.58512E5	4.38737E5	4.18462E5	3.98574E5	3.42033E5	2.88468E5	2.37471E5	1.97908E5	2.83137E5	1.538E5	9.13059E4	6.53081E4
496	1.22963E6	8.23406E6	9.78036E5	8.58739E5	7.14243E5	6.01738E5	5.33582E5	4.89023E5	4.682E5	4.55106E5	4.46363E5	4.3E5	4.12042E5	3.91885E5	3.37726E5	2.80661E5	2.3911E5	1.9663E5	2.49202E5	1.75643E5	9.38133E4	6.85428E4
498	1.13369E6	1.12922E7	9.54367E5	8.46455E5	7.10604E5	5.96023E5	5.14768E5	4.76719E5	4.59607E5	4.51245E5	4.41006E5	4.19704E5	4.0704E5	3.8658E5	3.34839E5	2.84884E5	2.37627E5	1.97831E5	2.15225E5	2.03509E5	9.50511E4	7.04835E4
500	1.11019E6	1.38265E7	9.36572E5	8.36149E5	6.9646E5	5.90138E5	5.05369E5	4.71969E5	4.54675E5	4.43779E5	4.29881E5	4.16999E5	3.96925E5	3.79724E5	3.29079E5	2.79095E5	2.36102E5	1.9577E5	1.90825E5	2.36078E5	9.67988E4	7.08607E4
502	1.05771E6	1.47813E7	9.43252E5	8.16526E5	6.87333E5	5.7761E5	5.04025E5	4.62778E5	4.40965E5	4.33082E5	4.2196E5	4.06181E5	3.89941E5	3.72362E5	3.26373E5	2.75359E5	2.33661E5	1.93498E5	1.74866E5	2.56788E5	9.9179E4	7.33838E4
504	9.8858E5	1.39751E7	9.34658E5	8.07471E5	6.83618E5	5.7082E5	4.89261E5	4.55796E5	4.39745E5	4.25084E5	4.12484E5	3.97946E5	3.81682E5	3.68813E5	3.22671E5	2.78312E5	2.303E5	1.95435E5	1.67479E5	2.62682E5	1.06211E5	7.57207E4
506	1.00261E6	1.1645E7	9.30987E5	8.0067E5	6.68973E5	5.61324E5	4.84023E5	4.47657E5	4.27672E5	4.12196E5	4.05671E5	3.90692E5	3.77718E5	3.58309E5	3.17163E5	2.69026E5	2.30451E5	1.91632E5	1.62263E5	2.54141E5	1.15649E5	7.73025E4
508	1.01272E6	8.54821E6	1.13456E6	7.89479E5	6.54909E5	5.52789E5	4.72959E5	4.36258E5	4.18539E5	4.0815E5	3.97591E5	3.81964E5	3.69967E5	3.55547E5	3.13465E5	2.67919E5	2.29799E5	1.91761E5	1.63201E5	2.3319E5	1.29985E5	7.64119E4
510	1.05013E6	5.28247E6	1.85824E6	7.72471E5	6.47954E5	5.45018E5	4.66251E5	4.27823E5	4.08594E5	3.99123E5	3.8876E5	3.75334E5	3.61464E5	3.48525E5	3.0572E5	2.64548E5	2.22684E5	1.90554E5	1.59215E5	2.04326E5	1.50129E5	7.77698E4
512	1.18399E6	2.71981E6	3.48065E6	7.65369E5	6.40276E5	5.30313E5	4.61026E5	4.18619E5	3.9959E5	3.87603E5	3.80441E5	3.67451E5	3.52493E5	3.42471E5	3.00048E5	2.60591E5	2.23103E5	1.86541E5	1.58899E5	1.74806E5	1.73162E5	7.98083E4
514	1.36472E6	1.44736E6	5.82091E6	7.4421E5	6.25412E5	5.19413E5	4.5506E5	4.12591E5	3.89633E5	3.79069E5	3.69308E5	3.54487E5	3.4691E5	3.34751E5	2.98152E5	2.56978E5	2.18251E5	1.86755E5	1.58807E5	1.5282E5	1.95692E5	8.25287E4
516	1.65967E6	1.03413E6	8.79824E6	7.287E5	6.16412E5	5.12787E5	4.42463E5	3.98732E5	3.81974E5	3.70405E5	3.60451E5	3.49701E5	3.39369E5	3.30922E5	2.90435E5	2.53685E5	2.17012E5	1.84322E5	1.55603E5	1.4042E5	2.08529E5	8.42575E4
518	1.93329E6	9.47349E5	1.18923E7	7.21833E5	5.99992E5	5.06449E5	4.33835E5	3.94901E5	3.76791E5	3.61883E5	3.49726E5	3.40824E5	3.35922E5	3.24832E5	2.83883E5	2.47803E5	2.12511E5	1.84489E5	1.54847E5	1.35531E5	2.14363E5	8.71875E4
520	2.32731E6	9.16954E5	1.43745E7	7.05802E5	5.93578E5	4.94265E5	4.24612E5	3.87938E5	3.67756E5	3.53397E5	3.44076E5	3.34057E5	3.27272E5	3.17402E5	2.77737E5	2.43899E5	2.11155E5	1.81647E5	1.52706E5	1.31719E5	2.09283E5	9.75783E4
522	2.66484E6	8.67158E5	1.50918E7	7.01664E5	5.8046E5	4.89866E5	4.21166E5	3.78774E5	3.61821E5	3.4611E5	3.35886E5	3.26067E5	3.16232E5	3.09662E5	2.76162E5	2.38567E5	2.0799E5	1.78249E5	1.51989E5	1.30885E5	1.899E5	1.07317E5
524	2.86021E6	8.63756E5	1.38017E7	6.88018E5	5.69772E5	4.73915E5	4.18456E5	3.70146E5	3.51264E5	3.37405E5	3.26783E5	3.17735E5	3.08159E5	2.99899E5	2.70279E5	2.34093E5	2.03941E5	1.77495E5	1.51115E5	1.29714E5	1.65922E5	1.25066E5
526	2.9397E6	8.29697E5	1.13523E7	6.96655E5	5.54755E5	4.71397E5	4.0109E5	3.64744E5	3.43483E5	3.28703E5	3.22962E5	3.11019E5	3.00504E5	2.95363E5	2.63622E5	2.2811E5	2.02459E5	1.73633E5	1.49442E5	1.28728E5	1.43823E5	1.4167E5
528	2.75861E6	8.03087E5	8.12737E6	9.42242E5	5.49399E5	4.56653E5	3.95479E5	3.56598E5	3.35756E5	3.22387E5	3.14024E5	3.06065E5	2.94284E5	2.90775E5	2.5704E5	2.26254E5	1.9501E5	1.70295E5	1.45314E5	1.2567E5	1.25394E5	1.57151E5
530	2.47084E6	7.91033E5	4.79886E6	1.78573E6	5.43782E5	4.49892E5	3.87577E5	3.44912E5	3.26419E5	3.12717E5	3.00982E5	2.97213E5	2.88654E5	2.85068E5	2.51018E5	2.208E5	1.93478E5	1.68127E5	1.43599E5	1.22725E5	1.1374E5	1.72062E5
532	2.03531E6	8.2313E5	2.36425E6	3.62806E6	5.28072E5	4.36079E5	3.71768E5	3.40585E5	3.20046E5	3.06595E5	2.96875E5	2.90021E5	2.82937E5	2.75441E5	2.46463E5	2.15993E5	1.90671E5	1.66129E5	1.42483E5	1.22266E5	1.05991E5	1.75806E5
534	1.57553E6	9.17931E5	1.15496E6	6.43259E6	5.20972E5	4.2127E5	3.71194E5	3.34974E5	3.11022E5	3.00508E5	2.89159E5	2.80056E5	2.74168E5	2.6857E5	2.41114E5	2.12406E5	1.87919E5	1.61475E5	1.41582E5	1.20994E5	1.01968E5	1.70777E5
536	1.158E6	1.07546E6	8.01992E5	9.74978E6	5.12617E5	4.21354E5	3.61933E5	3.27277E5	3.02187E5	2.90764E5	2.833E5	2.76158E5	2.65837E5	2.62534E5	2.32099E5	2.05756E5	1.80763E5	1.60176E5	1.36176E5	1.17968E5	1.00474E5	1.5739E5
538	8.97616E5	1.35028E6	7.30478E5	1.29518E7	5.03714E5	4.12041E5	3.49007E5	3.17943E5	2.92762E5	2.81909E5	2.79128E5	2.67644E5	2.60967E5	2.55462E5	2.2876E5	2.02445E5	1.74076E5	1.55046E5	1.35678E5	1.17307E5	9.94167E4	1.34933E5
540	7.69609E5	1.68363E6	7.00937E5	1.50947E7	4.85954E5	3.97518E5	3.41037E5	3.06594E5	2.86817E5	2.79011E5	2.69827E5	2.54197E5	2.5319E5	2.50201E5	2.23779E5	1.96465E5	1.73638E5	1.53511E5	1.3176E5	1.16842E5	9.7565E4	1.13743E5
542	6.8575E5	2.10606E6	6.79152E5	1.55312E7	4.74752E5	3.90923E5	3.34711E5	3.04003E5	2.84831E5	2.66074E5	2.61757E5	2.53954E5	2.4605E5	2.42281E5	2.16941E5	1.9364E5	1.6983E5	1.4966E5	1.29046E5	1.13757E5	9.64613E4	9.90389E4
544	6.47981E5	2.49878E6	6.86467E5	1.40137E7	4.82076E5	3.86103E5	3.27124E5	2.92516E5	2.75149E5	2.57244E5	2.53246E5	2.44187E5	2.39395E5	2.32961E5	2.0971E5	1.87686E5	1.66894E5	1.46183E5	1.28111E5	1.10657E5	9.41852E4	8.76787E4
546	6.42951E5	2.79608E6	6.46197E5	1.11853E7	4.99305E5	3.80962E5	3.1619E5	2.89207E5	2.67941E5	2.56164E5	2.48744E5	2.36871E5	2.35231E5	2.30086E5	2.04493E5	1.80972E5	1.63312E5	1.43084E5	1.26009E5	1.10056E5	9.30311E4	8.1976E4
548	6.01886E5	2.922E6	6.30244E5	7.72524E6	8.09509E5	3.77442E5	3.16052E5	2.82651E5	2.60669E5	2.50636E5	2.41645E5	2.34127E5	2.28323E5	2.22057E5	2.00093E5	1.79159E5	1.57804E5	1.41363E5	1.2252E5	1.07491E5	9.08215E4	7.91318E4
550	6.06314E5	2.89008E6	6.06932E5	4.54868E6	1.7797E6	3.59871E5	3.04486E5	2.74763E5	2.57057E5	2.38392E5	2.31932E5	2.23365E5	2.20067E5	2.19686E5	1.97224E5	1.74878E5	1.54199E5	1.37016E5	1.19638E5	1.06222E5	8.9833E4	7.73496E4
552	6.09173E5	2.6349E6	5.95869E5	2.16029E6	3.72646E6	3.56281E5	2.97475E5	2.69404E5	2.44767E5	2.36922E5	2.27771E5	2.19456E5	2.14565E5	2.13412E5	1.88912E5	1.70668E5	1.51498E5	1.34873E5	1.18111E5	1.01672E5	8.91688E4	7.55672E4
554	5.75245E5	2.26899E6	6.05174E5	9.7889E5	6.56296E6	3.46255E5	2.92705E5	2.63006E5	2.4188E5	2.29213E5	2.204E5	2.12199E5	2.08581E5	2.05163E5	1.86524E5	1.64755E5	1.47599E5	1.31762E5	1.15266E5	1.01596E5	8.69793E4	7.42671E4
556	5.74517E5	1.84904E6	6.37427E5	6.2796E5	9.91384E6	3.43967E5	2.8883E5	2.54032E5	2.37008E5	2.25022E5	2.15901E5	2.05228E5	2.0225E5	2.00494E5	1.80608E5	1.61725E5	1.44323E5	1.27366E5	1.14647E5	9.91905E4	8.40564E4	7.35765E4
558	5.44032E5	1.38996E6	7.50472E5	5.75467E5	1.32029E7	3.35352E5	2.81519E5	2.50071E5	2.31959E5	2.17767E5	2.12669E5	2.0301E5	1.94315E5	1.93007E5	1.76687E5	1.57093E5	1.39945E5	1.24911E5	1.10414E5	9.77737E4	8.32318E4	7.12518E4
560	5.11394E5	1.00337E6	9.43133E5	5.4163E5	1.53859E7	3.27511E5	2.76738E5	2.42036E5	2.21362E5	2.09894E5	2.02106E5	1.94647E5	1.91943E5	1.88546E5	1.70889E5	1.53134E5	1.36978E5	1.20692E5	1.07968E5	9.49198E4	8.10905E4	7.04974E4
562	5.28418E5	7.48145E5	1.24668E6	5.19643E5	1.58603E7	3.22343E5	2.66777E5	2.42238E5	2.17977E5	2.06637E5	1.98077E5	1.94053E5	1.86527E5	1.85175E5	1.63403E5	1.4898E5	1.32849E5	1.18646E5	1.05627E5	9.34492E4	8.05427E4	6.78456E4
564	5.00349E5	6.11692E5	1.60622E6	5.02234E5	1.41248E7	3.32176E5	2.64252E5	2.27213E5	2.10389E5	2.00439E5	1.92607E5	1.83582E5	1.81198E5	1.79988E5	1.6194E5	1.43516E5	1.30368E5	1.1556E5	1.0112E5	8.99651E4	7.85064E4	6.71446E4
566	4.62034E5	5.30996E5	2.00798E6	4.96528E5	1.12005E7	3.8213E5	2.57384E5	2.23101E5	2.02431E5	1.96645E5	1.85966E5	1.77105E5	1.74529E5	1.71809E5	1.58518E5	1.39321E5	1.25041E5	1.11582E5	1.00606E5	8.8133E4	7.7005E4	6.36869E4
568	4.91734E5	4.76948E5	2.33853E6	4.83379E5	7.56465E6	9.14428E5	2.51603E5	2.16993E5	1.97049E5	1.86187E5	1.82725E5	1.73024E5	1.72601E5	1.67887E5	1.52067E5	1.36138E5	1.20968E5	1.11063E5	9.79987E4	8.59254E4	7.54484E4	6.52619E4
570	4.98398E5	4.8861E5	2.61789E6	4.68157E5	4.23152E6	2.46652E6	2.44133E5	2.12081E5	1.94502E5	1.82867E5	1.75458E5	1.70436E5	1.6747E5	1.64468E5	1.48631E5	1.32703E5	1.18726E5	1.06389E5	9.47223E4	8.55127E4	7.20255E4	6.32676E4
572	5.01476E5	4.61688E5	2.70506E6	4.56744E5	1.93413E6	4.97887E6	2.40767E5	2.08022E5	1.92469E5	1.81077E5	1.70847E5	1.64292E5	1.62173E5	1.58126E5	1.42198E5	1.30684E5	1.15198E5	1.04918E5	9.09556E4	8.09678E4	7.03158E4	6.04187E4
574	4.50721E5	4.55468E5	2.57931E6	4.51402E5	7.85163E5	8.16425E6	2.32028E5	2.04279E5	1.83134E5	1.74614E5	1.64955E5	1.59537E5	1.56286E5	1.53798E5	1.39709E5	1.246E5	1.10251E5	9.8917E4	9.09732E4	7.8944E4	6.84056E4	5.90967E4
576	4.473E5	4.20246E5	2.3096E6	4.53986E5	4.78958E5	1.16325E7	2.28394E5	1.95886E5	1.8064E5	1.71759E5	1.59452E5	1.55387E5	1.51125E5	1.48934E5	1.34851E5	1.23264E5	1.09333E5	9.73825E4	8.70498E4	7.78624E4	6.75588E4	5.69424E4
578	4.23608E5	4.11272E5	1.92319E6	4.55334E5	4.37265E5	1.48008E7	2.27442E5	1.92386E5	1.73046E5	1.65508E5	1.55984E5	1.50422E5	1.45556E5	1.44125E5	1.29038E5	1.16955E5	1.04959E5	9.7253E4	8.58201E4	7.61341E4	6.58979E4	5.56127E4
580	4.24768E5	4.20084E5	1.51167E6	5.20443E5	4.11952E5	1.64785E7	2.24772E5	1.86659E5	1.68594E5	1.55266E5	1.49677E5	1.46501E5	1.41889E5	1.40504E5	1.26793E5	1.15203E5	1.03092E5	9.25343E4	8.28904E4	7.59491E4	6.44825E4	5.52622E4
582	4.10639E5	4.06832E5	1.1215E6	6.395E5	3.99294E5	1.60391E7	2.18073E5	1.80751E5	1.64227E5	1.55947E5	1.43076E5	1.39213E5	1.36598E5	1.35086E5	1.23664E5	1.10863E5	9.91663E4	8.97326E4	8.0147E4	7.2632E4	6.38884E4	5.4876E4
584	4.29442E5	4.06788E5	8.22749E5	8.30219E5	3.97826E5	1.38128E7	2.25231E5	1.79128E5	1.57735E5	1.51177E5	1.43249E5	1.36671E5	1.36455E5	1.31644E5	1.18106E5	1.08863E5	9.77367E4	8.8355E4	7.87887E4	6.94476E4	6.20192E4	5.4333E4
586	4.3092E5	3.95814E5	6.08549E5	1.10735E6	3.90513E5	1.05353E7	2.59277E5	1.76013E5	1.56035E5	1.42228E5	1.38571E5	1.30135E5	1.29465E5	1.2758E5	1.13867E5	1.03192E5	9.39914E4	8.70144E4	7.66581E4	6.75888E4	6.01072E4	5.07153E4
588	3.9153E5	3.63191E5	4.77943E5	1.42817E6	3.91108E5	6.83303E6	6.01068E5	1.78006E5	1.48418E5	1.37721E5	1.35322E5	1.3039E5	1.25934E5	1.22786E5	1.1172E5	1.01921E5	8.96704E4	8.20974E4	7.45662E4	6.79445E4	5.87255E4	5.1652E4
590	3.84839E5	3.75689E5	4.25357E5	1.80941E6	3.8876E5	3.6035E6	1.77737E6	1.692E5	1.48321E5	1.38683E5	1.30945E5	1.25413E5	1.21829E5	1.19465E5	1.10373E5	9.75976E4	8.6667E4	7.87051E4	6.97521E4	6.40594E4	5.66576E4	4.86039E4
592	4.08536E5	3.72986E5	3.94059E5	2.1307E6	3.77077E5	1.50406E6	4.14815E6	1.6254E5	1.42375E5	1.33199E5	1.26425E5	1.2007E5	1.14005E5	1.15587E5	1.06264E5	9.28197E4	8.42087E4	7.69942E4	7.01379E4	6.20867E4	5.38102E4	4.7582E4
594	4.07571E5	3.5347E5	3.78998E5	2.34586E6	3.83108E5	5.85065E5	7.46313E6	1.60623E5	1.39157E5	1.29336E5	1.22827E5	1.14539E5	1.10238E5	1.11328E5	1.02126E5	9.22805E4	8.27896E4	7.56201E4	6.78068E4	5.91088E4	5.14217E4	4.70326E4
596	4.14338E5	3.46053E5	3.7329E5	2.37792E6	3.79418E5	3.63608E5	1.1211E7	1.58189E5	1.37386E5	1.23877E5	1.17844E5	1.1218E5	1.10263E5	1.0643E5	9.80409E4	8.98781E4	8.18336E4	7.21712E4	6.56534E4	5.76177E4	5.23781E4	4.4681E4
598	4.13603E5	3.7136E5	3.60775E5	2.26927E6	3.87206E5	3.37184E5	1.44032E7	1.55227E5	1.32776E5	1.23668E5	1.14979E5	1.06726E5	1.07251E5	1.05998E5	9.51236E4	8.44743E4	7.77189E4	7.03573E4	6.44332E4	5.63182E4	4.79599E4	4.37378E4
600	3.94104E5	3.52524E5	3.56974E5	2.01933E6	3.83278E5	3.14947E5	1.60537E7	1.51214E5	1.30485E5	1.19811E5	1.11359E5	1.07954E5	1.02892E5	1.00593E5	9.40224E4	8.25823E4	7.51497E4	6.75437E4	6.22924E4	5.43961E4	4.92845E4	4.26469E4
