300	1.39545E5	1.05857E5	1.15801E5	2.75511E6	2.79472E5	2.27562E5	1.86172E7	6.60571E4	8885.13448	5579.58467	3259.35618	2763.72354	2099.4362	2190.12094	1572.97006	1580.93863	1288.27709	1386.45186	989.09412	1155.90506	1050.40469	875.94429
302	1.32113E5	1.20502E5	1.10132E5	1.81071E6	5.96025E5	1.56186E5	1.63462E7	7.3326E5	1.04125E4	6024.6724	3977.13258	3045.81545	2340.91806	2128.1269	1750.52169	1398.22545	1387.69914	1280.32244	1273.60896	955.75856	982.26194	826.5099
304	1.5603E5	1.09713E5	1.17791E5	9.75332E5	1.19758E6	1.43959E5	1.0414E7	3.26052E6	1.20611E4	6361.36914	4896.2956	2906.9734	2536.36703	2157.60041	1919.30981	1388.38415	1186.72554	1335.74558	1365.32437	969.974	721.35166	1047.65675
306	1.50015E5	1.20864E5	1.14467E5	4.7521E5	1.98263E6	1.37096E5	4.4673E6	8.32904E6	1.52152E4	5930.59737	4611.59854	2930.64793	2303.41846	1825.71266	1679.22863	1538.86906	1020.51192	1289.26747	903.53309	925.2829	930.31913	1135.79218
308	1.58708E5	1.07739E5	1.23217E5	2.36691E5	2.66803E6	1.37825E5	1.14048E6	1.44453E7	2.20906E4	6987.47359	4967.06599	3194.9797	2389.08709	2424.16882	1832.55789	1488.16474	1370.44952	1357.73268	1033.98873	996.67533	904.30388	931.85719
310	1.69527E5	1.05553E5	1.28811E5	1.83793E5	2.86178E6	1.49922E5	2.02879E5	1.7273E7	6.12551E4	7645.78309	4280.76821	3360.03027	2850.03651	2220.03465	1482.31426	1492.91473	1444.61996	1232.93305	1376.56986	627.44343	926.32929	905.70216
312	1.47807E5	1.1947E5	1.3243E5	1.64357E5	2.47213E6	2.28888E5	1.22019E5	1.5077E7	6.44532E5	8509.90945	4508.83834	3705.76718	2168.80846	1628.52614	1832.89143	1194.54735	1013.10653	1021.25188	986.09919	907.93557	1043.64396	813.99521
314	1.64131E5	1.33634E5	1.37865E5	1.51957E5	1.65048E6	4.91184E5	1.05998E5	9.34484E6	3.05907E6	9547.36171	5073.59765	3976.48989	2466.50343	2471.84433	1668.29158	1518.59042	1140.25632	1215.97999	1241.71649	665.99993	685.22678	844.54834
316	1.41216E5	1.30173E5	1.38051E5	1.60787E5	9.16043E5	9.80074E5	1.01076E5	3.87654E6	7.79315E6	1.32767E4	5570.58641	3746.05778	2466.63369	1927.94392	1647.58065	1269.07043	1145.67746	1020.58773	1082.83059	1086.6076	780.88726	721.50608
318	1.81371E5	1.24279E5	1.42681E5	1.67391E5	4.59183E5	1.65606E6	9.61503E4	1.00501E6	1.26312E7	1.90184E4	5992.66271	4301.27135	2490.12302	2041.56932	1933.68524	1661.48487	1069.50477	1058.79085	856.37767	966.97791	746.38551	814.29154
320	1.51919E5	1.29851E5	1.44832E5	1.66609E5	2.55253E5	2.23194E6	8.92954E4	1.66301E5	1.49316E7	5.33844E4	6529.9495	4168.02143	2505.8353	2070.06586	1825.6972	1427.34621	777.462	1011.57023	1170.18484	873.26353	921.45815	686.4394
322	1.67282E5	1.28281E5	1.51017E5	1.76882E5	2.1138E5	2.37344E6	9.77419E4	9.61876E4	1.27083E7	5.42895E5	7078.89941	4122.33397	2592.30909	2313.23	1504.42375	1615.81151	915.7306	1082.71332	951.94269	981.12959	749.03009	686.32024
324	1.74914E5	1.40177E5	1.50031E5	1.75152E5	1.94849E5	2.04219E6	1.57371E5	8.24844E4	7.82022E6	2.43537E6	8446.27137	4438.97258	2476.31445	2188.67864	1757.79574	1194.72434	1044.62948	991.80315	1012.28674	853.88693	836.19503	795.8844
326	1.75133E5	1.44733E5	1.50519E5	1.73643E5	1.82808E5	1.42463E6	3.43658E5	7.51247E4	3.21939E6	6.17249E6	1.02593E4	4984.64471	3166.11391	2167.53737	1480.91284	1185.76726	1072.70109	852.59432	897.70902	789.83424	625.77162	788.13087
328	1.73869E5	1.34513E5	1.55114E5	1.7908E5	1.82222E5	8.49464E5	6.90009E5	7.43474E4	8.49082E5	1.01662E7	1.6159E4	5021.79043	3072.78696	2481.11296	1939.40478	1632.74302	1072.46061	973.649	848.832	1131.76913	805.31353	563.41885
330	2.07069E5	1.52814E5	1.50602E5	1.83797E5	1.88833E5	4.39918E5	1.22559E6	7.1008E4	1.40466E5	1.23132E7	4.14917E4	5731.75781	3286.35695	2127.10653	1844.74461	1130.61709	999.50837	1207.23617	1076.44441	731.54597	732.28196	639.56701
332	2.0471E5	1.46783E5	1.53284E5	1.89257E5	1.95305E5	2.47134E5	1.68145E6	6.80851E4	8.69801E4	1.08088E7	4.38939E5	6094.21292	2923.56693	2547.15761	1893.44642	1398.42454	1020.5693	982.02897	806.74169	720.49427	649.60257	727.64451
334	2.24355E5	1.5174E5	1.5252E5	1.83557E5	1.88871E5	1.78482E5	1.90731E6	7.16027E4	7.02968E4	6.99499E6	2.04496E6	7110.53221	3521.11863	2260.44734	1728.92167	1568.60765	1066.33885	900.80085	952.45913	858.97564	800.40164	584.26528
336	2.20682E5	1.47479E5	1.61333E5	1.81482E5	1.84416E5	1.60811E5	1.7473E6	1.12061E5	6.69694E4	3.01392E6	5.27734E6	9380.77994	3824.24191	2632.98151	1944.90653	1298.48857	1206.36073	1137.54318	782.69629	830.84927	805.56302	612.71951
338	2.12326E5	1.60201E5	1.57018E5	1.87528E5	1.88379E5	1.56129E5	1.3132E6	2.25433E5	6.507E4	8.60295E5	8.70707E6	1.41478E4	3574.8953	2407.0862	1797.55631	1420.88227	1137.506	1030.85569	820.54901	695.33284	802.7876	753.55032
340	1.97687E5	1.63948E5	1.61245E5	1.86111E5	1.91875E5	1.55093E5	7.95975E5	4.9467E5	6.48752E4	1.41431E5	1.03756E7	3.48902E4	4117.8575	2988.24978	2064.58129	1605.95177	1025.6457	1048.72757	866.69944	771.88226	741.64941	627.86849
342	2.31676E5	1.63687E5	1.5478E5	1.80127E5	1.8932E5	1.55751E5	4.14533E5	8.7391E5	6.34139E4	7.65039E4	9.03076E6	3.35395E5	5086.10444	3027.77933	1954.74196	1558.18077	1075.34984	877.11191	709.57594	706.21708	670.61923	603.58365
344	2.18252E5	1.58696E5	1.59037E5	1.7465E5	1.83544E5	1.56099E5	2.04603E5	1.30344E6	6.09558E4	6.62835E4	5.55884E6	1.76121E6	5534.75004	2882.82291	2294.0074	1571.23646	1004.82513	775.90038	708.94942	722.2925	665.47312	529.30861
346	2.37499E5	1.70868E5	1.58417E5	1.74332E5	1.84552E5	1.54149E5	1.3571E5	1.51954E6	6.8949E4	6.16034E4	2.38165E6	4.57016E6	7166.906	2811.09056	2340.89314	1712.77139	977.67898	957.32598	990.36969	718.77434	730.86715	590.86337
348	2.16205E5	1.64734E5	1.58304E5	1.74451E5	1.81926E5	1.56292E5	1.18408E5	1.45138E6	9.35913E4	6.10787E4	5.9734E5	7.79983E6	1.07079E4	3360.27215	1926.83298	1453.92163	918.51266	709.51838	1127.0214	837.82025	591.08822	477.44793
350	2.26251E5	1.7595E5	1.61048E5	1.69296E5	1.79261E5	1.53562E5	1.12509E5	1.1504E6	1.73901E5	6.3732E4	1.12048E5	9.22489E6	2.29333E4	3651.48855	2085.52147	1396.34671	919.88133	863.05802	866.7976	566.3812	582.52688	387.33767
352	2.13519E5	1.74444E5	1.59911E5	1.66744E5	1.7735E5	1.51631E5	1.13565E5	7.25962E5	3.59788E5	6.4142E4	6.60827E4	8.02238E6	2.62912E5	4079.03207	2349.61223	1725.58884	1116.98985	951.49981	736.59919	648.42633	586.01014	493.06677
354	2.42025E5	1.70225E5	1.54137E5	1.69393E5	1.74245E5	1.5583E5	1.16911E5	4.04416E5	6.40028E5	6.59251E4	5.80435E4	5.01605E6	1.27887E6	4736.62474	2445.34912	1653.39418	882.7655	950.83778	941.73067	465.42407	582.15469	524.99983
356	2.40026E5	1.7265E5	1.56286E5	1.6357E5	1.72493E5	1.57553E5	1.18336E5	2.18541E5	9.56123E5	6.74791E4	5.7313E4	2.07039E6	3.52383E6	7138.78949	2368.707	1428.31352	1079.8963	928.45767	682.35052	634.08123	514.27163	446.14396
358	2.59229E5	1.75848E5	1.59026E5	1.66702E5	1.71084E5	1.54432E5	1.195E5	1.45787E5	1.17147E6	7.16526E4	5.63177E4	5.24254E5	6.05714E6	9471.18247	2636.92505	1638.38241	1154.57746	736.84197	809.75212	550.04867	450.6659	713.59006
360	2.44474E5	1.82298E5	1.54843E5	1.66501E5	1.72308E5	1.54602E5	1.26122E5	1.23181E5	1.18566E6	8.76518E4	5.92431E4	9.76539E4	7.44785E6	2.07799E4	2771.89625	1596.17479	1132.71514	1007.30887	752.25906	760.60291	535.18521	561.90492
362	2.39236E5	1.83391E5	1.65635E5	1.64343E5	1.69902E5	1.59688E5	1.28018E5	1.16956E5	1.00716E6	1.32526E5	6.2557E4	5.96383E4	6.76268E6	2.27864E5	3370.8881	1897.21914	1158.34046	987.60205	851.67531	506.21123	480.07825	473.11175
364	2.537E5	1.83968E5	1.60939E5	1.62024E5	1.69398E5	1.6222E5	1.29581E5	1.18884E5	7.08421E5	2.46044E5	6.3606E4	5.19821E4	4.41428E6	1.16675E6	4323.26603	1767.71598	1217.44874	943.29262	588.10043	744.72937	498.91205	525.70663
366	2.46327E5	1.87917E5	1.61226E5	1.62062E5	1.68814E5	1.6105E5	1.37105E5	1.24131E5	4.23637E5	4.42916E5	6.63371E4	4.98483E4	1.83423E6	3.34757E6	5196.41707	1899.05056	1234.40246	1137.16323	789.88795	664.51008	435.66081	497.48469
368	2.67652E5	2.01272E5	1.74104E5	1.67076E5	1.70089E5	1.60938E5	1.37249E5	1.27658E5	2.42389E5	6.86703E5	6.83986E4	5.16048E4	4.87605E5	5.66862E6	8150.17882	2304.5141	1422.93887	1094.6395	776.92394	653.70147	607.24736	494.15016
370	2.69051E5	1.96644E5	1.65242E5	1.67359E5	1.67867E5	1.60305E5	1.41323E5	1.30159E5	1.6446E5	9.0549E5	7.17014E4	5.38661E4	8.69903E4	6.8905E6	1.94252E4	2325.87666	1440.51757	1170.18898	807.49069	660.49287	576.4244	496.4516
372	2.66075E5	2.01517E5	1.78185E5	1.64877E5	1.67242E5	1.58582E5	1.45195E5	1.36539E5	1.3988E5	9.76821E5	8.43631E4	5.62669E4	5.36516E4	6.04508E6	2.1347E5	3073.5878	1336.59543	970.73856	830.24431	638.35839	603.3772	473.05079
374	2.58608E5	2.10847E5	1.76092E5	1.64944E5	1.67806E5	1.59086E5	1.48972E5	1.39819E5	1.33992E5	8.79024E5	1.18539E5	5.80146E4	4.56296E4	3.76189E6	1.04979E6	3519.53909	1549.76406	1019.3752	841.61801	665.22553	609.85937	489.93244
376	2.70208E5	2.16902E5	1.77938E5	1.65541E5	1.64757E5	1.5886E5	1.50905E5	1.40403E5	1.34047E5	6.69936E5	1.96138E5	5.8674E4	4.32158E4	1.56662E6	2.75561E6	4935.14883	1670.39074	1078.92893	893.05236	649.84067	559.39456	472.99143
378	2.50846E5	2.16912E5	1.80668E5	1.68599E5	1.67046E5	1.65855E5	1.54006E5	1.48006E5	1.3623E5	4.4244E5	3.35701E5	6.1375E4	4.4489E4	3.792E5	4.7937E6	7480.8075	1662.15015	1092.58743	932.29339	615.89539	532.06238	320.91273
380	2.81469E5	2.23672E5	1.89519E5	1.7122E5	1.69939E5	1.65746E5	1.5605E5	1.50928E5	1.40155E5	2.76763E5	5.20484E5	6.47916E4	4.57597E4	7.30167E4	5.94629E6	1.67875E4	1979.42126	1187.81474	1010.90039	623.4123	593.95556	442.88299
382	2.83278E5	2.31181E5	1.94772E5	1.73294E5	1.6618E5	1.67384E5	1.58868E5	1.54178E5	1.45838E5	1.88386E5	7.01414E5	6.84352E4	5.00669E4	4.84315E4	5.64041E6	1.6961E5	2543.82078	1168.9245	889.77883	739.55157	499.45591	460.58375
384	2.61512E5	2.34199E5	1.97777E5	1.80128E5	1.71245E5	1.68294E5	1.61234E5	1.61173E5	1.48175E5	1.5652E5	8.0083E5	7.54745E4	5.08031E4	4.143E4	3.79843E6	8.71617E5	3180.91888	1306.82345	1090.08326	905.0569	650.83269	445.30646
386	3.04494E5	2.51479E5	2.00085E5	1.79685E5	1.71381E5	1.71737E5	1.64137E5	1.62606E5	1.51627E5	1.43875E5	7.84089E5	9.6478E4	5.37508E4	3.944E4	1.70817E6	2.47575E6	4105.91619	1330.91013	993.49311	839.48291	660.97988	459.12831
388	3.0368E5	2.44331E5	2.05916E5	1.79078E5	1.74298E5	1.70402E5	1.68553E5	1.69619E5	1.56822E5	1.44218E5	6.56582E5	1.442E5	5.52553E4	3.96242E4	4.67794E5	4.25578E6	6333.92078	1431.55171	1029.42901	888.99078	583.6563	392.59657
390	2.8787E5	2.49599E5	2.12917E5	1.83644E5	1.78621E5	1.73777E5	1.70153E5	1.70321E5	1.60691E5	1.45581E5	4.70981E5	2.38502E5	5.8779E4	4.1832E4	7.71404E4	5.37907E6	1.39845E4	1827.0328	1091.82267	943.35889	591.03852	466.93085
392	3.1821E5	2.78948E5	2.13666E5	1.84999E5	1.73569E5	1.78133E5	1.75134E5	1.70954E5	1.618E5	1.4635E5	3.04274E5	3.85572E5	6.21513E4	4.38913E4	4.34099E4	4.92778E6	1.66627E5	1976.42553	1170.17373	894.31352	950.39161	492.34002
394	3.15333E5	2.67004E5	2.14147E5	1.89753E5	1.80654E5	1.7706E5	1.76017E5	1.77241E5	1.66145E5	1.49303E5	2.06896E5	5.37183E5	6.606E4	4.68428E4	3.85254E4	3.48538E6	8.23871E5	2821.09253	1338.54599	896.35637	682.01209	536.05935
396	3.17617E5	2.8433E5	2.21228E5	1.89389E5	1.80856E5	1.77206E5	1.77234E5	1.77294E5	1.69463E5	1.52429E5	1.60944E5	6.58981E5	7.20122E4	5.06822E4	3.53899E4	1.62292E6	2.34879E6	3988.41558	1295.28616	929.67254	783.51103	440.12776
398	3.41723E5	2.81881E5	2.30086E5	1.92037E5	1.86276E5	1.81469E5	1.79338E5	1.79282E5	1.71644E5	1.54541E5	1.46289E5	6.89235E5	8.28575E4	5.1208E4	3.46205E4	4.8813E5	3.9713E6	5706.02517	1780.73119	1117.5598	678.12822	603.96181
400	3.54866E5	2.93355E5	2.32975E5	2.01294E5	1.83967E5	1.8061E5	1.77331E5	1.80682E5	1.7349E5	1.58088E5	1.42458E5	6.14977E5	1.12161E5	5.51777E4	3.53398E4	7.97587E4	4.8525E6	1.23764E4	2079.10108	847.73378	968.33822	534.62166
402	3.42553E5	2.85242E5	2.37343E5	1.9603E5	1.8713E5	1.84433E5	1.83301E5	1.84518E5	1.75717E5	1.59362E5	1.41236E5	4.7304E5	1.71128E5	5.77638E4	3.77551E4	3.94723E4	4.3432E6	1.27057E5	2271.60936	1150.66424	819.07764	586.4456
404	3.52891E5	3.00923E5	2.4333E5	2.05805E5	1.87399E5	1.84486E5	1.83348E5	1.85654E5	1.74879E5	1.63018E5	1.43258E5	3.24406E5	2.69271E5	6.12259E4	4.09898E4	3.29837E4	2.74379E6	7.03772E5	3016.42209	1324.88866	836.07809	615.35353
406	3.78854E5	3.05376E5	2.5523E5	2.12014E5	1.90848E5	1.88011E5	1.84323E5	1.86086E5	1.7834E5	1.66003E5	1.47324E5	2.17903E5	3.97949E5	6.37758E4	4.33382E4	3.09246E4	1.142E6	1.98635E6	3804.98875	1133.19577	795.08394	621.53743
408	3.42216E5	3.08515E5	2.50153E5	2.13796E5	1.92762E5	1.88176E5	1.84149E5	1.86811E5	1.81252E5	1.66783E5	1.46343E5	1.64893E5	5.18228E5	6.95177E4	4.53719E4	3.05059E4	2.78595E5	3.52425E6	5733.7323	1246.72212	736.51378	714.41259
410	3.4708E5	3.14671E5	2.60586E5	2.13623E5	1.95091E5	1.8887E5	1.88369E5	1.87205E5	1.81506E5	1.70542E5	1.51971E5	1.42804E5	5.8612E5	7.51173E4	4.76304E4	3.13934E4	5.07826E4	4.39371E6	1.13288E4	1593.2738	900.77003	581.26531
412	3.69815E5	3.22724E5	2.54248E5	2.18757E5	1.97614E5	1.88965E5	1.88827E5	1.86131E5	1.83781E5	1.69323E5	1.54654E5	1.36786E5	5.70294E5	9.54408E4	4.93136E4	3.34445E4	3.39767E4	3.87969E6	1.07466E5	2257.31369	914.72183	656.34383
414	3.5922E5	3.24524E5	2.71102E5	2.26174E5	1.98517E5	1.93455E5	1.88166E5	1.88412E5	1.84591E5	1.74877E5	1.54745E5	1.36958E5	4.81505E5	1.33181E5	5.26029E4	3.52598E4	2.99426E4	2.57261E6	5.85343E5	3048.65331	1116.07523	681.46894
416	3.55146E5	3.19101E5	2.73874E5	2.26049E5	2.03733E5	1.9282E5	1.88913E5	1.87121E5	1.83962E5	1.72861E5	1.58334E5	1.38051E5	3.64094E5	2.0191E5	5.56695E4	3.81664E4	2.79537E4	1.0928E6	1.77736E6	4113.78562	1331.65412	696.61408
418	3.80975E5	3.42015E5	2.7435E5	2.34324E5	2.04403E5	1.97651E5	1.88396E5	1.88795E5	1.84489E5	1.74224E5	1.59303E5	1.37723E5	2.49893E5	2.99286E5	5.83732E4	4.00957E4	2.71896E4	2.8274E5	3.45788E6	5995.24074	1175.05252	656.66986
420	3.66775E5	3.43046E5	2.79833E5	2.27799E5	2.05496E5	1.95646E5	1.92338E5	1.88409E5	1.86938E5	1.79114E5	1.64117E5	1.42838E5	1.80325E5	4.07674E5	6.19205E4	4.19775E4	2.75442E4	5.18252E4	4.61613E6	1.18045E4	1594.45893	794.80812
422	3.67063E5	3.35687E5	2.88758E5	2.42152E5	2.08997E5	1.97411E5	1.90744E5	1.8817E5	1.84269E5	1.77917E5	1.63924E5	1.43558E5	1.46348E5	4.95148E5	6.78862E4	4.34429E4	2.93333E4	3.00702E4	4.3801E6	1.18587E5	1933.14922	854.43717
424	3.78703E5	3.41087E5	2.88264E5	2.39029E5	2.1188E5	1.94889E5	1.89043E5	1.89766E5	1.85197E5	1.79786E5	1.64735E5	1.46085E5	1.3314E5	5.15391E5	7.91358E4	4.64178E4	3.08426E4	2.70814E4	2.8336E6	6.70973E5	2331.41081	810.80496
426	3.68126E5	3.45421E5	2.89978E5	2.42912E5	2.12699E5	1.95697E5	1.88336E5	1.85777E5	1.84945E5	1.7935E5	1.65441E5	1.46632E5	1.32468E5	4.67723E5	1.02498E5	4.87376E4	3.37464E4	2.57356E4	1.13392E6	2.2595E6	2968.21457	934.4686
428	3.65424E5	3.4988E5	2.92824E5	2.50971E5	2.13148E5	1.95457E5	1.91797E5	1.89802E5	1.83975E5	1.79433E5	1.66792E5	1.48268E5	1.32086E5	3.71817E5	1.47091E5	5.17962E4	3.61257E4	2.49684E4	2.64662E5	3.6548E6	5279.3476	1128.49328
430	3.84334E5	3.52764E5	2.98326E5	2.46922E5	2.16459E5	1.98618E5	1.88418E5	1.85787E5	1.83359E5	1.77502E5	1.67977E5	1.5068E5	1.34361E5	2.70056E5	2.13302E5	5.40489E4	3.81197E4	2.43812E4	4.47213E4	4.58377E6	1.04797E4	1163.61679
432	3.90662E5	3.40075E5	3.04331E5	2.54537E5	2.16994E5	1.98348E5	1.8389E5	1.85265E5	1.82462E5	1.78014E5	1.69638E5	1.54133E5	1.34021E5	1.92323E5	2.99906E5	5.67439E4	3.9277E4	2.62943E4	2.87573E4	3.93846E6	1.05032E5	1438.1337
434	3.86821E5	3.65899E5	2.98984E5	2.569E5	2.19477E5	1.98222E5	1.88341E5	1.86957E5	1.84821E5	1.79648E5	1.71278E5	1.55299E5	1.38155E5	1.49885E5	3.80483E5	6.04969E4	4.24006E4	2.80794E4	2.67128E4	2.23558E6	5.51078E5	1828.73945
436	3.89128E5	3.60933E5	3.11851E5	2.60798E5	2.17493E5	2.00622E5	1.88622E5	1.79826E5	1.82972E5	1.77455E5	1.69601E5	1.5542E5	1.3875E5	1.33185E5	4.21816E5	6.69952E4	4.39657E4	3.10119E4	2.46434E4	8.60512E5	1.51047E6	2589.70008
438	3.80289E5	3.62143E5	3.06348E5	2.62114E5	2.22066E5	1.99882E5	1.87418E5	1.83095E5	1.82607E5	1.79854E5	1.7217E5	1.57263E5	1.39583E5	1.29544E5	4.18888E5	7.83213E4	4.60737E4	3.31574E4	2.35596E4	2.2257E5	2.61965E6	3866.85971
440	3.81193E5	3.59986E5	3.15095E5	2.66329E5	2.2209E5	1.96027E5	1.89613E5	1.82059E5	1.78696E5	1.76261E5	1.70914E5	1.5804E5	1.40092E5	1.28837E5	3.6293E5	1.02676E5	4.91814E4	3.5252E4	2.4285E4	4.00755E4	3.25284E6	7731.43075
442	3.90089E5	3.55226E5	3.09094E5	2.65006E5	2.24338E5	1.97275E5	1.81004E5	1.81623E5	1.81566E5	1.75486E5	1.68835E5	1.54675E5	1.42887E5	1.28998E5	2.83764E5	1.45406E5	5.09034E4	3.70244E4	2.46626E4	2.72605E4	2.89828E6	6.37442E4
444	3.69496E5	3.7198E5	3.10854E5	2.64782E5	2.24986E5	1.99233E5	1.84537E5	1.81711E5	1.79744E5	1.74993E5	1.69022E5	1.57701E5	1.44089E5	1.28502E5	2.1153E5	2.047E5	5.2652E4	3.80157E4	2.62111E4	2.50455E4	1.84071E6	3.68539E5
446	3.9089E5	3.65154E5	3.11736E5	2.70752E5	2.2158E5	1.95843E5	1.81001E5	1.79224E5	1.75264E5	1.72188E5	1.68435E5	1.56833E5	1.45795E5	1.29246E5	1.57521E5	2.70551E5	5.62899E4	3.96817E4	2.78825E4	2.38577E4	7.5601E5	1.21479E6
448	3.79123E5	3.5765E5	3.21737E5	2.71671E5	2.25204E5	1.96208E5	1.84049E5	1.76909E5	1.7367E5	1.74317E5	1.69991E5	1.57133E5	1.46436E5	1.31728E5	1.29958E5	3.3061E5	6.02654E4	4.17611E4	2.98075E4	2.3396E4	2.00992E5	2.32722E6
450	3.87433E5	3.61556E5	3.24708E5	2.71125E5	2.28431E5	2.00258E5	1.81198E5	1.7715E5	1.75603E5	1.72714E5	1.66976E5	1.56862E5	1.47205E5	1.32735E5	1.16974E5	3.57194E5	6.84707E4	4.52915E4	3.2526E4	2.36151E4	3.80366E4	3.04038E6
452	3.74549E5	3.60739E5	3.19816E5	2.71577E5	2.27781E5	1.96687E5	1.77756E5	1.74623E5	1.70577E5	1.7311E5	1.65643E5	1.57359E5	1.46001E5	1.32725E5	1.13109E5	3.4247E5	8.44565E4	4.66374E4	3.60568E4	2.40163E4	2.44296E4	2.72813E6
454	3.85956E5	3.57431E5	3.17702E5	2.68382E5	2.29177E5	1.96832E5	1.78619E5	1.71476E5	1.70593E5	1.67745E5	1.65522E5	1.55352E5	1.46007E5	1.34851E5	1.11841E5	2.88182E5	1.14042E5	4.8645E4	3.70626E4	2.4509E4	2.28085E4	1.78628E6
456	3.73995E5	3.54737E5	3.17395E5	2.76067E5	2.31003E5	1.91744E5	1.7717E5	1.73328E5	1.69728E5	1.68054E5	1.64431E5	1.5484E5	1.46363E5	1.36106E5	1.13072E5	2.25157E5	1.53844E5	5.01094E4	3.83217E4	2.70116E4	2.04044E4	7.28229E5
458	3.76565E5	3.67626E5	3.17089E5	2.71086E5	2.30101E5	1.96014E5	1.73707E5	1.67238E5	1.67144E5	1.65957E5	1.63037E5	1.54764E5	1.4606E5	1.3589E5	1.13202E5	1.67538E5	2.09001E5	5.19112E4	3.96884E4	2.84241E4	2.02938E4	1.81515E5
460	3.72745E5	3.42954E5	3.25764E5	2.73632E5	2.29072E5	1.9331E5	1.74286E5	1.66797E5	1.65725E5	1.644E5	1.58851E5	1.52322E5	1.46268E5	1.35175E5	1.14015E5	1.27166E5	2.6038E5	5.5567E4	4.18047E4	3.04547E4	2.03918E4	3.46224E4
462	3.61092E5	3.44031E5	3.15861E5	2.78636E5	2.26542E5	1.89953E5	1.71856E5	1.65935E5	1.62141E5	1.61129E5	1.57708E5	1.51761E5	1.44148E5	1.34661E5	1.13179E5	1.09015E5	2.9542E5	5.91214E4	4.27882E4	3.2011E4	2.09689E4	2.18973E4
464	3.73201E5	3.47713E5	3.17392E5	2.77403E5	2.30004E5	1.93626E5	1.70735E5	1.62103E5	1.58038E5	1.58728E5	1.5514E5	1.49763E5	1.42919E5	1.34684E5	1.14266E5	1.01706E5	2.9795E5	6.79242E4	4.45034E4	3.31475E4	2.18588E4	1.95083E4
466	3.6402E5	3.50363E5	3.16809E5	2.69597E5	2.26906E5	1.88877E5	1.69678E5	1.61659E5	1.56507E5	1.58183E5	1.55616E5	1.48203E5	1.43611E5	1.34628E5	1.14525E5	1.00215E5	2.71285E5	8.51278E4	4.5991E4	3.42335E4	2.25862E4	1.83731E4
468	5.27028E5	3.49753E5	3.16074E5	2.71253E5	2.23636E5	1.87517E5	1.68572E5	1.59316E5	1.58217E5	1.5669E5	1.53303E5	1.47714E5	1.40945E5	1.33802E5	1.14352E5	9.90167E4	2.25764E5	1.10047E5	4.75997E4	3.59157E4	2.37493E4	1.75902E4
470	9.58752E5	3.42516E5	3.1924E5	2.71481E5	2.23957E5	1.85833E5	1.66662E5	1.57434E5	1.54114E5	1.51936E5	1.4938E5	1.46538E5	1.40656E5	1.34183E5	1.14185E5	9.84766E4	1.74392E5	1.47173E5	4.794E4	3.56368E4	2.46527E4	1.73638E4
472	1.97875E6	3.49179E5	3.07343E5	2.69321E5	2.19543E5	1.83661E5	1.64882E5	1.54412E5	1.51644E5	1.50511E5	1.48526E5	1.4489E5	1.37264E5	1.34628E5	1.13064E5	9.75338E4	1.29761E5	1.89985E5	4.88012E4	3.73079E4	2.66965E4	1.69818E4
474	3.51494E6	3.32834E5	3.09672E5	2.66397E5	2.19834E5	1.82831E5	1.62968E5	1.5177E5	1.49919E5	1.47612E5	1.4647E5	1.43834E5	1.39835E5	1.32614E5	1.15168E5	9.65384E4	1.05781E5	2.32529E5	5.22801E4	3.87062E4	2.71639E4	1.71314E4
476	6.01203E6	3.46004E5	3.0372E5	2.59429E5	2.21437E5	1.85355E5	1.61764E5	1.50456E5	1.48082E5	1.44588E5	1.443E5	1.3859E5	1.37297E5	1.31395E5	1.14475E5	9.69367E4	9.15287E4	2.59073E5	5.70389E4	3.94413E4	2.82727E4	1.77678E4
478	8.86721E6	3.25142E5	3.08308E5	2.54914E5	2.17194E5	1.82136E5	1.59892E5	1.51238E5	1.44981E5	1.42198E5	1.42387E5	1.3744E5	1.33609E5	1.30481E5	1.14359E5	9.66044E4	8.77754E4	2.55923E5	6.59603E4	4.05443E4	2.85452E4	1.87419E4
480	1.14724E7	3.32886E5	2.98282E5	2.59051E5	2.16264E5	1.82043E5	1.56136E5	1.48293E5	1.44905E5	1.40545E5	1.39079E5	1.33425E5	1.32586E5	1.27439E5	1.12048E5	9.4828E4	8.55002E4	2.26977E5	8.00268E4	4.12507E4	2.89233E4	1.96318E4
482	1.2927E7	3.33867E5	2.9617E5	2.58417E5	2.1284E5	1.78735E5	1.5514E5	1.44033E5	1.38866E5	1.38571E5	1.38559E5	1.31297E5	1.32067E5	1.26052E5	1.11057E5	9.6164E4	8.26364E4	1.85165E5	1.03742E5	4.10874E4	2.98918E4	2.11625E4
484	1.245E7	3.32614E5	2.89717E5	2.57268E5	2.12906E5	1.76467E5	1.51285E5	1.41782E5	1.38282E5	1.34791E5	1.30994E5	1.28794E5	1.26893E5	1.25763E5	1.10407E5	9.50941E4	8.29953E4	1.39622E5	1.37133E5	4.28619E4	3.03861E4	2.22374E4
486	1.06544E7	3.40953E5	2.92012E5	2.53401E5	2.13084E5	1.72302E5	1.48442E5	1.38011E5	1.35243E5	1.32578E5	1.31096E5	1.27594E5	1.23794E5	1.23353E5	1.08785E5	9.49146E4	8.20423E4	1.06473E5	1.73227E5	4.24289E4	3.18862E4	2.30261E4
488	7.70022E6	5.51125E5	2.82369E5	2.44102E5	2.05314E5	1.71868E5	1.50745E5	1.38054E5	1.31217E5	1.29769E5	1.28195E5	1.25104E5	1.24836E5	1.2169E5	1.04687E5	9.31855E4	8.28674E4	8.53062E4	2.04712E5	4.53545E4	3.11063E4	2.30541E4
490	4.6791E6	1.15682E6	2.73949E5	2.42595E5	2.00636E5	1.68005E5	1.48278E5	1.33546E5	1.2975E5	1.26965E5	1.27591E5	1.22964E5	1.22102E5	1.19683E5	1.05024E5	9.25494E4	7.97868E4	7.62862E4	2.18262E5	4.98169E4	3.33186E4	2.31442E4
492	2.2145E6	2.50883E6	2.84854E5	2.38376E5	2.01426E5	1.67414E5	1.44023E5	1.29131E5	1.29619E5	1.23537E5	1.24371E5	1.21518E5	1.18066E5	1.17583E5	1.02917E5	9.18804E4	7.85739E4	7.32318E4	2.13366E5	5.95807E4	3.26693E4	2.31864E4
494	9.02246E5	4.592E6	2.7481E5	2.33114E5	1.99681E5	1.62554E5	1.45044E5	1.3142E5	1.25557E5	1.20085E5	1.2196E5	1.17671E5	1.15416E5	1.15585E5	1.02877E5	8.98491E4	7.80798E4	7.09814E4	1.89095E5	7.36675E4	3.29272E4	2.44339E4
496	4.72459E5	7.60193E6	2.7006E5	2.36173E5	1.94282E5	1.61629E5	1.3984E5	1.2725E5	1.22056E5	1.18011E5	1.16844E5	1.16271E5	1.1408E5	1.13661E5	1.01026E5	8.83149E4	7.82001E4	6.92144E4	1.52569E5	9.55618E4	3.25047E4	2.45945E4
498	4.35516E5	1.06938E7	2.73148E5	2.33464E5	1.92297E5	1.58595E5	1.38206E5	1.2625E5	1.19617E5	1.16874E5	1.16255E5	1.1259E5	1.13599E5	1.11945E5	1.00754E5	8.83823E4	7.78826E4	6.77608E4	1.17436E5	1.22673E5	3.31869E4	2.49276E4
500	3.873E5	1.34379E7	2.66454E5	2.3431E5	1.94638E5	1.58712E5	1.3428E5	1.22178E5	1.206E5	1.15753E5	1.15196E5	1.08686E5	1.12276E5	1.09265E5	9.97523E4	8.80269E4	7.668E4	6.75469E4	9.02966E4	1.50872E5	3.44268E4	2.48187E4
502	3.81122E5	1.46263E7	2.65489E5	2.25245E5	1.91816E5	1.54289E5	1.33161E5	1.20146E5	1.16569E5	1.13371E5	1.11537E5	1.09389E5	1.08984E5	1.074E5	9.52614E4	8.59962E4	7.74166E4	6.55838E4	7.15793E4	1.76424E5	3.76203E4	2.57682E4
504	3.60889E5	1.3909E7	2.64875E5	2.24603E5	1.88942E5	1.51436E5	1.30903E5	1.17754E5	1.13989E5	1.12673E5	1.08407E5	1.07807E5	1.06174E5	1.05087E5	9.62614E4	8.40967E4	7.57634E4	6.57793E4	6.39134E4	1.85074E5	4.13181E4	2.65153E4
506	3.54447E5	1.14188E7	2.94241E5	2.22381E5	1.87741E5	1.50932E5	1.27542E5	1.17134E5	1.12562E5	1.09714E5	1.06923E5	1.05714E5	1.03131E5	1.01951E5	9.43051E4	8.4452E4	7.39251E4	6.41903E4	5.95173E4	1.74981E5	4.99159E4	2.64093E4
508	3.78705E5	8.43942E6	5.03584E5	2.12205E5	1.84904E5	1.49147E5	1.27198E5	1.19045E5	1.08698E5	1.0821E5	1.03684E5	1.01323E5	1.01113E5	1.00926E5	9.24381E4	8.26282E4	7.33037E4	6.37558E4	5.73597E4	1.53317E5	6.31685E4	2.58036E4
510	4.42167E5	4.95695E6	1.24363E6	2.18854E5	1.79918E5	1.49373E5	1.26028E5	1.11253E5	1.06609E5	1.05171E5	1.02252E5	9.88492E4	9.95292E4	9.81645E4	9.23629E4	7.95248E4	7.10317E4	6.27905E4	5.6142E4	1.2373E5	8.21682E4	2.63854E4
512	5.8931E5	2.22568E6	2.84368E6	2.12369E5	1.77017E5	1.41027E5	1.21371E5	1.10102E5	1.07123E5	1.01161E5	9.96841E4	9.74416E4	9.54631E4	9.76563E4	8.87909E4	7.85655E4	7.19615E4	6.21774E4	5.5545E4	9.0071E4	1.05736E5	2.67934E4
514	7.30552E5	8.82236E5	5.25657E6	2.1159E5	1.74017E5	1.39526E5	1.20641E5	1.05358E5	1.04478E5	9.77601E4	9.62596E4	9.43878E4	9.61466E4	9.59645E4	8.72081E4	7.78391E4	6.91515E4	6.0492E4	5.47522E4	7.02718E4	1.27848E5	2.75429E4
516	1.07154E6	4.37124E5	8.14825E6	2.06912E5	1.67136E5	1.35708E5	1.17861E5	1.07409E5	1.01797E5	9.82299E4	9.49106E4	9.33001E4	9.22752E4	9.27862E4	8.47608E4	7.65276E4	6.75285E4	6.11674E4	5.5164E4	5.69489E4	1.43155E5	3.03919E4
518	1.48779E6	3.56814E5	1.1337E7	2.03657E5	1.68738E5	1.37877E5	1.1512E5	1.06148E5	9.71536E4	9.45197E4	9.24614E4	8.99991E4	9.16412E4	8.90524E4	8.32244E4	7.49631E4	6.78364E4	5.75237E4	5.16642E4	5.01712E4	1.49795E5	3.36658E4
520	1.85975E6	3.46106E5	1.36482E7	2.06538E5	1.64885E5	1.34254E5	1.14722E5	1.0125E5	9.52358E4	9.29767E4	9.06892E4	8.76106E4	8.87041E4	8.66228E4	8.05667E4	7.11215E4	6.59548E4	5.75764E4	5.12978E4	4.6315E4	1.42591E5	4.20919E4
522	2.23794E6	3.21354E5	1.42605E7	2.00485E5	1.62582E5	1.33181E5	1.11497E5	1.01464E5	9.41027E4	9.11496E4	8.81755E4	8.43703E4	8.55221E4	8.69815E4	7.97308E4	7.1977E4	6.39702E4	5.80875E4	5.06396E4	4.6262E4	1.26019E5	5.18617E4
524	2.52701E6	3.06682E5	1.30497E7	2.03584E5	1.63575E5	1.30707E5	1.06138E5	1.00256E5	9.09957E4	8.84997E4	8.61555E4	8.34102E4	8.51597E4	8.39266E4	7.87166E4	7.05504E4	6.29064E4	5.70968E4	4.86365E4	4.44279E4	9.95251E4	6.91071E4
526	2.61746E6	2.99446E5	1.0574E7	2.33088E5	1.52063E5	1.26459E5	1.08804E5	9.41487E4	9.10678E4	8.67857E4	8.22901E4	8.04299E4	8.22813E4	8.19607E4	7.61846E4	6.84489E4	6.23399E4	5.5272E4	4.91637E4	4.36072E4	7.6504E4	8.75125E4
528	2.50417E6	2.82055E5	7.4501E6	4.86958E5	1.56615E5	1.25103E5	1.02647E5	9.4E4	9.02059E4	8.36375E4	8.11333E4	8.00938E4	7.92425E4	7.95668E4	7.47517E4	6.74105E4	5.93838E4	5.40522E4	4.91375E4	4.27853E4	5.73578E4	1.05012E5
530	2.09094E6	3.00319E5	4.21754E6	1.31939E6	1.52836E5	1.23789E5	1.02781E5	9.25871E4	8.44306E4	8.19305E4	8.00894E4	7.86448E4	7.77379E4	7.7755E4	7.20575E4	6.47275E4	6.00045E4	5.34055E4	4.79026E4	4.16231E4	4.50028E4	1.19111E5
532	1.65841E6	3.18658E5	1.89483E6	3.073E6	1.48562E5	1.18613E5	1.02121E5	8.88901E4	8.31498E4	8.06217E4	7.81544E4	7.59479E4	7.47697E4	7.52292E4	7.04884E4	6.34781E4	5.65102E4	5.25442E4	4.54295E4	4.15793E4	3.97863E4	1.2479E5
534	1.23252E6	4.29595E5	7.14567E5	5.74555E6	1.49607E5	1.17448E5	1.00777E5	8.79544E4	8.30966E4	7.84003E4	7.6054E4	7.4685E4	7.21842E4	7.42322E4	6.90857E4	6.29303E4	5.63176E4	5.00499E4	4.49387E4	3.90638E4	3.56146E4	1.20997E5
536	7.54848E5	6.26655E5	3.50307E5	8.9156E6	1.42371E5	1.14423E5	9.64127E4	8.64788E4	8.12954E4	7.8021E4	7.43026E4	7.10851E4	7.15157E4	7.2867E4	6.60959E4	6.03253E4	5.48591E4	4.95728E4	4.40005E4	3.8919E4	3.37815E4	1.04817E5
538	4.84842E5	9.29091E5	2.98456E5	1.19052E7	1.45695E5	1.18404E5	9.49744E4	8.31357E4	8.02091E4	7.49371E4	7.17831E4	6.86965E4	7.02392E4	6.94846E4	6.54694E4	5.79121E4	5.42208E4	4.9539E4	4.11332E4	3.86986E4	3.31645E4	8.4748E4
540	3.44179E5	1.29875E6	2.73374E5	1.40651E7	1.40249E5	1.1388E5	9.37465E4	8.39985E4	7.83731E4	7.2201E4	7.04987E4	6.75112E4	6.6846E4	6.75002E4	6.47617E4	5.75217E4	5.2041E4	4.77316E4	4.33472E4	3.68283E4	3.31942E4	6.2963E4
542	2.71294E5	1.78117E6	2.53968E5	1.44694E7	1.42112E5	1.07587E5	8.84937E4	7.89746E4	7.32657E4	7.12756E4	6.73515E4	6.50473E4	6.5022E4	6.5817E4	6.14944E4	5.62964E4	5.18835E4	4.56857E4	4.14254E4	3.64221E4	3.18234E4	4.60679E4
544	2.49203E5	2.25839E6	2.51658E5	1.28229E7	1.51188E5	1.09655E5	9.11896E4	7.67906E4	7.09242E4	6.92782E4	6.54344E4	6.45272E4	6.4722E4	6.58639E4	6.04603E4	5.41683E4	5.01508E4	4.35496E4	4.06213E4	3.54114E4	3.19122E4	3.50147E4
546	2.17207E5	2.52966E6	2.44801E5	1.01216E7	1.89167E5	1.03757E5	8.93606E4	7.54984E4	7.0677E4	6.68686E4	6.4063E4	6.18613E4	6.17183E4	6.28136E4	5.77863E4	5.31789E4	4.81255E4	4.3317E4	3.96624E4	3.49782E4	3.03545E4	2.99903E4
548	1.97552E5	2.74097E6	2.32389E5	6.91331E6	4.53115E5	1.05786E5	8.46242E4	7.82966E4	6.75658E4	6.51143E4	6.33651E4	6.00179E4	5.98964E4	6.07174E4	5.52519E4	5.14427E4	4.83213E4	4.45343E4	3.89014E4	3.5758E4	2.88551E4	2.88681E4
550	2.11802E5	2.74052E6	2.23974E5	3.89834E6	1.31795E6	1.03481E5	8.35395E4	7.25441E4	6.83874E4	6.46195E4	6.19972E4	5.88561E4	5.97653E4	5.88411E4	5.55174E4	4.94314E4	4.64085E4	4.1722E4	3.77226E4	3.33026E4	2.91341E4	2.62425E4
552	1.99354E5	2.44411E6	2.21514E5	1.71839E6	3.09876E6	9.98569E4	8.17484E4	7.11142E4	6.5495E4	6.28739E4	5.80106E4	5.8883E4	5.80988E4	5.77192E4	5.48971E4	4.90865E4	4.49281E4	4.03508E4	3.73455E4	3.32049E4	2.7761E4	2.49438E4
554	1.8844E5	2.04985E6	2.39078E5	6.21621E5	5.79392E6	1.0002E5	8.0137E4	7.01701E4	6.56844E4	5.97472E4	5.74571E4	5.58986E4	5.49077E4	5.50938E4	5.07555E4	4.73055E4	4.31774E4	3.98164E4	3.61363E4	3.31433E4	2.71711E4	2.56341E4
556	1.93368E5	1.60102E6	2.89313E5	3.07432E5	8.886E6	9.74357E4	7.86089E4	6.88105E4	6.17685E4	5.93712E4	5.788E4	5.47134E4	5.54793E4	5.2702E4	5.12078E4	4.68175E4	4.2295E4	3.88551E4	3.48683E4	3.10739E4	2.72673E4	2.37375E4
558	2.01121E5	1.11883E6	4.1767E5	2.58836E5	1.20177E7	9.80269E4	7.84863E4	6.80288E4	6.25972E4	5.75506E4	5.39274E4	5.26208E4	5.15333E4	5.28162E4	4.80933E4	4.53511E4	3.9895E4	3.83114E4	3.44389E4	3.09742E4	2.58331E4	2.36416E4
560	1.96465E5	7.05117E5	6.37689E5	2.2961E5	1.41334E7	9.75756E4	7.52551E4	6.77992E4	6.02769E4	5.45615E4	5.33856E4	4.99382E4	5.03846E4	5.19913E4	4.82696E4	4.30966E4	4.10054E4	3.67728E4	3.31455E4	3.08065E4	2.53924E4	2.28993E4
562	1.6579E5	4.46223E5	9.42828E5	2.15718E5	1.44045E7	1.03575E5	7.23485E4	6.38753E4	5.87076E4	5.45163E4	5.09702E4	4.87676E4	4.86642E4	4.89224E4	4.60833E4	4.14041E4	3.88232E4	3.67179E4	3.32666E4	2.89238E4	2.5447E4	2.22352E4
564	1.88911E5	2.79701E5	1.34196E6	2.0695E5	1.25555E7	1.08151E5	7.34784E4	6.31148E4	5.87839E4	5.30586E4	5.1802E4	4.78222E4	4.70093E4	4.82982E4	4.52668E4	4.16199E4	3.74864E4	3.60924E4	3.17841E4	2.85769E4	2.55789E4	2.0286E4
566	1.71388E5	2.2438E5	1.77876E6	2.01868E5	9.79664E6	1.38089E5	7.19962E4	6.36861E4	5.65711E4	5.2483E4	4.83221E4	4.7746E4	4.68673E4	4.69418E4	4.28294E4	3.99789E4	3.87491E4	3.44755E4	3.02545E4	2.76714E4	2.44043E4	2.038E4
568	1.9613E5	1.83346E5	2.19893E6	1.99667E5	6.57871E6	4.28836E5	7.23553E4	5.81942E4	5.42723E4	5.1373E4	4.79294E4	4.66677E4	4.45972E4	4.65994E4	4.12793E4	3.84153E4	3.54225E4	3.26561E4	2.94265E4	2.74285E4	2.31669E4	1.95834E4
570	1.87519E5	1.68914E5	2.4766E6	1.95021E5	3.57265E6	1.38964E6	7.20732E4	6.17196E4	5.18462E4	5.02145E4	4.7126E4	4.50042E4	4.36316E4	4.43341E4	4.19E4	3.8002E4	3.47158E4	3.19438E4	3.00735E4	2.55118E4	2.26999E4	1.93452E4
572	1.8821E5	1.69438E5	2.60545E6	1.88361E5	1.53719E6	3.20916E6	7.03945E4	5.73364E4	5.24646E4	4.96267E4	4.65356E4	4.27974E4	4.35107E4	4.20469E4	3.95443E4	3.47301E4	3.37364E4	3.06054E4	2.77553E4	2.53539E4	2.17363E4	1.8659E4
574	1.77462E5	1.5921E5	2.47757E6	1.84884E5	5.24705E5	5.85467E6	6.90632E4	5.56182E4	5.13405E4	4.7766E4	4.24226E4	4.19121E4	4.1584E4	4.06586E4	3.8554E4	3.40593E4	3.17142E4	2.94565E4	2.79938E4	2.43504E4	2.11492E4	1.82298E4
576	1.9244E5	1.54763E5	2.2155E6	1.83453E5	2.54288E5	8.917E6	7.09877E4	5.73103E4	4.89858E4	4.41003E4	4.25076E4	4.33882E4	4.13848E4	3.94109E4	3.70659E4	3.39341E4	3.15509E4	2.99974E4	2.71478E4	2.43585E4	2.11422E4	1.80421E4
578	1.47235E5	1.41569E5	1.81057E6	2.01165E5	2.16167E5	1.16659E7	6.92355E4	5.75882E4	4.87436E4	4.42986E4	4.21243E4	3.92436E4	4.02029E4	3.85559E4	3.51141E4	3.35499E4	3.08E4	2.91233E4	2.61805E4	2.279E4	1.98822E4	1.79166E4
580	1.78901E5	1.4261E5	1.36404E6	2.58646E5	1.91208E5	1.3432E7	6.86108E4	5.02104E4	4.71294E4	4.29037E4	4.0659E4	3.87862E4	3.78226E4	3.61422E4	3.53005E4	3.09382E4	2.95542E4	2.84223E4	2.50234E4	2.26238E4	1.89532E4	1.65507E4
582	1.60303E5	1.53963E5	9.62063E5	3.88661E5	1.84576E5	1.35052E7	7.19693E4	5.41603E4	4.71708E4	4.22564E4	4.05645E4	3.81525E4	3.79087E4	3.64913E4	3.42953E4	3.1508E4	2.99697E4	2.61697E4	2.51782E4	2.16769E4	1.94546E4	1.70117E4
584	1.61459E5	1.47922E5	6.19016E5	6.00496E5	1.70798E5	1.16706E7	7.86774E4	5.45738E4	4.54856E4	4.1249E4	3.81109E4	3.71017E4	3.47604E4	3.53619E4	3.37147E4	3.03704E4	2.79283E4	2.55922E4	2.3455E4	2.13847E4	1.88131E4	1.67683E4
586	1.66743E5	1.29439E5	3.7018E5	9.04103E5	1.71332E5	8.83776E6	1.07373E5	5.02179E4	4.44263E4	3.98399E4	3.82352E4	3.48625E4	3.48967E4	3.38777E4	3.2091E4	2.90512E4	2.67468E4	2.49745E4	2.24075E4	2.08834E4	1.82261E4	1.53425E4
588	1.55176E5	1.38859E5	2.43989E5	1.24915E6	1.72576E5	5.72259E6	3.58367E5	5.19474E4	4.3515E4	3.86939E4	3.59954E4	3.58787E4	3.31529E4	3.24588E4	3.1385E4	2.77969E4	2.61199E4	2.57561E4	2.14083E4	2.06794E4	1.7027E4	1.5581E4
590	1.73868E5	1.41071E5	1.88773E5	1.65906E6	1.63848E5	2.98158E6	1.25458E6	5.12303E4	4.20565E4	3.69124E4	3.49994E4	3.2992E4	3.21426E4	3.20669E4	3.0007E4	2.72682E4	2.63585E4	2.3019E4	2.27166E4	1.96956E4	1.7229E4	1.41125E4
592	1.43488E5	1.27212E5	1.70326E5	2.00653E6	1.63384E5	1.18591E6	2.97948E6	4.99289E4	4.3005E4	3.57541E4	3.41157E4	3.19032E4	3.18135E4	3.17236E4	2.79927E4	2.71119E4	2.48794E4	2.3269E4	2.09504E4	1.91576E4	1.82195E4	1.45283E4
594	1.62621E5	1.31807E5	1.47085E5	2.24606E6	1.62223E5	4.00344E5	5.42143E6	5.12418E4	4.26936E4	3.62842E4	3.4382E4	3.12143E4	3.17643E4	2.99104E4	2.80966E4	2.57582E4	2.42546E4	2.21992E4	1.97229E4	1.83039E4	1.59835E4	1.39426E4
596	1.41607E5	1.30985E5	1.48346E5	2.30921E6	1.59468E5	2.07369E5	8.22281E6	4.78787E4	3.85368E4	3.80614E4	3.37298E4	2.99301E4	2.95221E4	2.99736E4	2.66414E4	2.55626E4	2.34581E4	2.17988E4	1.99311E4	1.87435E4	1.50187E4	1.36402E4
598	1.38242E5	1.32154E5	1.40461E5	2.18969E6	1.60528E5	1.72328E5	1.07527E7	4.8588E4	3.94195E4	3.48988E4	3.15049E4	2.93325E4	2.87831E4	2.91476E4	2.78384E4	2.46201E4	2.20548E4	2.07115E4	2.00052E4	1.76133E4	1.49656E4	1.26887E4
600	1.53492E5	1.33121E5	1.33221E5	1.94496E6	1.63481E5	1.53812E5	1.22454E7	5.20566E4	3.75192E4	3.54947E4	3.23598E4	3.00178E4	2.65603E4	2.9328E4	2.54707E4	2.46124E4	2.39001E4	2.05442E4	1.96123E4	1.75959E4	1.51238E4	1.31884E4
