300	2.42113E5	1.83003E5	1.89159E5	2.63E6	3.7753E5	3.44092E5	3.86881E7	1.59934E5	2.29786E4	1.35756E4	9024.95484	7415.18396	5845.5864	5945.87273	4287.576	3956.09344	3277.88652	2957.18688	2455.51501	2423.08119	2032.05774	1878.31161
302	2.47915E5	1.815E5	1.91795E5	1.74284E6	7.07906E5	2.34694E5	3.36513E7	1.84105E6	2.62023E4	1.49546E4	1.01902E4	8038.31002	6043.01783	4963.33077	4177.07726	4216.62721	3347.56935	3212.49799	2659.63263	2776.69509	2408.88961	2173.12913
304	3.04474E5	2.01485E5	1.99283E5	9.78053E5	1.28537E6	2.17362E5	2.1604E7	7.98876E6	2.84784E4	1.49438E4	1.10074E4	7140.85928	6586.05814	5529.76591	4922.3321	3921.23671	3316.62032	3180.22294	2750.23295	2446.29217	2314.87612	2342.4248
306	3.11199E5	1.9845E5	2.14142E5	5.38053E5	2.04861E6	2.23058E5	9.2413E6	1.96264E7	3.97476E4	1.65497E4	1.17118E4	8007.86393	5726.33472	5351.71817	4827.57684	4018.41891	3014.54106	2618.28886	2552.37654	2490.4025	2256.06254	1757.69733
308	2.92418E5	2.1524E5	2.25053E5	3.51853E5	2.69143E6	2.18334E5	2.21195E6	3.19969E7	5.52722E4	1.80735E4	1.20121E4	7838.80349	6147.27417	5383.97385	4382.53021	3781.63351	3486.2484	2555.87274	2298.57044	2717.65545	2141.19431	1757.38638
310	3.22716E5	2.24772E5	2.23775E5	3.08969E5	2.83706E6	2.39632E5	3.03966E5	3.73805E7	1.45225E5	2.04995E4	1.23665E4	7953.62709	6264.34088	5560.87985	4722.44662	3436.33806	3220.42034	3289.18969	2518.62036	2402.00617	2112.72392	2266.82525
312	3.11934E5	2.1364E5	2.38953E5	2.93832E5	2.41286E6	3.26411E5	1.79364E5	3.29151E7	1.6912E6	2.30117E4	1.27881E4	8025.30982	6452.27219	5857.40117	4476.39872	3569.61176	3052.36565	2770.53345	2648.34117	2111.14892	2254.51449	1912.94378
314	3.3721E5	2.44247E5	2.45504E5	3.02593E5	1.65236E6	5.8604E5	1.60601E5	2.06608E7	8.07163E6	2.72874E4	1.29194E4	9539.70952	6901.3959	5356.48491	4464.73049	3927.01514	3199.90149	2903.82545	2973.5204	2489.12078	2191.37391	2148.58881
316	3.18568E5	2.3205E5	2.62337E5	3.10041E5	9.93868E5	1.08027E6	1.53415E5	8.42474E6	1.91825E7	3.34818E4	1.32008E4	1.05037E4	7460.4483	5314.83056	4417.99294	3302.43786	2862.99621	2865.30755	2642.96965	2155.20075	2307.40053	1905.67131
318	3.24295E5	2.57422E5	2.64906E5	3.15448E5	5.78497E5	1.70928E6	1.51152E5	1.94952E6	2.9268E7	4.99635E4	1.47889E4	9846.15408	6886.25925	6017.79288	4364.70996	3616.86359	3002.84305	2532.70826	2749.58996	2295.71284	2225.24484	1811.23465
320	3.87696E5	2.48422E5	2.68014E5	3.21867E5	4.15306E5	2.25587E6	1.53562E5	2.4737E5	3.29414E7	1.46189E5	1.66842E4	1.06538E4	8149.91029	6483.99989	4104.73265	3698.32824	3095.18738	2486.92852	2609.91862	2189.96619	1961.71699	1983.22683
322	3.6421E5	2.58711E5	2.83748E5	3.30273E5	3.7526E5	2.38327E6	1.70274E5	1.45147E5	2.82146E7	1.62482E6	1.93621E4	1.08748E4	7932.49056	5606.96417	4912.6013	3636.80294	3246.79883	2731.94743	2561.95872	2356.05119	1825.49295	2003.68306
324	3.52841E5	2.59703E5	2.95024E5	3.29479E5	3.57702E5	2.03255E6	2.39104E5	1.29889E5	1.77328E7	6.97056E6	2.33817E4	1.21294E4	8357.70798	5783.84294	4750.72937	3659.46318	2866.57145	2772.2144	2704.33298	1792.20086	1908.37929	1658.87233
326	3.91934E5	2.76169E5	2.9039E5	3.36391E5	3.66327E5	1.45571E6	4.31215E5	1.26548E5	7.28749E6	1.61732E7	2.97077E4	1.13713E4	7695.1435	5958.65871	4381.96546	3539.23992	3128.57788	2733.89652	2473.30361	2364.82241	1814.78922	1691.31172
328	4.04804E5	2.88594E5	2.90535E5	3.41796E5	3.68855E5	9.02556E5	7.91952E5	1.2651E5	1.77259E6	2.44707E7	4.28443E4	1.30761E4	8438.63875	6363.15523	4618.10899	3392.80674	3268.22175	2537.61129	2417.51099	1840.57545	1904.07401	1636.24722
330	4.17294E5	2.98852E5	3.06252E5	3.61253E5	3.82319E5	5.53209E5	1.32337E6	1.31091E5	2.25343E5	2.80584E7	1.21075E5	1.4562E4	9391.32676	6657.12649	5100.93194	3557.87995	3079.43953	2494.58888	2264.62826	2216.43808	2092.04002	1971.37936
332	4.47351E5	3.1495E5	3.16086E5	3.56844E5	3.8222E5	3.99681E5	1.771E6	1.3337E5	1.32878E5	2.45909E7	1.31074E6	1.60941E4	8725.24189	6750.12644	4891.26605	3464.0843	3278.27757	2860.18443	2204.70291	2121.40361	1902.30276	1479.75298
334	4.35112E5	3.14702E5	3.13123E5	3.6137E5	3.88976E5	3.51415E5	1.95031E6	1.46678E5	1.16638E5	1.63183E7	5.82142E6	2.00021E4	1.01347E4	6966.43703	5060.42152	3791.30972	3356.94084	2474.25644	2444.21773	2180.81036	1802.6014	1572.66121
336	4.74268E5	3.35276E5	3.29617E5	3.6782E5	3.87405E5	3.48754E5	1.77079E6	1.98393E5	1.14011E5	7.03164E6	1.39846E7	2.50195E4	9823.3615	7178.67449	5282.45803	3815.14482	2780.19447	2426.80932	2561.10646	2088.59955	1893.93791	1256.09044
338	4.82413E5	3.38071E5	3.34645E5	3.74428E5	3.9268E5	3.49345E5	1.3587E6	3.32455E5	1.1742E5	1.84541E6	2.11632E7	3.57894E4	1.08876E4	7983.89181	5015.73731	3598.23706	3200.67074	2577.45478	2221.61045	2068.07939	1922.94243	1598.36697
340	4.86298E5	3.67522E5	3.46933E5	3.68582E5	3.98587E5	3.55593E5	8.73956E5	6.1123E5	1.21667E5	2.35892E5	2.38335E7	9.18918E4	1.26779E4	7159.4523	5601.98245	3878.58095	2989.78677	2447.26447	2046.079	2217.8937	1716.70551	1637.36232
342	5.08084E5	3.84376E5	3.53159E5	3.72256E5	3.95929E5	3.59406E5	5.39044E5	9.82173E5	1.28967E5	1.219E5	2.10076E7	1.05126E6	1.37744E4	8182.21574	5998.80875	3855.80643	3089.0282	2427.17737	2160.60274	1974.83975	1615.5763	1622.7089
344	5.61032E5	3.84057E5	3.6019E5	3.78877E5	4.09841E5	3.69215E5	3.6709E5	1.40069E6	1.37517E5	1.11905E5	1.35522E7	5.11375E6	1.69116E4	7995.97086	5695.89449	3667.07836	2947.05509	2132.81048	1972.10927	1756.04116	1928.66964	1410.09912
346	5.54901E5	4.07264E5	3.65693E5	3.86796E5	4.07283E5	3.73244E5	3.18148E5	1.59463E6	1.5131E5	1.10613E5	5.96917E6	1.17225E7	2.11602E4	9116.5217	5829.84603	4024.53081	2811.17225	2430.0086	2025.65898	1763.66402	1768.99705	1396.45674
348	5.76674E5	4.06668E5	3.79451E5	3.88225E5	4.07759E5	3.76941E5	3.14617E5	1.51363E6	1.89485E5	1.17639E5	1.3978E6	1.78224E7	3.09233E4	9434.87871	5533.10267	4466.15676	2794.13214	2347.10136	2143.87423	2085.45719	1556.66223	1470.54658
350	6.10725E5	4.39357E5	3.80751E5	3.96039E5	4.15002E5	3.89804E5	3.18145E5	1.21651E6	2.88598E5	1.25091E5	1.98093E5	1.98972E7	6.99529E4	1.09237E4	5864.61461	4775.10825	3239.02643	2571.25187	2082.68472	1903.75765	1471.05154	1526.64163
352	5.88684E5	4.67543E5	3.84984E5	4.04714E5	4.15781E5	4.00461E5	3.30331E5	8.25187E5	4.86109E5	1.36161E5	1.17004E5	1.73982E7	8.77966E5	1.25153E4	6215.90082	4873.50837	3028.83994	2374.24182	1959.03418	1990.6992	1558.33971	1262.13878
354	6.63152E5	4.72494E5	4.04944E5	4.02554E5	4.22565E5	4.079E5	3.3957E5	5.46916E5	7.65319E5	1.42853E5	1.08239E5	1.16637E7	3.98577E6	1.46399E4	7030.72106	4499.55325	3116.13321	2495.81204	2393.30814	1907.28399	1544.43967	1438.69057
356	6.34903E5	4.85334E5	4.08683E5	4.06596E5	4.27654E5	4.12412E5	3.52679E5	3.89562E5	1.06588E6	1.56977E5	1.12181E5	5.06719E6	9.85593E6	1.86563E4	7201.31634	4721.36315	3198.30858	2418.6252	1887.79263	1801.85543	1852.32833	1433.236
358	6.90442E5	5.11718E5	4.29794E5	4.1222E5	4.30968E5	4.2192E5	3.69872E5	3.40692E5	1.28074E6	1.74515E5	1.19218E5	1.27295E6	1.52252E7	2.80801E4	7990.99787	4933.79932	3572.90387	2619.97186	1941.48699	1858.50689	1573.21812	1330.71705
360	6.93818E5	5.39478E5	4.59582E5	4.1956E5	4.39812E5	4.33955E5	3.79392E5	3.35527E5	1.29652E6	1.97868E5	1.28329E5	1.80759E5	1.75482E7	6.15326E4	8856.71722	4677.13091	3738.19904	2463.0058	2034.27842	1854.00169	1501.99682	1288.7841
362	7.06386E5	5.46253E5	4.58616E5	4.309E5	4.43925E5	4.40537E5	3.91202E5	3.36926E5	1.11784E6	2.5629E5	1.38941E5	1.09007E5	1.60547E7	7.39038E5	1.06143E4	4861.39642	3919.17861	2705.77225	2367.97425	2079.63215	1646.19985	1399.40115
364	6.977E5	5.77587E5	4.70674E5	4.39391E5	4.51913E5	4.49511E5	4.06991E5	3.55041E5	8.41606E5	3.81134E5	1.50595E5	1.01058E5	1.12332E7	3.67088E6	1.2061E4	5463.97964	3485.35684	2653.53302	2052.70617	1690.04877	1476.51689	1379.47356
366	7.53379E5	6.10829E5	4.93326E5	4.59567E5	4.53281E5	4.58999E5	4.25172E5	3.74099E5	5.89923E5	5.879E5	1.61877E5	1.03177E5	5.01268E6	9.35696E6	1.6302E4	6020.22937	3539.89408	2768.24098	2174.51453	1638.69116	1882.88459	1311.4741
368	7.46543E5	6.24896E5	5.14117E5	4.68219E5	4.64327E5	4.66103E5	4.39894E5	3.92448E5	4.46862E5	8.36832E5	1.75836E5	1.11554E5	1.28842E6	1.42034E7	2.39683E4	6306.44556	3944.60165	3183.01599	2057.66936	1703.19588	1502.91993	1563.13355
370	8.31095E5	6.73906E5	5.38787E5	4.83097E5	4.74314E5	4.78048E5	4.54303E5	4.07455E5	3.84171E5	1.04763E6	1.90241E5	1.2049E5	1.63014E5	1.60958E7	5.92209E4	7082.62035	4177.01882	3364.32706	2286.37541	1885.71904	1608.58125	1581.25644
372	8.22939E5	6.83627E5	5.57604E5	4.93621E5	4.79912E5	4.87954E5	4.64429E5	4.22337E5	3.7641E5	1.1232E6	2.137E5	1.29751E5	9.60268E4	1.42483E7	7.57228E5	8284.9028	4003.11934	3064.14063	2155.37765	1886.69213	1595.96822	1503.51769
374	8.70526E5	7.22228E5	5.64106E5	5.07024E5	4.94453E5	4.92628E5	4.81292E5	4.41387E5	3.81204E5	1.02133E6	2.61042E5	1.39197E5	8.9651E4	9.5393E6	3.58117E6	1.05838E4	4571.74822	3227.4509	2366.04583	1928.64636	1430.6774	1496.08905
376	8.42556E5	7.2374E5	5.99222E5	5.09626E5	5.02457E5	5.01772E5	4.98704E5	4.56824E5	3.99186E5	8.32945E5	3.45888E5	1.50915E5	9.18763E4	4.14047E6	8.34129E6	1.40996E4	4731.16047	3175.36336	2674.7444	1830.35259	1657.12957	1388.63144
378	8.94352E5	7.61037E5	6.12786E5	5.30597E5	5.10961E5	5.22963E5	5.08602E5	4.75826E5	4.13217E5	6.27743E5	4.96787E5	1.63387E5	9.75557E4	9.87949E5	1.25386E7	2.0504E4	5573.53313	3242.18546	2724.68403	1913.96408	1410.93357	1414.26025
380	9.1124E5	7.80034E5	6.37728E5	5.37621E5	5.22548E5	5.32215E5	5.22858E5	4.93417E5	4.29505E5	4.84253E5	6.9021E5	1.74789E5	1.07098E5	1.37121E5	1.4069E7	4.78487E4	6337.82997	3504.34029	2968.44807	2052.90793	1791.7565	1323.92751
382	9.80158E5	8.16631E5	6.76347E5	5.65301E5	5.41369E5	5.48077E5	5.48745E5	5.14185E5	4.44229E5	4.27367E5	8.74466E5	1.89705E5	1.18217E5	9.00686E4	1.2676E7	5.64988E5	7479.40988	3860.48402	2570.64103	2165.77651	1710.84678	1538.57381
384	9.60079E5	8.41845E5	6.98112E5	5.77395E5	5.50507E5	5.54959E5	5.58224E5	5.31997E5	4.65295E5	4.11888E5	9.72851E5	2.11775E5	1.28276E5	8.38717E4	8.66006E6	2.81907E6	9131.85457	4271.45119	2831.66233	2238.00794	1605.09677	1482.96342
386	1.03872E6	8.72879E5	7.13499E5	5.93503E5	5.63049E5	5.69342E5	5.76328E5	5.49125E5	4.85085E5	4.16934E5	9.566E5	2.43691E5	1.41089E5	8.58491E4	3.77431E6	7.20511E6	1.25048E4	4398.23057	2932.03382	2394.37319	1686.12746	1510.96731
388	1.01861E6	8.98213E5	7.41684E5	6.09685E5	5.76206E5	5.86075E5	5.8814E5	5.67562E5	5.04583E5	4.28135E5	8.39224E5	3.0471E5	1.53498E5	9.29878E4	9.9736E5	1.11844E7	1.87663E4	5107.62195	2790.71988	2728.49113	1798.95784	1535.68833
390	1.08775E6	9.24779E5	7.54111E5	6.27545E5	5.89867E5	6.02256E5	6.07099E5	5.88669E5	5.19837E5	4.50564E5	6.81765E5	4.12444E5	1.66166E5	1.01554E5	1.4033E5	1.30563E7	4.42132E4	6143.18653	3283.85479	2825.41349	1843.9665	1417.52542
392	1.10068E6	9.72629E5	7.88029E5	6.41982E5	5.95115E5	6.09405E5	6.17735E5	5.9987E5	5.38906E5	4.57534E5	5.36199E5	5.65743E5	1.80285E5	1.13179E5	8.40074E4	1.19641E7	6.03918E5	7047.73229	3761.05398	2808.65754	1826.40736	1527.21058
394	1.14235E6	1.00928E6	8.12973E5	6.64732E5	6.11787E5	6.211E5	6.30842E5	6.14588E5	5.48132E5	4.73654E5	4.60252E5	7.24654E5	1.96166E5	1.23774E5	7.88317E4	8.55921E6	2.73005E6	9041.1146	4004.75871	2735.11669	2302.00129	1677.09638
396	1.11949E6	1.02349E6	8.35514E5	6.81693E5	6.28299E5	6.281E5	6.46026E5	6.25764E5	5.64436E5	4.91607E5	4.32156E5	8.52104E5	2.09739E5	1.34933E5	7.89276E4	3.91053E6	6.85982E6	1.21117E4	4403.09749	2930.48845	2177.66675	1785.04101
398	1.1962E6	1.05478E6	8.62819E5	6.86681E5	6.37329E5	6.42746E5	6.53139E5	6.38968E5	5.78971E5	5.07646E5	4.31861E5	8.75133E5	2.33102E5	1.47128E5	8.47671E4	1.03565E6	1.05241E7	1.8021E4	5053.57993	3310.72669	2339.28103	1705.09643
400	1.1849E6	1.07357E6	8.89132E5	7.19231E5	6.51524E5	6.49959E5	6.69451E5	6.57501E5	5.94113E5	5.22158E5	4.4332E5	8.15781E5	2.76767E5	1.59597E5	9.24357E4	1.3731E5	1.19885E7	3.78449E4	5476.596	3021.85868	2412.47561	1708.01446
402	1.2274E6	1.07985E6	9.1453E5	7.38706E5	6.62049E5	6.58772E5	6.7653E5	6.64815E5	6.10474E5	5.33908E5	4.54189E5	6.87735E5	3.48707E5	1.71374E5	1.00034E5	7.47582E4	1.06905E7	4.51372E5	5952.22416	3459.40352	2504.42154	1699.98906
404	1.21351E6	1.13449E6	9.19112E5	7.43534E5	6.68653E5	6.75756E5	6.80407E5	6.81033E5	6.20219E5	5.4974E5	4.66671E5	5.61651E5	4.59955E5	1.84244E5	1.09646E5	7.01936E4	7.19066E6	2.36575E6	7476.52163	3907.35144	2537.76513	1810.67539
406	1.24617E6	1.12719E6	9.45825E5	7.62593E5	6.89309E5	6.87275E5	7.04723E5	6.81173E5	6.36625E5	5.67532E5	4.82603E5	4.78451E5	5.9238E5	1.97496E5	1.18974E5	7.04461E4	3.1389E6	6.00459E6	1.04859E4	3785.19643	2442.96813	2259.43617
408	1.2859E6	1.15753E6	9.57514E5	7.82121E5	7.06103E5	6.93729E5	7.04281E5	6.99927E5	6.44265E5	5.77551E5	4.95341E5	4.3526E5	7.14093E5	2.13746E5	1.29725E5	7.387E4	7.47391E5	9.545E6	1.57017E4	4188.45539	2580.12653	2178.80632
410	1.26677E6	1.17989E6	1.00226E6	7.94042E5	7.05416E5	6.95619E5	7.1687E5	7.08388E5	6.53167E5	5.88967E5	5.06119E5	4.31622E5	7.83977E5	2.34103E5	1.39823E5	7.86323E4	1.01423E5	1.10736E7	3.13415E4	4891.68098	2507.45745	2067.83205
412	1.32888E6	1.1997E6	9.93451E5	8.17151E5	7.18669E5	7.12985E5	7.18252E5	7.12909E5	6.64561E5	5.96524E5	5.23042E5	4.38085E5	7.77041E5	2.61494E5	1.4886E5	8.68359E4	6.60001E4	1.00458E7	3.65001E5	5984.08534	2949.68669	2212.37545
414	1.33478E6	1.20029E6	1.02223E6	8.30927E5	7.34999E5	7.09686E5	7.20774E5	7.12716E5	6.72457E5	6.07096E5	5.33899E5	4.50238E5	6.97808E5	3.10844E5	1.58603E5	9.47177E4	6.25694E4	6.90471E6	1.956E6	7459.43395	2890.29744	2145.28408
416	1.34595E6	1.24654E6	1.0351E6	8.3812E5	7.43559E5	7.21891E5	7.31994E5	7.25083E5	6.78676E5	6.19673E5	5.44905E5	4.58884E5	5.93457E5	3.87356E5	1.72271E5	1.03365E5	6.31039E4	3.06278E6	5.33242E6	1.05775E4	3534.12947	2052.37147
418	1.37859E6	1.25869E6	1.08316E6	8.62374E5	7.42122E5	7.2355E5	7.31119E5	7.25624E5	6.82794E5	6.24223E5	5.55416E5	4.66192E5	5.02336E5	4.97581E5	1.83876E5	1.12768E5	6.49522E4	7.73587E5	8.79514E6	1.49388E4	4020.90837	2379.21388
420	1.36405E6	1.27578E6	1.08618E6	8.69965E5	7.58408E5	7.27723E5	7.38029E5	7.33982E5	6.86398E5	6.35587E5	5.67876E5	4.80801E5	4.48393E5	6.10797E5	1.96223E5	1.19474E5	7.01144E4	1.01538E5	1.04538E7	3.2075E4	4222.90833	2206.19408
422	1.40291E6	1.30072E6	1.08632E6	8.91903E5	7.63659E5	7.30157E5	7.3971E5	7.32734E5	7.00287E5	6.4482E5	5.80089E5	4.93769E5	4.28242E5	6.94378E5	2.06628E5	1.27767E5	7.5678E4	5.96214E4	9.54571E6	4.12053E5	5424.29521	2602.29766
424	1.43151E6	1.31609E6	1.10163E6	9.00824E5	7.72778E5	7.2909E5	7.39109E5	7.3528E5	6.99735E5	6.46108E5	5.86287E5	5.02958E5	4.24455E5	7.19753E5	2.2737E5	1.38596E5	8.27591E4	5.49769E4	6.56905E6	2.04082E6	6518.16514	2736.42782
426	1.36154E6	1.31151E6	1.12522E6	9.14954E5	7.79634E5	7.42016E5	7.38878E5	7.40794E5	7.05466E5	6.52804E5	5.96961E5	5.14516E5	4.34292E5	6.7669E5	2.6144E5	1.48431E5	9.02655E4	5.56437E4	2.76461E6	5.44466E6	9253.32748	2781.09273
428	1.44052E6	1.33707E6	1.14209E6	9.32999E5	7.90805E5	7.43777E5	7.39092E5	7.34232E5	7.03047E5	6.60479E5	5.99466E5	5.24762E5	4.43038E5	5.93367E5	3.17384E5	1.58075E5	9.82663E4	5.82402E4	6.44853E5	8.71863E6	1.32367E4	3260.14064
430	1.45278E6	1.33243E6	1.15075E6	9.44047E5	8.01244E5	7.47365E5	7.38528E5	7.3339E5	7.03998E5	6.63371E5	6.07478E5	5.32268E5	4.49128E5	5.09902E5	3.90828E5	1.66181E5	1.04798E5	6.07018E4	8.32424E4	1.00728E7	3.00496E4	3884.33237
432	1.40397E6	1.34326E6	1.1792E6	9.47563E5	8.10687E5	7.50138E5	7.34855E5	7.37933E5	7.0373E5	6.69792E5	6.12017E5	5.40597E5	4.61678E5	4.46707E5	4.81956E5	1.76317E5	1.12944E5	6.57484E4	5.39291E4	8.8574E6	3.78874E5	4735.22918
434	1.46142E6	1.33312E6	1.17471E6	9.63788E5	8.13517E5	7.48681E5	7.29359E5	7.29579E5	7.1198E5	6.69104E5	6.214E5	5.4951E5	4.71949E5	4.18635E5	5.62766E5	1.85948E5	1.20409E5	7.1624E4	4.97439E4	5.61708E6	1.97233E6	5903.94171
436	1.4024E6	1.35862E6	1.17369E6	9.75629E5	8.23726E5	7.47643E5	7.33354E5	7.25944E5	7.04424E5	6.72346E5	6.22097E5	5.53668E5	4.80665E5	4.1304E5	6.05219E5	1.98262E5	1.27153E5	7.75788E4	5.0979E4	2.33795E6	4.93248E6	7544.13698
438	1.42488E6	1.35217E6	1.19162E6	9.88005E5	8.28246E5	7.48742E5	7.32886E5	7.25637E5	6.9978E5	6.71211E5	6.30103E5	5.62147E5	4.85489E5	4.14016E5	6.0414E5	2.20401E5	1.35706E5	8.4437E4	5.16801E4	5.44092E5	7.90421E6	1.16468E4
440	1.44278E6	1.3595E6	1.19741E6	9.96694E5	8.34553E5	7.43166E5	7.31413E5	7.22634E5	7.01545E5	6.71241E5	6.25016E5	5.63997E5	4.90862E5	4.20428E5	5.57034E5	2.51471E5	1.43935E5	9.1509E4	5.53436E4	7.31468E4	9.27947E6	2.30227E4
442	1.47129E6	1.36786E6	1.214E6	9.96135E5	8.343E5	7.4663E5	7.20127E5	7.18522E5	6.95338E5	6.66331E5	6.30761E5	5.66795E5	5.01482E5	4.25917E5	4.89798E5	2.96036E5	1.50501E5	9.59409E4	5.84638E4	5.00765E4	8.26704E6	2.46393E5
444	1.38814E6	1.36717E6	1.20401E6	1.01039E6	8.33409E5	7.45597E5	7.22378E5	7.12795E5	6.94032E5	6.68919E5	6.30468E5	5.68741E5	5.03685E5	4.32925E5	4.23732E5	3.63028E5	1.58267E5	1.0109E5	6.2483E4	4.61368E4	5.46255E6	1.36038E6
446	1.41507E6	1.36071E6	1.21102E6	1.01688E6	8.38041E5	7.40047E5	7.14062E5	7.07477E5	6.92258E5	6.71053E5	6.33479E5	5.71967E5	5.08782E5	4.40597E5	3.7918E5	4.32289E5	1.64407E5	1.08669E5	6.81268E4	4.68177E4	2.34195E6	4.03372E6
448	1.42149E6	1.34085E6	1.21254E6	1.02722E6	8.44588E5	7.43731E5	7.1192E5	7.0866E5	6.8702E5	6.65551E5	6.30728E5	5.77698E5	5.16283E5	4.4569E5	3.65023E5	4.90064E5	1.74847E5	1.15531E5	7.35911E4	4.74228E4	5.65749E5	7.01412E6
450	1.43493E6	1.38668E6	1.21993E6	1.02711E6	8.41148E5	7.45134E5	7.08764E5	7.01036E5	6.88546E5	6.6529E5	6.32335E5	5.78422E5	5.20563E5	4.53496E5	3.59003E5	5.19894E5	1.88108E5	1.22489E5	7.91823E4	5.0445E4	7.57903E4	8.63533E6
452	1.37044E6	1.34876E6	1.20898E6	1.02939E6	8.47573E5	7.46969E5	7.03911E5	6.97488E5	6.79395E5	6.57091E5	6.31602E5	5.81781E5	5.21627E5	4.58701E5	3.62505E5	5.04322E5	2.09043E5	1.28972E5	8.4946E4	5.40336E4	4.60749E4	7.88596E6
454	1.40108E6	1.35604E6	1.21757E6	1.02852E6	8.45309E5	7.41426E5	7.05099E5	6.84034E5	6.76337E5	6.58857E5	6.25971E5	5.7933E5	5.23747E5	4.5856E5	3.63335E5	4.57902E5	2.42588E5	1.3328E5	9.15162E4	5.77253E4	4.22801E4	5.22474E6
456	1.40094E6	1.33153E6	1.22584E6	1.02803E6	8.39577E5	7.43814E5	6.92545E5	6.80273E5	6.63255E5	6.4742E5	6.22923E5	5.78805E5	5.25456E5	4.63779E5	3.6647E5	4.02981E5	2.91084E5	1.3948E5	9.40462E4	6.12136E4	4.2165E4	2.18723E6
458	1.3714E6	1.34228E6	1.21704E6	1.02024E6	8.54382E5	7.38948E5	6.8133E5	6.72158E5	6.56765E5	6.39103E5	6.20126E5	5.78289E5	5.2549E5	4.66572E5	3.72262E5	3.5359E5	3.45382E5	1.4571E5	9.95206E4	6.51599E4	4.28034E4	5.26331E5
460	1.38037E6	1.28698E6	1.19346E6	1.02016E6	8.51739E5	7.30159E5	6.82967E5	6.64198E5	6.54655E5	6.33616E5	6.15651E5	5.71199E5	5.22978E5	4.68271E5	3.76636E5	3.20462E5	3.98963E5	1.50975E5	1.04402E5	7.00959E4	4.35475E4	7.13056E4
462	1.34698E6	1.31393E6	1.20503E6	1.02749E6	8.40262E5	7.31084E5	6.76839E5	6.57846E5	6.4492E5	6.29414E5	6.07622E5	5.69564E5	5.23892E5	4.72718E5	3.7784E5	3.07929E5	4.31308E5	1.58982E5	1.09665E5	7.51947E4	4.62928E4	4.13817E4
464	1.35646E6	1.2785E6	1.19017E6	1.02768E6	8.41512E5	7.26941E5	6.70468E5	6.42805E5	6.38899E5	6.23315E5	6.05492E5	5.67318E5	5.24108E5	4.71744E5	3.79811E5	3.03541E5	4.35678E5	1.7197E5	1.13147E5	7.9663E4	5.09019E4	3.87318E4
466	1.37334E6	1.31473E6	1.2001E6	1.02008E6	8.34968E5	7.19382E5	6.68905E5	6.43954E5	6.24651E5	6.17274E5	6.02065E5	5.64744E5	5.20679E5	4.71855E5	3.85E5	3.05717E5	4.10637E5	1.90837E5	1.18481E5	8.37684E4	5.37002E4	3.83964E4
468	1.54698E6	1.28374E6	1.19255E6	1.01536E6	8.41125E5	7.25261E5	6.60138E5	6.36171E5	6.21451E5	6.06674E5	5.90066E5	5.58718E5	5.19682E5	4.71511E5	3.85403E5	3.07529E5	3.69079E5	2.20676E5	1.23955E5	8.65814E4	5.6703E4	3.93513E4
470	2.05909E6	1.25722E6	1.17718E6	1.01249E6	8.30029E5	7.13366E5	6.55323E5	6.21221E5	6.07882E5	6.04903E5	5.84155E5	5.51304E5	5.132E5	4.7199E5	3.84343E5	3.08018E5	3.23774E5	2.59591E5	1.26569E5	9.01763E4	6.08689E4	3.93316E4
472	3.42801E6	1.27489E6	1.17069E6	1.00013E6	8.31532E5	7.15564E5	6.41709E5	6.14948E5	6.03865E5	5.96388E5	5.78551E5	5.45018E5	5.11478E5	4.71059E5	3.89919E5	3.11446E5	2.88658E5	3.04439E5	1.31486E5	9.46282E4	6.44364E4	4.14799E4
474	5.72984E6	1.27066E6	1.16524E6	1.00401E6	8.21092E5	7.03622E5	6.39972E5	6.08707E5	5.93812E5	5.83946E5	5.75817E5	5.4561E5	5.07378E5	4.68015E5	3.87367E5	3.10937E5	2.67514E5	3.46837E5	1.36472E5	9.83603E4	6.84272E4	4.33141E4
476	8.93631E6	1.23284E6	1.13984E6	9.97102E5	8.21287E5	7.02342E5	6.265E5	6.00743E5	5.84877E5	5.77913E5	5.61804E5	5.37526E5	5.04321E5	4.66655E5	3.88656E5	3.11978E5	2.54991E5	3.69044E5	1.44291E5	1.01332E5	7.04404E4	4.58315E4
478	1.31044E7	1.23302E6	1.13364E6	9.90148E5	8.06679E5	6.88903E5	6.18473E5	5.94671E5	5.77437E5	5.68384E5	5.55557E5	5.25094E5	5.00271E5	4.64723E5	3.8504E5	3.11917E5	2.53756E5	3.71751E5	1.5466E5	1.03674E5	7.29937E4	4.81127E4
480	1.68267E7	1.2158E6	1.12488E6	9.75729E5	8.0589E5	6.79455E5	6.13848E5	5.8076E5	5.66225E5	5.57029E5	5.4058E5	5.20204E5	4.93368E5	4.60102E5	3.82892E5	3.10017E5	2.5235E5	3.44762E5	1.71797E5	1.07004E5	7.53841E4	5.08411E4
482	1.88193E7	1.17733E6	1.11803E6	9.71848E5	7.96761E5	6.76233E5	6.07494E5	5.70009E5	5.60973E5	5.44749E5	5.34405E5	5.15091E5	4.82349E5	4.51356E5	3.83427E5	3.11056E5	2.50913E5	3.0348E5	1.98803E5	1.09587E5	7.72689E4	5.47955E4
484	1.81111E7	1.18179E6	1.08697E6	9.47438E5	7.83144E5	6.66057E5	5.9899E5	5.66616E5	5.45748E5	5.35584E5	5.2758E5	5.01972E5	4.78188E5	4.49377E5	3.81732E5	3.10056E5	2.52296E5	2.64137E5	2.37398E5	1.14522E5	8.06073E4	5.70883E4
486	1.53394E7	1.19694E6	1.07466E6	9.37062E5	7.85057E5	6.62624E5	5.92466E5	5.54996E5	5.38664E5	5.23979E5	5.13284E5	4.9797E5	4.73866E5	4.44747E5	3.75261E5	3.10057E5	2.52195E5	2.33322E5	2.71845E5	1.16424E5	8.55336E4	6.03512E4
488	1.12329E7	1.43861E6	1.06588E6	9.29002E5	7.74915E5	6.49588E5	5.82097E5	5.47726E5	5.23998E5	5.1285E5	5.04118E5	4.82931E5	4.63899E5	4.3611E5	3.76248E5	3.10605E5	2.51287E5	2.1633E5	2.98369E5	1.21209E5	8.68597E4	6.17634E4
490	6.85023E6	2.34063E6	1.05327E6	9.18484E5	7.63631E5	6.43843E5	5.7791E5	5.3684E5	5.18445E5	5.04666E5	4.9684E5	4.76748E5	4.60188E5	4.32875E5	3.72289E5	3.07729E5	2.52112E5	2.09099E5	3.12668E5	1.27975E5	8.86422E4	6.44577E4
492	3.46117E6	4.38954E6	1.03672E6	9.19372E5	7.52562E5	6.30862E5	5.59221E5	5.23952E5	5.07434E5	5.00152E5	4.89991E5	4.71057E5	4.50607E5	4.27774E5	3.65807E5	3.07412E5	2.48331E5	2.05912E5	3.07131E5	1.40389E5	9.09775E4	6.61156E4
494	1.72761E6	7.60435E6	1.03384E6	8.98351E5	7.43919E5	6.27668E5	5.48913E5	5.14173E5	4.98341E5	4.86921E5	4.7698E5	4.63955E5	4.41389E5	4.22945E5	3.65248E5	3.02495E5	2.46953E5	2.06994E5	2.85447E5	1.55721E5	9.30661E4	6.86401E4
496	1.27417E6	1.19955E7	9.99848E5	8.82183E5	7.33136E5	6.18653E5	5.45569E5	5.08839E5	4.88876E5	4.78488E5	4.68683E5	4.55334E5	4.36526E5	4.17831E5	3.56615E5	3.00251E5	2.48058E5	2.04382E5	2.5009E5	1.81893E5	9.46536E4	7.02825E4
498	1.18306E6	1.66419E7	9.84868E5	8.64519E5	7.32006E5	6.10718E5	5.39514E5	4.95171E5	4.7609E5	4.67797E5	4.56933E5	4.47509E5	4.30391E5	4.13335E5	3.52814E5	2.98934E5	2.49301E5	2.04652E5	2.17942E5	2.07588E5	9.62791E4	7.15884E4
500	1.15458E6	2.04745E7	9.68814E5	8.69406E5	7.19618E5	6.00269E5	5.24061E5	4.91584E5	4.72291E5	4.61407E5	4.54685E5	4.31218E5	4.22026E5	4.04604E5	3.48391E5	2.95245E5	2.47008E5	2.0379E5	1.94874E5	2.34635E5	9.99358E4	7.43847E4
502	1.09189E6	2.21722E7	9.66051E5	8.41955E5	7.06314E5	5.96088E5	5.23059E5	4.84492E5	4.60485E5	4.50189E5	4.41464E5	4.27191E5	4.17292E5	3.98318E5	3.44774E5	2.92288E5	2.46708E5	2.03191E5	1.77925E5	2.56755E5	1.0403E5	7.46278E4
504	1.05178E6	2.09555E7	9.55126E5	8.41223E5	6.99529E5	5.91027E5	5.14594E5	4.74116E5	4.50564E5	4.4096E5	4.36103E5	4.20453E5	4.09056E5	3.9252E5	3.38141E5	2.88621E5	2.42832E5	2.03001E5	1.70236E5	2.62405E5	1.08543E5	7.67191E4
506	1.11151E6	1.73763E7	9.82779E5	8.26076E5	6.92399E5	5.75421E5	5.07882E5	4.65315E5	4.46213E5	4.32534E5	4.27691E5	4.09881E5	3.97705E5	3.85923E5	3.34797E5	2.87017E5	2.42006E5	2.01431E5	1.68976E5	2.55785E5	1.17451E5	7.6758E4
508	1.10473E6	1.26924E7	1.30238E6	8.26427E5	6.77268E5	5.76116E5	4.98172E5	4.53453E5	4.35805E5	4.25359E5	4.12949E5	4.03756E5	3.92704E5	3.78516E5	3.30229E5	2.84476E5	2.38561E5	1.97727E5	1.65949E5	2.34148E5	1.32023E5	7.71676E4
510	1.07455E6	7.55798E6	2.44844E6	7.97474E5	6.65053E5	5.65187E5	4.91534E5	4.47043E5	4.24978E5	4.14968E5	4.07987E5	3.95764E5	3.80128E5	3.6955E5	3.22546E5	2.78187E5	2.3838E5	1.95911E5	1.6618E5	2.03541E5	1.51322E5	7.91619E4
512	1.21777E6	3.62047E6	5.10984E6	7.90372E5	6.57772E5	5.55994E5	4.77036E5	4.3694E5	4.17556E5	4.03842E5	3.98029E5	3.88479E5	3.75419E5	3.63099E5	3.18617E5	2.72912E5	2.30362E5	1.96568E5	1.64972E5	1.77936E5	1.75623E5	8.09923E4
514	1.38753E6	1.67663E6	8.94812E6	7.71589E5	6.44108E5	5.36545E5	4.74415E5	4.32493E5	4.10371E5	3.9474E5	3.89868E5	3.77562E5	3.68643E5	3.5411E5	3.1433E5	2.70531E5	2.31412E5	1.95459E5	1.63205E5	1.58724E5	1.97931E5	8.31889E4
516	1.69016E6	1.13664E6	1.38018E7	7.58215E5	6.41854E5	5.32364E5	4.60182E5	4.22461E5	4.01293E5	3.88202E5	3.84961E5	3.70257E5	3.56853E5	3.45707E5	3.06965E5	2.62892E5	2.28107E5	1.92888E5	1.59566E5	1.45795E5	2.12556E5	8.55956E4
518	2.00361E6	9.96806E5	1.90583E7	7.45778E5	6.16717E5	5.18749E5	4.51357E5	4.09325E5	3.87885E5	3.78777E5	3.71518E5	3.61086E5	3.52573E5	3.41385E5	3.03076E5	2.61915E5	2.23871E5	1.91052E5	1.58939E5	1.37087E5	2.1559E5	8.94468E4
520	2.37946E6	9.60115E5	2.31634E7	7.40699E5	6.21813E5	5.14217E5	4.45681E5	4.04062E5	3.79799E5	3.73389E5	3.63402E5	3.51783E5	3.43208E5	3.33353E5	2.99589E5	2.59E5	2.20734E5	1.88314E5	1.58364E5	1.36853E5	2.09875E5	9.75761E4
522	2.69616E6	9.05079E5	2.43363E7	7.30794E5	6.03153E5	5.08279E5	4.37145E5	3.96713E5	3.7378E5	3.63604E5	3.59797E5	3.44897E5	3.36553E5	3.25423E5	2.86988E5	2.51008E5	2.15231E5	1.8644E5	1.57564E5	1.32588E5	1.93362E5	1.09215E5
524	2.82683E6	8.82941E5	2.23644E7	7.12929E5	5.98997E5	4.9133E5	4.27032E5	3.87822E5	3.67586E5	3.49114E5	3.45838E5	3.33416E5	3.29048E5	3.15489E5	2.82001E5	2.48508E5	2.14446E5	1.8221E5	1.53518E5	1.32203E5	1.67428E5	1.25249E5
526	2.96514E6	8.76015E5	1.82616E7	7.5826E5	5.90992E5	4.89641E5	4.21365E5	3.81035E5	3.57687E5	3.45816E5	3.38428E5	3.28843E5	3.20126E5	3.12303E5	2.78952E5	2.43098E5	2.10126E5	1.80397E5	1.52505E5	1.31157E5	1.44069E5	1.42658E5
528	2.78938E6	8.44576E5	1.29797E7	1.12323E6	5.75004E5	4.79232E5	4.06741E5	3.74128E5	3.51635E5	3.38825E5	3.30352E5	3.20561E5	3.14713E5	3.0536E5	2.73958E5	2.37358E5	2.08161E5	1.78053E5	1.52007E5	1.32008E5	1.28079E5	1.59778E5
530	2.47657E6	8.35982E5	7.47181E6	2.48983E6	5.54604E5	4.65175E5	4.04055E5	3.64861E5	3.42268E5	3.29257E5	3.20876E5	3.1164E5	3.06214E5	2.95538E5	2.65288E5	2.34764E5	2.01687E5	1.7336E5	1.49352E5	1.27598E5	1.15555E5	1.72086E5
532	2.01031E6	8.35259E5	3.44759E6	5.54782E6	5.53895E5	4.54485E5	3.91577E5	3.55532E5	3.34918E5	3.21839E5	3.18464E5	3.03152E5	2.94932E5	2.89348E5	2.5991E5	2.29549E5	1.98406E5	1.71873E5	1.46984E5	1.26754E5	1.07823E5	1.76571E5
534	1.55911E6	9.22831E5	1.42059E6	1.02272E7	5.47577E5	4.49921E5	3.85906E5	3.53568E5	3.2952E5	3.16498E5	3.06622E5	2.96963E5	2.89033E5	2.8103E5	2.54086E5	2.23782E5	1.9578E5	1.70325E5	1.45074E5	1.24235E5	1.04401E5	1.72276E5
536	1.20731E6	1.11104E6	8.76395E5	1.59246E7	5.40052E5	4.36916E5	3.79918E5	3.36881E5	3.17323E5	3.00737E5	2.97307E5	2.84247E5	2.8195E5	2.7361E5	2.47058E5	2.1507E5	1.88546E5	1.65126E5	1.42575E5	1.21292E5	1.02959E5	1.56783E5
538	9.98513E5	1.37751E6	7.78966E5	2.14395E7	5.2367E5	4.28333E5	3.68444E5	3.32858E5	3.07237E5	2.99025E5	2.90486E5	2.80599E5	2.72052E5	2.74951E5	2.42665E5	2.14439E5	1.8614E5	1.62237E5	1.38997E5	1.21242E5	1.01401E5	1.34485E5
540	8.05002E5	1.69695E6	7.5441E5	2.53274E7	5.14267E5	4.20696E5	3.58083E5	3.2299E5	3.02507E5	2.93307E5	2.81054E5	2.70639E5	2.65658E5	2.60002E5	2.37202E5	2.08157E5	1.8395E5	1.61098E5	1.36623E5	1.19924E5	9.81458E4	1.14181E5
542	7.20443E5	2.10871E6	7.121E5	2.61253E7	5.14091E5	4.15369E5	3.5578E5	3.17545E5	2.97281E5	2.79716E5	2.77745E5	2.64482E5	2.60616E5	2.51399E5	2.29441E5	2.01161E5	1.79364E5	1.56111E5	1.34832E5	1.18371E5	1.00411E5	9.94011E4
544	6.57465E5	2.49863E6	6.8704E5	2.35621E7	5.17196E5	4.01213E5	3.43804E5	3.12431E5	2.89734E5	2.75201E5	2.646E5	2.60457E5	2.51014E5	2.47184E5	2.21645E5	1.95793E5	1.74881E5	1.53619E5	1.31666E5	1.13524E5	9.74969E4	8.8789E4
546	6.62607E5	2.75514E6	6.67638E5	1.86798E7	5.75912E5	4.0039E5	3.38187E5	3.01327E5	2.78418E5	2.69593E5	2.60538E5	2.5189E5	2.47689E5	2.408E5	2.18388E5	1.92822E5	1.70984E5	1.47999E5	1.30573E5	1.13528E5	9.33419E4	8.42727E4
548	6.33126E5	2.95672E6	6.59761E5	1.28438E7	1.07541E6	3.85551E5	3.28061E5	2.94673E5	2.73087E5	2.5968E5	2.50359E5	2.45442E5	2.41079E5	2.36343E5	2.13758E5	1.89711E5	1.66172E5	1.4706E5	1.2565E5	1.12238E5	9.31867E4	8.04486E4
550	6.1238E5	2.89089E6	6.20059E5	7.2432E6	2.76962E6	3.81262E5	3.17938E5	2.8504E5	2.67117E5	2.53954E5	2.45199E5	2.4076E5	2.32524E5	2.29259E5	2.04874E5	1.84098E5	1.61257E5	1.44334E5	1.24413E5	1.08972E5	9.12252E4	7.87764E4
552	6.43004E5	2.65599E6	6.31004E5	3.1858E6	6.2052E6	3.72276E5	3.15194E5	2.81845E5	2.58829E5	2.44205E5	2.4076E5	2.32955E5	2.26645E5	2.20342E5	1.99232E5	1.75594E5	1.59015E5	1.38759E5	1.2108E5	1.0546E5	9.10116E4	7.81198E4
554	6.16444E5	2.30349E6	6.06745E5	1.22243E6	1.11694E7	3.69145E5	3.05943E5	2.74832E5	2.53279E5	2.38446E5	2.33173E5	2.27753E5	2.19309E5	2.15329E5	1.9548E5	1.72905E5	1.51893E5	1.37347E5	1.20906E5	1.04907E5	8.96361E4	7.5941E4
556	5.76777E5	1.81502E6	6.61071E5	6.94126E5	1.68771E7	3.69137E5	3.04812E5	2.6818E5	2.46941E5	2.33408E5	2.28746E5	2.18959E5	2.14224E5	2.10781E5	1.90374E5	1.69487E5	1.50879E5	1.33773E5	1.16643E5	1.03766E5	8.71061E4	7.38044E4
558	5.83923E5	1.37509E6	7.68313E5	6.08481E5	2.24445E7	3.54092E5	2.98533E5	2.59868E5	2.41783E5	2.29252E5	2.22866E5	2.15749E5	2.09973E5	2.04126E5	1.84713E5	1.65354E5	1.48333E5	1.29727E5	1.15098E5	9.77646E4	8.48703E4	7.27087E4
560	5.86162E5	1.01861E6	9.69301E5	5.69055E5	2.63171E7	3.51789E5	2.82386E5	2.60804E5	2.37909E5	2.20729E5	2.14405E5	2.06788E5	2.00716E5	1.98778E5	1.79333E5	1.61139E5	1.43091E5	1.29704E5	1.12399E5	9.93803E4	8.53508E4	7.241E4
562	5.67469E5	7.41532E5	1.25206E6	5.42786E5	2.69719E7	3.53962E5	2.84313E5	2.54119E5	2.28339E5	2.16093E5	2.08421E5	2.01404E5	1.96871E5	1.90305E5	1.74208E5	1.55586E5	1.39995E5	1.24075E5	1.07784E5	9.66971E4	8.0883E4	6.93883E4
564	5.41783E5	6.09875E5	1.60622E6	5.18032E5	2.41081E7	3.53507E5	2.77021E5	2.39244E5	2.23099E5	2.08743E5	1.99773E5	1.95994E5	1.90242E5	1.86369E5	1.69765E5	1.51639E5	1.35744E5	1.18673E5	1.07194E5	9.34018E4	7.96887E4	6.64416E4
566	5.3969E5	5.51817E5	1.96497E6	5.07253E5	1.90815E7	4.11641E5	2.72671E5	2.37039E5	2.13327E5	2.04259E5	1.95227E5	1.919E5	1.86945E5	1.84797E5	1.63339E5	1.48243E5	1.33932E5	1.17598E5	1.0469E5	9.0024E4	7.74575E4	6.53311E4
568	5.41155E5	5.39665E5	2.35206E6	4.98469E5	1.29616E7	9.79495E5	2.68608E5	2.35283E5	2.10911E5	1.98798E5	1.91418E5	1.83867E5	1.82448E5	1.77224E5	1.60044E5	1.4423E5	1.27306E5	1.13382E5	1.01872E5	8.82879E4	7.73275E4	6.62948E4
570	5.34899E5	5.03317E5	2.58651E6	4.81459E5	7.15024E6	2.86164E6	2.62888E5	2.24793E5	2.061E5	1.96672E5	1.86575E5	1.79365E5	1.73968E5	1.73359E5	1.56866E5	1.37079E5	1.2541E5	1.11628E5	9.92771E4	8.68663E4	7.46966E4	6.40732E4
572	5.27659E5	4.77743E5	2.69546E6	4.73562E5	3.05396E6	6.54489E6	2.57255E5	2.21538E5	1.97458E5	1.88719E5	1.78652E5	1.7511E5	1.71521E5	1.66372E5	1.50194E5	1.33852E5	1.21606E5	1.08669E5	9.56991E4	8.51154E4	7.28496E4	6.14604E4
574	4.62491E5	4.62606E5	2.54181E6	4.54538E5	1.04776E6	1.17911E7	2.50175E5	2.14869E5	1.96774E5	1.80555E5	1.7583E5	1.70076E5	1.64785E5	1.60315E5	1.44453E5	1.2928E5	1.16151E5	1.06547E5	9.33973E4	8.11072E4	7.08001E4	6.16325E4
576	4.71099E5	4.54906E5	2.29675E6	4.50665E5	5.31767E5	1.76364E7	2.46737E5	2.08444E5	1.89555E5	1.78084E5	1.71086E5	1.63147E5	1.59576E5	1.55889E5	1.41301E5	1.278E5	1.15914E5	1.04001E5	9.16705E4	7.97296E4	7.00233E4	6.10733E4
578	4.59447E5	4.45066E5	1.93481E6	4.64946E5	4.6801E5	2.30141E7	2.40402E5	2.06383E5	1.81585E5	1.7072E5	1.61468E5	1.58818E5	1.54278E5	1.522E5	1.41142E5	1.22327E5	1.12919E5	9.76832E4	8.64174E4	7.73874E4	6.94015E4	5.81047E4
580	4.894E5	4.30074E5	1.48817E6	5.29288E5	4.399E5	2.66933E7	2.44016E5	1.94007E5	1.7998E5	1.68104E5	1.61433E5	1.56405E5	1.44446E5	1.45518E5	1.37133E5	1.19066E5	1.07923E5	9.53516E4	8.65024E4	7.56147E4	6.51505E4	5.63557E4
582	5.23395E5	4.29482E5	1.13854E6	6.30107E5	4.26607E5	2.70656E7	2.48339E5	1.97061E5	1.74925E5	1.64414E5	1.57671E5	1.48299E5	1.43489E5	1.41931E5	1.28325E5	1.17053E5	1.05257E5	9.26818E4	8.35144E4	7.42694E4	6.43975E4	5.38697E4
584	4.7765E5	4.37773E5	8.1236E5	8.28155E5	4.10687E5	2.40187E7	2.52127E5	1.89303E5	1.69182E5	1.58058E5	1.47829E5	1.40287E5	1.40818E5	1.38232E5	1.24912E5	1.11959E5	1.01467E5	9.20781E4	8.19944E4	7.13355E4	6.14951E4	5.35773E4
586	4.60622E5	4.00441E5	5.98991E5	1.08662E6	4.08167E5	1.86377E7	3.02877E5	1.93234E5	1.68548E5	1.56125E5	1.48208E5	1.39527E5	1.3642E5	1.34757E5	1.2215E5	1.10417E5	9.85626E4	8.802E4	7.65235E4	6.9074E4	6.27428E4	5.30063E4
588	4.622E5	3.97725E5	4.97539E5	1.41856E6	4.03774E5	1.22945E7	8.49844E5	1.83476E5	1.6209E5	1.48998E5	1.41327E5	1.35788E5	1.31877E5	1.27132E5	1.16684E5	1.0614E5	9.33157E4	8.6152E4	7.54933E4	6.67516E4	5.83773E4	5.13821E4
590	4.09449E5	4.02854E5	4.31186E5	1.77403E6	4.0538E5	6.42976E6	2.82969E6	1.76295E5	1.60942E5	1.44661E5	1.36772E5	1.29026E5	1.28363E5	1.27067E5	1.1421E5	1.05081E5	9.19043E4	8.37464E4	7.51959E4	6.60012E4	5.65103E4	5.07335E4
592	4.34808E5	3.65913E5	4.09184E5	2.07581E6	3.94103E5	2.52044E6	6.90371E6	1.79023E5	1.5248E5	1.45165E5	1.33681E5	1.27698E5	1.24623E5	1.20816E5	1.09918E5	1.00388E5	8.84871E4	8.0648E4	7.23401E4	6.36758E4	5.69956E4	4.90757E4
594	4.41874E5	3.88385E5	3.8709E5	2.31504E6	3.8827E5	8.02067E5	1.24537E7	1.73417E5	1.50366E5	1.38516E5	1.2852E5	1.25493E5	1.18397E5	1.17453E5	1.07813E5	9.90111E4	8.53876E4	7.99905E4	7.03525E4	6.29268E4	5.41687E4	4.59747E4
596	4.37114E5	3.58551E5	3.69788E5	2.38113E6	3.79898E5	4.02246E5	1.85544E7	1.76693E5	1.46446E5	1.35962E5	1.23728E5	1.18736E5	1.1783E5	1.14158E5	1.01729E5	9.24057E4	8.46142E4	7.59448E4	6.8512E4	6.03062E4	5.14616E4	4.57679E4
598	4.53565E5	3.78709E5	3.73032E5	2.2389E6	3.80859E5	3.56105E5	2.38858E7	1.73959E5	1.43686E5	1.32041E5	1.24631E5	1.1636E5	1.11991E5	1.10967E5	1.01294E5	9.14335E4	8.3035E4	7.30127E4	6.65651E4	5.91938E4	5.19418E4	4.38752E4
600	4.3543E5	3.47851E5	3.71135E5	2.02537E6	3.89201E5	3.3363E5	2.6975E7	1.71649E5	1.39507E5	1.26813E5	1.18401E5	1.11941E5	1.09467E5	1.065E5	9.5928E4	8.64399E4	7.86668E4	7.26866E4	6.56983E4	5.8076E4	5.10246E4	4.46062E4
