300	2.52249E5	1.58881E5	1.72757E5	2.66968E6	4.15921E5	3.03694E5	2.50452E7	9.69662E4	1.44372E4	9657.043	6359.16618	4836.63511	4391.69754	3766.88298	3255.51309	2896.28579	2191.85528	1865.43939	1437.17336	1288.84491	1593.66433	1243.4926
302	2.69168E5	1.73925E5	1.96253E5	1.79203E6	7.38674E5	2.27833E5	2.20165E7	1.08009E6	1.57841E4	9156.07183	6213.30826	4699.89576	4133.35279	3769.30689	2927.88279	2750.59639	2311.17055	1560.89526	1809.4492	1702.49853	1558.86601	1269.07387
304	2.56469E5	1.8968E5	2.1384E5	1.04678E6	1.31254E6	2.161E5	1.40694E7	4.90335E6	1.80273E4	1.04136E4	7197.5223	4375.51724	3897.35455	3415.72614	3192.43579	2435.77775	2538.93158	1844.75546	1598.94648	1692.36925	1427.48185	1287.78504
306	2.89981E5	1.79589E5	2.06946E5	5.88486E5	2.05315E6	2.22687E5	6.12963E6	1.28663E7	2.25619E4	1.0495E4	6947.96026	5070.29623	4242.64853	3862.75065	3309.77667	2537.7084	2170.46666	2049.36233	1734.37618	1458.14988	1671.90833	1195.08972
308	2.86699E5	2.08817E5	2.28604E5	3.92276E5	2.72458E6	2.30972E5	1.57897E6	2.21301E7	3.45809E4	1.14852E4	7967.13892	5332.38994	4147.39982	3538.18644	3557.05552	2637.86575	2244.5941	1899.29207	1415.60761	1862.67762	1643.34751	1155.60815
310	3.48542E5	2.02475E5	2.39555E5	3.31154E5	2.88881E6	2.50938E5	2.66983E5	2.65278E7	9.10984E4	1.21124E4	7636.1569	5639.57901	4587.50771	3693.15966	3372.02973	2253.57961	2163.47563	2003.18061	1710.0854	1677.35408	1282.39368	1565.15693
312	3.39624E5	2.19201E5	2.55157E5	3.34137E5	2.49805E6	3.37031E5	1.55935E5	2.31224E7	1.04005E6	1.42688E4	8114.13489	5786.31126	4408.22214	3672.6946	2628.01429	2214.17562	2034.56056	1975.84091	1660.51406	1496.49554	1521.49278	1488.07383
314	3.56104E5	2.37165E5	2.60381E5	3.37502E5	1.74013E6	6.00532E5	1.44784E5	1.4151E7	4.91033E6	1.69822E4	8835.52752	5819.11273	4609.80282	3545.70287	3071.5326	2190.82409	2005.51618	2351.32268	1698.6515	1759.68266	1491.39481	1190.20813
316	3.39512E5	2.41773E5	2.78099E5	3.523E5	1.06693E6	1.07638E6	1.45667E5	5.64914E6	1.19217E7	1.97437E4	8900.8332	6639.99469	4745.97718	4285.12859	3237.19702	2586.67965	2101.12325	1867.02245	1562.17844	1537.61671	1428.32677	1212.73622
318	3.6445E5	2.54599E5	2.92514E5	3.53217E5	6.46767E5	1.7239E6	1.47137E5	1.38269E6	1.90305E7	2.981E4	9325.74149	6972.85011	4497.99282	3832.46966	3047.48938	2326.64748	2369.40471	1685.17999	1796.28093	1321.73478	1341.4566	1364.86439
320	3.8452E5	2.58178E5	3.10938E5	3.60827E5	4.72929E5	2.24582E6	1.48857E5	2.04627E5	2.19672E7	8.35985E4	1.09249E4	6820.01648	4419.77066	3819.54172	3194.22233	2352.07821	2177.74824	2044.21406	1608.0931	1714.38213	1327.19034	1415.35675
322	3.84395E5	2.83018E5	2.93566E5	3.63809E5	4.2013E5	2.39886E6	1.69305E5	1.31428E5	1.86305E7	9.20327E5	1.18931E4	6649.31552	4285.89084	3934.57424	2880.18247	2365.17905	1924.63693	1820.73535	1590.70116	1552.03122	1309.82837	1236.30032
324	4.08438E5	2.98534E5	3.22731E5	3.72561E5	4.24133E5	2.09262E6	2.35395E5	1.18611E5	1.15151E7	4.12497E6	1.41041E4	7106.27896	4976.89405	3991.4509	3161.76932	2527.56933	1990.74234	1588.17755	1427.34199	1494.38537	1459.97707	1259.75668
326	4.08789E5	3.01318E5	3.25501E5	3.85908E5	4.13422E5	1.51562E6	4.19113E5	1.20355E5	4.72166E6	1.01353E7	1.65558E4	7947.3201	5820.28872	3846.525	3353.35504	2223.28648	1999.41472	1909.09485	1360.5497	1541.33524	1522.11025	1113.73247
328	4.0467E5	3.10108E5	3.32773E5	3.90729E5	4.18076E5	9.72921E5	7.7862E5	1.21951E5	1.22394E6	1.61052E7	2.53897E4	8538.01273	5946.49661	4148.19582	3060.00855	2651.80859	2034.72237	1580.82099	1622.42666	1798.8365	1311.71975	1143.95115
330	4.65028E5	3.20849E5	3.49693E5	4.01562E5	4.25901E5	6.02757E5	1.29208E6	1.27893E5	1.92653E5	1.89756E7	6.40438E4	9193.11535	6066.59695	4490.92313	3379.6584	2258.9052	1768.21158	1794.53483	1662.51288	1460.27696	1248.46182	1231.39799
332	4.63948E5	3.26397E5	3.42259E5	4.04604E5	4.29182E5	4.29576E5	1.74762E6	1.32414E5	1.17374E5	1.67378E7	7.063E5	1.03162E4	5596.85796	4752.3168	3191.21828	2469.9348	1945.15798	2031.98696	1517.22936	1463.64492	1275.22682	1236.46446
334	4.86591E5	3.43322E5	3.57203E5	4.08398E5	4.32488E5	3.81604E5	1.96071E6	1.45838E5	1.07196E5	1.08781E7	3.29836E6	1.18697E4	6595.4796	4775.18816	2967.85638	2218.58008	2009.80511	1678.71775	1571.45904	1345.81475	1208.97251	1067.00464
336	4.71476E5	3.59349E5	3.55647E5	4.07478E5	4.30228E5	3.71648E5	1.80203E6	1.96741E5	1.09006E5	4.71936E6	8.38627E6	1.4875E4	6711.79254	4552.38541	3135.91459	2364.96585	1857.26642	1631.45531	1571.43238	1288.87133	1358.89875	1312.21071
338	5.00369E5	3.46626E5	3.69195E5	4.0638E5	4.36629E5	3.77186E5	1.3888E6	3.23756E5	1.1315E5	1.29345E6	1.35801E7	2.13583E4	6640.66969	4936.47519	3222.61835	2255.98583	2134.95997	1894.31291	1418.50902	1295.64787	995.87635	1054.88909
340	5.25466E5	3.83346E5	3.8971E5	4.15645E5	4.39283E5	3.79657E5	9.05632E5	5.94804E5	1.20693E5	1.93925E5	1.6099E7	5.27808E4	7632.35359	5016.66363	3345.31451	2564.55734	2308.3975	1630.62402	1752.67294	1197.40116	1146.2843	1084.98385
342	5.20572E5	3.91967E5	3.82786E5	4.14288E5	4.42608E5	3.88588E5	5.71201E5	9.71435E5	1.25609E5	1.07227E5	1.42753E7	5.7515E5	8689.98452	5012.71774	3769.93471	2577.37903	1970.45558	1684.78201	1444.44987	1471.29441	1137.73787	1127.86229
344	5.64739E5	4.12205E5	3.86634E5	4.23596E5	4.41433E5	3.92118E5	3.91101E5	1.37806E6	1.34213E5	1.00161E5	9.07451E6	2.97856E6	1.04363E4	5263.10749	3670.94976	2512.96818	2105.22518	1614.19985	1534.45764	1349.33584	1078.14046	1186.49904
346	5.47091E5	4.14197E5	4.0368E5	4.22612E5	4.47441E5	4.02633E5	3.34362E5	1.59447E6	1.50739E5	1.05618E5	3.91845E6	7.42021E6	1.32925E4	5831.4967	4212.8823	2495.4511	1900.7055	1740.7745	1378.71436	1067.02379	1289.57148	1230.71173
348	5.76879E5	4.39337E5	4.04938E5	4.259E5	4.51248E5	4.07964E5	3.27736E5	1.53905E6	1.88775E5	1.11502E5	9.65204E5	1.20048E7	1.92591E4	5608.41456	3784.30553	2917.348	1919.78968	1545.12131	1348.97223	1203.95082	1109.02821	1115.77925
350	5.8817E5	4.58851E5	4.24527E5	4.30058E5	4.5372E5	4.13071E5	3.35563E5	1.24897E6	2.83171E5	1.21567E5	1.66435E5	1.37491E7	4.21824E4	7180.19818	4093.45052	2843.80965	2360.41415	1631.50227	1452.25843	1287.89292	1215.61438	931.2635
352	6.22111E5	4.62349E5	4.25081E5	4.33346E5	4.53329E5	4.23266E5	3.42285E5	8.6282E5	4.77448E5	1.29902E5	1.03113E5	1.19058E7	5.12546E5	7240.17838	3903.0423	2753.98661	1873.19346	1687.14619	1482.91701	1330.73517	1112.96656	987.03776
354	6.46289E5	4.99943E5	4.40826E5	4.34728E5	4.63103E5	4.31383E5	3.5898E5	5.66674E5	7.64562E5	1.41899E5	9.82534E4	7.66886E6	2.4061E6	8753.02769	4316.02797	3131.4006	2128.97814	1689.90007	1345.03418	1141.98301	1089.51903	1134.31084
356	6.57287E5	5.00608E5	4.46441E5	4.49684E5	4.63589E5	4.45171E5	3.74795E5	4.10505E5	1.07639E6	1.54735E5	1.03861E5	3.26694E6	6.24238E6	1.16839E4	4775.33841	2775.8219	2180.98721	1531.55586	1326.86308	1113.49626	1147.93379	976.66748
358	6.58224E5	5.28673E5	4.75333E5	4.54306E5	4.66039E5	4.47572E5	3.84496E5	3.52897E5	1.28527E6	1.69101E5	1.11895E5	8.55957E5	1.02648E7	1.67868E4	5174.65186	2838.48641	2520.47408	1775.24686	1508.06103	1479.58222	1192.37124	973.39789
360	6.87018E5	5.4813E5	4.91086E5	4.6555E5	4.71972E5	4.62852E5	4.01888E5	3.46169E5	1.30421E6	1.99509E5	1.23143E5	1.51522E5	1.21986E7	3.725E4	5439.50035	3071.23974	2384.56108	1798.77897	1358.45061	1261.02669	1115.51303	1006.70289
362	7.14934E5	5.81167E5	4.98263E5	4.71296E5	4.76936E5	4.69784E5	4.13262E5	3.56734E5	1.13729E6	2.57694E5	1.33427E5	9.67622E4	1.1119E7	4.26312E5	6006.17998	3500.09122	2771.10513	1595.77752	1452.46472	1149.82419	1010.56949	984.11095
364	7.46053E5	6.11534E5	5.23444E5	4.82249E5	4.87448E5	4.82352E5	4.2926E5	3.69958E5	8.61123E5	3.81849E5	1.43518E5	9.35563E4	7.59887E6	2.15389E6	7283.75376	3516.78913	2547.59537	1619.84316	1413.41519	1141.19985	1079.84886	1014.86454
366	7.65881E5	6.31104E5	5.40522E5	4.91501E5	4.95464E5	4.96502E5	4.50716E5	3.90073E5	6.0573E5	5.91485E5	1.57119E5	9.8716E4	3.32227E6	5.85026E6	1.05282E4	3938.595	2418.68474	1722.34455	1271.15261	1314.19455	1013.22894	1003.50225
368	8.1731E5	6.49276E5	5.56014E5	5.10614E5	5.14063E5	5.10112E5	4.63648E5	4.12544E5	4.59048E5	8.41169E5	1.72666E5	1.04504E5	9.04878E5	9.63069E6	1.53362E4	4213.54927	2389.94643	2064.61772	1579.57922	1372.8288	1046.2777	928.69059
370	8.456E5	7.02184E5	5.81908E5	5.25778E5	5.17855E5	5.13621E5	4.8299E5	4.30291E5	3.99314E5	1.05558E6	1.8889E5	1.16295E5	1.40433E5	1.14159E7	3.56192E4	4371.00291	2729.38168	2065.66797	1243.23452	1056.28509	928.82843	952.13137
372	8.27966E5	7.32869E5	6.08992E5	5.35873E5	5.29739E5	5.30009E5	5.03398E5	4.47436E5	3.92559E5	1.12971E6	2.09635E5	1.27586E5	8.61066E4	1.01737E7	4.19241E5	5238.61287	2708.66678	2310.23897	1463.98864	1297.36646	1168.95423	984.66657
374	8.63243E5	7.35868E5	6.20198E5	5.43779E5	5.39529E5	5.32866E5	5.21214E5	4.68983E5	4.02715E5	1.04066E6	2.54614E5	1.36917E5	8.31496E4	6.51293E6	2.09179E6	6765.81521	2780.72183	2106.60625	1561.56915	1147.07715	1166.72972	1043.87862
376	8.93658E5	7.81468E5	6.57417E5	5.65621E5	5.53943E5	5.52452E5	5.33156E5	4.89728E5	4.15303E5	8.51478E5	3.43028E5	1.47498E5	8.73451E4	2.76798E6	5.28026E6	8689.73295	3149.16741	2040.31268	1553.47289	1422.13587	1129.08305	1111.09369
378	9.68095E5	8.0858E5	6.64191E5	5.76901E5	5.61703E5	5.6423E5	5.51066E5	5.10699E5	4.34402E5	6.49844E5	4.95706E5	1.60739E5	9.44579E4	6.81329E5	8.53586E6	1.28804E4	3715.60015	2277.10318	1761.47582	1264.09422	1080.15454	1069.73318
380	9.98352E5	8.48388E5	6.92537E5	5.98257E5	5.76351E5	5.74424E5	5.70819E5	5.28035E5	4.51553E5	5.06667E5	6.9054E5	1.75779E5	1.03315E5	1.1944E5	9.88272E6	2.85241E4	3932.35173	2370.95086	1599.07593	1233.10684	1170.19723	1006.29125
382	1.03781E6	8.68237E5	7.28732E5	6.27736E5	5.9838E5	5.93245E5	5.93951E5	5.54603E5	4.73908E5	4.42955E5	8.69935E5	1.88661E5	1.15166E5	8.16963E4	8.89436E6	3.16334E5	4789.5025	2257.05317	1759.13849	1478.03814	1091.29224	998.74096
384	1.07227E6	9.25252E5	7.47696E5	6.36901E5	6.02453E5	6.13171E5	6.08714E5	5.78883E5	4.96597E5	4.25243E5	9.83621E5	2.1068E5	1.28752E5	8.10576E4	5.98568E6	1.63077E6	6199.55696	2664.2036	1821.38215	1630.94316	1169.97631	996.46617
386	1.08822E6	9.33898E5	7.78725E5	6.62931E5	6.23714E5	6.28723E5	6.34875E5	5.98591E5	5.17355E5	4.34714E5	9.70544E5	2.44343E5	1.39481E5	8.43388E4	2.62114E6	4.4661E6	8304.70297	2919.7956	1920.68081	1464.98094	1174.05421	1014.48135
388	1.12353E6	9.82857E5	8.08427E5	6.78681E5	6.3783E5	6.46618E5	6.54267E5	6.26845E5	5.42636E5	4.47596E5	8.62089E5	3.04601E5	1.51296E5	9.1306E4	7.34971E5	7.46428E6	1.21843E4	3416.34177	2009.6567	1577.51643	1486.39923	1017.67174
390	1.14593E6	1.00023E6	8.52254E5	7.00213E5	6.65226E5	6.68227E5	6.75072E5	6.4321E5	5.61882E5	4.70773E5	6.96235E5	4.14259E5	1.66496E5	1.00449E5	1.2806E5	9.13116E6	2.72912E4	3954.02177	2400.68247	1861.28002	1369.431	1110.82536
392	1.18755E6	1.06831E6	8.72313E5	7.25265E5	6.75251E5	6.91907E5	6.92389E5	6.64529E5	5.83907E5	4.85419E5	5.5958E5	5.73049E5	1.82313E5	1.13007E5	7.55026E4	8.45106E6	3.43013E5	4657.60529	2313.98774	1850.93023	1279.17714	1185.80137
394	1.25E6	1.09509E6	8.99293E5	7.43313E5	6.98185E5	6.97012E5	7.09154E5	6.83425E5	6.0247E5	5.04262E5	4.81422E5	7.33925E5	1.95017E5	1.25447E5	7.51165E4	5.91954E6	1.60517E6	5750.36958	2723.79318	1990.27823	1537.36253	1274.55755
396	1.27829E6	1.11639E6	9.40859E5	7.70226E5	7.10816E5	7.21212E5	7.31814E5	7.0472E5	6.22199E5	5.2583E5	4.56312E5	8.58692E5	2.14629E5	1.37487E5	7.59858E4	2.6389E6	4.33081E6	7838.9598	2957.45864	2009.16842	1565.87001	1325.56429
398	1.29356E6	1.17514E6	9.5892E5	7.94011E5	7.33868E5	7.38706E5	7.50498E5	7.1954E5	6.41789E5	5.48895E5	4.53145E5	8.9463E5	2.42194E5	1.47734E5	8.28072E4	7.21265E5	7.13156E6	1.19899E4	3015.79694	1886.65136	1665.06103	1259.77288
400	1.33873E6	1.2203E6	1.00747E6	8.18179E5	7.54095E5	7.60411E5	7.64119E5	7.42279E5	6.61671E5	5.68602E5	4.71645E5	8.34376E5	2.83461E5	1.63939E5	9.12405E4	1.16624E5	8.54451E6	2.30601E4	3431.82213	2173.80563	1680.57852	1361.98626
402	1.38211E6	1.2365E6	1.02972E6	8.5616E5	7.82479E5	7.74687E5	7.75248E5	7.6447E5	6.90892E5	5.90285E5	4.88666E5	7.16597E5	3.57596E5	1.75777E5	1.01937E5	6.93274E4	7.62065E6	2.71799E5	4020.36648	2436.88185	1612.92004	1471.99203
404	1.40362E6	1.28894E6	1.05636E6	8.70127E5	7.93474E5	7.91491E5	7.9512E5	7.83941E5	7.06234E5	6.09327E5	5.10185E5	5.93364E5	4.74036E5	1.90916E5	1.11394E5	6.94928E4	4.9021E6	1.4725E6	5492.84378	2369.30588	1749.4631	1362.50089
406	1.41721E6	1.30036E6	1.09419E6	9.05152E5	8.18251E5	8.09486E5	8.07906E5	7.95162E5	7.26011E5	6.31444E5	5.31338E5	5.0972E5	6.09824E5	2.06583E5	1.2265E5	7.0211E4	2.13267E6	3.87135E6	6972.26768	2545.43361	1601.64649	1441.66258
408	1.45863E6	1.32811E6	1.10685E6	9.16857E5	8.43596E5	8.28931E5	8.30883E5	8.11889E5	7.45641E5	6.48864E5	5.45753E5	4.7267E5	7.36538E5	2.2187E5	1.33223E5	7.43445E4	5.39768E5	6.44389E6	1.05416E4	2987.69447	1723.39857	1709.17992
410	1.47561E6	1.37602E6	1.14813E6	9.57297E5	8.61204E5	8.39694E5	8.3578E5	8.2576E5	7.57184E5	6.6168E5	5.68008E5	4.62478E5	8.10883E5	2.42882E5	1.44913E5	7.99231E4	8.99924E4	7.68811E6	2.1064E4	3347.57394	1755.67878	1666.74713
412	1.54361E6	1.39399E6	1.17032E6	9.73987E5	8.68355E5	8.48116E5	8.52882E5	8.3103E5	7.70906E5	6.80208E5	5.843E5	4.75265E5	8.05014E5	2.72166E5	1.52563E5	8.75113E4	6.20908E4	6.86738E6	2.22395E5	3851.10844	2097.77331	1505.28873
414	1.52177E6	1.40199E6	1.18246E6	9.85348E5	8.827E5	8.57489E5	8.54251E5	8.39312E5	7.88203E5	7.01114E5	5.98273E5	4.9123E5	7.29489E5	3.25957E5	1.6636E5	9.5726E4	5.9758E4	4.66494E6	1.1665E6	5175.89891	2370.92686	1430.29102
416	1.5692E6	1.42118E6	1.21665E6	9.9867E5	8.96834E5	8.6912E5	8.66664E5	8.50536E5	7.95731E5	7.13626E5	6.1029E5	5.02675E5	6.26187E5	4.05955E5	1.78706E5	1.06766E5	6.07658E4	2.04416E6	3.3185E6	6535.22765	2485.83504	1454.41685
418	1.60241E6	1.45919E6	1.23736E6	1.02815E6	9.11744E5	8.81367E5	8.70899E5	8.6021E5	8.05593E5	7.26555E5	6.24418E5	5.20051E5	5.35771E5	5.13071E5	1.9255E5	1.14746E5	6.47025E4	5.3912E5	5.76981E6	1.01205E4	2689.06484	1798.57278
420	1.63869E6	1.48182E6	1.25626E6	1.04466E6	9.15088E5	8.85604E5	8.82066E5	8.69991E5	8.09594E5	7.32931E5	6.40869E5	5.32554E5	4.8035E5	6.23811E5	2.0447E5	1.22257E5	7.03785E4	8.96242E4	7.12046E6	2.00517E4	3113.50553	1882.59012
422	1.61832E6	1.48847E6	1.29193E6	1.06586E6	9.29377E5	8.88597E5	8.816E5	8.69093E5	8.22374E5	7.49789E5	6.52326E5	5.45044E5	4.55733E5	7.1318E5	2.17564E5	1.31566E5	7.6084E4	5.51336E4	6.44437E6	2.43838E5	3494.77993	2054.6131
424	1.63259E6	1.51976E6	1.29581E6	1.07232E6	9.51372E5	8.9445E5	8.83505E5	8.74225E5	8.27096E5	7.53644E5	6.66415E5	5.60478E5	4.62472E5	7.42999E5	2.38347E5	1.40749E5	8.34355E4	5.35684E4	4.33473E6	1.23004E6	4549.71056	2110.95903
426	1.6017E6	1.49105E6	1.32038E6	1.09429E6	9.49631E5	8.99566E5	8.7514E5	8.73019E5	8.33992E5	7.66808E5	6.76483E5	5.71381E5	4.70849E5	7.04362E5	2.7227E5	1.50641E5	9.10106E4	5.38186E4	1.84202E6	3.40501E6	6424.34271	2375.44811
428	1.63257E6	1.54368E6	1.33265E6	1.09663E6	9.54071E5	9.051E5	8.87882E5	8.77633E5	8.41474E5	7.67559E5	6.92036E5	5.81325E5	4.79693E5	6.23224E5	3.26237E5	1.59435E5	1.00065E5	5.6563E4	4.52197E5	5.72556E6	8878.81626	2438.88204
430	1.67668E6	1.54289E6	1.34423E6	1.12411E6	9.62715E5	8.99983E5	8.79519E5	8.77031E5	8.43464E5	7.75386E5	6.97819E5	5.93103E5	4.90441E5	5.35564E5	4.01216E5	1.71957E5	1.06289E5	6.15036E4	7.28596E4	6.76441E6	1.9406E4	2909.82674
432	1.65934E6	1.55022E6	1.37084E6	1.12376E6	9.73635E5	9.01114E5	8.81075E5	8.75951E5	8.39817E5	7.84494E5	7.05971E5	6.06629E5	5.02074E5	4.73979E5	4.92965E5	1.81872E5	1.13123E5	6.57608E4	4.82297E4	5.87807E6	2.27122E5	3426.14349
434	1.67524E6	1.5485E6	1.37176E6	1.14734E6	9.84766E5	9.08499E5	8.76507E5	8.78323E5	8.4684E5	7.91375E5	7.2103E5	6.16254E5	5.1128E5	4.4292E5	5.74537E5	1.91657E5	1.22492E5	7.14024E4	4.76496E4	3.69393E6	1.17129E6	4065.3204
436	1.6503E6	1.57148E6	1.37242E6	1.16026E6	9.87736E5	9.10691E5	8.74986E5	8.72431E5	8.48264E5	7.92182E5	7.23666E5	6.22137E5	5.19172E5	4.36094E5	6.18974E5	2.06319E5	1.29815E5	7.79014E4	4.84977E4	1.53715E6	3.0504E6	5730.26681
438	1.67707E6	1.56858E6	1.4021E6	1.17599E6	9.9426E5	9.07904E5	8.76642E5	8.62959E5	8.43334E5	7.9368E5	7.26982E5	6.32603E5	5.28319E5	4.42767E5	6.18793E5	2.24506E5	1.38761E5	8.46382E4	5.11721E4	3.95359E5	5.11452E6	7850.88178
440	1.67162E6	1.58698E6	1.39486E6	1.17353E6	9.95181E5	9.0777E5	8.67089E5	8.60891E5	8.37195E5	7.92647E5	7.30779E5	6.35861E5	5.36709E5	4.42128E5	5.76671E5	2.57342E5	1.45712E5	9.22793E4	5.43264E4	6.52254E4	6.25011E6	1.42089E4
442	1.66942E6	1.55453E6	1.39726E6	1.16448E6	1.00871E6	9.06466E5	8.67477E5	8.58697E5	8.37107E5	7.94221E5	7.3295E5	6.39452E5	5.47072E5	4.52126E5	5.07115E5	3.03937E5	1.52318E5	9.78879E4	5.81484E4	4.60254E4	5.69127E6	1.40237E5
444	1.66433E6	1.57157E6	1.39802E6	1.17189E6	9.95202E5	9.02594E5	8.58001E5	8.50434E5	8.31584E5	7.93404E5	7.37569E5	6.42982E5	5.49374E5	4.58444E5	4.44923E5	3.69031E5	1.6012E5	1.03461E5	6.25507E4	4.41112E4	3.71047E6	7.85192E5
446	1.67069E6	1.57562E6	1.38987E6	1.18538E6	9.97726E5	8.94845E5	8.53128E5	8.40014E5	8.2508E5	7.91085E5	7.38068E5	6.45813E5	5.55256E5	4.67615E5	4.01713E5	4.40526E5	1.69113E5	1.1042E5	6.88407E4	4.47816E4	1.58936E6	2.44352E6
448	1.68984E6	1.5654E6	1.412E6	1.18677E6	9.94857E5	8.96474E5	8.49585E5	8.397E5	8.18685E5	7.84488E5	7.35244E5	6.50761E5	5.621E5	4.71356E5	3.79086E5	4.98793E5	1.77238E5	1.16084E5	7.47246E4	4.73139E4	4.06839E5	4.52394E6
450	1.6789E6	1.55325E6	1.41181E6	1.19422E6	9.95108E5	8.97121E5	8.40965E5	8.27283E5	8.15714E5	7.84284E5	7.35639E5	6.55558E5	5.66687E5	4.82127E5	3.76124E5	5.29556E5	1.93516E5	1.24737E5	8.0862E4	5.05326E4	6.46551E4	5.8163E6
452	1.62582E6	1.55407E6	1.39023E6	1.19542E6	9.97558E5	8.85466E5	8.26362E5	8.18941E5	8.08428E5	7.80934E5	7.32151E5	6.51097E5	5.70557E5	4.89964E5	3.79894E5	5.17473E5	2.13994E5	1.30645E5	8.57874E4	5.29104E4	4.20865E4	5.3226E6
454	1.62162E6	1.54065E6	1.39953E6	1.18786E6	9.92654E5	8.80694E5	8.2231E5	8.11735E5	7.98923E5	7.73237E5	7.26802E5	6.54777E5	5.73432E5	4.90613E5	3.81869E5	4.74507E5	2.46958E5	1.36629E5	9.11422E4	5.70738E4	4.01891E4	3.46518E6
456	1.59799E6	1.50921E6	1.39142E6	1.19663E6	9.85059E5	8.75235E5	8.08717E5	8.02821E5	7.94136E5	7.68862E5	7.26142E5	6.49541E5	5.77695E5	4.98187E5	3.88682E5	4.156E5	2.97041E5	1.42858E5	9.58912E4	6.14574E4	4.17455E4	1.42293E6
458	1.60707E6	1.53181E6	1.40287E6	1.17686E6	9.9649E5	8.6731E5	8.07232E5	7.89117E5	7.81625E5	7.64712E5	7.19222E5	6.53968E5	5.73105E5	4.99865E5	3.93553E5	3.63272E5	3.50831E5	1.47396E5	1.02123E5	6.5715E4	4.25498E4	3.5451E5
460	1.5941E6	1.51832E6	1.38531E6	1.1839E6	9.9448E5	8.60699E5	7.91025E5	7.82059E5	7.7379E5	7.55621E5	7.13999E5	6.49722E5	5.73836E5	4.99871E5	3.91945E5	3.32649E5	4.04524E5	1.55055E5	1.06907E5	7.13821E4	4.4707E4	5.94889E4
462	1.55908E6	1.49153E6	1.36026E6	1.17194E6	9.77342E5	8.56254E5	7.88173E5	7.70574E5	7.60372E5	7.45514E5	7.10279E5	6.42241E5	5.74088E5	5.04749E5	3.99813E5	3.21346E5	4.39058E5	1.63749E5	1.1216E5	7.58551E4	4.70887E4	3.81367E4
464	1.54066E6	1.50662E6	1.36804E6	1.17E6	9.70984E5	8.49417E5	7.78352E5	7.61653E5	7.53442E5	7.33577E5	6.9917E5	6.37942E5	5.73543E5	5.03179E5	4.0216E5	3.15225E5	4.47915E5	1.76237E5	1.15722E5	8.03423E4	4.9856E4	3.57661E4
466	1.57762E6	1.4757E6	1.35904E6	1.16487E6	9.66666E5	8.44659E5	7.70795E5	7.50108E5	7.47078E5	7.24456E5	6.93212E5	6.38202E5	5.71136E5	5.0656E5	4.05876E5	3.15357E5	4.2648E5	1.99028E5	1.21937E5	8.39268E4	5.3719E4	3.67677E4
468	1.67172E6	1.45638E6	1.36129E6	1.16709E6	9.65226E5	8.40934E5	7.6408E5	7.46646E5	7.2837E5	7.16895E5	6.8908E5	6.34803E5	5.68093E5	5.08398E5	4.0785E5	3.17731E5	3.81232E5	2.25867E5	1.26945E5	8.94657E4	5.6823E4	3.9321E4
470	2.03705E6	1.4614E6	1.33604E6	1.16001E6	9.62779E5	8.25344E5	7.54785E5	7.29991E5	7.19537E5	7.05234E5	6.79826E5	6.2232E5	5.6762E5	5.05447E5	4.07483E5	3.21478E5	3.38157E5	2.67145E5	1.29466E5	9.34076E4	6.00865E4	3.91279E4
472	3.00011E6	1.44118E6	1.33133E6	1.13845E6	9.51646E5	8.18307E5	7.46683E5	7.2265E5	7.07274E5	6.97895E5	6.72725E5	6.25001E5	5.67155E5	5.06385E5	4.1254E5	3.23957E5	3.00009E5	3.13739E5	1.35282E5	9.62503E4	6.45374E4	4.16547E4
474	4.64458E6	1.40136E6	1.31765E6	1.14841E6	9.40446E5	8.07365E5	7.34209E5	7.16725E5	7.00708E5	6.89867E5	6.65148E5	6.1161E5	5.59349E5	5.04423E5	4.09049E5	3.25811E5	2.76643E5	3.52686E5	1.39916E5	1.01987E5	6.72345E4	4.37402E4
476	7.01356E6	1.41591E6	1.2954E6	1.13791E6	9.38044E5	8.08519E5	7.2635E5	6.93761E5	6.8476E5	6.72268E5	6.5316E5	6.06627E5	5.5915E5	5.03734E5	4.12821E5	3.25502E5	2.66016E5	3.77599E5	1.47981E5	1.05622E5	7.13604E4	4.64441E4
478	9.72042E6	1.37083E6	1.28836E6	1.10598E6	9.29017E5	7.89621E5	7.14331E5	6.88572E5	6.74709E5	6.672E5	6.4256E5	5.99399E5	5.48581E5	4.98146E5	4.06911E5	3.2639E5	2.65479E5	3.78451E5	1.58374E5	1.07222E5	7.43123E4	4.94627E4
480	1.23588E7	1.35907E6	1.2697E6	1.10622E6	9.11071E5	7.79453E5	7.00936E5	6.79726E5	6.60954E5	6.55692E5	6.30398E5	5.85326E5	5.43765E5	4.92347E5	4.06475E5	3.30366E5	2.62832E5	3.54244E5	1.78765E5	1.12027E5	7.90796E4	5.27356E4
482	1.37744E7	1.34496E6	1.25661E6	1.09009E6	9.07649E5	7.77013E5	6.94668E5	6.63523E5	6.52214E5	6.39605E5	6.21301E5	5.79696E5	5.39249E5	4.90267E5	4.06456E5	3.26255E5	2.64162E5	3.1595E5	2.06316E5	1.14469E5	8.11737E4	5.57357E4
484	1.33568E7	1.31974E6	1.23037E6	1.07748E6	8.96015E5	7.6315E5	6.70989E5	6.47432E5	6.37504E5	6.31286E5	6.1206E5	5.71597E5	5.30372E5	4.88412E5	4.03133E5	3.29309E5	2.64195E5	2.73844E5	2.41088E5	1.17418E5	8.35857E4	5.88313E4
486	1.14843E7	1.3332E6	1.22506E6	1.07284E6	8.7998E5	7.45713E5	6.74668E5	6.39518E5	6.22918E5	6.16277E5	5.96792E5	5.63857E5	5.21298E5	4.8327E5	4.03288E5	3.28977E5	2.63808E5	2.44552E5	2.77287E5	1.21362E5	8.71194E4	6.2055E4
488	8.57915E6	1.48454E6	1.1975E6	1.04503E6	8.70657E5	7.47413E5	6.6465E5	6.28122E5	6.12173E5	6.03249E5	5.92138E5	5.53065E5	5.17321E5	4.75962E5	3.97776E5	3.24609E5	2.65441E5	2.27635E5	3.08069E5	1.27217E5	8.88984E4	6.4678E4
490	5.53049E6	2.09391E6	1.18146E6	1.03584E6	8.5972E5	7.33978E5	6.48619E5	6.15005E5	6.02393E5	5.93952E5	5.7441E5	5.43469E5	5.08882E5	4.69148E5	3.99778E5	3.25719E5	2.63308E5	2.19773E5	3.2296E5	1.35514E5	9.23407E4	6.64336E4
492	3.22257E6	3.45643E6	1.17613E6	1.02527E6	8.5624E5	7.15816E5	6.41915E5	6.05223E5	5.87429E5	5.82108E5	5.64257E5	5.35841E5	5.00938E5	4.66807E5	3.94329E5	3.23674E5	2.62923E5	2.17195E5	3.17267E5	1.44014E5	9.47488E4	6.95437E4
494	1.83623E6	5.60559E6	1.13994E6	1.01238E6	8.34672E5	7.15065E5	6.30205E5	5.93531E5	5.76828E5	5.6556E5	5.54212E5	5.23113E5	4.92969E5	4.63325E5	3.89842E5	3.21054E5	2.64255E5	2.1611E5	2.96213E5	1.60562E5	9.61383E4	6.95552E4
496	1.37737E6	8.58571E6	1.13641E6	9.95681E5	8.2535E5	6.98543E5	6.10928E5	5.83204E5	5.66714E5	5.55284E5	5.37539E5	5.19794E5	4.81436E5	4.50358E5	3.85594E5	3.2061E5	2.61221E5	2.16564E5	2.60324E5	1.85747E5	9.90716E4	7.20768E4
498	1.28476E6	1.16216E7	1.1057E6	9.7407E5	8.17384E5	6.79911E5	6.07541E5	5.70841E5	5.53175E5	5.42668E5	5.29003E5	5.04652E5	4.77774E5	4.49067E5	3.81909E5	3.17242E5	2.65373E5	2.16586E5	2.29311E5	2.15043E5	9.99485E4	7.51422E4
500	1.29138E6	1.43652E7	1.08685E6	9.66114E5	8.07326E5	6.84322E5	5.9942E5	5.54871E5	5.45552E5	5.32462E5	5.23498E5	4.99422E5	4.69998E5	4.44668E5	3.7994E5	3.16652E5	2.60592E5	2.13505E5	2.02401E5	2.42495E5	1.03974E5	7.62105E4
502	1.21226E6	1.56123E7	1.08125E6	9.60624E5	7.94137E5	6.72639E5	5.86997E5	5.45778E5	5.35917E5	5.24974E5	5.10897E5	4.87681E5	4.63697E5	4.322E5	3.73528E5	3.09596E5	2.60471E5	2.13158E5	1.8856E5	2.6578E5	1.0725E5	7.84983E4
504	1.24855E6	1.48178E7	1.06544E6	9.41924E5	7.84232E5	6.59376E5	5.71446E5	5.36354E5	5.21474E5	5.13951E5	5.01451E5	4.75487E5	4.57209E5	4.28653E5	3.69467E5	3.0925E5	2.6136E5	2.14576E5	1.82347E5	2.72831E5	1.12187E5	7.98148E4
506	1.17698E6	1.23499E7	1.08538E6	9.13718E5	7.6932E5	6.44325E5	5.6553E5	5.27198E5	5.07504E5	5.0152E5	4.87638E5	4.68985E5	4.46703E5	4.22736E5	3.63541E5	3.03082E5	2.55887E5	2.1237E5	1.78677E5	2.62575E5	1.22385E5	8.11709E4
508	1.20062E6	9.29405E6	1.28812E6	9.07172E5	7.70767E5	6.42122E5	5.55955E5	5.20982E5	4.99344E5	4.9025E5	4.78905E5	4.59539E5	4.36571E5	4.16942E5	3.5799E5	3.01833E5	2.54886E5	2.10253E5	1.76387E5	2.4368E5	1.36536E5	8.22804E4
510	1.22844E6	5.7914E6	2.06447E6	8.96076E5	7.48179E5	6.27506E5	5.48069E5	5.08586E5	4.87991E5	4.79272E5	4.68326E5	4.46172E5	4.3191E5	4.07179E5	3.52953E5	2.98583E5	2.50498E5	2.09499E5	1.74017E5	2.14977E5	1.56324E5	8.29441E4
512	1.28313E6	2.99421E6	3.80307E6	8.69668E5	7.35378E5	6.16628E5	5.36106E5	4.95655E5	4.76086E5	4.65794E5	4.5591E5	4.37033E5	4.16863E5	3.9704E5	3.47993E5	2.93992E5	2.46885E5	2.06525E5	1.74764E5	1.86662E5	1.80149E5	8.55397E4
514	1.4435E6	1.63853E6	6.35626E6	8.61345E5	7.22143E5	6.00236E5	5.23494E5	4.85736E5	4.6305E5	4.55798E5	4.46918E5	4.27922E5	4.09345E5	3.91283E5	3.41025E5	2.889E5	2.44786E5	2.05827E5	1.71945E5	1.65917E5	2.04244E5	8.74609E4
516	1.72334E6	1.17106E6	9.55507E6	8.30054E5	7.06743E5	5.94216E5	5.20441E5	4.76616E5	4.56983E5	4.47378E5	4.36365E5	4.15036E5	4.01237E5	3.84057E5	3.34619E5	2.8469E5	2.44656E5	2.05168E5	1.70093E5	1.51723E5	2.17905E5	9.12477E4
518	2.07306E6	1.09686E6	1.29171E7	8.20504E5	7.04161E5	5.83582E5	5.0949E5	4.6632E5	4.47105E5	4.34745E5	4.26096E5	4.075E5	3.96426E5	3.80385E5	3.30076E5	2.79366E5	2.40387E5	2.0282E5	1.71803E5	1.47251E5	2.22693E5	9.26964E4
520	2.44693E6	1.05085E6	1.56694E7	8.1875E5	6.83772E5	5.69363E5	4.98524E5	4.56781E5	4.33893E5	4.19391E5	4.14727E5	3.99486E5	3.85128E5	3.67944E5	3.2403E5	2.75122E5	2.36507E5	1.99426E5	1.66415E5	1.43427E5	2.1516E5	1.02271E5
522	2.78876E6	1.01892E6	1.64879E7	8.05521E5	6.7675E5	5.59665E5	4.85716E5	4.48216E5	4.32535E5	4.12108E5	4.04429E5	3.89111E5	3.77052E5	3.60752E5	3.15213E5	2.7168E5	2.32497E5	1.99007E5	1.69556E5	1.40793E5	1.98143E5	1.13068E5
524	2.96503E6	9.84876E5	1.51135E7	7.94553E5	6.52702E5	5.50224E5	4.78876E5	4.3658E5	4.1743E5	4.06055E5	3.93884E5	3.8209E5	3.6926E5	3.51728E5	3.10012E5	2.64083E5	2.31402E5	1.95909E5	1.64405E5	1.40913E5	1.74103E5	1.29694E5
526	2.98689E6	9.31656E5	1.24544E7	8.13574E5	6.47736E5	5.38684E5	4.65734E5	4.25471E5	4.06419E5	3.90889E5	3.89387E5	3.74507E5	3.59234E5	3.46369E5	3.04885E5	2.62053E5	2.23385E5	1.91581E5	1.63007E5	1.37314E5	1.51549E5	1.47618E5
528	2.87272E6	9.16083E5	9.03132E6	1.05255E6	6.36167E5	5.31683E5	4.62012E5	4.16443E5	3.95009E5	3.861E5	3.7955E5	3.64993E5	3.52559E5	3.34531E5	2.95075E5	2.58484E5	2.21868E5	1.90462E5	1.63615E5	1.36358E5	1.32584E5	1.64899E5
530	2.53847E6	9.2327E5	5.39419E6	1.9749E6	6.19292E5	5.21886E5	4.49621E5	4.0587E5	3.86656E5	3.76504E5	3.69205E5	3.5031E5	3.39642E5	3.28637E5	2.92895E5	2.54048E5	2.15654E5	1.87867E5	1.5864E5	1.35721E5	1.21194E5	1.80101E5
532	2.11547E6	9.14201E5	2.70802E6	3.97167E6	6.11652E5	5.01812E5	4.36417E5	3.96481E5	3.73676E5	3.67579E5	3.55291E5	3.43078E5	3.33407E5	3.24966E5	2.84814E5	2.485E5	2.15369E5	1.86816E5	1.57191E5	1.32686E5	1.16357E5	1.82533E5
534	1.68351E6	1.00481E6	1.31843E6	7.12741E6	5.96647E5	4.94168E5	4.32245E5	3.89751E5	3.66995E5	3.57163E5	3.5059E5	3.36537E5	3.22824E5	3.14044E5	2.77504E5	2.43123E5	2.11503E5	1.82153E5	1.56462E5	1.33073E5	1.12025E5	1.77729E5
536	1.26565E6	1.17009E6	9.14663E5	1.08203E7	5.91246E5	4.84978E5	4.15405E5	3.80785E5	3.5826E5	3.47842E5	3.42272E5	3.30532E5	3.17352E5	3.08844E5	2.70486E5	2.36247E5	2.03725E5	1.78225E5	1.53376E5	1.31979E5	1.12464E5	1.62775E5
538	1.00955E6	1.44426E6	8.39354E5	1.43741E7	5.72556E5	4.74614E5	4.04038E5	3.72721E5	3.51617E5	3.40442E5	3.30158E5	3.1888E5	3.07294E5	2.96988E5	2.6752E5	2.33161E5	2.03264E5	1.75817E5	1.51731E5	1.28631E5	1.08964E5	1.42011E5
540	8.22958E5	1.76592E6	8.01459E5	1.69132E7	5.5677E5	4.67679E5	3.98755E5	3.5925E5	3.39014E5	3.34222E5	3.21586E5	3.08954E5	3.02865E5	2.91447E5	2.56469E5	2.27546E5	1.97635E5	1.72966E5	1.47777E5	1.27663E5	1.06761E5	1.19858E5
542	7.90697E5	2.14137E6	7.64245E5	1.73169E7	5.49729E5	4.53729E5	3.86952E5	3.50726E5	3.30923E5	3.21701E5	3.09984E5	3.03111E5	2.91315E5	2.85586E5	2.50295E5	2.20883E5	1.94989E5	1.67819E5	1.43917E5	1.23955E5	1.06226E5	1.05476E5
544	7.44431E5	2.51857E6	7.44328E5	1.56053E7	5.48525E5	4.40093E5	3.81956E5	3.43064E5	3.2182E5	3.15173E5	3.0066E5	2.93842E5	2.85173E5	2.76019E5	2.44534E5	2.14993E5	1.90729E5	1.65887E5	1.42207E5	1.2284E5	1.02201E5	9.36786E4
546	7.26308E5	2.81978E6	7.2571E5	1.23887E7	5.79858E5	4.34059E5	3.71918E5	3.34816E5	3.17298E5	3.02102E5	2.95512E5	2.84762E5	2.73788E5	2.69744E5	2.38142E5	2.11828E5	1.85706E5	1.62159E5	1.39343E5	1.21983E5	9.96388E4	8.7767E4
548	6.89079E5	2.93105E6	6.96724E5	8.6059E6	9.03138E5	4.2764E5	3.60684E5	3.2577E5	3.07083E5	2.9508E5	2.87014E5	2.76445E5	2.70159E5	2.61761E5	2.31589E5	2.04719E5	1.79183E5	1.57995E5	1.35643E5	1.1733E5	9.88697E4	8.57431E4
550	6.76063E5	2.94224E6	6.73693E5	5.04997E6	1.94142E6	4.21644E5	3.51983E5	3.17221E5	3.00963E5	2.86965E5	2.81407E5	2.68939E5	2.64709E5	2.5616E5	2.29566E5	2.01796E5	1.76867E5	1.55436E5	1.34742E5	1.16845E5	9.66887E4	8.51666E4
552	6.7306E5	2.67768E6	6.68392E5	2.42959E6	4.12759E6	4.13159E5	3.47885E5	3.11024E5	2.90844E5	2.77118E5	2.71743E5	2.62019E5	2.54469E5	2.49665E5	2.20763E5	1.95168E5	1.70916E5	1.52208E5	1.31544E5	1.15151E5	9.53106E4	8.23083E4
554	6.51535E5	2.27733E6	6.60882E5	1.07301E6	7.30922E6	4.01109E5	3.36603E5	3.08641E5	2.83048E5	2.73882E5	2.64468E5	2.57E5	2.46159E5	2.42821E5	2.16543E5	1.90505E5	1.66863E5	1.47309E5	1.28578E5	1.12316E5	9.63032E4	8.01195E4
556	6.31439E5	1.88212E6	7.14398E5	7.09429E5	1.0975E7	3.94188E5	3.28561E5	2.96604E5	2.80469E5	2.63615E5	2.59425E5	2.49067E5	2.42012E5	2.36263E5	2.10647E5	1.8472E5	1.62593E5	1.44258E5	1.26375E5	1.11092E5	9.48017E4	7.88298E4
558	6.21414E5	1.42042E6	8.11718E5	6.33492E5	1.46622E7	3.89038E5	3.24457E5	2.86904E5	2.71882E5	2.60703E5	2.47283E5	2.41944E5	2.34668E5	2.30247E5	2.03343E5	1.80629E5	1.59309E5	1.40975E5	1.24866E5	1.06097E5	9.15545E4	7.64104E4
560	6.20223E5	1.0739E6	9.92719E5	6.01506E5	1.70663E7	3.69206E5	3.16912E5	2.80643E5	2.62109E5	2.50899E5	2.44889E5	2.32844E5	2.31268E5	2.22666E5	2.00517E5	1.76891E5	1.57745E5	1.38603E5	1.19671E5	1.05152E5	8.91391E4	7.57938E4
562	6.11802E5	8.1333E5	1.29191E6	5.83971E5	1.75835E7	3.7069E5	3.10418E5	2.73038E5	2.57024E5	2.45256E5	2.37702E5	2.25023E5	2.21958E5	2.18548E5	1.92541E5	1.72959E5	1.51966E5	1.34471E5	1.17377E5	1.05318E5	8.90254E4	7.41253E4
564	5.85099E5	6.6609E5	1.62731E6	5.46099E5	1.57023E7	3.68923E5	3.00111E5	2.71366E5	2.47944E5	2.37666E5	2.30528E5	2.18364E5	2.12715E5	2.06913E5	1.86257E5	1.66922E5	1.49035E5	1.29763E5	1.14878E5	9.91855E4	8.68087E4	7.14935E4
566	5.69131E5	5.76456E5	2.00624E6	5.44995E5	1.24366E7	4.10901E5	2.94554E5	2.61172E5	2.40247E5	2.30773E5	2.23075E5	2.13845E5	2.09177E5	2.00612E5	1.81067E5	1.6064E5	1.43337E5	1.26523E5	1.13266E5	9.89172E4	8.39921E4	7.35095E4
568	5.32642E5	5.50392E5	2.36488E6	5.27979E5	8.39002E6	7.62149E5	2.87969E5	2.5263E5	2.36003E5	2.25023E5	2.16441E5	2.1024E5	2.00399E5	1.96619E5	1.7695E5	1.58702E5	1.40047E5	1.25992E5	1.12202E5	9.80734E4	8.20068E4	6.97776E4
570	5.24056E5	5.16959E5	2.64447E6	5.19193E5	4.75847E6	1.97875E6	2.7648E5	2.4954E5	2.30833E5	2.19692E5	2.09021E5	2.02763E5	1.97061E5	1.90063E5	1.72045E5	1.5238E5	1.37342E5	1.21227E5	1.07248E5	9.51798E4	8.04339E4	6.77084E4
572	5.34068E5	5.16308E5	2.71494E6	5.08657E5	2.16375E6	4.28869E6	2.76205E5	2.41287E5	2.19494E5	2.12427E5	2.02086E5	1.96382E5	1.9096E5	1.87348E5	1.70263E5	1.46844E5	1.33568E5	1.19018E5	1.04204E5	9.23943E4	7.76715E4	6.7683E4
574	5.0476E5	4.97772E5	2.61141E6	4.90681E5	8.84374E5	7.61607E6	2.68422E5	2.32523E5	2.14885E5	2.04606E5	1.9804E5	1.89617E5	1.84287E5	1.79714E5	1.63612E5	1.44699E5	1.31268E5	1.15032E5	1.00238E5	9.04356E4	7.72186E4	6.57487E4
576	5.18183E5	4.79246E5	2.33613E6	4.94217E5	5.283E5	1.13212E7	2.60322E5	2.29486E5	2.09959E5	1.99521E5	1.92542E5	1.8263E5	1.77783E5	1.76071E5	1.58286E5	1.38467E5	1.28775E5	1.11533E5	9.82437E4	8.64888E4	7.50905E4	6.37854E4
578	4.98457E5	4.89218E5	1.95899E6	5.11835E5	4.84514E5	1.4777E7	2.54334E5	2.21375E5	2.0218E5	1.94739E5	1.83748E5	1.81667E5	1.74361E5	1.70862E5	1.55191E5	1.37617E5	1.23028E5	1.07271E5	9.66018E4	8.54484E4	7.14721E4	6.31909E4
580	4.88007E5	4.36335E5	1.54465E6	5.6195E5	4.67309E5	1.70999E7	2.49763E5	2.15187E5	1.97785E5	1.86541E5	1.7986E5	1.73391E5	1.66322E5	1.65423E5	1.46186E5	1.33853E5	1.20257E5	1.0515E5	9.31707E4	8.18186E4	7.15007E4	6.07399E4
582	4.98932E5	4.44314E5	1.1641E6	6.79095E5	4.54135E5	1.736E7	2.5327E5	2.07862E5	1.93614E5	1.80801E5	1.74301E5	1.6689E5	1.63176E5	1.59781E5	1.44217E5	1.27491E5	1.14633E5	1.02542E5	9.1559E4	7.97118E4	6.77545E4	5.94654E4
584	5.01887E5	4.32859E5	8.8216E5	8.74248E5	4.34085E5	1.5421E7	2.55978E5	2.07166E5	1.87168E5	1.76832E5	1.69145E5	1.60408E5	1.56464E5	1.54128E5	1.3806E5	1.24315E5	1.11137E5	1.0002E5	8.74595E4	7.84352E4	6.78408E4	5.79548E4
586	4.87632E5	4.26367E5	6.46431E5	1.14572E6	4.46275E5	1.18806E7	2.8648E5	1.98415E5	1.82282E5	1.73251E5	1.68461E5	1.59314E5	1.5507E5	1.47826E5	1.3495E5	1.21158E5	1.07217E5	9.61096E4	8.52104E4	7.70963E4	6.47911E4	5.68691E4
588	4.50784E5	4.23813E5	5.32249E5	1.48099E6	4.36652E5	7.87708E6	6.30536E5	1.97802E5	1.76507E5	1.66945E5	1.55666E5	1.51936E5	1.48855E5	1.46403E5	1.31296E5	1.1704E5	1.05178E5	9.43687E4	8.24225E4	7.35863E4	6.46237E4	5.47819E4
590	4.61424E5	4.12186E5	4.60098E5	1.84667E6	4.4048E5	4.22249E6	1.84295E6	1.92768E5	1.7403E5	1.64467E5	1.56534E5	1.49345E5	1.42449E5	1.39935E5	1.26685E5	1.14293E5	1.00592E5	9.18672E4	8.10656E4	7.11958E4	6.14217E4	5.29864E4
592	4.68411E5	3.99077E5	4.29369E5	2.1638E6	4.27664E5	1.75699E6	4.36821E6	1.88589E5	1.65021E5	1.55823E5	1.49869E5	1.42707E5	1.38799E5	1.35084E5	1.21639E5	1.08831E5	9.77673E4	8.77566E4	7.96667E4	7.04792E4	6.01584E4	5.17403E4
594	4.1718E5	3.98288E5	4.10328E5	2.35297E6	4.35624E5	6.66424E5	7.89655E6	1.85524E5	1.62104E5	1.50924E5	1.44157E5	1.38107E5	1.34986E5	1.31346E5	1.19539E5	1.05738E5	9.56716E4	8.68556E4	7.6443E4	6.65919E4	5.77176E4	5.0197E4
596	4.88608E5	3.64207E5	4.2171E5	2.45633E6	4.29154E5	4.1084E5	1.20467E7	1.80864E5	1.57709E5	1.48234E5	1.38517E5	1.31607E5	1.31418E5	1.28214E5	1.12268E5	1.02531E5	9.41341E4	8.23782E4	7.32396E4	6.67961E4	5.7455E4	4.96965E4
598	4.71951E5	3.9669E5	3.99743E5	2.2893E6	4.31987E5	3.70781E5	1.57467E7	1.79676E5	1.51763E5	1.43144E5	1.32992E5	1.28957E5	1.24221E5	1.25053E5	1.10191E5	9.97116E4	8.81292E4	7.98237E4	7.23657E4	6.49407E4	5.50997E4	4.82702E4
600	4.35278E5	3.76071E5	3.9527E5	2.05077E6	4.38973E5	3.44839E5	1.79428E7	1.74668E5	1.49936E5	1.33543E5	1.30916E5	1.25799E5	1.19472E5	1.19259E5	1.07087E5	9.6963E4	8.77429E4	7.84712E4	6.80641E4	6.20587E4	5.50758E4	4.61789E4
