300	2.43267E5	1.58271E5	1.73848E5	2.66479E6	3.87905E5	3.15656E5	2.75858E7	1.04153E5	1.61393E4	9486.02033	6939.32364	4342.89615	4808.31659	3492.37717	3011.67158	2739.27779	2258.16478	2170.34677	1992.97622	1527.55297	1594.84447	1654.40927
302	2.05126E5	1.44272E5	1.7949E5	1.80897E6	7.12243E5	2.14319E5	2.41413E7	1.17326E6	1.71863E4	9720.31706	7066.57455	4841.79747	4776.16778	3752.67711	3068.41527	2752.28092	2569.515	1900.04668	1799.17144	1588.34181	1502.34446	1476.74741
304	2.43388E5	1.75312E5	1.88398E5	1.02848E6	1.28457E6	2.13593E5	1.54594E7	5.17408E6	2.01336E4	1.13835E4	7594.60525	5218.89602	4434.33012	3690.05989	2823.28248	2769.23857	2467.43848	1901.84459	1920.91264	1758.55841	1737.02208	1242.00366
306	2.74776E5	1.92675E5	2.01526E5	5.58762E5	2.04172E6	2.17417E5	6.65288E6	1.32435E7	2.43177E4	1.09161E4	7895.14671	5360.04099	4264.80352	3912.26017	3752.2914	2733.45704	1946.0951	2155.8275	1671.60184	1545.29752	1494.07202	1337.71235
308	2.6434E5	1.91916E5	2.16361E5	3.54866E5	2.71495E6	2.23385E5	1.68655E6	2.25425E7	3.86798E4	1.18667E4	7982.89736	5685.61664	4176.4254	4279.24023	3209.10672	2390.32266	2421.20768	2177.93632	2043.20403	1798.62247	1772.73998	1407.17799
310	2.89837E5	2.00263E5	2.2433E5	3.10811E5	2.87834E6	2.428E5	2.67727E5	2.69999E7	9.81723E4	1.33035E4	8094.89401	5868.42028	4068.64406	3775.19226	3416.24426	2474.12448	2059.43078	2262.46042	1978.28474	1893.75056	1347.03323	1535.46305
312	3.01414E5	2.05731E5	2.49721E5	3.0214E5	2.47715E6	3.34365E5	1.631E5	2.3761E7	1.12759E6	1.46269E4	8469.40014	6437.12978	4313.29916	3811.60904	2897.31147	2693.24711	1986.86569	2455.24867	1899.55279	1524.63113	1343.44802	1237.00779
314	2.8605E5	2.23731E5	2.53291E5	3.09223E5	1.70389E6	5.97419E5	1.47723E5	1.48382E7	5.3627E6	1.72013E4	8953.25811	6586.33163	4741.92105	4130.60844	3393.25465	2906.75907	2505.2933	1759.15798	1795.2912	1459.33871	1628.66485	1323.12127
316	3.00659E5	2.44218E5	2.70095E5	3.29113E5	1.04302E6	1.08928E6	1.49505E5	6.07074E6	1.32663E7	2.33937E4	9856.0783	5916.08072	5044.02841	3855.16525	3199.53442	2998.05236	2237.97016	2243.63172	1732.9275	1495.70396	1510.76073	1308.97608
318	3.38596E5	2.48629E5	2.87953E5	3.1898E5	6.1702E5	1.72738E6	1.46696E5	1.48022E6	2.09898E7	3.17907E4	1.07639E4	7550.8362	5327.47613	4022.92571	3367.16112	2678.82788	2255.80105	2091.35015	2150.20901	1724.78716	1522.95656	1458.34138
320	3.19684E5	2.50908E5	2.79088E5	3.36919E5	4.43785E5	2.28288E6	1.50348E5	2.1557E5	2.41106E7	9.06672E4	1.25685E4	7657.61304	4711.20798	4497.23325	3278.70767	2566.30218	2110.27539	1813.85977	1872.33048	1809.8247	1448.34883	1388.08136
322	3.38495E5	2.67425E5	2.82918E5	3.45012E5	3.99784E5	2.41378E6	1.67509E5	1.27687E5	2.05297E7	1.00676E6	1.36104E4	7574.79757	5397.85176	3539.75126	3431.532	2494.90466	2290.96893	2060.61298	2067.50451	1931.67626	1695.61677	1458.72829
324	3.29106E5	2.69096E5	2.98628E5	3.4951E5	3.9194E5	2.0742E6	2.31978E5	1.16921E5	1.26911E7	4.51485E6	1.5627E4	8145.18927	5168.56474	4242.5727	2992.83675	2439.29707	1921.54766	1848.8243	1682.81574	1637.70794	1537.49671	1453.9158
326	3.52208E5	2.93351E5	3.05913E5	3.51359E5	3.86589E5	1.52038E6	4.25251E5	1.13338E5	5.26486E6	1.09802E7	1.96986E4	8096.84674	5729.44835	4426.85374	3148.37576	2723.72925	2101.61244	1966.96053	1682.91065	1621.0325	1672.00606	1214.38902
328	4.02611E5	2.80005E5	3.11614E5	3.6729E5	3.98889E5	9.82377E5	7.83825E5	1.17372E5	1.346E6	1.74922E7	2.70769E4	8534.68255	5737.86538	4254.14254	3306.86791	2631.2364	2107.34353	1758.72558	1605.66807	1653.27634	1420.80898	1321.63342
330	3.49704E5	3.01161E5	3.2688E5	3.74577E5	3.94373E5	5.95225E5	1.29252E6	1.18621E5	1.97665E5	2.07907E7	7.14669E4	1.03222E4	6210.44637	4649.95973	3310.88994	2821.52126	2037.47054	1947.49805	1534.65498	1590.08401	1391.64259	1271.03615
332	3.79913E5	3.10839E5	3.30743E5	3.72658E5	4.03752E5	4.18394E5	1.75525E6	1.19881E5	1.13953E5	1.82714E7	7.74547E5	1.08371E4	5804.37142	5117.12391	3358.72153	2198.559	2216.7773	1866.55156	1736.4124	1504.89767	1444.19036	1189.61741
334	4.3637E5	3.28619E5	3.4634E5	3.91104E5	4.04129E5	3.70378E5	1.94964E6	1.35839E5	1.01842E5	1.19379E7	3.69864E6	1.30345E4	6364.34509	5167.19689	3514.25614	2790.62085	2082.45437	1925.34796	1644.80092	1450.10699	1327.19889	1361.24249
336	4.23481E5	3.32372E5	3.41371E5	3.85054E5	4.03899E5	3.55219E5	1.7997E6	1.84804E5	1.01743E5	5.18135E6	9.43605E6	1.67504E4	7044.80703	4991.39109	3382.4983	2916.03218	2083.94529	1737.57794	1580.87798	1342.47021	1444.73442	1376.29963
338	4.30215E5	3.48162E5	3.44306E5	4.03365E5	4.14725E5	3.52486E5	1.38026E6	3.08047E5	1.06501E5	1.4258E6	1.51359E7	2.37347E4	7982.12662	5483.26538	3716.247	2565.52323	2257.75972	1716.41804	1607.77258	1449.52537	1340.95522	1284.8818
340	4.743E5	3.44016E5	3.62418E5	3.96953E5	4.22004E5	3.62125E5	8.95787E5	5.76844E5	1.1222E5	2.05431E5	1.77176E7	6.02233E4	8190.16501	5413.22716	3704.30163	2530.05306	2039.54043	1444.32535	1543.90017	1296.44985	1318.61242	1148.18007
342	4.70831E5	3.60385E5	3.66503E5	3.96272E5	4.19925E5	3.71428E5	5.53391E5	9.6397E5	1.16779E5	1.06809E5	1.57309E7	6.48948E5	9915.25354	5521.90418	3757.5964	2654.87209	1843.00985	1836.92397	1422.46371	1382.29848	1120.79535	1149.83391
344	5.39246E5	3.77499E5	3.57225E5	3.97796E5	4.2021E5	3.72848E5	3.70579E5	1.38334E6	1.27577E5	9.66228E4	1.01237E7	3.32378E6	1.13357E4	5751.24375	3936.03975	2711.68732	2218.71094	1614.96614	1279.56427	1350.33308	1075.98707	1217.64325
346	5.23319E5	3.84293E5	3.79463E5	3.9895E5	4.23434E5	3.82774E5	3.14949E5	1.58982E6	1.41056E5	1.01433E5	4.42623E6	8.15018E6	1.47103E4	6208.27337	3990.81386	2619.83537	2314.46047	1880.22351	1641.74312	1601.88341	1164.91621	1247.06063
348	5.22377E5	3.97359E5	3.8203E5	4.08446E5	4.32817E5	3.9496E5	3.06843E5	1.53343E6	1.81486E5	1.08216E5	1.09114E6	1.31271E7	2.0699E4	6646.9329	4296.69052	3068.37634	2145.50317	1432.848	1625.14629	1502.54783	1302.29818	1112.19568
350	5.20238E5	4.28422E5	3.99418E5	4.11448E5	4.26458E5	3.96129E5	3.18471E5	1.24812E6	2.73233E5	1.15924E5	1.76325E5	1.50958E7	4.57691E4	7117.74141	3971.15973	2969.25784	2279.74475	1512.75393	1402.11917	1217.99973	1201.4309	1051.18526
352	5.70684E5	4.4808E5	4.13501E5	4.10924E5	4.36125E5	4.07389E5	3.25185E5	8.5633E5	4.71593E5	1.27329E5	1.02823E5	1.32364E7	5.80991E5	8645.2951	4487.36839	3058.88661	2263.12801	1678.2052	1306.57393	1508.65253	1152.33916	1176.30909
354	5.45163E5	4.41209E5	4.1512E5	4.17661E5	4.38869E5	4.14377E5	3.36225E5	5.55029E5	7.51334E5	1.37444E5	9.67709E4	8.69166E6	2.72903E6	1.03097E4	4537.75577	3166.12466	2370.52192	1674.05414	1380.19622	1396.75942	1287.33972	1119.34388
356	5.93025E5	4.72146E5	4.26157E5	4.28649E5	4.39722E5	4.23887E5	3.49682E5	3.965E5	1.06705E6	1.44074E5	9.9592E4	3.76445E6	6.966E6	1.31785E4	5082.81798	3136.78597	2279.91766	1627.95623	1603.73877	1307.23752	1257.73083	1138.90175
358	6.1596E5	5.05336E5	4.35976E5	4.35919E5	4.39488E5	4.34542E5	3.6226E5	3.36573E5	1.2695E6	1.62405E5	1.0818E5	9.8808E5	1.12679E7	1.96109E4	5121.69696	2958.7598	2322.64485	1638.56956	1524.84803	1332.62535	1065.42469	1122.68704
360	6.59381E5	5.12492E5	4.53719E5	4.35863E5	4.50606E5	4.44652E5	3.76888E5	3.26012E5	1.29851E6	1.90528E5	1.15839E5	1.57539E5	1.33676E7	4.13428E4	6205.38342	3409.08617	2818.82978	1977.88791	1553.15786	1391.2076	1192.18919	1073.31619
362	6.85576E5	5.53264E5	4.71572E5	4.44716E5	4.54518E5	4.48466E5	3.91311E5	3.36281E5	1.13525E6	2.47814E5	1.26261E5	9.42804E4	1.21893E7	4.74592E5	7252.63448	3347.0436	2675.50766	1921.50828	1337.84319	1301.82241	1197.13398	997.38035
364	6.9245E5	5.67156E5	4.98432E5	4.51518E5	4.61237E5	4.57578E5	4.02547E5	3.5309E5	8.63422E5	3.65699E5	1.35555E5	8.82441E4	8.33452E6	2.4726E6	7923.86384	3868.58594	2619.7858	1937.45822	1620.83113	1398.09722	1120.73596	1167.60851
366	7.2046E5	5.99684E5	5.02182E5	4.64429E5	4.6761E5	4.65546E5	4.23844E5	3.71719E5	5.96703E5	5.75579E5	1.47126E5	8.97725E4	3.6371E6	6.6937E6	1.13425E4	4134.3744	2526.23288	1934.57427	1449.9416	1288.25088	1188.81763	1052.83822
368	7.43546E5	6.24304E5	5.15592E5	4.80573E5	4.74219E5	4.74506E5	4.39721E5	3.93264E5	4.46797E5	8.24829E5	1.61139E5	9.67753E4	9.81278E5	1.07673E7	1.64246E4	4565.53704	2836.41969	2324.18446	1563.02475	1397.10865	1235.93816	1073.13351
370	7.55588E5	6.3584E5	5.51845E5	4.88372E5	4.86845E5	4.8519E5	4.5722E5	4.05974E5	3.78851E5	1.03969E6	1.74863E5	1.07067E5	1.43985E5	1.25627E7	3.95079E4	4936.80007	2743.69694	2259.15668	1444.82534	1399.60755	1230.72484	1053.62442
372	7.6321E5	6.729E5	5.5369E5	4.9578E5	4.86123E5	4.93608E5	4.72746E5	4.24776E5	3.71494E5	1.11483E6	1.94872E5	1.15362E5	8.35531E4	1.10893E7	4.78271E5	5918.6363	2826.43959	2663.18131	1639.33026	1202.67874	1129.48976	1124.03649
374	8.2562E5	6.91668E5	5.84921E5	5.10229E5	5.07012E5	5.04249E5	4.81747E5	4.37955E5	3.78501E5	1.01797E6	2.39831E5	1.24941E5	7.86441E4	7.20367E6	2.37468E6	7671.8114	3195.35122	2386.78609	1732.71914	1615.34526	1168.78232	962.83131
376	8.65734E5	7.22948E5	6.02132E5	5.28244E5	5.03819E5	5.12782E5	4.98504E5	4.54707E5	3.85531E5	8.32266E5	3.25577E5	1.32588E5	7.86688E4	3.12069E6	5.84441E6	9192.35525	3429.68248	2180.82668	1757.06286	1427.49513	1152.68954	1107.71707
378	9.11071E5	7.64886E5	6.19348E5	5.27287E5	5.10078E5	5.23588E5	5.14179E5	4.73681E5	4.03733E5	6.273E5	4.70335E5	1.43273E5	8.57978E4	7.75065E5	9.33767E6	1.4213E4	4013.32572	2668.59563	2009.67511	1381.4346	1165.92671	1155.25334
380	8.79815E5	7.78697E5	6.39227E5	5.54807E5	5.30388E5	5.38421E5	5.26601E5	4.92126E5	4.18234E5	4.76731E5	6.65534E5	1.5362E5	9.36605E4	1.21163E5	1.08813E7	3.20579E4	4161.70384	2577.6551	2139.35708	1615.897	1170.98328	1086.92334
382	9.26335E5	8.25035E5	6.64601E5	5.60157E5	5.39817E5	5.52326E5	5.44528E5	5.1046E5	4.39738E5	4.12096E5	8.49383E5	1.67894E5	1.03433E5	7.85958E4	9.7856E6	3.60697E5	5228.9207	2705.49354	2008.25774	1532.48943	1277.06253	996.59171
384	9.67451E5	8.31721E5	6.94287E5	5.82917E5	5.54131E5	5.6481E5	5.65636E5	5.30832E5	4.52212E5	3.92665E5	9.58383E5	1.86197E5	1.11942E5	7.39006E4	6.62587E6	1.82783E6	6781.04928	3141.4106	2008.31901	1589.20657	1209.92225	1087.4621
386	9.90646E5	8.75622E5	7.13621E5	5.98677E5	5.67212E5	5.75268E5	5.74107E5	5.41724E5	4.72962E5	3.95924E5	9.39186E5	2.17303E5	1.23504E5	7.6233E4	2.91209E6	4.93563E6	8917.29758	3435.24602	2074.44448	1970.38937	1487.56418	1175.69972
388	1.01828E6	8.96411E5	7.40229E5	6.17477E5	5.7324E5	5.91403E5	5.94053E5	5.66985E5	4.91533E5	4.02833E5	8.22046E5	2.7052E5	1.32552E5	7.95826E4	7.89978E5	8.18102E6	1.33305E4	3623.60593	2049.18914	2020.99239	1356.53433	1026.47703
390	1.07929E6	9.553E5	7.71418E5	6.30471E5	5.9008E5	6.02176E5	6.04933E5	5.78756E5	5.05083E5	4.21934E5	6.59038E5	3.8167E5	1.43864E5	8.93136E4	1.23226E5	9.96563E6	3.12225E4	4181.21182	2211.7488	1872.67061	1488.52163	1268.95955
392	1.09043E6	9.55374E5	7.96214E5	6.44261E5	6.07409E5	6.18947E5	6.19422E5	5.93081E5	5.20699E5	4.30538E5	5.11301E5	5.32634E5	1.57089E5	9.70316E4	7.16523E4	9.19012E6	4.11278E5	5201.05055	2545.31036	2136.08775	1651.68728	1241.3527
394	1.11869E6	9.95118E5	8.16291E5	6.6669E5	6.12128E5	6.20828E5	6.28626E5	6.09664E5	5.29537E5	4.43644E5	4.28199E5	6.90083E5	1.69394E5	1.07317E5	6.81347E4	6.48573E6	1.9357E6	6061.14177	2860.83115	1942.88273	1472.56183	1121.78821
396	1.14549E6	1.02565E6	8.41407E5	6.79651E5	6.19833E5	6.33111E5	6.48758E5	6.27596E5	5.49306E5	4.53958E5	3.94496E5	8.15817E5	1.84166E5	1.17823E5	6.98474E4	2.96992E6	5.01721E6	8734.17965	3015.15778	2146.56519	1630.64421	1440.4187
398	1.15152E6	1.04492E6	8.5397E5	6.96353E5	6.36028E5	6.54648E5	6.58373E5	6.32276E5	5.61583E5	4.72036E5	3.91899E5	8.46218E5	2.06441E5	1.27691E5	7.23911E4	8.154E5	7.98059E6	1.29791E4	3525.02394	2116.53211	1783.67068	1338.71217
400	1.20913E6	1.07054E6	8.80502E5	7.07869E5	6.46419E5	6.52303E5	6.68057E5	6.40963E5	5.78694E5	4.81865E5	4.01744E5	7.83079E5	2.43893E5	1.3712E5	7.91175E4	1.24218E5	9.33721E6	2.77361E4	3833.13163	2423.79428	1855.35979	1350.91509
402	1.23726E6	1.11264E6	8.93979E5	7.17666E5	6.61245E5	6.66756E5	6.76081E5	6.63898E5	5.86559E5	5.03232E5	4.09043E5	6.51292E5	3.16263E5	1.49465E5	8.70906E4	6.45996E4	8.30248E6	3.3558E5	4945.01495	2635.9393	1830.95052	1501.95438
404	1.2428E6	1.10266E6	9.09779E5	7.41728E5	6.7483E5	6.76913E5	6.86008E5	6.73495E5	6.01044E5	5.11358E5	4.23972E5	5.24243E5	4.26334E5	1.59873E5	9.50425E4	6.06013E4	5.42036E6	1.71462E6	5744.04983	2677.00471	1772.62539	1320.83378
406	1.2816E6	1.1229E6	9.38037E5	7.57955E5	6.77053E5	6.83721E5	6.95092E5	6.81694E5	6.11671E5	5.28397E5	4.35665E5	4.38467E5	5.56489E5	1.72178E5	1.03059E5	6.18683E4	2.33855E6	4.4405E6	7515.30595	2858.04263	2011.11732	1565.35265
408	1.30233E6	1.165E6	9.60503E5	7.66263E5	6.84902E5	6.89127E5	7.01201E5	6.85332E5	6.22323E5	5.38597E5	4.45296E5	3.94325E5	6.7959E5	1.83927E5	1.10977E5	6.36711E4	5.77631E5	7.31138E6	1.08946E4	3208.41046	1978.90569	1736.30674
410	1.29321E6	1.20115E6	9.70165E5	7.96717E5	7.00363E5	6.9426E5	7.09395E5	6.99636E5	6.33302E5	5.49194E5	4.59378E5	3.86712E5	7.54194E5	2.02294E5	1.19676E5	6.84303E4	8.74396E4	8.66174E6	2.25493E4	3812.11278	1789.63445	1690.93179
412	1.33304E6	1.19652E6	9.9167E5	8.03636E5	7.12836E5	7.07295E5	7.13776E5	6.9998E5	6.41521E5	5.60472E5	4.72585E5	3.85707E5	7.40963E5	2.29729E5	1.28477E5	7.26582E4	5.63281E4	7.83289E6	2.54758E5	4477.71919	2132.45762	1711.59252
414	1.3525E6	1.20815E6	1.01809E6	8.20359E5	7.21746E5	7.05119E5	7.21192E5	7.10508E5	6.4847E5	5.70265E5	4.8087E5	3.96736E5	6.60252E5	2.75053E5	1.37983E5	8.02952E4	5.29576E4	5.3053E6	1.37436E6	5185.1614	2592.48768	1612.25855
416	1.3569E6	1.23741E6	1.04246E6	8.27519E5	7.21145E5	7.12589E5	7.22879E5	7.06355E5	6.53706E5	5.74235E5	4.94351E5	4.10616E5	5.58852E5	3.52904E5	1.46952E5	8.779E4	5.41294E4	2.36082E6	3.90932E6	7272.78563	2481.45379	1613.61734
418	1.36156E6	1.24812E6	1.03739E6	8.4599E5	7.34836E5	7.16108E5	7.26211E5	7.13046E5	6.59397E5	5.84337E5	5.05916E5	4.17034E5	4.6172E5	4.59095E5	1.56564E5	9.56757E4	5.56943E4	6.13182E5	6.7378E6	1.11345E4	3053.96136	1794.85208
420	1.38248E6	1.26311E6	1.0668E6	8.61316E5	7.36945E5	7.22832E5	7.25327E5	7.15809E5	6.69981E5	5.93047E5	5.1447E5	4.2938E5	4.02749E5	5.70251E5	1.66119E5	1.01014E5	5.99931E4	9.04938E4	8.23338E6	2.35552E4	3236.98989	1646.46032
422	1.41129E6	1.2751E6	1.07351E6	8.69932E5	7.46293E5	7.21554E5	7.29274E5	7.20064E5	6.70985E5	6.00641E5	5.26621E5	4.37869E5	3.7799E5	6.55952E5	1.78229E5	1.08886E5	6.50257E4	5.10793E4	7.50418E6	2.9627E5	4058.60801	2004.54117
424	1.43527E6	1.27862E6	1.09809E6	8.86833E5	7.56828E5	7.25218E5	7.29342E5	7.23281E5	6.74092E5	6.06031E5	5.30523E5	4.45413E5	3.74102E5	6.80686E5	1.95343E5	1.15499E5	6.96475E4	4.72608E4	5.09432E6	1.48258E6	4910.87437	2043.74844
426	1.42041E6	1.30565E6	1.10266E6	8.93406E5	7.66881E5	7.27566E5	7.26802E5	7.20846E5	6.72253E5	6.13698E5	5.38313E5	4.6118E5	3.81123E5	6.35596E5	2.27447E5	1.24112E5	7.66378E4	4.75359E4	2.17422E6	4.05424E6	6988.01813	2415.30873
428	1.42968E6	1.30509E6	1.11508E6	8.94818E5	7.6786E5	7.2461E5	7.28873E5	7.20169E5	6.76616E5	6.18307E5	5.48181E5	4.67475E5	3.87939E5	5.59161E5	2.80326E5	1.32433E5	8.40847E4	4.86529E4	5.46427E5	6.74746E6	1.02129E4	2560.35316
430	1.42796E6	1.31763E6	1.13069E6	9.17899E5	7.7605E5	7.24154E5	7.24785E5	7.21834E5	6.78661E5	6.24216E5	5.55901E5	4.76972E5	3.97811E5	4.68161E5	3.53568E5	1.40611E5	8.74966E4	5.10891E4	7.76968E4	7.94873E6	2.23037E4	3223.97029
432	1.43965E6	1.3048E6	1.13433E6	9.28638E5	7.73197E5	7.28593E5	7.26994E5	7.15759E5	6.74101E5	6.21589E5	5.59153E5	4.82705E5	4.03615E5	4.00973E5	4.44264E5	1.47861E5	9.44316E4	5.52662E4	4.51595E4	7.00233E6	2.74792E5	3620.70311
434	1.42505E6	1.32492E6	1.15067E6	9.32922E5	7.78957E5	7.31019E5	7.26546E5	7.19535E5	6.80722E5	6.28175E5	5.70847E5	4.90118E5	4.11326E5	3.68369E5	5.2153E5	1.56976E5	9.92346E4	6.04448E4	4.29016E4	4.49523E6	1.40219E6	4388.36209
436	1.43738E6	1.33773E6	1.15409E6	9.34707E5	7.84758E5	7.26679E5	7.2046E5	7.16661E5	6.81052E5	6.24725E5	5.70349E5	4.97614E5	4.22322E5	3.59458E5	5.67441E5	1.68069E5	1.06616E5	6.63759E4	4.31986E4	1.88117E6	3.64347E6	5780.86877
438	1.41116E6	1.32552E6	1.16035E6	9.53256E5	7.86095E5	7.25751E5	7.11935E5	7.04966E5	6.76017E5	6.30963E5	5.72803E5	4.99521E5	4.26885E5	3.58506E5	5.64667E5	1.86464E5	1.13817E5	7.10492E4	4.4125E4	4.64688E5	6.08001E6	8559.52957
440	1.41304E6	1.33306E6	1.16457E6	9.6602E5	7.91703E5	7.2434E5	7.09876E5	7.07482E5	6.75566E5	6.3072E5	5.71843E5	5.04965E5	4.31638E5	3.6359E5	5.15003E5	2.14223E5	1.18398E5	7.61566E4	4.67704E4	6.66916E4	7.37176E6	1.54184E4
442	1.45743E6	1.32195E6	1.15941E6	9.55962E5	7.90212E5	7.17116E5	7.09188E5	6.98029E5	6.70822E5	6.2543E5	5.75004E5	5.08103E5	4.40246E5	3.70864E5	4.45127E5	2.60987E5	1.22849E5	8.16052E4	4.88542E4	4.18508E4	6.70532E6	1.59445E5
444	1.41775E6	1.32233E6	1.16656E6	9.6007E5	7.94944E5	7.24021E5	7.03139E5	6.92443E5	6.69185E5	6.27313E5	5.8014E5	5.13651E5	4.41773E5	3.73831E5	3.79672E5	3.24326E5	1.32214E5	8.54785E4	5.18166E4	3.95512E4	4.4755E6	9.35545E5
446	1.41804E6	1.33677E6	1.18015E6	9.66027E5	8.01835E5	7.19587E5	6.9197E5	6.88477E5	6.6614E5	6.2357E5	5.82744E5	5.17788E5	4.5152E5	3.81792E5	3.36118E5	3.88301E5	1.37295E5	9.08937E4	5.75564E4	3.88641E4	1.94487E6	2.94235E6
448	1.36916E6	1.30758E6	1.17681E6	9.70439E5	8.00986E5	7.20157E5	6.95779E5	6.85027E5	6.60216E5	6.26091E5	5.85682E5	5.16941E5	4.51802E5	3.82546E5	3.15773E5	4.4914E5	1.46435E5	9.5388E4	6.23472E4	3.99615E4	4.84022E5	5.38505E6
450	1.39307E6	1.31878E6	1.1894E6	9.82898E5	8.09239E5	7.15336E5	6.90631E5	6.77628E5	6.59072E5	6.24383E5	5.78827E5	5.23002E5	4.54849E5	3.88307E5	3.0482E5	4.77397E5	1.59525E5	1.00867E5	6.61898E4	4.14894E4	6.90201E4	6.79582E6
452	1.41665E6	1.33126E6	1.1783E6	9.82105E5	8.02317E5	7.11624E5	6.81154E5	6.68708E5	6.51077E5	6.21564E5	5.79334E5	5.23835E5	4.58538E5	3.96597E5	3.09727E5	4.66786E5	1.79964E5	1.06128E5	6.96854E4	4.38447E4	3.83743E4	6.30965E6
454	1.41351E6	1.31276E6	1.16296E6	9.8121E5	8.09128E5	7.08267E5	6.77725E5	6.64061E5	6.41605E5	6.12852E5	5.77172E5	5.20453E5	4.59587E5	4.00716E5	3.1452E5	4.21282E5	2.1139E5	1.10382E5	7.36874E4	4.72044E4	3.66568E4	4.22356E6
456	1.37885E6	1.30044E6	1.16474E6	9.91487E5	8.02417E5	7.02671E5	6.73147E5	6.53772E5	6.37726E5	6.10134E5	5.74348E5	5.20146E5	4.6431E5	4.00937E5	3.14966E5	3.60978E5	2.57162E5	1.15149E5	7.82625E4	5.04011E4	3.52757E4	1.78648E6
458	1.34834E6	1.31221E6	1.16756E6	9.82408E5	8.03581E5	6.95596E5	6.65242E5	6.46639E5	6.27492E5	6.04824E5	5.69877E5	5.19334E5	4.62841E5	4.05785E5	3.19211E5	3.11177E5	3.12866E5	1.19728E5	8.19148E4	5.49609E4	3.63411E4	4.38523E5
460	1.33212E6	1.29653E6	1.15196E6	9.65072E5	8.03602E5	6.94636E5	6.55642E5	6.406E5	6.24312E5	5.99196E5	5.64339E5	5.14222E5	4.64678E5	4.05059E5	3.21119E5	2.75359E5	3.62833E5	1.26484E5	8.62538E4	5.81559E4	3.67648E4	6.14621E4
462	1.31698E6	1.28875E6	1.15294E6	9.74433E5	8.0093E5	6.93692E5	6.48531E5	6.38107E5	6.1631E5	5.94142E5	5.61021E5	5.1257E5	4.60291E5	4.09897E5	3.2207E5	2.5887E5	3.97592E5	1.32058E5	9.02089E4	6.20691E4	3.97181E4	3.6041E4
464	1.3607E6	1.2762E6	1.14307E6	9.79845E5	7.91591E5	6.83598E5	6.43471E5	6.20305E5	6.06574E5	5.89846E5	5.57986E5	5.09736E5	4.60719E5	4.12785E5	3.25446E5	2.5587E5	4.02641E5	1.45399E5	9.45821E4	6.50415E4	4.18524E4	3.34249E4
466	1.31733E6	1.2419E6	1.14743E6	9.64979E5	7.88529E5	6.76353E5	6.36616E5	6.1624E5	6.00312E5	5.79864E5	5.5005E5	5.06096E5	4.55359E5	4.09649E5	3.30103E5	2.5636E5	3.75605E5	1.64711E5	9.74449E4	6.76466E4	4.37276E4	3.32611E4
468	1.49426E6	1.23977E6	1.14321E6	9.64602E5	7.83043E5	6.78359E5	6.29621E5	6.10946E5	5.90971E5	5.72159E5	5.49837E5	5.04171E5	4.57916E5	4.11144E5	3.31004E5	2.57458E5	3.36619E5	1.93549E5	1.0089E5	7.15545E4	4.63122E4	3.22419E4
470	2.00877E6	1.23673E6	1.13622E6	9.64166E5	7.78839E5	6.72627E5	6.19031E5	5.98142E5	5.81403E5	5.64537E5	5.41404E5	4.99322E5	4.56237E5	4.08419E5	3.29089E5	2.59504E5	2.881E5	2.32918E5	1.04285E5	7.53962E4	4.92656E4	3.34969E4
472	3.2188E6	1.22603E6	1.11348E6	9.38973E5	7.82058E5	6.69205E5	6.14597E5	5.86979E5	5.77591E5	5.6244E5	5.35562E5	4.9738E5	4.55111E5	4.12208E5	3.34172E5	2.59941E5	2.5265E5	2.76378E5	1.09762E5	7.779E4	5.36133E4	3.45716E4
474	5.12397E6	1.20859E6	1.11082E6	9.44206E5	7.71465E5	6.63037E5	6.10078E5	5.82377E5	5.65535E5	5.51204E5	5.29132E5	4.94163E5	4.51251E5	4.0794E5	3.34005E5	2.63768E5	2.29084E5	3.17873E5	1.13125E5	8.04709E4	5.6102E4	3.63448E4
476	7.83856E6	1.20928E6	1.11822E6	9.49862E5	7.69767E5	6.60644E5	6.02182E5	5.76188E5	5.52613E5	5.42027E5	5.17983E5	4.86756E5	4.50753E5	4.06454E5	3.3194E5	2.62731E5	2.15584E5	3.42018E5	1.19861E5	8.53798E4	5.96243E4	3.79371E4
478	1.10945E7	1.19539E6	1.08666E6	9.20512E5	7.5777E5	6.54344E5	5.89513E5	5.65381E5	5.46997E5	5.31979E5	5.10399E5	4.79106E5	4.44314E5	4.03382E5	3.30662E5	2.64628E5	2.12263E5	3.42124E5	1.29922E5	8.60672E4	6.03776E4	4.079E4
480	1.37148E7	1.16602E6	1.06772E6	9.14647E5	7.56789E5	6.44854E5	5.75853E5	5.55495E5	5.37005E5	5.19439E5	5.00892E5	4.69375E5	4.3971E5	4.01162E5	3.31745E5	2.64846E5	2.15901E5	3.13303E5	1.47576E5	8.90774E4	6.40759E4	4.43948E4
482	1.49119E7	1.16098E6	1.07228E6	9.20729E5	7.41677E5	6.33855E5	5.72721E5	5.43449E5	5.30712E5	5.17368E5	4.9632E5	4.65373E5	4.32845E5	3.96377E5	3.28847E5	2.64045E5	2.15007E5	2.74435E5	1.76136E5	9.26229E4	6.73765E4	4.65443E4
484	1.40945E7	1.13127E6	1.05965E6	9.0278E5	7.41718E5	6.29929E5	5.64133E5	5.33458E5	5.21344E5	5.01658E5	4.84075E5	4.58119E5	4.28682E5	3.95659E5	3.29362E5	2.6442E5	2.13602E5	2.34193E5	2.10827E5	9.49352E4	6.92935E4	4.90128E4
486	1.21233E7	1.14036E6	1.02043E6	8.93675E5	7.28572E5	6.21736E5	5.52208E5	5.22267E5	5.07197E5	4.92049E5	4.76775E5	4.48665E5	4.23966E5	3.8951E5	3.2542E5	2.64112E5	2.12437E5	2.03124E5	2.45698E5	9.71304E4	7.16212E4	5.16155E4
488	8.82464E6	1.341E6	1.01946E6	8.84636E5	7.22177E5	6.10884E5	5.49309E5	5.17425E5	5.02562E5	4.83206E5	4.68583E5	4.46894E5	4.17591E5	3.86027E5	3.20672E5	2.61766E5	2.12117E5	1.85949E5	2.77827E5	1.03044E5	7.30955E4	5.3652E4
490	5.56172E6	1.99368E6	9.81338E5	8.78121E5	7.15389E5	6.02601E5	5.37105E5	5.14025E5	4.90681E5	4.75951E5	4.61389E5	4.37544E5	4.08895E5	3.79373E5	3.2217E5	2.62919E5	2.11066E5	1.77763E5	2.92024E5	1.09128E5	7.4416E4	5.49089E4
492	2.99842E6	3.43605E6	9.86648E5	8.64255E5	7.06611E5	6.00058E5	5.31405E5	5.00445E5	4.84551E5	4.68356E5	4.56901E5	4.29774E5	4.03732E5	3.77919E5	3.19398E5	2.60092E5	2.1504E5	1.73468E5	2.85401E5	1.20012E5	7.6824E4	5.59261E4
494	1.6563E6	5.76931E6	9.70838E5	8.35557E5	7.01051E5	5.94968E5	5.18309E5	4.90155E5	4.73012E5	4.58382E5	4.42911E5	4.24044E5	3.97295E5	3.75275E5	3.11366E5	2.60813E5	2.12399E5	1.73715E5	2.6299E5	1.36075E5	7.81667E4	5.83241E4
496	1.19497E6	8.95401E6	9.50832E5	8.44758E5	6.86587E5	5.79656E5	5.13413E5	4.81642E5	4.63076E5	4.49087E5	4.32596E5	4.11354E5	3.93696E5	3.68643E5	3.11553E5	2.54276E5	2.10969E5	1.72849E5	2.29503E5	1.61379E5	7.91106E4	5.93265E4
498	1.10843E6	1.23541E7	9.49447E5	8.3681E5	6.87778E5	5.77261E5	5.08117E5	4.67425E5	4.53567E5	4.40293E5	4.28502E5	4.05897E5	3.81569E5	3.63473E5	3.0921E5	2.54898E5	2.12394E5	1.73913E5	1.93947E5	1.87466E5	8.24048E4	6.14666E4
500	1.08735E6	1.52249E7	9.3059E5	8.08381E5	6.72837E5	5.60839E5	5.00277E5	4.65302E5	4.46136E5	4.37199E5	4.19042E5	4.0113E5	3.81132E5	3.59083E5	3.04152E5	2.53757E5	2.08653E5	1.74197E5	1.70647E5	2.13842E5	8.46086E4	6.35545E4
502	1.07629E6	1.64657E7	9.19833E5	8.06544E5	6.58043E5	5.53999E5	4.96318E5	4.57235E5	4.33683E5	4.23846E5	4.10063E5	3.94398E5	3.72414E5	3.53474E5	2.9978E5	2.51289E5	2.10863E5	1.71464E5	1.55383E5	2.37588E5	8.60754E4	6.29486E4
504	9.90559E5	1.56682E7	8.99962E5	7.90657E5	6.48434E5	5.43493E5	4.78597E5	4.49576E5	4.27828E5	4.15485E5	4.04323E5	3.8504E5	3.66187E5	3.46375E5	2.99097E5	2.46881E5	2.0621E5	1.71908E5	1.47931E5	2.45761E5	9.30572E4	6.61245E4
506	1.0188E6	1.30829E7	9.26589E5	7.7251E5	6.45662E5	5.46422E5	4.7671E5	4.39619E5	4.18859E5	4.06953E5	3.99174E5	3.76702E5	3.59171E5	3.39696E5	2.94382E5	2.45856E5	2.06833E5	1.71004E5	1.44131E5	2.37106E5	1.0234E5	6.5419E4
508	1.01325E6	9.58929E6	1.17315E6	7.67149E5	6.35231E5	5.33931E5	4.64236E5	4.34163E5	4.08995E5	3.96011E5	3.8778E5	3.72447E5	3.56155E5	3.32588E5	2.85717E5	2.4321E5	2.03096E5	1.68869E5	1.42199E5	2.16392E5	1.16983E5	6.73085E4
510	1.0771E6	5.88063E6	2.0026E6	7.56376E5	6.30847E5	5.21977E5	4.51524E5	4.21849E5	3.98529E5	3.87586E5	3.76887E5	3.6146E5	3.46618E5	3.26339E5	2.83594E5	2.38151E5	2.01368E5	1.67609E5	1.41773E5	1.88152E5	1.37222E5	6.78173E4
512	1.16744E6	2.95215E6	3.92682E6	7.47911E5	6.16704E5	5.18162E5	4.50605E5	4.10802E5	3.90909E5	3.78225E5	3.73244E5	3.52395E5	3.39474E5	3.25385E5	2.79042E5	2.37156E5	2.0229E5	1.66817E5	1.40611E5	1.56477E5	1.59757E5	6.9495E4
514	1.33156E6	1.48337E6	6.69184E6	7.25946E5	6.04102E5	5.01463E5	4.38613E5	4.0509E5	3.84501E5	3.69448E5	3.58803E5	3.48884E5	3.32538E5	3.15966E5	2.74177E5	2.33222E5	1.96683E5	1.6247E5	1.37632E5	1.37048E5	1.82137E5	7.05547E4
516	1.64915E6	1.00443E6	1.02258E7	7.31628E5	5.95773E5	5.01052E5	4.32091E5	3.99808E5	3.78156E5	3.6531E5	3.54834E5	3.40439E5	3.2497E5	3.09528E5	2.69336E5	2.31267E5	1.94453E5	1.63248E5	1.36433E5	1.26789E5	1.97188E5	7.28631E4
518	1.95527E6	9.26037E5	1.39298E7	7.01841E5	5.85009E5	4.82948E5	4.24292E5	3.87881E5	3.68641E5	3.53607E5	3.43758E5	3.35242E5	3.20464E5	3.03867E5	2.66924E5	2.24961E5	1.93778E5	1.63729E5	1.36199E5	1.19155E5	2.02841E5	7.71703E4
520	2.39401E6	9.28603E5	1.67856E7	7.07312E5	5.73813E5	4.79907E5	4.21461E5	3.75834E5	3.64923E5	3.5017E5	3.40979E5	3.22989E5	3.08511E5	2.98947E5	2.59006E5	2.18662E5	1.90048E5	1.60607E5	1.32898E5	1.1734E5	1.92613E5	8.69605E4
522	2.71976E6	8.5609E5	1.75888E7	6.91728E5	5.65939E5	4.7341E5	4.03108E5	3.69017E5	3.5245E5	3.39655E5	3.27757E5	3.17684E5	3.05258E5	2.92114E5	2.55331E5	2.19037E5	1.86896E5	1.56138E5	1.34568E5	1.14431E5	1.77662E5	9.94291E4
524	2.91309E6	8.44051E5	1.61458E7	6.73859E5	5.57126E5	4.58667E5	4.027E5	3.63885E5	3.42154E5	3.31548E5	3.2175E5	3.10049E5	2.97619E5	2.8476E5	2.50897E5	2.13083E5	1.86831E5	1.56108E5	1.33022E5	1.14185E5	1.52872E5	1.1338E5
526	2.90848E6	8.05711E5	1.32403E7	6.91251E5	5.43074E5	4.50926E5	3.90483E5	3.5935E5	3.37863E5	3.22659E5	3.13948E5	3.02569E5	2.91451E5	2.78103E5	2.4474E5	2.09093E5	1.81894E5	1.54857E5	1.29332E5	1.12862E5	1.30743E5	1.31697E5
528	2.684E6	8.02124E5	9.47967E6	9.70989E5	5.36074E5	4.43131E5	3.87503E5	3.48142E5	3.29637E5	3.15969E5	3.05882E5	2.95855E5	2.86533E5	2.76192E5	2.39087E5	2.04783E5	1.8002E5	1.54177E5	1.2878E5	1.0978E5	1.13538E5	1.48511E5
530	2.36849E6	7.9631E5	5.60054E6	1.97016E6	5.22278E5	4.27615E5	3.77923E5	3.39249E5	3.23529E5	3.08798E5	3.00519E5	2.8571E5	2.77255E5	2.64709E5	2.33642E5	2.0181E5	1.75704E5	1.48586E5	1.27313E5	1.10239E5	1.008E5	1.61919E5
532	1.97172E6	7.91729E5	2.73417E6	4.12544E6	5.16494E5	4.30808E5	3.6935E5	3.3099E5	3.14353E5	3.00529E5	2.89905E5	2.81079E5	2.69938E5	2.61014E5	2.29961E5	1.95968E5	1.72301E5	1.49207E5	1.27266E5	1.08065E5	9.34654E4	1.67896E5
534	1.56623E6	8.86457E5	1.23221E6	7.39638E6	5.12028E5	4.1473E5	3.62366E5	3.23286E5	3.04893E5	2.93337E5	2.85955E5	2.7183E5	2.6252E5	2.55604E5	2.22646E5	1.94028E5	1.69421E5	1.45524E5	1.25682E5	1.08152E5	9.28414E4	1.61704E5
536	1.18733E6	1.08589E6	8.14867E5	1.13973E7	4.92364E5	4.10639E5	3.50619E5	3.15897E5	2.96582E5	2.84396E5	2.77557E5	2.65968E5	2.58857E5	2.46068E5	2.20466E5	1.91534E5	1.65378E5	1.42183E5	1.24407E5	1.05931E5	8.93447E4	1.47185E5
538	9.13153E5	1.30273E6	7.35642E5	1.52968E7	4.83393E5	3.98807E5	3.4235E5	3.11213E5	2.9025E5	2.79218E5	2.71386E5	2.58494E5	2.51461E5	2.39993E5	2.12894E5	1.83995E5	1.61261E5	1.39892E5	1.20874E5	1.03955E5	8.81689E4	1.26659E5
540	7.6794E5	1.67342E6	7.04187E5	1.80385E7	4.79475E5	3.92617E5	3.34256E5	3.02511E5	2.79725E5	2.73399E5	2.61063E5	2.54351E5	2.46259E5	2.3471E5	2.08638E5	1.8116E5	1.58463E5	1.37219E5	1.19639E5	1.02352E5	8.54382E4	1.06017E5
542	6.61171E5	2.06636E6	6.72276E5	1.85375E7	4.70965E5	3.87633E5	3.24983E5	2.94748E5	2.74549E5	2.68563E5	2.5549E5	2.45631E5	2.38121E5	2.29176E5	2.01556E5	1.77454E5	1.54744E5	1.33809E5	1.1624E5	1.01588E5	8.66332E4	8.86485E4
544	6.73587E5	2.48919E6	6.5111E5	1.67019E7	4.75577E5	3.72159E5	3.20878E5	2.88771E5	2.68423E5	2.58039E5	2.46339E5	2.37394E5	2.28882E5	2.27373E5	1.96371E5	1.71572E5	1.51512E5	1.32285E5	1.15436E5	9.84595E4	8.28631E4	7.9705E4
546	6.34224E5	2.81674E6	6.29183E5	1.33063E7	5.13252E5	3.72261E5	3.13574E5	2.76387E5	2.66167E5	2.4918E5	2.43705E5	2.35352E5	2.24778E5	2.17258E5	1.95625E5	1.6533E5	1.47902E5	1.29309E5	1.13594E5	9.8548E4	8.14713E4	7.30872E4
548	5.85742E5	2.94397E6	6.21083E5	9.21469E6	8.70217E5	3.63199E5	3.04361E5	2.75815E5	2.5449E5	2.42872E5	2.34133E5	2.25586E5	2.1809E5	2.14077E5	1.88759E5	1.64906E5	1.45335E5	1.29701E5	1.08973E5	9.71801E4	8.11067E4	7.21708E4
550	5.89304E5	2.85229E6	5.88833E5	5.33381E6	2.03274E6	3.53805E5	2.98063E5	2.70651E5	2.47493E5	2.38361E5	2.28439E5	2.22092E5	2.14076E5	2.08431E5	1.84485E5	1.61153E5	1.43628E5	1.23877E5	1.08519E5	9.34486E4	8.02905E4	6.92486E4
552	5.86567E5	2.62226E6	5.8688E5	2.48081E6	4.43245E6	3.45079E5	2.93778E5	2.6332E5	2.42654E5	2.35296E5	2.23672E5	2.14557E5	2.09802E5	1.97527E5	1.78024E5	1.57205E5	1.36966E5	1.21105E5	1.0702E5	9.1626E4	7.84082E4	6.74941E4
554	5.64677E5	2.22619E6	5.97887E5	1.05356E6	7.90179E6	3.3503E5	2.87E5	2.54902E5	2.34243E5	2.27155E5	2.18872E5	2.10243E5	2.0127E5	1.97408E5	1.74802E5	1.54086E5	1.33922E5	1.19383E5	1.05318E5	9.10747E4	7.64903E4	6.76022E4
556	5.41263E5	1.8E6	6.4555E5	6.29629E5	1.1981E7	3.34275E5	2.79041E5	2.50573E5	2.25441E5	2.18854E5	2.11945E5	2.02471E5	1.96601E5	1.94404E5	1.70945E5	1.49635E5	1.29832E5	1.14056E5	9.98172E4	8.84269E4	7.56336E4	6.53324E4
558	5.418E5	1.37649E6	7.58556E5	5.56537E5	1.60444E7	3.27935E5	2.72361E5	2.4044E5	2.28426E5	2.18165E5	2.07717E5	1.94132E5	1.90603E5	1.84389E5	1.66706E5	1.45651E5	1.3017E5	1.14487E5	1.00743E5	8.67636E4	7.43817E4	6.38059E4
560	5.29594E5	1.00797E6	9.42001E5	5.32981E5	1.88333E7	3.24532E5	2.65674E5	2.29536E5	2.20061E5	2.05018E5	1.99568E5	1.92608E5	1.87582E5	1.82033E5	1.61889E5	1.42352E5	1.25084E5	1.11104E5	9.71659E4	8.50321E4	7.01301E4	6.23639E4
562	4.8568E5	7.41781E5	1.24594E6	4.97888E5	1.92197E7	3.1291E5	2.61239E5	2.33437E5	2.1589E5	2.03979E5	1.9491E5	1.90481E5	1.83387E5	1.76997E5	1.54947E5	1.35906E5	1.23682E5	1.07305E5	9.47621E4	8.41482E4	7.13906E4	6.22075E4
564	5.57723E5	5.90446E5	1.61527E6	4.92409E5	1.71287E7	3.28398E5	2.53682E5	2.20792E5	2.08591E5	1.95834E5	1.87488E5	1.79944E5	1.7379E5	1.70108E5	1.51934E5	1.33198E5	1.20286E5	1.0684E5	9.17405E4	8.21369E4	6.83555E4	5.94986E4
566	4.6127E5	5.17408E5	1.979E6	4.83825E5	1.3535E7	3.66749E5	2.53669E5	2.22435E5	2.04306E5	1.93301E5	1.80645E5	1.72445E5	1.71439E5	1.63548E5	1.49464E5	1.30142E5	1.15489E5	1.03441E5	9.0461E4	7.9287E4	6.80277E4	5.82181E4
568	4.83933E5	5.02354E5	2.33276E6	4.72249E5	9.17047E6	8.0004E5	2.40597E5	2.13375E5	1.96811E5	1.83573E5	1.81111E5	1.69999E5	1.66862E5	1.59219E5	1.43036E5	1.27094E5	1.15019E5	9.91662E4	8.83856E4	7.80883E4	6.73246E4	5.69776E4
570	4.87595E5	4.73238E5	2.59227E6	4.51958E5	5.08404E6	2.16509E6	2.38208E5	2.10924E5	1.92233E5	1.81959E5	1.74322E5	1.68704E5	1.62345E5	1.56869E5	1.4056E5	1.23299E5	1.09389E5	9.77918E4	8.44787E4	7.69644E4	6.66016E4	5.55793E4
572	4.75976E5	4.36159E5	2.67442E6	4.49036E5	2.25387E6	4.80329E6	2.35786E5	2.01718E5	1.86174E5	1.74807E5	1.67213E5	1.60386E5	1.55426E5	1.51629E5	1.3298E5	1.1947E5	1.06952E5	9.6337E4	8.14065E4	7.462E4	6.3073E4	5.37955E4
574	4.47094E5	4.35441E5	2.54219E6	4.48094E5	8.67486E5	8.4651E6	2.29826E5	1.98883E5	1.80347E5	1.7221E5	1.63765E5	1.55398E5	1.51861E5	1.47231E5	1.30725E5	1.16538E5	1.04492E5	9.19895E4	8.06832E4	7.23557E4	6.0928E4	5.29346E4
576	4.65111E5	4.007E5	2.28494E6	4.39199E5	4.91007E5	1.25457E7	2.2518E5	1.9373E5	1.73884E5	1.67696E5	1.55668E5	1.49362E5	1.47921E5	1.42331E5	1.25839E5	1.13689E5	9.90545E4	9.01425E4	7.84297E4	7.03815E4	6.04363E4	5.1812E4
578	4.53154E5	4.0799E5	1.93886E6	4.525E5	4.34948E5	1.63068E7	2.21388E5	1.88833E5	1.72982E5	1.62534E5	1.56138E5	1.47297E5	1.41897E5	1.36029E5	1.24088E5	1.0822E5	9.86849E4	8.8041E4	7.5822E4	6.7815E4	6.02555E4	5.10507E4
580	4.49652E5	4.10352E5	1.51749E6	5.05735E5	4.13307E5	1.88059E7	2.20967E5	1.81882E5	1.6388E5	1.58996E5	1.49336E5	1.41829E5	1.37106E5	1.34512E5	1.18039E5	1.06757E5	9.5496E4	8.45153E4	7.55736E4	6.66074E4	5.72418E4	4.92813E4
582	3.77162E5	3.97193E5	1.12267E6	6.344E5	4.0055E5	1.90505E7	2.11107E5	1.77697E5	1.65294E5	1.5146E5	1.43683E5	1.37916E5	1.3374E5	1.30571E5	1.15996E5	1.02894E5	9.22135E4	8.28706E4	7.28378E4	6.66023E4	5.54033E4	4.76656E4
584	4.35422E5	3.80811E5	8.06244E5	8.17691E5	3.83658E5	1.67881E7	2.2458E5	1.72607E5	1.57449E5	1.50319E5	1.37735E5	1.34518E5	1.29315E5	1.27257E5	1.13628E5	1.00106E5	8.84269E4	7.90859E4	7.15599E4	6.3087E4	5.4808E4	4.87507E4
586	4.28348E5	3.87261E5	5.87357E5	1.09972E6	3.89171E5	1.29393E7	2.68255E5	1.70108E5	1.54046E5	1.42487E5	1.37194E5	1.30209E5	1.25441E5	1.22757E5	1.08455E5	9.66212E4	8.60453E4	7.77274E4	6.92529E4	6.27736E4	5.3765E4	4.56602E4
588	4.22531E5	3.80104E5	4.61768E5	1.45301E6	3.80895E5	8.49669E6	6.70877E5	1.71008E5	1.47802E5	1.3923E5	1.31844E5	1.24054E5	1.2011E5	1.18545E5	1.07506E5	9.5386E4	8.43943E4	7.43746E4	6.69892E4	5.98743E4	5.29617E4	4.53475E4
590	4.18866E5	3.65521E5	4.06457E5	1.80185E6	3.74191E5	4.49203E6	2.08996E6	1.66773E5	1.45887E5	1.36677E5	1.2596E5	1.19886E5	1.17315E5	1.1685E5	1.00743E5	8.98186E4	8.2162E4	7.45977E4	6.3137E4	5.84098E4	5.1466E4	4.282E4
592	3.90368E5	3.67638E5	3.76242E5	2.12296E6	3.80354E5	1.80235E6	4.9168E6	1.60536E5	1.41376E5	1.29775E5	1.2517E5	1.16083E5	1.12417E5	1.0919E5	9.79947E4	8.71538E4	7.8891E4	7.04116E4	6.37342E4	5.62107E4	4.9319E4	4.20512E4
594	4.12799E5	3.40871E5	3.74828E5	2.33858E6	3.66863E5	6.5354E5	8.69424E6	1.59699E5	1.35957E5	1.26875E5	1.16587E5	1.1281E5	1.09949E5	1.08449E5	9.55413E4	8.61154E4	7.43986E4	6.87302E4	6.20517E4	5.53769E4	4.73825E4	4.04453E4
596	3.69542E5	3.5209E5	3.66896E5	2.38855E6	3.76224E5	3.70478E5	1.29327E7	1.5689E5	1.34454E5	1.20522E5	1.18055E5	1.11751E5	1.07859E5	1.0267E5	9.4739E4	8.40226E4	7.6494E4	6.79166E4	6.01074E4	5.25449E4	4.58078E4	3.92952E4
598	3.79741E5	3.45063E5	3.58515E5	2.26616E6	3.7222E5	3.28699E5	1.65948E7	1.50117E5	1.31828E5	1.2213E5	1.13427E5	1.075E5	1.05415E5	1.02085E5	8.85535E4	8.07098E4	7.32067E4	6.65392E4	5.77928E4	5.24297E4	4.59273E4	3.88501E4
600	3.86985E5	3.43448E5	3.53548E5	2.00491E6	3.83948E5	3.10298E5	1.88466E7	1.52631E5	1.25237E5	1.18929E5	1.11778E5	1.04364E5	9.93621E4	9.79768E4	8.54172E4	7.72778E4	7.09167E4	6.36627E4	5.7562E4	5.08774E4	4.30693E4	3.83856E4
