300	1.56513E5	1.19156E5	1.22784E5	2.73936E6	2.8848E5	2.18437E5	1.82353E7	6.34234E4	1.03499E4	5398.9962	3688.33223	3198.54105	2526.90107	2322.54843	1448.16387	1122.26271	1326.56283	1032.17625	1046.30694	663.27676	848.45785	743.14627
302	1.32385E5	1.15561E5	1.22775E5	1.77697E6	6.12674E5	1.56707E5	1.59357E7	7.30754E5	1.08526E4	5942.2084	3656.86024	3144.62334	2640.83794	1878.18672	1564.27496	1224.59135	1541.22665	649.59481	1035.7471	970.51481	719.59579	665.57443
304	1.40731E5	1.08426E5	1.23376E5	9.55287E5	1.18988E6	1.45889E5	1.00127E7	3.24728E6	1.22412E4	6117.13149	3934.50102	3046.52389	2178.71576	2481.10926	1348.81502	1311.3212	1385.6342	965.56928	990.29404	769.65292	1096.25263	810.02412
306	1.57056E5	9.85202E4	1.28256E5	4.58523E5	1.97092E6	1.40727E5	4.19471E6	8.38842E6	1.61318E4	6519.94026	4047.72097	3115.70503	2636.47186	1725.09033	1625.33524	1107.21003	1498.91202	948.10505	762.37899	929.82912	1041.66395	831.95496
308	1.50254E5	1.12973E5	1.26682E5	2.50377E5	2.69637E6	1.40656E5	1.0233E6	1.43586E7	2.11335E4	7419.46018	3657.71056	3501.80775	2428.35949	2014.91426	1285.73799	1411.3012	1363.07286	756.29321	890.72049	966.77307	1041.20407	798.92954
310	1.42646E5	1.17487E5	1.38594E5	1.89006E5	2.86163E6	1.49942E5	1.95207E5	1.72069E7	6.64086E4	8018.04819	4798.82824	3482.79781	2401.71689	1797.35851	1635.34441	1097.40794	1275.20188	971.97841	845.03116	1214.84993	1267.97945	697.42042
312	1.50591E5	1.19978E5	1.41749E5	1.69627E5	2.42204E6	2.29205E5	1.20567E5	1.47211E7	7.08224E5	9377.81137	4463.31738	3471.09314	2351.81441	1930.65386	1538.78985	1441.9821	1203.44609	707.48652	1016.24821	786.29433	751.99333	942.34371
314	1.63671E5	1.33259E5	1.45873E5	1.78356E5	1.61196E6	4.91703E5	1.0649E5	8.50453E6	3.38438E6	1.04976E4	4707.65118	4163.94494	2492.00986	2230.67988	1532.24245	1180.36515	1269.2512	1082.09205	1075.22591	1129.0551	768.29216	808.67887
316	1.70644E5	1.29788E5	1.48365E5	1.6911E5	9.03859E5	9.88153E5	1.00497E5	3.39413E6	8.25099E6	1.28097E4	5668.75668	3916.4216	3002.7797	2388.50472	1780.77035	1229.34267	1290.4729	938.77554	1064.58183	626.84125	1103.39934	660.07129
318	1.79157E5	1.36432E5	1.53444E5	1.76911E5	4.45858E5	1.64537E6	9.93578E4	8.29623E5	1.31078E7	1.92716E4	5675.77236	4427.13127	2813.57039	2353.31163	1530.0059	1039.25413	1148.32762	1014.7199	895.97315	892.0907	933.12538	796.64589
320	1.80858E5	1.37107E5	1.56417E5	1.784E5	2.6864E5	2.20753E6	9.45403E4	1.49954E5	1.52371E7	5.39186E4	5903.76974	3807.77213	2623.19143	2290.17384	1603.70126	1271.6467	1216.89855	876.26972	841.90407	826.9764	764.31208	851.06577
322	1.88301E5	1.49072E5	1.55288E5	1.88417E5	2.17226E5	2.33954E6	1.01758E5	9.75473E4	1.27756E7	5.56479E5	6574.41376	4395.86831	3021.92116	2072.19716	1481.60465	1001.91555	1052.04201	700.02172	1070.31805	692.05151	863.58336	843.09392
324	1.85154E5	1.39182E5	1.59835E5	1.86472E5	2.05297E5	2.01334E6	1.65461E5	8.60914E4	7.59713E6	2.54825E6	8460.49564	4411.72612	2971.19156	2474.91262	1525.76538	1302.71038	1014.43787	855.35474	908.8665	965.32349	785.38741	595.27838
326	1.97048E5	1.4724E5	1.63188E5	1.93315E5	2.00252E5	1.4066E6	3.46796E5	8.16026E4	3.06848E6	6.59141E6	9695.57754	4748.85442	3211.93787	1952.20417	1567.96291	1248.51654	1330.85158	879.71321	915.26646	783.15269	1055.00879	652.46233
328	1.97758E5	1.56408E5	1.66937E5	1.96359E5	2.07462E5	8.42179E5	7.08333E5	7.81862E4	7.84687E5	1.07405E7	1.50203E4	5608.19382	2915.49133	2399.03758	1405.63994	1397.31059	1134.08543	664.30247	792.33241	780.37239	824.19166	518.40655
330	2.24194E5	1.73439E5	1.72529E5	1.98427E5	2.08134E5	4.35887E5	1.23677E6	7.6458E4	1.34925E5	1.25863E7	4.26274E4	6463.05422	3061.32068	2406.11717	1577.42299	1210.08231	1280.62528	736.36552	648.69758	707.64463	896.42958	869.29796
332	2.11139E5	1.55879E5	1.7318E5	1.95078E5	2.12972E5	2.51924E5	1.70693E6	7.57473E4	8.54024E4	1.09341E7	4.41851E5	6318.92677	3739.48277	2576.51252	1589.82033	1357.92587	1159.67078	1076.3209	866.71834	799.69041	865.77084	661.54661
334	2.23601E5	1.71218E5	1.80754E5	1.99496E5	2.10326E5	1.88786E5	1.91214E6	8.57476E4	7.55297E4	6.90341E6	2.02064E6	8310.83971	3365.65484	2826.11161	1549.51232	1443.89099	1137.07672	883.93733	796.28607	826.37925	763.27089	665.23573
336	2.32633E5	1.75336E5	1.78638E5	2.06609E5	2.14812E5	1.83627E5	1.73861E6	1.21857E5	7.01711E4	2.85106E6	5.24229E6	1.06478E4	3208.30172	2792.65945	1667.28515	1234.07342	973.39123	1007.34225	678.74665	703.10618	636.15178	742.51577
338	2.42404E5	1.72191E5	1.78649E5	2.03932E5	2.14691E5	1.7737E5	1.28874E6	2.4436E5	7.33714E4	7.83576E5	8.52261E6	1.52834E4	4040.33847	2651.68117	1614.32005	1340.35063	991.06888	836.69845	1045.9729	585.89964	972.16857	586.92083
340	2.54376E5	1.69775E5	1.7836E5	1.99824E5	2.11272E5	1.77057E5	7.89526E5	5.10331E5	6.99802E4	1.32221E5	1.00633E7	3.76865E4	4792.09213	2843.05665	1728.6638	1099.70222	1209.10611	856.68007	760.08302	673.63328	810.96972	594.91039
342	2.41125E5	1.78803E5	1.76114E5	1.97886E5	2.11913E5	1.78472E5	4.21101E5	9.0195E5	7.02271E4	7.66578E4	8.73863E6	4.06336E5	5396.12338	3016.59046	1994.69948	1185.88697	1302.72179	875.95561	788.39371	415.48676	919.3119	645.92371
344	2.28944E5	1.86775E5	1.84191E5	2.06677E5	2.13229E5	1.80846E5	2.22583E5	1.31343E6	7.25928E4	6.56416E4	5.29821E6	2.04052E6	6429.23822	3404.87696	1899.45478	1353.2364	1213.47359	886.22495	745.42756	608.21152	646.84995	698.61543
346	2.43963E5	1.80157E5	1.88868E5	2.02279E5	2.17086E5	1.80425E5	1.56465E5	1.53797E6	8.01229E4	6.44511E4	2.2354E6	4.98393E6	8025.55119	3211.16644	2113.5839	1102.72675	1126.73805	762.15819	583.63518	648.13608	806.37015	436.31627
348	2.56241E5	1.95687E5	1.91278E5	2.04069E5	2.16233E5	1.8347E5	1.39346E5	1.46902E6	1.0869E5	6.77768E4	5.47912E5	7.99928E6	1.13894E4	3627.43576	1956.6661	1336.58981	974.11403	776.59324	660.88667	660.93657	753.71286	491.56412
350	2.84422E5	2.01595E5	1.8738E5	1.97627E5	2.13587E5	1.84522E5	1.37463E5	1.15727E6	1.89812E5	6.83274E4	1.0799E5	9.6613E6	2.71368E4	3986.59029	2061.37519	1556.76969	1250.00427	741.72815	655.6179	696.10963	707.17509	431.36902
352	2.59401E5	1.97472E5	1.8795E5	2.02303E5	2.13179E5	1.88818E5	1.38292E5	7.37205E5	3.82815E5	7.04588E4	6.89401E4	8.90943E6	3.52425E5	4545.89709	2312.70672	1657.79447	1225.3781	778.00111	581.79952	671.54698	600.38251	650.88239
354	2.65146E5	2.15202E5	1.95038E5	2.06545E5	2.08998E5	1.8993E5	1.44393E5	4.29261E5	6.58386E5	7.21656E4	6.0867E4	6.29253E6	1.59237E6	5118.23491	2024.21112	1696.48826	1082.60578	907.56147	758.9875	595.11208	744.12922	559.9732
356	2.89713E5	2.15361E5	1.9627E5	2.02994E5	2.1019E5	1.92203E5	1.48179E5	2.40871E5	9.69661E5	7.69235E4	6.0262E4	3.02347E6	4.04373E6	6763.15135	2508.82167	1515.29121	1089.64997	815.66104	547.87687	637.42448	842.1626	437.03686
358	2.70618E5	2.17498E5	1.9497E5	2.04234E5	2.13454E5	1.93789E5	1.50063E5	1.72882E5	1.17114E6	8.33986E4	6.30926E4	9.50511E5	6.67817E6	1.0709E4	2570.13095	1566.14134	1422.00655	672.92914	530.03313	575.95768	600.71886	493.82521
360	2.75477E5	2.40089E5	2.07985E5	2.06202E5	2.14377E5	1.95333E5	1.57824E5	1.5206E5	1.19881E6	9.90165E4	6.71863E4	1.48475E5	7.95505E6	2.33227E4	3023.46182	1619.83327	1451.9599	773.03408	748.50214	601.1757	687.16775	436.30325
362	2.80881E5	2.32335E5	2.08169E5	2.07401E5	2.08244E5	1.97465E5	1.62941E5	1.49436E5	1.02161E6	1.49873E5	7.04861E4	6.67592E4	7.0384E6	2.31168E5	3399.74671	1677.68031	1282.03639	908.0953	649.87838	612.2286	794.57446	511.31672
364	2.77895E5	2.38952E5	2.13339E5	2.01884E5	2.07282E5	1.9816E5	1.66856E5	1.55434E5	7.19568E5	2.56237E5	7.26102E4	5.8E4	4.6179E6	1.17105E6	4383.87519	1836.22026	1324.97209	865.74079	721.59364	452.4193	769.50323	399.89879
366	3.29238E5	2.35777E5	2.1052E5	2.07565E5	2.11883E5	1.98696E5	1.72736E5	1.59674E5	4.43919E5	4.59755E5	7.66573E4	5.64753E4	1.90863E6	3.44477E6	5591.06113	2204.29587	1263.13994	1071.10783	647.81628	698.19336	678.77199	503.79641
368	3.27078E5	2.44887E5	2.17829E5	2.10102E5	2.11193E5	2.01541E5	1.77011E5	1.62239E5	2.7024E5	7.07874E5	8.06025E4	5.84487E4	5.18296E5	6.0862E6	8238.41953	2203.5569	1325.30015	1011.93782	655.03201	604.75203	586.89655	460.87255
370	3.20496E5	2.51866E5	2.32251E5	2.11575E5	2.12198E5	2.03522E5	1.82257E5	1.6836E5	1.90914E5	9.21567E5	8.9614E4	6.22744E4	8.88017E4	7.65888E6	2.07597E4	2463.97951	1399.28114	886.93935	675.60608	589.7064	738.92558	365.84463
372	3.35499E5	2.6873E5	2.28249E5	2.11457E5	2.15661E5	2.09934E5	1.85921E5	1.77041E5	1.70739E5	9.93318E5	1.01018E5	6.71223E4	5.8059E4	6.91742E6	2.3356E5	3029.53529	1738.15969	904.25954	598.64191	645.95267	636.40754	483.4763
374	3.22982E5	2.66792E5	2.31853E5	2.16486E5	2.13919E5	2.06603E5	1.91017E5	1.8214E5	1.6913E5	9.00295E5	1.38715E5	6.95527E4	5.07744E4	4.5256E6	1.15986E6	3405.84306	1659.51093	867.57335	709.94662	655.01189	616.90125	522.87517
376	3.1767E5	2.77524E5	2.34344E5	2.18066E5	2.1754E5	2.0715E5	1.95017E5	1.87165E5	1.67233E5	6.88495E5	2.14011E5	7.04853E4	4.85729E4	1.96305E6	2.97324E6	4747.09266	1845.26801	920.40957	819.86435	824.37416	606.22482	408.59508
378	3.40114E5	2.77414E5	2.44062E5	2.19439E5	2.12419E5	2.09322E5	1.99061E5	1.92717E5	1.7363E5	4.62348E5	3.52762E5	7.63773E4	5.16899E4	4.53295E5	4.96406E6	7240.5636	1992.08257	1122.63086	930.43477	771.12831	489.4149	521.95204
380	3.52344E5	2.94565E5	2.36731E5	2.21429E5	2.19453E5	2.12731E5	2.00528E5	1.94628E5	1.75482E5	2.96538E5	5.41061E5	7.9609E4	5.29695E4	7.6917E4	5.79588E6	1.719E4	1972.17238	1113.42641	991.79838	735.26212	797.84914	497.11861
382	3.64562E5	3.04789E5	2.56264E5	2.27072E5	2.18674E5	2.15352E5	2.07471E5	2.02613E5	1.81921E5	2.17369E5	7.27203E5	8.53129E4	5.82137E4	5.26973E4	5.01815E6	1.85472E5	2615.78819	1264.61844	798.78576	541.09305	703.1281	528.03706
384	3.72632E5	3.06964E5	2.60501E5	2.28939E5	2.2402E5	2.20861E5	2.11247E5	2.08633E5	1.89774E5	1.86983E5	8.29219E5	9.6259E4	6.31839E4	4.6537E4	3.19469E6	9.70439E5	3115.10887	1238.30297	818.5474	779.97046	696.81178	490.68908
386	3.73208E5	3.22176E5	2.66521E5	2.29908E5	2.2661E5	2.23725E5	2.15811E5	2.14659E5	1.95407E5	1.79106E5	8.06214E5	1.16783E5	6.68653E4	4.51199E4	1.32818E6	2.66804E6	4450.01212	1271.65059	929.34105	854.0024	722.23043	454.88933
388	3.92316E5	3.39178E5	2.66738E5	2.3901E5	2.2975E5	2.24827E5	2.19311E5	2.18966E5	1.99066E5	1.83001E5	6.77935E5	1.69377E5	6.80422E4	4.55337E4	3.53543E5	4.5781E6	6592.29013	1517.32893	1000.25761	847.67617	871.61496	474.48218
390	4.05545E5	3.44042E5	2.79743E5	2.4453E5	2.35131E5	2.31117E5	2.24044E5	2.21941E5	2.05795E5	1.85168E5	4.99254E5	2.62694E5	7.44428E4	4.73631E4	7.01567E4	5.36905E6	1.53584E4	1842.7322	1054.5947	802.93985	722.18361	526.20542
392	3.97201E5	3.48901E5	2.89941E5	2.44127E5	2.31731E5	2.30953E5	2.246E5	2.28536E5	2.0957E5	1.8692E5	3.37923E5	4.09703E5	7.94914E4	5.32157E4	4.58422E4	4.79677E6	1.74587E5	2157.37049	812.16416	846.57975	803.67495	537.35089
394	3.95238E5	3.58269E5	2.93818E5	2.53675E5	2.32785E5	2.33032E5	2.29943E5	2.29503E5	2.14944E5	1.93532E5	2.40897E5	5.63877E5	8.22524E4	5.61638E4	3.99884E4	3.10664E6	8.35587E5	2677.59785	1151.86715	754.19334	713.68965	482.65056
396	4.21086E5	3.54216E5	3.03603E5	2.53332E5	2.39972E5	2.35911E5	2.32736E5	2.33209E5	2.17885E5	1.98579E5	1.9481E5	6.84723E5	8.95569E4	5.98441E4	3.80687E4	1.32199E6	2.39323E6	4035.73851	1379.51137	904.53876	903.38229	484.99482
398	4.21611E5	3.84508E5	3.06614E5	2.60667E5	2.4359E5	2.41438E5	2.40911E5	2.38602E5	2.24465E5	2.02929E5	1.83945E5	7.14521E5	1.03077E5	6.30508E4	3.83335E4	3.49744E5	4.12361E6	5905.63303	1560.12691	900.09074	900.56597	568.37432
400	4.39111E5	3.8028E5	3.17504E5	2.6154E5	2.47908E5	2.42979E5	2.36388E5	2.41222E5	2.26763E5	2.08019E5	1.81687E5	6.4324E5	1.34374E5	6.71103E4	4.08737E4	6.60179E4	5.0074E6	1.22284E4	1508.98964	912.44037	809.65858	646.25178
402	4.4971E5	3.8423E5	3.165E5	2.73877E5	2.46525E5	2.46435E5	2.43981E5	2.41556E5	2.30289E5	2.08499E5	1.84579E5	4.98356E5	1.93033E5	7.05118E4	4.37801E4	4.07217E4	4.25821E6	1.30611E5	2091.53353	1049.43522	810.62302	547.34308
404	4.5436E5	3.97299E5	3.33422E5	2.76986E5	2.54944E5	2.50214E5	2.45952E5	2.42746E5	2.32953E5	2.13543E5	1.86132E5	3.58958E5	2.98336E5	7.58344E4	4.77469E4	3.581E4	2.59242E6	7.03577E5	2585.80486	1211.69054	755.57485	514.10494
406	4.50618E5	4.20984E5	3.38117E5	2.79451E5	2.58253E5	2.53556E5	2.46151E5	2.51982E5	2.3865E5	2.17398E5	1.93188E5	2.55785E5	4.24657E5	8.05622E4	5.14103E4	3.40483E4	1.0459E6	1.96131E6	3357.30594	1318.88001	846.89436	525.64913
408	4.74172E5	4.04757E5	3.47819E5	2.80556E5	2.57819E5	2.5596E5	2.47245E5	2.50226E5	2.37678E5	2.20458E5	1.94899E5	2.02343E5	5.45643E5	8.68713E4	5.44413E4	3.44423E4	2.55128E5	3.46366E6	5707.56584	1327.57705	853.59669	731.08055
410	4.73729E5	4.15504E5	3.50696E5	2.88622E5	2.6363E5	2.59176E5	2.46504E5	2.5112E5	2.44075E5	2.24245E5	1.99328E5	1.79715E5	6.1364E5	9.5937E4	5.80463E4	3.55537E4	5.0737E4	4.12168E6	1.12246E4	1651.36078	766.59479	745.57437
412	4.69959E5	4.32097E5	3.61296E5	2.98476E5	2.70127E5	2.5902E5	2.53297E5	2.54343E5	2.43463E5	2.28907E5	2.02042E5	1.77634E5	5.97734E5	1.14918E5	6.1497E4	3.77101E4	3.57419E4	3.71341E6	1.09115E5	2065.20014	927.93594	622.15937
414	4.9196E5	4.39186E5	3.69951E5	2.97728E5	2.68992E5	2.5752E5	2.514E5	2.53523E5	2.45058E5	2.29536E5	2.0621E5	1.78477E5	5.13621E5	1.55938E5	6.41826E4	4.13452E4	3.18242E4	2.48088E6	5.68024E5	2670.28372	1045.81095	616.35885
416	4.77853E5	4.38799E5	3.74796E5	3.097E5	2.78045E5	2.61607E5	2.57247E5	2.59848E5	2.50967E5	2.32627E5	2.10462E5	1.78929E5	3.92855E5	2.24404E5	6.84842E4	4.45826E4	3.07585E4	1.03984E6	1.71064E6	3587.45622	1191.84955	747.82792
418	5.0644E5	4.37873E5	3.72401E5	3.14978E5	2.77108E5	2.61037E5	2.51744E5	2.55609E5	2.49995E5	2.32805E5	2.15166E5	1.82917E5	2.87198E5	3.2138E5	7.31735E4	4.84279E4	3.07039E4	2.72895E5	3.11862E6	5796.54884	1217.93537	674.3553
420	5.087E5	4.50243E5	3.81949E5	3.15778E5	2.80683E5	2.69483E5	2.54881E5	2.56287E5	2.50038E5	2.3452E5	2.17009E5	1.86377E5	2.15708E5	4.35252E5	7.89266E4	5.0042E4	3.15995E4	4.95405E4	3.96827E6	1.16337E4	1373.89064	810.14519
422	4.99164E5	4.5103E5	3.85629E5	3.27929E5	2.82784E5	2.67583E5	2.5333E5	2.53809E5	2.47123E5	2.38781E5	2.21974E5	1.90374E5	1.8475E5	5.17462E5	8.48033E4	5.37783E4	3.42421E4	3.19062E4	3.62498E6	1.22749E5	1886.67671	772.16344
424	5.01019E5	4.50896E5	3.96369E5	3.29257E5	2.89061E5	2.65234E5	2.57214E5	2.55113E5	2.51916E5	2.40442E5	2.21846E5	1.92256E5	1.76162E5	5.39111E5	9.58084E4	5.73877E4	3.62102E4	2.89372E4	2.33483E6	6.20724E5	2387.45559	839.9801
426	5.14826E5	4.62791E5	3.94817E5	3.31628E5	2.92822E5	2.65929E5	2.56544E5	2.57992E5	2.5041E5	2.43439E5	2.25325E5	1.95896E5	1.74147E5	4.95999E5	1.20592E5	6.03039E4	3.99405E4	2.77618E4	9.4809E5	1.832E6	3158.13603	847.81513
428	4.98853E5	4.77662E5	4.09177E5	3.3996E5	2.92552E5	2.67921E5	2.56163E5	2.53616E5	2.50222E5	2.40945E5	2.26711E5	2.00829E5	1.76886E5	3.99589E5	1.66571E5	6.41472E4	4.32246E4	2.78157E4	2.27626E5	3.22146E6	5237.73202	969.28141
430	4.90734E5	4.85333E5	4.16443E5	3.42447E5	2.93149E5	2.6534E5	2.55341E5	2.53358E5	2.51218E5	2.42759E5	2.24467E5	2.02762E5	1.77434E5	2.99573E5	2.39885E5	6.71157E4	4.48322E4	2.7257E4	4.24038E4	3.87205E6	1.09624E4	1589.82373
432	5.18877E5	4.80443E5	4.13013E5	3.45369E5	2.97175E5	2.68695E5	2.54698E5	2.52338E5	2.49743E5	2.43312E5	2.28771E5	2.06265E5	1.81319E5	2.25232E5	3.27108E5	7.13107E4	4.76515E4	2.95331E4	3.02887E4	3.31391E6	1.17802E5	1549.96826
434	5.31023E5	4.84191E5	4.19108E5	3.53072E5	2.98956E5	2.69861E5	2.53685E5	2.5238E5	2.49579E5	2.42944E5	2.30506E5	2.06477E5	1.82876E5	1.84679E5	4.02661E5	7.52069E4	4.94549E4	3.18674E4	2.74293E4	1.97816E6	6.10643E5	2078.56078
436	5.30479E5	4.84054E5	4.22349E5	3.55887E5	3.01963E5	2.73169E5	2.52669E5	2.56644E5	2.49568E5	2.4033E5	2.31268E5	2.08484E5	1.85044E5	1.69322E5	4.46858E5	8.25592E4	5.38984E4	3.4592E4	2.60596E4	7.87055E5	1.62062E6	2857.32744
438	5.12083E5	4.90504E5	4.30507E5	3.61853E5	3.10143E5	2.70926E5	2.52647E5	2.49183E5	2.50457E5	2.42997E5	2.32465E5	2.10397E5	1.88268E5	1.68303E5	4.40481E5	9.71944E4	5.61553E4	3.87965E4	2.5587E4	2.0113E5	2.79855E6	4209.08321
440	4.99984E5	4.90682E5	4.31911E5	3.64997E5	3.05646E5	2.6837E5	2.53151E5	2.5085E5	2.4692E5	2.42933E5	2.29205E5	2.13126E5	1.90545E5	1.66351E5	3.84898E5	1.22392E5	5.82065E4	4.12296E4	2.66544E4	3.80957E4	3.48772E6	8595.00788
442	5.13783E5	4.87766E5	4.29466E5	3.67646E5	3.08068E5	2.72266E5	2.52448E5	2.46397E5	2.46726E5	2.43034E5	2.31786E5	2.13108E5	1.92189E5	1.67806E5	3.09103E5	1.65613E5	6.17317E4	4.24155E4	2.74658E4	2.82038E4	3.106E6	7.45789E4
444	4.95189E5	4.83489E5	4.29363E5	3.65605E5	3.08656E5	2.70329E5	2.49033E5	2.48411E5	2.41286E5	2.40338E5	2.31485E5	2.13884E5	1.9415E5	1.6851E5	2.33899E5	2.24049E5	6.50731E4	4.50883E4	2.94497E4	2.57361E4	2.10058E6	4.10594E5
446	5.15143E5	4.92552E5	4.46153E5	3.73211E5	3.13006E5	2.69318E5	2.50425E5	2.43817E5	2.4302E5	2.39388E5	2.29109E5	2.14446E5	1.94676E5	1.70232E5	1.85153E5	2.91444E5	6.76592E4	4.61366E4	3.16712E4	2.42888E4	8.58269E5	1.34504E6
448	5.18949E5	5.01891E5	4.32305E5	3.74977E5	3.13862E5	2.71216E5	2.46795E5	2.43542E5	2.39837E5	2.36415E5	2.27588E5	2.1332E5	1.95318E5	1.73932E5	1.55765E5	3.48698E5	7.28475E4	4.97173E4	3.44756E4	2.4012E4	2.07927E5	2.77014E6
450	5.21008E5	4.92062E5	4.33488E5	3.76459E5	3.12411E5	2.6981E5	2.44609E5	2.39166E5	2.37399E5	2.37367E5	2.29811E5	2.14627E5	1.97015E5	1.74494E5	1.48741E5	3.77447E5	8.07599E4	5.32876E4	3.72165E4	2.58978E4	3.83475E4	3.74545E6
452	5.03091E5	4.87757E5	4.38456E5	3.76517E5	3.13754E5	2.68863E5	2.38925E5	2.38118E5	2.36046E5	2.34675E5	2.28166E5	2.17406E5	1.99692E5	1.78762E5	1.47E5	3.59933E5	9.72866E4	5.61445E4	3.93398E4	2.64878E4	2.62195E4	3.49015E6
454	5.14329E5	4.82138E5	4.40537E5	3.79968E5	3.14954E5	2.64351E5	2.39635E5	2.35582E5	2.35245E5	2.32421E5	2.25478E5	2.12759E5	1.98656E5	1.79683E5	1.46906E5	3.10485E5	1.26507E5	5.82743E4	4.14395E4	2.84106E4	2.41215E4	2.35818E6
456	5.04372E5	4.84738E5	4.36995E5	3.7814E5	3.11942E5	2.65099E5	2.4277E5	2.33015E5	2.31015E5	2.29336E5	2.26936E5	2.14082E5	1.9844E5	1.79996E5	1.46183E5	2.47452E5	1.69649E5	6.06283E4	4.37633E4	3.07256E4	2.27067E4	9.5886E5
458	5.15183E5	4.90271E5	4.36323E5	3.77925E5	3.1391E5	2.68257E5	2.39492E5	2.30116E5	2.27918E5	2.25735E5	2.23156E5	2.10756E5	1.97108E5	1.78953E5	1.47727E5	1.89917E5	2.21987E5	6.40096E4	4.62843E4	3.19224E4	2.24076E4	2.33602E5
460	5.25475E5	4.7774E5	4.49936E5	3.74221E5	3.10057E5	2.63402E5	2.35037E5	2.28447E5	2.22829E5	2.23048E5	2.22422E5	2.0861E5	1.97045E5	1.80467E5	1.50089E5	1.51537E5	2.75379E5	6.62998E4	4.77831E4	3.39526E4	2.2404E4	3.94584E4
462	4.91845E5	4.77505E5	4.41461E5	3.76861E5	3.12878E5	2.67625E5	2.33513E5	2.24574E5	2.22756E5	2.20759E5	2.1846E5	2.07712E5	1.97983E5	1.79808E5	1.48718E5	1.3287E5	3.09035E5	7.06527E4	4.99824E4	3.6034E4	2.39784E4	2.40914E4
464	4.80323E5	4.86148E5	4.42874E5	3.71308E5	3.10189E5	2.60034E5	2.33604E5	2.20886E5	2.19893E5	2.20293E5	2.16192E5	2.07686E5	1.95616E5	1.82016E5	1.5087E5	1.26235E5	3.13509E5	7.8371E4	5.11995E4	3.75541E4	2.47916E4	2.1593E4
466	5.23652E5	4.81653E5	4.31555E5	3.70815E5	3.06543E5	2.59439E5	2.30629E5	2.21017E5	2.14065E5	2.14948E5	2.12536E5	2.04779E5	1.95819E5	1.79623E5	1.50101E5	1.25363E5	2.89288E5	9.47211E4	5.53823E4	4.01178E4	2.48929E4	2.09604E4
468	6.21131E5	4.75156E5	4.26696E5	3.68879E5	3.03533E5	2.58088E5	2.28925E5	2.2118E5	2.14151E5	2.12672E5	2.10253E5	2.03587E5	1.93101E5	1.79542E5	1.50841E5	1.24826E5	2.43412E5	1.2248E5	5.5426E4	4.04437E4	2.66379E4	2.00594E4
470	1.01232E6	4.71196E5	4.24441E5	3.71836E5	3.03188E5	2.57182E5	2.27343E5	2.16124E5	2.10348E5	2.09323E5	2.073E5	2.00858E5	1.92597E5	1.79304E5	1.50676E5	1.25563E5	1.92146E5	1.56984E5	5.63524E4	4.24919E4	2.85975E4	1.94756E4
472	1.94299E6	4.68548E5	4.1597E5	3.70086E5	3.06427E5	2.53251E5	2.24377E5	2.12587E5	2.09868E5	2.06002E5	2.05037E5	1.96737E5	1.91145E5	1.79129E5	1.48878E5	1.24141E5	1.49976E5	2.03417E5	5.77076E4	4.45897E4	3.05041E4	1.9979E4
474	3.60379E6	4.78692E5	4.26218E5	3.69676E5	3.03573E5	2.51856E5	2.19334E5	2.06811E5	2.0506E5	2.05568E5	2.02517E5	1.93778E5	1.88394E5	1.76794E5	1.51332E5	1.24795E5	1.22708E5	2.42549E5	6.07822E4	4.50537E4	3.2275E4	2.03685E4
476	5.8969E6	4.46098E5	4.14295E5	3.63312E5	2.97126E5	2.48773E5	2.16257E5	2.06214E5	2.02207E5	2.00019E5	1.98847E5	1.94968E5	1.86463E5	1.77339E5	1.49442E5	1.23878E5	1.10596E5	2.69936E5	6.47611E4	4.68566E4	3.41462E4	2.16427E4
478	8.69201E6	4.56512E5	4.10971E5	3.59589E5	3.00223E5	2.46367E5	2.14998E5	1.99677E5	1.96543E5	1.95158E5	1.95672E5	1.90279E5	1.82971E5	1.74527E5	1.49068E5	1.24494E5	1.07202E5	2.69432E5	7.38851E4	4.71788E4	3.32015E4	2.26835E4
480	1.13094E7	4.55542E5	4.10702E5	3.55558E5	2.95805E5	2.39657E5	2.10392E5	2.00481E5	1.92859E5	1.9515E5	1.8996E5	1.86312E5	1.80044E5	1.71412E5	1.46517E5	1.22567E5	1.05462E5	2.41516E5	9.02625E4	4.80144E4	3.46109E4	2.31829E4
482	1.26627E7	4.37229E5	4.06642E5	3.56401E5	2.9171E5	2.39834E5	2.08076E5	1.9603E5	1.91024E5	1.89284E5	1.85814E5	1.81746E5	1.7827E5	1.70695E5	1.45078E5	1.22273E5	1.05003E5	2.00711E5	1.16942E5	4.82316E4	3.49194E4	2.37923E4
484	1.22783E7	4.45537E5	3.95584E5	3.45896E5	2.85843E5	2.36145E5	2.05747E5	1.90524E5	1.86649E5	1.86904E5	1.81779E5	1.77066E5	1.74787E5	1.66499E5	1.46226E5	1.22106E5	1.04393E5	1.54706E5	1.49439E5	4.98637E4	3.64205E4	2.6699E4
486	1.02373E7	4.60025E5	3.83284E5	3.46968E5	2.85142E5	2.36451E5	2.03285E5	1.8864E5	1.8271E5	1.83235E5	1.81621E5	1.76282E5	1.72349E5	1.66904E5	1.43161E5	1.19732E5	1.02181E5	1.21586E5	1.85169E5	5.26059E4	3.68206E4	2.78093E4
488	7.50406E6	6.42623E5	3.87395E5	3.46868E5	2.81882E5	2.29797E5	2.02287E5	1.83723E5	1.8018E5	1.77037E5	1.77692E5	1.73239E5	1.68096E5	1.64102E5	1.41312E5	1.20573E5	1.01925E5	1.00853E5	2.13998E5	5.35212E4	3.79212E4	2.71939E4
490	4.52753E6	1.18809E6	3.66167E5	3.33332E5	2.74724E5	2.27404E5	1.95937E5	1.81215E5	1.75354E5	1.7474E5	1.74178E5	1.68564E5	1.64921E5	1.62404E5	1.41757E5	1.21561E5	1.00533E5	9.42992E4	2.30611E5	5.98024E4	3.79184E4	2.83678E4
492	2.23922E6	2.47001E6	3.77828E5	3.28544E5	2.7573E5	2.26678E5	1.94241E5	1.80139E5	1.7266E5	1.71679E5	1.71649E5	1.66254E5	1.64084E5	1.58635E5	1.39695E5	1.19155E5	1.01049E5	8.94313E4	2.23635E5	6.9251E4	3.86358E4	2.8281E4
494	9.83084E5	4.51294E6	3.71753E5	3.27314E5	2.67435E5	2.22587E5	1.90783E5	1.77309E5	1.68372E5	1.67894E5	1.66802E5	1.62418E5	1.59318E5	1.55695E5	1.38387E5	1.17849E5	1.00707E5	8.5455E4	2.01767E5	8.23856E4	3.97283E4	2.83036E4
496	5.49153E5	7.27147E6	3.6774E5	3.29556E5	2.67855E5	2.16514E5	1.86168E5	1.73743E5	1.6673E5	1.63788E5	1.63614E5	1.60605E5	1.56824E5	1.55029E5	1.36964E5	1.17308E5	9.85775E4	8.71994E4	1.63025E5	1.07094E5	4.02332E4	2.94663E4
498	5.03656E5	1.01949E7	3.62567E5	3.21135E5	2.64136E5	2.1704E5	1.84505E5	1.681E5	1.61989E5	1.61276E5	1.61824E5	1.57048E5	1.53767E5	1.51692E5	1.32684E5	1.14664E5	9.94917E4	8.47538E4	1.28743E5	1.34541E5	4.1594E4	3.00677E4
500	4.65375E5	1.26236E7	3.57124E5	3.21051E5	2.58421E5	2.12633E5	1.8281E5	1.67881E5	1.61824E5	1.5951E5	1.56661E5	1.54898E5	1.51737E5	1.48537E5	1.31378E5	1.14155E5	9.87891E4	8.47742E4	1.02362E5	1.638E5	4.25321E4	3.08899E4
502	4.63546E5	1.38088E7	3.58297E5	3.10137E5	2.60272E5	2.08797E5	1.77999E5	1.63297E5	1.55546E5	1.52243E5	1.5296E5	1.53532E5	1.48754E5	1.45744E5	1.29844E5	1.12787E5	9.7286E4	8.45568E4	8.57598E4	1.83939E5	4.4683E4	3.04001E4
504	4.6835E5	1.30517E7	3.55314E5	3.06757E5	2.5071E5	2.06189E5	1.7876E5	1.62246E5	1.53318E5	1.51685E5	1.49735E5	1.47318E5	1.4646E5	1.42862E5	1.28254E5	1.12722E5	9.53311E4	8.40768E4	7.64003E4	1.93428E5	4.84231E4	3.15484E4
506	4.44055E5	1.06914E7	3.72422E5	3.03115E5	2.48793E5	2.05059E5	1.75141E5	1.60187E5	1.522E5	1.48413E5	1.46493E5	1.44612E5	1.43014E5	1.39195E5	1.25453E5	1.08022E5	9.4199E4	8.14947E4	7.28015E4	1.85999E5	5.68192E4	3.16863E4
508	4.53907E5	7.73905E6	5.61491E5	2.91505E5	2.4946E5	2.03759E5	1.7028E5	1.53838E5	1.48934E5	1.45539E5	1.41725E5	1.43548E5	1.39855E5	1.37607E5	1.23103E5	1.07202E5	9.48531E4	8.09713E4	6.92732E4	1.63888E5	6.95177E4	3.1542E4
510	5.14482E5	4.55295E6	1.23678E6	2.94966E5	2.42593E5	1.9716E5	1.66113E5	1.52126E5	1.46553E5	1.41908E5	1.3985E5	1.34386E5	1.3467E5	1.33867E5	1.2134E5	1.05772E5	9.27884E4	7.99459E4	6.99199E4	1.32603E5	8.87202E4	3.23502E4
512	6.31823E5	2.0427E6	2.79342E6	2.93655E5	2.34626E5	1.91649E5	1.62392E5	1.51618E5	1.39316E5	1.38229E5	1.37332E5	1.34146E5	1.33523E5	1.31901E5	1.16825E5	1.03115E5	9.11866E4	7.85758E4	6.94031E4	1.01306E5	1.11879E5	3.35152E4
514	8.32786E5	8.54203E5	5.1584E6	2.81923E5	2.3508E5	1.90697E5	1.58571E5	1.46082E5	1.39719E5	1.32345E5	1.33587E5	1.28725E5	1.28447E5	1.26868E5	1.14065E5	1.01746E5	8.94952E4	7.68829E4	6.78592E4	7.92852E4	1.34925E5	3.45995E4
516	1.10774E6	5.13975E5	8.13499E6	2.76111E5	2.29324E5	1.85725E5	1.59679E5	1.42672E5	1.33347E5	1.31584E5	1.28259E5	1.28332E5	1.28028E5	1.26228E5	1.13536E5	1.00543E5	8.80358E4	7.59991E4	6.7893E4	6.70721E4	1.51766E5	3.59742E4
518	1.50245E6	4.38644E5	1.1269E7	2.7163E5	2.30944E5	1.82966E5	1.55261E5	1.37463E5	1.32921E5	1.29534E5	1.2783E5	1.25491E5	1.2435E5	1.23312E5	1.11428E5	9.79163E4	8.75505E4	7.63879E4	6.5792E4	6.01311E4	1.57207E5	3.94934E4
520	1.93157E6	4.17471E5	1.36629E7	2.63942E5	2.2527E5	1.81619E5	1.53344E5	1.3817E5	1.29773E5	1.26673E5	1.23048E5	1.23372E5	1.21639E5	1.21702E5	1.08621E5	9.57852E4	8.55682E4	7.3571E4	6.37335E4	5.77762E4	1.51342E5	4.70636E4
522	2.32387E6	3.97423E5	1.43769E7	2.58416E5	2.08696E5	1.78626E5	1.4947E5	1.34126E5	1.26805E5	1.23371E5	1.20812E5	1.1768E5	1.17968E5	1.16842E5	1.08073E5	9.42439E4	8.32765E4	7.32124E4	6.37629E4	5.66314E4	1.31922E5	5.72792E4
524	2.51286E6	3.70235E5	1.31826E7	2.75905E5	2.13744E5	1.74395E5	1.47384E5	1.31124E5	1.2357E5	1.18767E5	1.16764E5	1.15385E5	1.15115E5	1.14097E5	1.02177E5	9.23128E4	8.22155E4	7.21272E4	6.21419E4	5.47325E4	1.06588E5	7.31576E4
526	2.5971E6	3.74864E5	1.06704E7	2.85964E5	2.07093E5	1.73029E5	1.41538E5	1.29416E5	1.21434E5	1.16349E5	1.14329E5	1.12587E5	1.1369E5	1.13064E5	1.01558E5	9.16962E4	8.06863E4	7.15226E4	6.20391E4	5.37886E4	8.25151E4	9.2965E4
528	2.43208E6	3.61651E5	7.50807E6	4.89034E5	2.05631E5	1.67614E5	1.38822E5	1.26604E5	1.16976E5	1.14521E5	1.12321E5	1.09036E5	1.07457E5	1.09139E5	9.96293E4	8.94956E4	7.82134E4	6.87433E4	5.89837E4	5.26402E4	6.38694E4	1.09632E5
530	2.1287E6	3.42844E5	4.32637E6	1.23734E6	2.02557E5	1.63473E5	1.3571E5	1.23561E5	1.16844E5	1.1133E5	1.07083E5	1.09128E5	1.07323E5	1.05876E5	9.56447E4	8.62471E4	7.77689E4	6.8375E4	6.00573E4	5.08494E4	5.50502E4	1.24859E5
532	1.70303E6	3.88025E5	1.92764E6	2.85661E6	1.99952E5	1.64234E5	1.35681E5	1.21331E5	1.14235E5	1.09071E5	1.07844E5	1.03818E5	1.06067E5	1.04071E5	9.53041E4	8.53789E4	7.60527E4	6.68262E4	5.95582E4	4.93834E4	4.57185E4	1.29245E5
534	1.18321E6	4.83149E5	7.30022E5	5.44886E6	1.97543E5	1.54631E5	1.32288E5	1.15335E5	1.0864E5	1.05533E5	1.03369E5	1.0161E5	1.02017E5	9.98658E4	9.08215E4	8.26435E4	7.4014E4	6.44491E4	5.73709E4	4.94142E4	4.28936E4	1.27353E5
536	8.09441E5	6.50196E5	4.07483E5	8.52698E6	1.89778E5	1.59793E5	1.2677E5	1.15618E5	1.10183E5	1.0278E5	1.01347E5	9.99031E4	9.90602E4	9.78425E4	9.09343E4	7.95255E4	7.04643E4	6.50549E4	5.64962E4	4.90438E4	4.16415E4	1.0974E5
538	5.39523E5	9.49391E5	3.7445E5	1.16524E7	1.90041E5	1.51634E5	1.2889E5	1.12686E5	1.05359E5	1.01909E5	1.00716E5	9.49999E4	9.50323E4	9.63507E4	8.73434E4	7.78368E4	6.84576E4	6.28336E4	5.49154E4	4.78868E4	4.16147E4	8.90072E4
540	3.93842E5	1.31857E6	3.26978E5	1.3913E7	1.81596E5	1.49691E5	1.2614E5	1.0867E5	1.02925E5	1.00423E5	9.76315E4	9.41974E4	9.32308E4	9.18496E4	8.53239E4	7.7096E4	6.84851E4	6.04413E4	5.29908E4	4.57354E4	3.93233E4	6.75323E4
542	3.26462E5	1.75925E6	3.10396E5	1.42875E7	1.89116E5	1.46947E5	1.20917E5	1.09076E5	9.97572E4	9.53719E4	9.42058E4	9.11763E4	8.91629E4	9.11303E4	8.24326E4	7.23563E4	6.79675E4	6.0347E4	5.31871E4	4.59014E4	3.90451E4	5.14419E4
544	2.85093E5	2.24539E6	3.02456E5	1.29392E7	1.8891E5	1.42939E5	1.17414E5	1.02166E5	9.60728E4	9.1906E4	9.05289E4	8.65038E4	8.83135E4	8.66913E4	7.96616E4	7.20094E4	6.57333E4	5.76114E4	5.1256E4	4.43299E4	3.90395E4	4.07118E4
546	2.90061E5	2.58835E6	2.9082E5	1.02981E7	2.16072E5	1.42259E5	1.16307E5	1.05768E5	9.64708E4	9.10786E4	8.85313E4	8.47954E4	8.69327E4	8.41915E4	7.86512E4	6.86271E4	6.30417E4	5.73671E4	5.09154E4	4.44243E4	3.74676E4	3.56875E4
548	2.56248E5	2.75537E6	2.7726E5	7.10438E6	4.79159E5	1.35204E5	1.12069E5	1.00804E5	9.24864E4	9.02285E4	8.47462E4	8.40922E4	8.17941E4	8.34364E4	7.62695E4	6.92185E4	6.17812E4	5.64936E4	4.95161E4	4.32521E4	3.75222E4	3.40765E4
550	2.4863E5	2.72302E6	2.67165E5	3.94932E6	1.28969E6	1.34802E5	1.11271E5	9.92529E4	9.05044E4	8.61854E4	8.38856E4	8.07405E4	8.01984E4	7.9884E4	7.25491E4	6.66905E4	5.93866E4	5.32369E4	4.82075E4	4.30913E4	3.62025E4	3.2406E4
552	2.32691E5	2.51341E6	2.70668E5	1.7186E6	2.99544E6	1.29053E5	1.07298E5	9.86505E4	8.82422E4	8.29888E4	8.21837E4	7.85762E4	8.04007E4	7.90933E4	7.10595E4	6.5882E4	5.87342E4	5.22997E4	4.62422E4	4.20784E4	3.52769E4	3.15086E4
554	2.28039E5	2.08497E6	2.85931E5	6.40023E5	5.48713E6	1.33555E5	1.04799E5	9.32794E4	8.66722E4	8.08704E4	7.95079E4	7.70874E4	7.82909E4	7.57686E4	7.15808E4	6.25418E4	5.72105E4	5.0805E4	4.53782E4	4.027E4	3.42289E4	3.15792E4
556	2.40646E5	1.60743E6	3.30274E5	3.43753E5	8.4076E6	1.31784E5	1.04711E5	9.0849E4	8.50194E4	8.12378E4	7.64347E4	7.34558E4	7.52471E4	7.35562E4	6.70793E4	6.19019E4	5.5497E4	4.9836E4	4.53766E4	4.02513E4	3.24068E4	2.87775E4
558	2.2604E5	1.0946E6	4.49902E5	2.93951E5	1.12924E7	1.24896E5	1.0131E5	8.63362E4	8.27307E4	7.57026E4	7.67103E4	7.32733E4	7.16918E4	7.06653E4	6.66414E4	5.98378E4	5.39568E4	4.9239E4	4.35415E4	3.86818E4	3.31925E4	2.89504E4
560	2.09421E5	7.32483E5	6.56052E5	2.6649E5	1.33744E7	1.24294E5	9.90491E4	8.75474E4	7.91635E4	7.43771E4	7.13227E4	7.25882E4	7.05824E4	6.76393E4	6.40425E4	5.77389E4	5.40011E4	4.77221E4	4.28965E4	3.72054E4	3.16378E4	2.76536E4
562	2.0805E5	4.595E5	9.70126E5	2.53711E5	1.37716E7	1.26033E5	9.68765E4	8.80184E4	7.69007E4	7.22861E4	7.08459E4	6.83758E4	6.70298E4	6.70883E4	6.20962E4	5.49683E4	4.95365E4	4.56585E4	4.12764E4	3.68136E4	3.07614E4	2.75591E4
564	2.13859E5	3.06243E5	1.35111E6	2.47346E5	1.23751E7	1.30805E5	9.26002E4	8.189E4	7.40065E4	7.09049E4	6.71184E4	6.89713E4	6.55771E4	6.43691E4	5.98299E4	5.49816E4	4.9277E4	4.44833E4	4.07889E4	3.5718E4	3.05228E4	2.6667E4
566	2.16492E5	2.37655E5	1.78833E6	2.41285E5	9.71758E6	1.56375E5	9.42009E4	8.11545E4	7.40493E4	6.81609E4	6.78923E4	6.31448E4	6.26039E4	6.4136E4	5.98029E4	5.32122E4	4.68457E4	4.30915E4	3.95199E4	3.47473E4	3.04436E4	2.4628E4
568	2.26847E5	2.17937E5	2.1997E6	2.29305E5	6.40954E6	4.0285E5	9.30059E4	7.6268E4	7.16445E4	6.64383E4	6.44213E4	6.20241E4	6.17478E4	6.12721E4	5.68857E4	5.22893E4	4.66397E4	4.12598E4	3.84142E4	3.40396E4	2.86964E4	2.51306E4
570	2.1378E5	1.96251E5	2.5037E6	2.21513E5	3.44481E6	1.2483E6	9.18902E4	7.56127E4	7.11816E4	6.595E4	6.29426E4	6.09704E4	5.97928E4	5.9664E4	5.34452E4	4.97383E4	4.54198E4	4.06707E4	3.54035E4	3.20753E4	2.83198E4	2.43563E4
572	2.21973E5	1.98023E5	2.56959E6	2.18102E5	1.48486E6	2.93692E6	8.63577E4	7.53947E4	7.13696E4	6.33692E4	6.13074E4	5.91128E4	5.80672E4	5.65823E4	5.29412E4	4.77708E4	4.35678E4	4.06777E4	3.5935E4	3.1785E4	2.81613E4	2.3618E4
574	2.26115E5	1.80113E5	2.50358E6	2.21256E5	5.24606E5	5.44759E6	8.98515E4	7.35416E4	6.55935E4	6.3252E4	6.14885E4	5.87461E4	5.72753E4	5.65675E4	5.26474E4	4.82519E4	4.11846E4	3.86293E4	3.50552E4	3.202E4	2.63365E4	2.32674E4
576	1.96971E5	1.74846E5	2.21662E6	2.26031E5	2.79357E5	8.30002E6	8.5638E4	7.18078E4	6.49094E4	5.82372E4	5.7208E4	5.52946E4	5.38138E4	5.45317E4	4.87945E4	4.53742E4	4.18855E4	3.87609E4	3.53215E4	3.08764E4	2.5469E4	2.30089E4
578	2.09559E5	1.69311E5	1.78702E6	2.44565E5	2.43203E5	1.1211E7	8.67718E4	6.79627E4	6.40661E4	6.02817E4	5.712E4	5.42505E4	5.30123E4	5.34087E4	4.94926E4	4.35664E4	3.88449E4	3.57939E4	3.30951E4	2.84221E4	2.63019E4	2.16237E4
580	1.89506E5	1.83807E5	1.37488E6	2.95927E5	2.24856E5	1.3236E7	8.65543E4	6.90365E4	6.21654E4	5.89983E4	5.35583E4	5.19978E4	5.11091E4	5.23012E4	4.70872E4	4.17591E4	3.86266E4	3.53948E4	3.22494E4	2.93524E4	2.47778E4	2.17331E4
582	1.95205E5	1.69776E5	9.52591E5	4.24939E5	2.13238E5	1.34529E7	8.67583E4	6.8415E4	6.0028E4	5.57554E4	5.37025E4	5.02232E4	4.8351E4	4.88608E4	4.53809E4	4.12071E4	3.73809E4	3.49578E4	3.06084E4	2.79035E4	2.56779E4	2.17851E4
584	1.82662E5	1.71214E5	6.34083E5	6.12528E5	2.07001E5	1.18398E7	9.11339E4	6.74103E4	5.98205E4	5.48634E4	5.28009E4	4.95845E4	4.77499E4	4.72996E4	4.37814E4	4.04901E4	3.74672E4	3.26906E4	3.0923E4	2.77426E4	2.29834E4	2.0652E4
586	1.76457E5	1.53901E5	3.96754E5	9.11617E5	2.02996E5	9.15466E6	1.19268E5	6.49769E4	5.69109E4	5.26555E4	5.02456E4	4.80521E4	4.69426E4	4.67699E4	4.14161E4	3.99611E4	3.58027E4	3.25496E4	3.00239E4	2.62959E4	2.36954E4	2.04685E4
588	1.96528E5	1.53142E5	2.75488E5	1.26626E6	1.97436E5	5.93747E6	3.53142E5	6.63693E4	5.63283E4	5.20669E4	4.81055E4	4.86237E4	4.65959E4	4.51845E4	4.16465E4	3.77879E4	3.44613E4	3.16164E4	2.88713E4	2.50051E4	2.12555E4	1.92377E4
590	1.95256E5	1.65186E5	2.20751E5	1.64434E6	1.99019E5	3.0368E6	1.15496E6	6.57856E4	5.42973E4	5.08327E4	4.93326E4	4.46006E4	4.50141E4	4.29575E4	3.96655E4	3.67433E4	3.32553E4	3.02925E4	2.80311E4	2.4963E4	2.12848E4	1.90743E4
592	1.83886E5	1.58078E5	1.88421E5	2.0189E6	1.95785E5	1.19997E6	2.83405E6	6.2253E4	5.385E4	4.70293E4	4.70193E4	4.38925E4	4.13769E4	4.11536E4	3.90928E4	3.48466E4	3.30144E4	2.9443E4	2.74727E4	2.42682E4	2.07999E4	1.8312E4
594	2.02048E5	1.50202E5	1.82747E5	2.26271E6	1.93328E5	4.07665E5	5.26702E6	6.51821E4	5.20359E4	4.51864E4	4.52377E4	4.18604E4	4.12051E4	4.03368E4	3.65257E4	3.37296E4	3.05304E4	2.82331E4	2.59086E4	2.38694E4	2.04658E4	1.67413E4
596	1.8187E5	1.58363E5	1.65345E5	2.31718E6	1.8746E5	2.2238E5	7.93595E6	5.97054E4	5.16627E4	4.5734E4	4.50197E4	4.13362E4	4.01479E4	3.83751E4	3.57334E4	3.29186E4	2.91249E4	2.77216E4	2.46197E4	2.21071E4	2.0493E4	1.75571E4
598	1.37127E5	1.42913E5	1.66802E5	2.21949E6	1.92572E5	1.90932E5	1.0278E7	6.33336E4	5.28989E4	4.44507E4	4.53256E4	3.88124E4	3.82418E4	3.81964E4	3.47927E4	3.30307E4	2.97036E4	2.7812E4	2.43184E4	2.34364E4	1.90801E4	1.63987E4
600	1.48451E5	1.71222E5	1.661E5	1.96915E6	1.97816E5	1.77546E5	1.16823E7	6.17079E4	4.77609E4	4.2324E4	3.96646E4	3.87079E4	3.75845E4	3.6778E4	3.54765E4	3.28675E4	2.95449E4	2.65E4	2.39955E4	2.10453E4	1.81363E4	1.66592E4
