300	4.38416E4	6.20947E4	1.22191E5	2.51811E5	4.0947E5	2.59678E5	1.06782E6	3.20159E4	3.14641E4	3.62935E4	3.89277E4	3.76655E4	3.62296E4	3.2284E4	2.77705E4	2.14448E4	1.73601E4	1.40815E4	1.1457E4	7804.37393	6226.7312	4589.77372
302	6.85212E4	7.00345E4	1.37991E5	2.83568E5	4.79206E5	3.12396E5	9.9406E5	8.34204E4	3.42892E4	3.70604E4	3.68075E4	3.61975E4	3.57193E4	3.10902E4	2.72931E4	2.24686E4	1.78763E4	1.3114E4	9904.09989	7891.97438	5509.85924	4203.40205
304	5.66341E4	8.67218E4	1.58256E5	3.23306E5	5.54001E5	3.70187E5	6.90373E5	2.93005E5	3.2256E4	3.37587E4	3.65105E4	3.67205E4	3.43336E4	3.01618E4	2.57223E4	2.11581E4	1.69181E4	1.29231E4	1.07212E4	7259.80277	5647.37415	4499.44563
306	6.67842E4	1.01878E5	1.82923E5	3.55086E5	6.13175E5	4.26993E5	3.85724E5	7.66311E5	3.26195E4	3.41932E4	3.48335E4	3.44497E4	3.29226E4	3.10604E4	2.53566E4	2.06695E4	1.64358E4	1.30066E4	9550.74024	7454.94804	5416.16954	3882.06228
308	6.97296E4	1.18825E5	2.19888E5	3.88949E5	6.70071E5	4.95505E5	2.46508E5	1.41789E6	3.47025E4	3.36398E4	3.50591E4	3.53115E4	3.26638E4	3.16168E4	2.5057E4	2.08971E4	1.53651E4	1.28558E4	9061.19913	7637.4693	5633.90048	4149.89313
310	8.1081E4	1.26772E5	2.44395E5	4.41651E5	7.1917E5	5.76858E5	2.50308E5	1.8219E6	4.23129E4	3.40748E4	3.46996E4	3.41352E4	3.27329E4	2.84538E4	2.46787E4	2.07578E4	1.64115E4	1.30727E4	8892.40013	7336.27006	5454.91295	4066.43244
312	9.48872E4	1.57604E5	2.75744E5	4.83135E5	7.65743E5	6.68683E5	3.17717E5	1.68896E6	1.25456E5	3.11999E4	3.44995E4	3.24515E4	3.16755E4	2.83382E4	2.37672E4	2.00803E4	1.54841E4	1.18108E4	9193.85328	7601.1963	5408.71905	3818.48273
314	1.00972E5	1.60563E5	3.08211E5	5.33838E5	8.23586E5	7.76864E5	4.10529E5	1.11695E6	4.87869E5	3.35672E4	3.48025E4	3.27699E4	3.10652E4	2.85188E4	2.39668E4	1.87748E4	1.5336E4	1.16014E4	9304.9208	7363.54484	4979.50811	4070.89819
316	1.13284E5	2.13406E5	3.39482E5	5.78647E5	8.88334E5	8.93913E5	5.07776E5	5.85371E5	1.2767E6	3.45736E4	3.36165E4	3.20279E4	2.97079E4	2.72041E4	2.25421E4	1.90046E4	1.51483E4	1.1254E4	8738.50237	7017.35489	4929.32044	3794.55219
318	1.32063E5	2.12922E5	4.06627E5	6.4256E5	9.47973E5	1.01054E6	6.11087E5	3.65738E5	2.22223E6	3.75043E4	3.40378E4	3.0731E4	3.04689E4	2.76871E4	2.27813E4	1.82894E4	1.50115E4	1.17179E4	8766.63798	6951.47514	5235.37918	3766.49426
320	1.51631E5	2.59997E5	4.53413E5	7.02589E5	1.01044E6	1.12455E6	7.63063E5	3.7064E5	2.69757E6	4.84123E4	3.25313E4	3.06323E4	2.88335E4	2.70464E4	2.25365E4	1.89769E4	1.4681E4	1.08281E4	8788.90738	6757.56934	5413.81429	4152.025
322	1.74709E5	2.75838E5	4.82101E5	7.60397E5	1.09371E6	1.21758E6	9.12297E5	4.74279E5	2.35249E6	1.59019E5	3.2618E4	3.078E4	2.82153E4	2.60696E4	2.23284E4	1.70161E4	1.39415E4	1.14887E4	8909.65698	6360.97899	4744.44681	3608.5083
324	1.71556E5	3.09984E5	5.36543E5	8.19257E5	1.16248E6	1.33871E6	1.10617E6	5.87344E5	1.49923E6	5.911E5	3.43784E4	2.98614E4	2.84478E4	2.56941E4	2.217E4	1.75769E4	1.34302E4	1.10274E4	8736.17555	6386.65257	4628.36308	4183.52165
326	1.99597E5	3.26488E5	5.7777E5	8.86047E5	1.24576E6	1.45802E6	1.31926E6	7.214E5	7.92477E5	1.50886E6	3.73884E4	2.97167E4	2.69044E4	2.49182E4	2.15806E4	1.68559E4	1.32747E4	1.06749E4	8390.82014	6004.34798	4654.7215	3415.10128
328	2.15368E5	3.66108E5	6.34838E5	9.46773E5	1.31596E6	1.59279E6	1.53623E6	8.82917E5	5.2193E5	2.59353E6	4.35723E4	2.96732E4	2.68277E4	2.44794E4	2.02181E4	1.69144E4	1.32823E4	1.02725E4	7863.15793	6019.59999	4970.46331	3542.79119
330	2.56296E5	4.09206E5	6.93115E5	1.03904E6	1.42213E6	1.77252E6	1.79135E6	1.06887E6	5.53884E5	3.27641E6	5.78209E4	3.13749E4	2.70709E4	2.40311E4	2.1028E4	1.64008E4	1.29653E4	1.05828E4	7784.43748	6155.55178	4554.82276	3460.69243
332	2.74821E5	4.34155E5	7.42005E5	1.09098E6	1.49701E6	1.92546E6	1.99035E6	1.27878E6	6.93811E5	2.99312E6	1.89145E5	3.11481E4	2.70318E4	2.56963E4	1.95214E4	1.60316E4	1.24992E4	9572.88486	7609.56235	5695.32526	4621.0477	3478.5305
334	2.78654E5	4.5158E5	7.93558E5	1.16832E6	1.58853E6	2.05947E6	2.19566E6	1.52017E6	8.67415E5	2.07134E6	6.93388E5	3.26802E4	2.62392E4	2.33523E4	2.031E4	1.57363E4	1.23753E4	1.01059E4	7430.09224	6008.63064	4049.86323	3496.43387
336	2.92738E5	4.88915E5	8.33546E5	1.21444E6	1.68772E6	2.21549E6	2.39978E6	1.79545E6	1.06651E6	1.18278E6	1.77185E6	3.77718E4	2.59025E4	2.33983E4	1.94228E4	1.55954E4	1.26602E4	9419.66522	7941.0971	5516.95136	4519.26261	3387.42185
338	3.38224E5	5.25861E5	8.88022E5	1.28064E6	1.77253E6	2.38563E6	2.62074E6	2.09148E6	1.27679E6	7.93732E5	3.02633E6	4.67924E4	2.76486E4	2.30596E4	1.87321E4	1.51328E4	1.22005E4	9374.69073	7565.09598	5410.24774	4491.81086	3752.15025
340	3.42385E5	5.68809E5	9.35198E5	1.34425E6	1.87438E6	2.54429E6	2.84252E6	2.40762E6	1.51799E6	8.09439E5	3.77488E6	6.81317E4	2.77926E4	2.32451E4	1.99012E4	1.44329E4	1.17136E4	9622.50184	7395.45147	5478.19629	4246.91937	2960.02563
342	3.64681E5	6.01189E5	9.62589E5	1.40246E6	1.93384E6	2.67597E6	3.05754E6	2.67423E6	1.73991E6	9.74435E5	3.41614E6	2.2709E5	3.0737E4	2.28513E4	1.82736E4	1.46731E4	1.1393E4	9091.57141	7600.81482	5351.42584	4040.20089	3367.2726
344	4.10066E5	6.2782E5	1.0273E6	1.46098E6	2.0233E6	2.82096E6	3.28893E6	2.95373E6	2.02537E6	1.19878E6	2.31951E6	9.12851E5	3.48559E4	2.30777E4	1.83692E4	1.39652E4	1.14652E4	8382.87675	6937.71449	5262.88276	3972.57835	3581.49385
346	4.31564E5	6.89191E5	1.0421E6	1.50841E6	2.09428E6	2.95314E6	3.49627E6	3.18834E6	2.33014E6	1.43481E6	1.36247E6	2.32496E6	4.16707E4	2.27228E4	1.83066E4	1.43108E4	1.13499E4	8807.38977	6903.50299	5063.0812	4111.90136	3371.53707
348	4.78315E5	7.31932E5	1.09578E6	1.55344E6	2.16962E6	3.091E6	3.72104E6	3.47172E6	2.68607E6	1.71849E6	9.96066E5	4.07891E6	5.50231E4	2.42401E4	1.73258E4	1.40193E4	1.12972E4	8405.975	6752.8079	5358.63123	3970.09865	3201.3124
350	4.64234E5	7.51736E5	1.13524E6	1.60844E6	2.2566E6	3.20957E6	3.92865E6	3.72674E6	3.06148E6	2.01818E6	1.07917E6	4.92994E6	8.23004E4	2.58513E4	1.79898E4	1.45012E4	1.14005E4	8155.37905	7036.57216	5355.46029	3895.96514	3426.41353
352	5.07012E5	8.11796E5	1.16865E6	1.66906E6	2.32325E6	3.33877E6	4.16402E6	4.0389E6	3.46557E6	2.36897E6	1.35772E6	4.36515E6	2.54895E5	3.00812E4	1.80444E4	1.40723E4	1.08141E4	8507.90727	6455.08906	4948.62205	4212.40197	3342.03359
354	5.27447E5	8.42239E5	1.22771E6	1.69629E6	2.38805E6	3.46524E6	4.34556E6	4.31135E6	3.84682E6	2.73197E6	1.66567E6	3.0415E6	8.82441E5	3.62316E4	1.83974E4	1.36687E4	1.04766E4	8406.05479	6554.34399	5332.88741	4580.00425	3499.80376
356	5.55458E5	9.03433E5	1.27851E6	1.75448E6	2.47542E6	3.59199E6	4.55195E6	4.64171E6	4.22662E6	3.13181E6	2.01351E6	1.87852E6	2.25412E6	4.77339E4	1.9536E4	1.38775E4	1.08761E4	8530.61474	6483.14441	5368.83013	4522.997	3315.35523
358	6.24362E5	9.51381E5	1.32482E6	1.79496E6	2.55671E6	3.70581E6	4.7561E6	4.94575E6	4.59159E6	3.57823E6	2.40693E6	1.43943E6	3.90317E6	6.59459E4	2.08184E4	1.43885E4	1.09723E4	8515.41571	6726.66371	5641.77008	4116.59603	3303.77393
360	6.39106E5	1.02395E6	1.37122E6	1.86325E6	2.62805E6	3.81829E6	4.95242E6	5.26748E6	4.95756E6	4.0559E6	2.82207E6	1.56253E6	4.99573E6	9.98972E4	2.39635E4	1.43527E4	1.05498E4	8531.61435	6537.17266	5351.41184	4262.42615	3457.11496
362	6.882E5	1.06182E6	1.41846E6	1.93552E6	2.69961E6	3.93383E6	5.14944E6	5.55723E6	5.34148E6	4.54258E6	3.27125E6	1.8932E6	4.82078E6	2.79332E5	2.83036E4	1.51278E4	1.11902E4	8421.1893	6694.66147	5327.33449	4453.07196	3401.45233
364	7.36927E5	1.11371E6	1.47403E6	1.96986E6	2.76351E6	4.04374E6	5.34233E6	5.89399E6	5.72959E6	5.06112E6	3.75288E6	2.2769E6	3.67774E6	9.5931E5	3.66294E4	1.5902E4	1.13678E4	8160.92758	7153.19499	5359.93941	4335.6533	3368.3294
366	7.64236E5	1.15811E6	1.5275E6	2.03002E6	2.85666E6	4.17613E6	5.53422E6	6.18798E6	6.14694E6	5.58028E6	4.27562E6	2.70968E6	2.33784E6	2.47659E6	5.21575E4	1.74485E4	1.15693E4	8772.55265	7297.64677	5612.64705	4615.64895	3575.3573
368	8.09892E5	1.21317E6	1.59165E6	2.08457E6	2.92699E6	4.29405E6	5.70871E6	6.48486E6	6.5376E6	6.06978E6	4.80036E6	3.16966E6	1.7376E6	4.20397E6	7.40844E4	1.93765E4	1.20154E4	8877.69474	6940.54626	5774.19382	4588.52073	3693.87171
370	8.55238E5	1.27974E6	1.64599E6	2.15117E6	3.01381E6	4.40284E6	5.88687E6	6.80038E6	6.97835E6	6.55786E6	5.38114E6	3.67851E6	1.83102E6	5.17789E6	1.16776E5	2.41719E4	1.2354E4	9111.43399	6972.8098	5900.83764	4993.83893	4125.43728
372	8.94927E5	1.33191E6	1.72034E6	2.21037E6	3.07972E6	4.49488E6	6.05354E6	7.04415E6	7.35367E6	6.99467E6	5.95614E6	4.15584E6	2.19038E6	4.72151E6	3.79044E5	3.1498E4	1.26275E4	9380.28379	7593.72047	6109.88094	4932.28285	3913.3874
374	9.08771E5	1.37409E6	1.75752E6	2.26763E6	3.16238E6	4.60753E6	6.21274E6	7.31789E6	7.74069E6	7.44168E6	6.51942E6	4.66989E6	2.60009E6	3.40549E6	1.3667E6	4.19559E4	1.4565E4	9547.45868	7759.6474	6228.89361	5148.01475	3880.83074
376	9.7841E5	1.42185E6	1.81294E6	2.33156E6	3.24486E6	4.68051E6	6.36053E6	7.58449E6	8.08421E6	7.8778E6	7.0623E6	5.19145E6	3.03362E6	2.24096E6	3.20814E6	5.99431E4	1.69784E4	9770.35591	7819.27368	6576.64886	5257.20565	4238.67068
378	1.01213E6	1.50145E6	1.87194E6	2.40146E6	3.33025E6	4.79107E6	6.51406E6	7.85032E6	8.48423E6	8.36483E6	7.64736E6	5.74275E6	3.52305E6	1.81697E6	5.17663E6	8.65695E4	2.02569E4	1.03287E4	7600.36252	6410.04144	5498.16462	4298.90549
380	1.04513E6	1.55519E6	1.95729E6	2.47286E6	3.40381E6	4.90613E6	6.67338E6	8.09806E6	8.83967E6	8.82421E6	8.17324E6	6.28999E6	4.01817E6	1.98107E6	6.0909E6	1.32506E5	2.67619E4	1.12733E4	7939.43537	6814.21541	5478.34119	4318.51618
382	1.08306E6	1.63055E6	2.03532E6	2.56658E6	3.51435E6	5.04195E6	6.86959E6	8.39865E6	9.24816E6	9.3104E6	8.71041E6	6.90365E6	4.56223E6	2.38772E6	5.50935E6	3.39869E5	3.49992E4	1.31049E4	8404.2514	7047.81014	5670.31949	4501.57397
384	1.14518E6	1.67808E6	2.09864E6	2.64675E6	3.61413E6	5.17577E6	7.04021E6	8.6702E6	9.61347E6	9.77878E6	9.22025E6	7.4854E6	5.1211E6	2.83301E6	3.9322E6	1.0787E6	4.93865E4	1.49844E4	9164.13699	7365.39525	5645.36319	4618.73134
386	1.20252E6	1.7533E6	2.14604E6	2.7343E6	3.70731E6	5.28634E6	7.21791E6	8.92852E6	9.98951E6	1.02366E7	9.71721E6	8.11149E6	5.69963E6	3.32005E6	2.47211E6	2.64434E6	7.18125E4	1.71162E4	9488.20791	7336.75821	6330.40078	4807.23873
388	1.23593E6	1.77957E6	2.22938E6	2.81249E6	3.7797E6	5.3786E6	7.35485E6	9.15774E6	1.03245E7	1.06578E7	1.02112E7	8.70259E6	6.26577E6	3.82315E6	1.96E6	4.46136E6	1.03099E5	2.20822E4	1.06669E4	7972.6762	6353.15878	5195.08025
390	1.27758E6	1.82826E6	2.29278E6	2.87946E6	3.89588E6	5.49813E6	7.52286E6	9.4182E6	1.06819E7	1.10997E7	1.07073E7	9.27404E6	6.84933E6	4.3816E6	2.11186E6	5.59559E6	1.56999E5	2.89192E4	1.18025E4	8672.00275	6534.80221	5310.93613
392	1.29727E6	1.87679E6	2.3489E6	2.97106E6	3.9635E6	5.59179E6	7.64261E6	9.64246E6	1.09692E7	1.14671E7	1.11588E7	9.81753E6	7.45781E6	4.9558E6	2.50428E6	5.37672E6	3.89123E5	3.8759E4	1.33255E4	9078.51483	7013.01039	5700.13076
394	1.32926E6	1.92841E6	2.39057E6	3.02776E6	4.04202E6	5.6999E6	7.77785E6	9.80675E6	1.12386E7	1.18183E7	1.15688E7	1.02804E7	8.02677E6	5.50328E6	2.9243E6	4.18891E6	1.14073E6	5.46079E4	1.49411E4	9165.0231	7239.96548	5327.55511
396	1.34452E6	1.97953E6	2.49786E6	3.10465E6	4.13564E6	5.77627E6	7.90929E6	1.00193E7	1.15203E7	1.21719E7	1.20071E7	1.07435E7	8.61797E6	6.09316E6	3.40747E6	2.78241E6	2.73786E6	7.81658E4	1.81185E4	1.02649E4	7607.10227	6149.34139
398	1.44013E6	2.04375E6	2.54138E6	3.18558E6	4.22916E6	5.87891E6	8.0188E6	1.01899E7	1.17729E7	1.25E7	1.23892E7	1.11801E7	9.18703E6	6.6768E6	3.89416E6	2.12943E6	4.49889E6	1.11341E5	2.36561E4	1.11761E4	7726.33413	5841.829
400	1.4733E6	2.09599E6	2.61925E6	3.27371E6	4.31905E6	5.97994E6	8.18141E6	1.03879E7	1.20408E7	1.2802E7	1.27542E7	1.16086E7	9.78283E6	7.27154E6	4.41524E6	2.182E6	5.45993E6	1.64872E5	3.11838E4	1.23293E4	8298.2456	6237.99221
402	1.49804E6	2.12603E6	2.69694E6	3.34993E6	4.41721E6	6.0733E6	8.2916E6	1.05984E7	1.22812E7	1.31086E7	1.31082E7	1.20384E7	1.03231E7	7.87662E6	4.94887E6	2.5435E6	5.06386E6	3.73365E5	4.24555E4	1.40367E4	8906.45867	7108.36051
404	1.54909E6	2.1795E6	2.77435E6	3.44448E6	4.49168E6	6.18981E6	8.41264E6	1.0778E7	1.25365E7	1.33868E7	1.34451E7	1.24133E7	1.08328E7	8.45577E6	5.48316E6	2.97103E6	3.75888E6	1.15005E6	5.88993E4	1.68001E4	9249.22121	7067.71162
406	1.58826E6	2.22421E6	2.822E6	3.54986E6	4.60876E6	6.27846E6	8.50989E6	1.0928E7	1.27387E7	1.36534E7	1.37669E7	1.27756E7	1.12566E7	8.99342E6	6.00332E6	3.39355E6	2.52121E6	2.70767E6	8.25058E4	2.06803E4	9781.80892	7091.95482
408	1.63601E6	2.28766E6	2.90299E6	3.61407E6	4.65514E6	6.34832E6	8.62224E6	1.10854E7	1.29166E7	1.3877E7	1.4015E7	1.31064E7	1.16705E7	9.53581E6	6.54585E6	3.84279E6	2.04241E6	4.46769E6	1.16338E5	2.67039E4	1.09278E4	7761.95368
410	1.65682E6	2.3074E6	2.95642E6	3.69283E6	4.73437E6	6.45362E6	8.74188E6	1.12177E7	1.30874E7	1.40892E7	1.4274E7	1.34231E7	1.20499E7	1.00621E7	7.06451E6	4.30364E6	2.14954E6	5.42502E6	1.68433E5	3.54435E4	1.32784E4	7909.9995
412	1.67806E6	2.35711E6	3.00858E6	3.79471E6	4.82103E6	6.5317E6	8.81751E6	1.13491E7	1.32827E7	1.42991E7	1.44991E7	1.37149E7	1.24098E7	1.05982E7	7.574E6	4.76474E6	2.46838E6	5.00002E6	3.46103E5	4.71746E4	1.44806E4	8472.89958
414	1.71839E6	2.38314E6	3.08665E6	3.84996E6	4.91529E6	6.61533E6	8.9298E6	1.14957E7	1.34459E7	1.44914E7	1.47232E7	1.39915E7	1.27792E7	1.10876E7	8.06986E6	5.21978E6	2.83115E6	3.69993E6	9.85749E5	6.51992E4	1.75276E4	9538.49198
416	1.76466E6	2.45418E6	3.14239E6	3.94498E6	5.00819E6	6.68269E6	9.01474E6	1.16282E7	1.36299E7	1.46932E7	1.49422E7	1.42549E7	1.31138E7	1.15448E7	8.56725E6	5.69058E6	3.2102E6	2.41274E6	2.37537E6	8.9449E4	2.20237E4	1.0254E4
418	1.79695E6	2.48165E6	3.22713E6	4.02723E6	5.06121E6	6.76924E6	9.11389E6	1.17628E7	1.37585E7	1.48898E7	1.51581E7	1.45121E7	1.34491E7	1.19807E7	9.05845E6	6.15882E6	3.60741E6	1.89423E6	3.99161E6	1.27365E5	2.87383E4	1.15716E4
420	1.82252E6	2.539E6	3.30117E6	4.11134E6	5.15801E6	6.84757E6	9.20728E6	1.18662E7	1.39403E7	1.50415E7	1.53565E7	1.47555E7	1.3768E7	1.23828E7	9.54517E6	6.6375E6	4.01214E6	1.95842E6	4.92261E6	1.76935E5	3.77273E4	1.26133E4
422	1.83816E6	2.59358E6	3.3462E6	4.18394E6	5.25298E6	6.94413E6	9.31524E6	1.19949E7	1.40797E7	1.52037E7	1.55462E7	1.49885E7	1.40676E7	1.27557E7	1.0017E7	7.1176E6	4.44388E6	2.2653E6	4.65084E6	3.78773E5	5.08793E4	1.50074E4
424	1.92897E6	2.59897E6	3.40061E6	4.27204E6	5.30897E6	7.01138E6	9.38479E6	1.20918E7	1.41959E7	1.53299E7	1.56734E7	1.51965E7	1.4341E7	1.30897E7	1.04661E7	7.54791E6	4.85166E6	2.58024E6	3.49816E6	1.04645E6	6.86417E4	1.80723E4
426	1.93845E6	2.649E6	3.46061E6	4.32555E6	5.39428E6	7.06883E6	9.43579E6	1.2188E7	1.43157E7	1.54786E7	1.58348E7	1.54E7	1.4593E7	1.34292E7	1.09039E7	8.00222E6	5.29041E6	2.93553E6	2.28762E6	2.47731E6	9.44399E4	2.2949E4
428	2.00228E6	2.70949E6	3.51354E6	4.41468E6	5.46343E6	7.10833E6	9.52977E6	1.22916E7	1.4421E7	1.56044E7	1.59903E7	1.55761E7	1.48354E7	1.37319E7	1.13052E7	8.43433E6	5.70707E6	3.29803E6	1.76847E6	4.00825E6	1.32713E5	2.95932E4
430	2.0078E6	2.74093E6	3.59688E6	4.49774E6	5.51946E6	7.15986E6	9.55287E6	1.23464E7	1.4492E7	1.56994E7	1.61014E7	1.57392E7	1.50544E7	1.40156E7	1.16591E7	8.84457E6	6.11411E6	3.66418E6	1.83399E6	4.74311E6	1.84072E5	3.9666E4
432	1.998E6	2.80766E6	3.63457E6	4.56014E6	5.58493E6	7.25896E6	9.64248E6	1.24289E7	1.46095E7	1.5823E7	1.626E7	1.59152E7	1.52815E7	1.43276E7	1.20048E7	9.27382E6	6.53579E6	4.04524E6	2.09679E6	4.3136E6	3.84709E5	5.28468E4
434	2.03227E6	2.82812E6	3.67667E6	4.62738E6	5.64856E6	7.288E6	9.7086E6	1.25129E7	1.47182E7	1.59482E7	1.63902E7	1.60743E7	1.54778E7	1.45869E7	1.23222E7	9.65811E6	6.93273E6	4.41286E6	2.40051E6	3.13231E6	1.02905E6	7.26643E4
436	2.10324E6	2.82772E6	3.70932E6	4.68012E6	5.71741E6	7.34594E6	9.73916E6	1.25547E7	1.47697E7	1.60337E7	1.65057E7	1.62035E7	1.56651E7	1.48334E7	1.25859E7	1.00256E7	7.30517E6	4.77742E6	2.69208E6	2.0995E6	2.2757E6	9.79585E4
438	2.08574E6	2.86018E6	3.78222E6	4.74051E6	5.75608E6	7.3774E6	9.76962E6	1.26251E7	1.48208E7	1.61028E7	1.6579E7	1.63225E7	1.58112E7	1.5079E7	1.28775E7	1.03786E7	7.66854E6	5.13095E6	2.9991E6	1.68392E6	3.82557E6	1.32363E5
440	2.1203E6	2.89677E6	3.76064E6	4.77812E6	5.78572E6	7.38961E6	9.80651E6	1.26348E7	1.48831E7	1.61486E7	1.66482E7	1.64048E7	1.59716E7	1.52504E7	1.31263E7	1.07196E7	8.01864E6	5.49869E6	3.3129E6	1.74567E6	4.60584E6	1.81276E5
442	2.14354E6	2.90774E6	3.83844E6	4.83144E6	5.87053E6	7.43809E6	9.80408E6	1.26508E7	1.48976E7	1.62003E7	1.66917E7	1.65118E7	1.60941E7	1.54411E7	1.33721E7	1.10066E7	8.35764E6	5.84832E6	3.62652E6	1.98532E6	4.31177E6	3.23835E5
444	2.12092E6	2.93754E6	3.87471E6	4.8669E6	5.87837E6	7.46224E6	9.82826E6	1.26453E7	1.49342E7	1.62336E7	1.67702E7	1.65938E7	1.62134E7	1.56364E7	1.36072E7	1.12774E7	8.70933E6	6.20124E6	3.95099E6	2.24279E6	3.22733E6	8.26407E5
446	2.13484E6	2.95673E6	3.86558E6	4.90204E6	5.91779E6	7.51037E6	9.84352E6	1.26767E7	1.49504E7	1.62998E7	1.68388E7	1.66867E7	1.63632E7	1.58246E7	1.38366E7	1.15494E7	9.02674E6	6.54855E6	4.28937E6	2.52291E6	2.1265E6	2.00876E6
448	2.15291E6	2.98283E6	3.88617E6	4.95562E6	5.98393E6	7.54003E6	9.87989E6	1.27063E7	1.50048E7	1.63511E7	1.69451E7	1.68113E7	1.65196E7	1.60378E7	1.40667E7	1.18141E7	9.37874E6	6.91089E6	4.62901E6	2.79994E6	1.63125E6	3.50394E6
450	2.14864E6	2.97994E6	3.91848E6	4.98167E6	6.02081E6	7.57156E6	9.90557E6	1.27256E7	1.50138E7	1.64319E7	1.69892E7	1.69308E7	1.66832E7	1.62285E7	1.4308E7	1.2087E7	9.68768E6	7.24824E6	4.953E6	3.08571E6	1.64205E6	4.44306E6
452	2.22127E6	2.96023E6	3.96865E6	5.01702E6	6.03479E6	7.57471E6	9.88172E6	1.27077E7	1.50258E7	1.64148E7	1.70105E7	1.6997E7	1.67556E7	1.63692E7	1.44891E7	1.22997E7	9.99077E6	7.56109E6	5.26818E6	3.36591E6	1.84165E6	4.18176E6
454	2.27249E6	2.95055E6	3.96055E6	5.02261E6	6.04578E6	7.55985E6	9.8805E6	1.26626E7	1.50027E7	1.64219E7	1.70375E7	1.70537E7	1.6849E7	1.64856E7	1.46557E7	1.25128E7	1.02671E7	7.87009E6	5.56325E6	3.64657E6	2.06531E6	3.0467E6
456	2.19756E6	2.97304E6	3.95916E6	5.04426E6	6.047E6	7.55797E6	9.85636E6	1.26318E7	1.49249E7	1.64096E7	1.70344E7	1.70664E7	1.69207E7	1.6593E7	1.47953E7	1.27228E7	1.05011E7	8.15305E6	5.87191E6	3.93559E6	2.29391E6	1.92951E6
458	2.20089E6	2.99386E6	3.95966E6	5.04274E6	6.066E6	7.56004E6	9.80978E6	1.25959E7	1.48953E7	1.63826E7	1.70314E7	1.70801E7	1.69804E7	1.67036E7	1.49691E7	1.29127E7	1.07005E7	8.43269E6	6.16627E6	4.21827E6	2.52347E6	1.47044E6
460	2.18559E6	2.96507E6	3.96545E6	5.04998E6	6.08025E6	7.5408E6	9.77104E6	1.25243E7	1.48445E7	1.63127E7	1.70531E7	1.70954E7	1.70275E7	1.67917E7	1.50964E7	1.30729E7	1.09188E7	8.70955E6	6.44929E6	4.48986E6	2.75604E6	1.47519E6
462	2.22618E6	2.96735E6	3.93571E6	5.07789E6	6.0846E6	7.53442E6	9.74257E6	1.24344E7	1.47636E7	1.62988E7	1.70314E7	1.71067E7	1.70551E7	1.6881E7	1.52292E7	1.32578E7	1.11115E7	8.9977E6	6.72909E6	4.7656E6	2.99469E6	1.65404E6
464	2.24551E6	2.95012E6	3.95833E6	5.0359E6	6.07764E6	7.5331E6	9.70196E6	1.2398E7	1.47114E7	1.62256E7	1.69733E7	1.71071E7	1.71152E7	1.69493E7	1.53356E7	1.33966E7	1.13022E7	9.24079E6	6.99972E6	5.02891E6	3.22788E6	1.83896E6
466	2.24795E6	2.91779E6	3.91189E6	5.01495E6	6.07158E6	7.49119E6	9.66023E6	1.23154E7	1.46249E7	1.61833E7	1.69588E7	1.71054E7	1.71492E7	1.70406E7	1.54341E7	1.3539E7	1.14815E7	9.48776E6	7.25881E6	5.29244E6	3.46203E6	2.03624E6
468	2.22677E6	2.9015E6	3.89178E6	5.0451E6	6.06858E6	7.45605E6	9.6206E6	1.22452E7	1.45427E7	1.6093E7	1.69074E7	1.71092E7	1.71833E7	1.70989E7	1.55419E7	1.36972E7	1.16587E7	9.71587E6	7.51057E6	5.54672E6	3.69254E6	2.2348E6
470	2.24712E6	2.87166E6	3.9021E6	5.0169E6	6.03765E6	7.43771E6	9.54642E6	1.21309E7	1.44232E7	1.6024E7	1.68857E7	1.70684E7	1.71779E7	1.71375E7	1.56212E7	1.38034E7	1.18132E7	9.90266E6	7.73828E6	5.80296E6	3.92512E6	2.43126E6
472	2.23458E6	2.8886E6	3.88734E6	4.99046E6	6.00392E6	7.41487E6	9.50121E6	1.20872E7	1.43686E7	1.59766E7	1.68556E7	1.70852E7	1.7233E7	1.72376E7	1.57515E7	1.39455E7	1.20006E7	1.0086E7	7.98665E6	6.04893E6	4.17279E6	2.64357E6
474	2.20432E6	2.85066E6	3.83633E6	5.00798E6	6.01732E6	7.37446E6	9.44253E6	1.19828E7	1.42825E7	1.5899E7	1.68182E7	1.70757E7	1.72642E7	1.72915E7	1.583E7	1.40912E7	1.21401E7	1.02822E7	8.23382E6	6.29803E6	4.40518E6	2.84182E6
476	2.14681E6	2.83123E6	3.81586E6	4.96051E6	5.98262E6	7.31671E6	9.35719E6	1.18944E7	1.4168E7	1.5799E7	1.67166E7	1.70267E7	1.72192E7	1.72971E7	1.58784E7	1.41812E7	1.22592E7	1.04363E7	8.46109E6	6.51482E6	4.62942E6	3.04188E6
478	2.15672E6	2.78489E6	3.76674E6	4.90102E6	5.93116E6	7.27943E6	9.26224E6	1.17536E7	1.39793E7	1.56394E7	1.65623E7	1.69465E7	1.71929E7	1.72619E7	1.58708E7	1.42057E7	1.23695E7	1.05683E7	8.65396E6	6.71832E6	4.83779E6	3.2453E6
480	2.14778E6	2.77109E6	3.73149E6	4.88024E6	5.88526E6	7.20526E6	9.15449E6	1.16102E7	1.38273E7	1.54951E7	1.64476E7	1.68353E7	1.70913E7	1.72265E7	1.59092E7	1.42599E7	1.24594E7	1.06944E7	8.83958E6	6.92691E6	5.04312E6	3.45501E6
482	2.12258E6	2.74391E6	3.69014E6	4.83113E6	5.85721E6	7.16794E6	9.09447E6	1.14774E7	1.36894E7	1.5368E7	1.63492E7	1.67306E7	1.70523E7	1.72013E7	1.59019E7	1.42974E7	1.2531E7	1.08078E7	8.98625E6	7.11239E6	5.25053E6	3.6437E6
484	2.09809E6	2.70325E6	3.66307E6	4.78007E6	5.78956E6	7.06978E6	8.99439E6	1.13327E7	1.3499E7	1.51767E7	1.61712E7	1.66209E7	1.69548E7	1.71481E7	1.59031E7	1.43278E7	1.26103E7	1.09236E7	9.11529E6	7.32407E6	5.45137E6	3.84795E6
486	2.05033E6	2.67288E6	3.61785E6	4.74094E6	5.74846E6	7.01623E6	8.89976E6	1.12174E7	1.33657E7	1.50387E7	1.6051E7	1.65147E7	1.68907E7	1.71051E7	1.58762E7	1.43453E7	1.26627E7	1.10116E7	9.24724E6	7.50432E6	5.63682E6	4.01677E6
488	2.03595E6	2.60308E6	3.56305E6	4.70822E6	5.69193E6	6.95197E6	8.79963E6	1.10804E7	1.32061E7	1.48502E7	1.58665E7	1.63761E7	1.67945E7	1.7019E7	1.58323E7	1.43723E7	1.27049E7	1.10852E7	9.36214E6	7.66561E6	5.80947E6	4.1915E6
490	1.9872E6	2.58404E6	3.51494E6	4.66344E6	5.62731E6	6.85026E6	8.68751E6	1.09017E7	1.30329E7	1.47188E7	1.57428E7	1.62632E7	1.66962E7	1.69618E7	1.57817E7	1.43302E7	1.27413E7	1.11597E7	9.46422E6	7.83971E6	5.96722E6	4.35485E6
492	1.97796E6	2.54391E6	3.45437E6	4.60048E6	5.57567E6	6.80438E6	8.58467E6	1.07762E7	1.2871E7	1.45205E7	1.55605E7	1.6126E7	1.65682E7	1.68704E7	1.57377E7	1.434E7	1.27498E7	1.12119E7	9.54162E6	7.97116E6	6.10695E6	4.49715E6
494	1.96625E6	2.53203E6	3.41985E6	4.5193E6	5.54699E6	6.74658E6	8.48625E6	1.06385E7	1.26822E7	1.43207E7	1.53911E7	1.59915E7	1.64446E7	1.67884E7	1.56684E7	1.42941E7	1.27404E7	1.12638E7	9.62166E6	8.08677E6	6.25441E6	4.65683E6
496	1.88813E6	2.48001E6	3.36479E6	4.45958E6	5.44361E6	6.65487E6	8.37087E6	1.04699E7	1.24997E7	1.41285E7	1.52213E7	1.58161E7	1.63321E7	1.66899E7	1.56071E7	1.42458E7	1.27465E7	1.12935E7	9.68921E6	8.18544E6	6.39009E6	4.79943E6
498	1.87775E6	2.43099E6	3.2973E6	4.39624E6	5.41157E6	6.60043E6	8.25604E6	1.03336E7	1.233E7	1.39617E7	1.50549E7	1.56953E7	1.62252E7	1.66114E7	1.55642E7	1.42463E7	1.27653E7	1.13555E7	9.77383E6	8.28657E6	6.52217E6	4.92941E6
500	1.8849E6	2.42186E6	3.25643E6	4.3843E6	5.34338E6	6.49665E6	8.17384E6	1.01992E7	1.21547E7	1.37776E7	1.48942E7	1.5515E7	1.60816E7	1.65039E7	1.5507E7	1.42219E7	1.27724E7	1.13636E7	9.83452E6	8.3745E6	6.65426E6	5.06401E6
502	1.90008E6	2.37029E6	3.22392E6	4.32222E6	5.26034E6	6.43274E6	8.07501E6	1.00413E7	1.19816E7	1.36086E7	1.47173E7	1.53952E7	1.59701E7	1.64293E7	1.54348E7	1.41693E7	1.27479E7	1.14064E7	9.88319E6	8.45242E6	6.77733E6	5.18288E6
504	1.8076E6	2.3379E6	3.11931E6	4.24739E6	5.23318E6	6.35028E6	7.9421E6	9.89483E6	1.18027E7	1.34033E7	1.45494E7	1.522E7	1.58191E7	1.62872E7	1.53524E7	1.41281E7	1.27168E7	1.14226E7	9.92218E6	8.51553E6	6.89754E6	5.30412E6
506	1.76786E6	2.28915E6	3.10758E6	4.1855E6	5.12204E6	6.25056E6	7.83654E6	9.75824E6	1.16095E7	1.31873E7	1.43489E7	1.50431E7	1.56532E7	1.61523E7	1.52211E7	1.40456E7	1.26982E7	1.14052E7	9.96136E6	8.57813E6	7.00181E6	5.39802E6
508	1.77042E6	2.22785E6	3.05513E6	4.12576E6	5.07828E6	6.18453E6	7.72632E6	9.58198E6	1.14314E7	1.30191E7	1.41504E7	1.48611E7	1.55288E7	1.60229E7	1.51229E7	1.39797E7	1.26647E7	1.13908E7	9.96965E6	8.62312E6	7.05563E6	5.50247E6
510	1.74034E6	2.20717E6	2.96123E6	4.06647E6	5.00416E6	6.1085E6	7.61004E6	9.4147E6	1.12429E7	1.28189E7	1.3915E7	1.46709E7	1.53396E7	1.58693E7	1.50033E7	1.38806E7	1.26018E7	1.13772E7	9.99593E6	8.6526E6	7.10254E6	5.59162E6
512	1.70617E6	2.16124E6	2.93187E6	3.9624E6	4.89716E6	5.99145E6	7.48838E6	9.24202E6	1.10338E7	1.25793E7	1.37254E7	1.44639E7	1.51766E7	1.56921E7	1.48715E7	1.3795E7	1.25316E7	1.13298E7	9.98838E6	8.68675E6	7.16581E6	5.67272E6
514	1.6823E6	2.11462E6	2.89298E6	3.90662E6	4.85328E6	5.91302E6	7.34229E6	9.08263E6	1.08239E7	1.23853E7	1.34927E7	1.42495E7	1.49532E7	1.55177E7	1.47368E7	1.3666E7	1.24456E7	1.12855E7	9.97111E6	8.70757E6	7.19648E6	5.75329E6
516	1.67722E6	2.0532E6	2.84518E6	3.83047E6	4.72905E6	5.80098E6	7.215E6	8.93848E6	1.06492E7	1.2158E7	1.32774E7	1.40571E7	1.47903E7	1.53675E7	1.45895E7	1.35803E7	1.2378E7	1.12569E7	9.9532E6	8.70618E6	7.2324E6	5.84575E6
518	1.6301E6	2.05688E6	2.82555E6	3.74845E6	4.67414E6	5.69072E6	7.10461E6	8.77897E6	1.04726E7	1.1945E7	1.30711E7	1.38689E7	1.46218E7	1.52035E7	1.44645E7	1.34739E7	1.23146E7	1.12026E7	9.93605E6	8.70976E6	7.27661E6	5.9163E6
520	1.60669E6	1.96488E6	2.72875E6	3.69586E6	4.57185E6	5.62183E6	6.98472E6	8.64112E6	1.02803E7	1.17612E7	1.28701E7	1.36603E7	1.44231E7	1.50409E7	1.42997E7	1.3367E7	1.22349E7	1.1155E7	9.90635E6	8.71087E6	7.29699E6	5.95815E6
522	1.60481E6	1.91518E6	2.67556E6	3.61667E6	4.53255E6	5.50535E6	6.85854E6	8.47113E6	1.00815E7	1.1561E7	1.26557E7	1.34688E7	1.42139E7	1.4841E7	1.41852E7	1.32474E7	1.21457E7	1.10863E7	9.88845E6	8.69599E6	7.2974E6	5.9986E6
524	1.50885E6	1.87444E6	2.62665E6	3.56101E6	4.42385E6	5.41644E6	6.72904E6	8.29569E6	9.88323E6	1.13373E7	1.24201E7	1.32335E7	1.39926E7	1.46292E7	1.3992E7	1.30961E7	1.20337E7	1.09977E7	9.80857E6	8.68242E6	7.30105E6	5.99971E6
526	1.51417E6	1.86443E6	2.57102E6	3.47739E6	4.35804E6	5.333E6	6.62085E6	8.14774E6	9.70393E6	1.11201E7	1.22037E7	1.30206E7	1.37991E7	1.44806E7	1.38358E7	1.29663E7	1.1917E7	1.08997E7	9.76714E6	8.6502E6	7.29638E6	6.0057E6
528	1.49446E6	1.80022E6	2.50879E6	3.45244E6	4.25255E6	5.23892E6	6.46579E6	7.99992E6	9.53517E6	1.08867E7	1.19746E7	1.28131E7	1.35879E7	1.42702E7	1.3661E7	1.2816E7	1.18205E7	1.0811E7	9.69798E6	8.60624E6	7.2728E6	6.01549E6
530	1.48089E6	1.75961E6	2.41251E6	3.32838E6	4.19348E6	5.12148E6	6.35462E6	7.83038E6	9.3149E6	1.06872E7	1.17659E7	1.25606E7	1.33587E7	1.40519E7	1.34644E7	1.26507E7	1.16638E7	1.07265E7	9.6387E6	8.55426E6	7.25729E6	6.02252E6
532	1.44572E6	1.73233E6	2.40472E6	3.30047E6	4.10011E6	5.03604E6	6.25038E6	7.66581E6	9.11756E6	1.04875E7	1.15249E7	1.23521E7	1.3157E7	1.3853E7	1.32737E7	1.25146E7	1.15437E7	1.06342E7	9.5637E6	8.52608E6	7.24694E6	6.01588E6
534	1.36657E6	1.6795E6	2.31841E6	3.2646E6	4.01623E6	4.90758E6	6.11784E6	7.51197E6	8.93625E6	1.02668E7	1.12997E7	1.21165E7	1.29334E7	1.36298E7	1.30981E7	1.23349E7	1.14186E7	1.0498E7	9.48575E6	8.46442E6	7.20447E6	6.0107E6
536	1.36091E6	1.65421E6	2.26167E6	3.17517E6	3.93984E6	4.85376E6	5.96721E6	7.32748E6	8.72477E6	1.00463E7	1.10605E7	1.18914E7	1.26998E7	1.33987E7	1.29103E7	1.21504E7	1.12547E7	1.03785E7	9.3671E6	8.39664E6	7.1563E6	5.99896E6
538	1.31439E6	1.6178E6	2.19988E6	3.1382E6	3.85762E6	4.73243E6	5.85533E6	7.18946E6	8.54442E6	9.81713E6	1.08095E7	1.16358E7	1.24546E7	1.31528E7	1.26869E7	1.19701E7	1.11189E7	1.02506E7	9.26039E6	8.30275E6	7.11022E6	5.95978E6
540	1.24245E6	1.55036E6	2.14517E6	3.04682E6	3.7427E6	4.6066E6	5.71116E6	6.991E6	8.32386E6	9.57176E6	1.05672E7	1.13898E7	1.21903E7	1.2917E7	1.24598E7	1.1764E7	1.09365E7	1.00956E7	9.14632E6	8.2137E6	7.03761E6	5.91571E6
542	1.22705E6	1.50203E6	2.11529E6	2.99972E6	3.65605E6	4.49622E6	5.58097E6	6.83771E6	8.14965E6	9.37017E6	1.03555E7	1.1164E7	1.19619E7	1.26677E7	1.22454E7	1.15553E7	1.07688E7	9.9613E6	9.05104E6	8.12299E6	6.99256E6	5.88525E6
544	1.19518E6	1.50359E6	2.04323E6	2.92523E6	3.58335E6	4.40558E6	5.46053E6	6.67984E6	7.95927E6	9.14883E6	1.01144E7	1.09306E7	1.16978E7	1.24362E7	1.20131E7	1.14085E7	1.0589E7	9.82702E6	8.90768E6	8.02168E6	6.90935E6	5.83795E6
546	1.2378E6	1.43672E6	2.01207E6	2.83254E6	3.48922E6	4.31803E6	5.32971E6	6.54078E6	7.76905E6	8.94342E6	9.89003E6	1.06942E7	1.14814E7	1.22013E7	1.18078E7	1.12024E7	1.0456E7	9.68969E6	8.80291E6	7.94249E6	6.85118E6	5.79939E6
548	1.15863E6	1.39442E6	1.97454E6	2.74213E6	3.42045E6	4.20598E6	5.23363E6	6.39712E6	7.58171E6	8.73937E6	9.65621E6	1.04658E7	1.12369E7	1.19569E7	1.15997E7	1.10073E7	1.02903E7	9.53816E6	8.67382E6	7.83488E6	6.79501E6	5.75537E6
550	1.12538E6	1.36146E6	1.91241E6	2.66527E6	3.35382E6	4.13151E6	5.10001E6	6.2598E6	7.39202E6	8.53571E6	9.44045E6	1.02341E7	1.10107E7	1.1734E7	1.13652E7	1.08039E7	1.01043E7	9.38063E6	8.55327E6	7.73315E6	6.70559E6	5.69801E6
552	1.12082E6	1.36727E6	1.84061E6	2.56357E6	3.27277E6	4.0433E6	4.99843E6	6.1005E6	7.24566E6	8.33407E6	9.23131E6	1.00148E7	1.07766E7	1.15162E7	1.11563E7	1.06238E7	9.94034E6	9.21918E6	8.41724E6	7.62278E6	6.63174E6	5.64072E6
554	1.11581E6	1.31432E6	1.77596E6	2.51089E6	3.25206E6	3.9547E6	4.89364E6	5.95388E6	7.04284E6	8.11569E6	9.00339E6	9.76439E6	1.05402E7	1.12564E7	1.09414E7	1.04217E7	9.75265E6	9.07473E6	8.26837E6	7.51506E6	6.53943E6	5.58569E6
556	1.04018E6	1.23315E6	1.75481E6	2.44887E6	3.19793E6	3.86735E6	4.76606E6	5.80045E6	6.90722E6	7.9366E6	8.82382E6	9.56801E6	1.03242E7	1.10145E7	1.07152E7	1.02176E7	9.57257E6	8.92325E6	8.15503E6	7.39041E6	6.45232E6	5.52082E6
558	1.02163E6	1.22644E6	1.69688E6	2.37538E6	3.18187E6	3.76289E6	4.66239E6	5.64816E6	6.7162E6	7.7522E6	8.58095E6	9.3138E6	1.00707E7	1.07846E7	1.04897E7	1.00031E7	9.41762E6	8.75927E6	8.01516E6	7.29451E6	6.35454E6	5.44767E6
560	1.04044E6	1.19151E6	1.6762E6	2.32183E6	3.12425E6	3.67828E6	4.52409E6	5.52051E6	6.56398E6	7.56102E6	8.37236E6	9.119E6	9.86638E6	1.05413E7	1.02472E7	9.80751E6	9.21268E6	8.57985E6	7.87909E6	7.16501E6	6.25766E6	5.38305E6
562	1.01028E6	1.14793E6	1.61942E6	2.27448E6	3.05582E6	3.56866E6	4.42388E6	5.37241E6	6.40671E6	7.3621E6	8.17285E6	8.88336E6	9.61481E6	1.02968E7	1.00237E7	9.60306E6	9.03737E6	8.42714E6	7.73055E6	7.03659E6	6.18009E6	5.31586E6
564	9.4946E5	1.14983E6	1.55947E6	2.20018E6	2.96747E6	3.47978E6	4.32011E6	5.22722E6	6.21456E6	7.16084E6	7.94235E6	8.66896E6	9.39184E6	1.00535E7	9.78938E6	9.37436E6	8.83454E6	8.24657E6	7.56044E6	6.8983E6	6.05394E6	5.21517E6
566	8.69219E5	1.0901E6	1.51878E6	2.14564E6	2.87633E6	3.39137E6	4.22622E6	5.11351E6	6.06506E6	6.96973E6	7.7773E6	8.4295E6	9.14869E6	9.82332E6	9.59844E6	9.1792E6	8.64722E6	8.0807E6	7.41653E6	6.78151E6	5.96652E6	5.15122E6
568	9.08459E5	1.07132E6	1.50148E6	2.08469E6	2.74816E6	3.3183E6	4.09148E6	4.98437E6	5.91472E6	6.78623E6	7.5674E6	8.23316E6	8.94776E6	9.58394E6	9.36499E6	8.96449E6	8.47203E6	7.92329E6	7.28207E6	6.64668E6	5.86025E6	5.07151E6
570	9.03711E5	1.02529E6	1.45087E6	2.04644E6	2.67229E6	3.25552E6	4E6	4.86832E6	5.75723E6	6.59819E6	7.36447E6	8.00851E6	8.69279E6	9.34789E6	9.1309E6	8.78398E6	8.28982E6	7.75344E6	7.13066E6	6.53141E6	5.73811E6	4.96875E6
572	8.23605E5	1.02918E6	1.39709E6	1.99261E6	2.55331E6	3.21391E6	3.89604E6	4.73143E6	5.57827E6	6.43451E6	7.14695E6	7.80085E6	8.47427E6	9.10311E6	8.91265E6	8.56012E6	8.08864E6	7.597E6	6.96576E6	6.39016E6	5.63029E6	4.88784E6
574	8.72461E5	9.92281E5	1.38029E6	1.92937E6	2.47685E6	3.18546E6	3.78962E6	4.57918E6	5.41097E6	6.27015E6	6.94314E6	7.58145E6	8.23944E6	8.85465E6	8.68297E6	8.32891E6	7.89415E6	7.3907E6	6.82801E6	6.24064E6	5.50253E6	4.7992E6
576	8.12425E5	9.40194E5	1.31941E6	1.88334E6	2.42804E6	3.19528E6	3.68473E6	4.45181E6	5.28232E6	6.08172E6	6.73621E6	7.37863E6	8.01923E6	8.61727E6	8.48109E6	8.1357E6	7.69473E6	7.22213E6	6.65761E6	6.11106E6	5.39951E6	4.69807E6
578	8.00802E5	9.38232E5	1.30928E6	1.83844E6	2.37564E6	3.18066E6	3.57761E6	4.34607E6	5.12657E6	5.89525E6	6.57745E6	7.16433E6	7.80543E6	8.4013E6	8.24126E6	7.93843E6	7.50679E6	7.06053E6	6.51061E6	5.97574E6	5.29552E6	4.60757E6
580	7.60125E5	9.00372E5	1.27898E6	1.80933E6	2.32776E6	3.157E6	3.48284E6	4.22135E6	5.00089E6	5.74266E6	6.38565E6	6.97574E6	7.58705E6	8.16461E6	8.02873E6	7.73268E6	7.32506E6	6.87507E6	6.3675E6	5.82187E6	5.16572E6	4.53179E6
582	7.92572E5	8.66525E5	1.23287E6	1.77145E6	2.2619E6	3.10614E6	3.36515E6	4.1044E6	4.84074E6	5.59236E6	6.19184E6	6.77181E6	7.3687E6	7.95816E6	7.82128E6	7.53064E6	7.14176E6	6.7243E6	6.20639E6	5.70518E6	5.05705E6	4.41581E6
584	6.9674E5	8.7202E5	1.18622E6	1.71497E6	2.21887E6	3.02047E6	3.30638E6	3.97337E6	4.70098E6	5.4416E6	6.02125E6	6.58407E6	7.15245E6	7.74153E6	7.59903E6	7.32701E6	6.9525E6	6.54354E6	6.06353E6	5.56151E6	4.94236E6	4.35493E6
586	6.72272E5	7.98956E5	1.16992E6	1.67709E6	2.17694E6	2.87452E6	3.21158E6	3.87638E6	4.57128E6	5.25781E6	5.85828E6	6.40784E6	6.96777E6	7.52476E6	7.39291E6	7.12727E6	6.77536E6	6.3913E6	5.90065E6	5.42429E6	4.82727E6	4.2325E6
588	6.98814E5	7.81138E5	1.15072E6	1.65404E6	2.14952E6	2.72448E6	3.12516E6	3.7676E6	4.43386E6	5.11166E6	5.66042E6	6.218E6	6.78943E6	7.30501E6	7.19513E6	6.9297E6	6.58545E6	6.19591E6	5.75409E6	5.28475E6	4.70592E6	4.13884E6
590	7.40945E5	7.7998E5	1.10652E6	1.61976E6	2.09675E6	2.59511E6	3.0723E6	3.66056E6	4.29963E6	4.9492E6	5.49781E6	6.02068E6	6.57343E6	7.0778E6	6.97074E6	6.74358E6	6.40362E6	6.03652E6	5.59498E6	5.1381E6	4.57447E6	4.04228E6
592	6.35107E5	7.68915E5	1.06662E6	1.59318E6	2.07149E6	2.49602E6	3.03671E6	3.53317E6	4.18049E6	4.795E6	5.31408E6	5.8125E6	6.35832E6	6.8752E6	6.76991E6	6.52385E6	6.21505E6	5.86404E6	5.43706E6	4.99558E6	4.46995E6	3.94538E6
594	5.82774E5	7.4333E5	1.05464E6	1.53649E6	2.03039E6	2.387E6	3.08677E6	3.42505E6	4.04724E6	4.64283E6	5.15533E6	5.63967E6	6.15483E6	6.67084E6	6.55746E6	6.35176E6	6.05191E6	5.70947E6	5.2874E6	4.8868E6	4.34773E6	3.85267E6
596	6.22769E5	7.18852E5	1.02212E6	1.51706E6	2.00304E6	2.35889E6	3.14717E6	3.34457E6	3.93802E6	4.54057E6	5.00576E6	5.46268E6	5.98948E6	6.44757E6	6.3751E6	6.16022E6	5.87418E6	5.53444E6	5.1505E6	4.75031E6	4.23434E6	3.7345E6
598	5.84337E5	7.10233E5	1.00783E6	1.49239E6	1.95028E6	2.29632E6	3.22349E6	3.23867E6	3.8224E6	4.39657E6	4.85971E6	5.31105E6	5.81652E6	6.28782E6	6.18645E6	6.00599E6	5.68794E6	5.39542E6	5.0324E6	4.62774E6	4.1384E6	3.64462E6
600	5.64551E5	7.06276E5	9.54192E5	1.45705E6	1.94505E6	2.26315E6	3.25184E6	3.14835E6	3.70405E6	4.2638E6	4.72124E6	5.1667E6	5.66031E6	6.08974E6	6.02205E6	5.81553E6	5.55529E6	5.2342E6	4.89701E6	4.5091E6	4.03649E6	3.56415E6
