300	1.32223E5	8.20563E4	9.89695E4	2.7136E6	2.59984E5	2.15785E5	1.69007E7	5.58706E4	9042.1337	5472.34707	3575.07172	2248.2149	1705.40386	1560.72289	1544.65236	1152.88489	934.77578	939.46446	1183.09618	919.0312	778.22867	794.01151
302	1.14744E5	8.66879E4	8.98443E4	1.81416E6	5.77069E5	1.42306E5	1.46855E7	6.27131E5	1.0715E4	5688.60334	3599.55386	2589.19355	1983.29826	1606.60052	1676.28629	1241.64215	1123.37615	1094.75909	877.96397	794.41775	884.28431	922.37373
304	1.0422E5	8.48079E4	9.13382E4	9.51318E5	1.15423E6	1.32337E5	9.31423E6	2.82358E6	1.15276E4	5509.71159	3961.00504	2702.65192	2271.2257	1832.54711	1610.67721	1339.3259	1056.00756	1017.50548	1056.05629	776.61093	855.31095	729.81424
306	1.16624E5	8.98377E4	9.6278E4	4.38632E5	1.94024E6	1.23E5	4.02775E6	7.35763E6	1.38167E4	5071.38034	3780.29036	2714.75852	2032.47157	1533.16978	1602.28494	1113.52582	1108.23801	1072.1371	905.54438	717.05036	1021.45358	456.78021
308	1.14373E5	9.90225E4	9.34226E4	2.09589E5	2.66473E6	1.22359E5	1.02922E6	1.29838E7	1.90502E4	6559.09117	4089.12269	2939.60393	1826.81607	2016.32755	1890.29149	1019.7766	1025.1989	688.5448	1015.44508	637.9047	843.95434	642.74867
310	1.16307E5	9.47892E4	1.07972E5	1.43507E5	2.85452E6	1.31935E5	1.9071E5	1.5806E7	5.2376E4	7159.75998	4477.67711	3263.48504	2261.13141	1770.68766	1465.16958	1526.80525	1188.38687	950.96746	1159.41075	917.27106	671.06373	506.14607
312	1.31527E5	8.83368E4	1.0523E5	1.25919E5	2.43555E6	2.09467E5	1.11168E5	1.37904E7	6.00508E5	8165.80915	4759.8107	2880.56674	2365.55794	1916.84788	1542.21647	1350.43497	1077.37782	743.63924	856.95206	867.64801	525.42046	580.62997
314	1.34301E5	8.95883E4	1.07107E5	1.26538E5	1.61552E6	4.66678E5	9.68897E4	8.32415E6	2.89622E6	1.02258E4	4830.2684	3383.35501	2394.8881	2002.18229	1251.6904	1636.73468	949.6462	975.99087	1098.18182	779.38605	535.62829	496.58468
316	1.26883E5	1.02192E5	1.08702E5	1.27968E5	8.7442E5	9.50949E5	9.2056E4	3.33708E6	7.33828E6	1.29475E4	5045.13327	2846.56024	2432.94703	1626.02492	1712.75919	1107.14545	865.1474	938.18078	728.64462	1038.62957	476.26155	856.66818
318	1.36237E5	1.00599E5	1.09268E5	1.29766E5	4.16658E5	1.62729E6	8.6351E4	8.28384E5	1.1923E7	1.80293E4	6050.62101	3563.98492	2518.62271	1653.61526	1241.62967	1166.56891	764.26718	872.80897	840.33047	720.57344	699.13719	655.94429
320	1.57219E5	1.00531E5	1.13767E5	1.31963E5	2.19977E5	2.19767E6	8.20348E4	1.47354E5	1.3938E7	4.88081E4	5978.48196	3541.10469	2403.91716	1984.30305	1493.92497	1165.00206	982.57098	969.92626	794.60747	737.45027	668.72266	661.12277
322	1.41906E5	9.54151E4	1.10021E5	1.32786E5	1.65593E5	2.35652E6	9.02632E4	9.38828E4	1.16781E7	5.23985E5	6998.07245	3714.85885	2328.53665	2091.79792	1431.5366	1077.77962	1027.54696	969.53708	756.05169	669.74422	732.4728	481.81245
324	1.42566E5	9.31233E4	1.13891E5	1.32419E5	1.5331E5	2.00551E6	1.52741E5	7.79517E4	7.0187E6	2.46313E6	8387.58265	3868.78033	2615.15957	1825.399	1352.98408	1091.60619	834.04785	952.59372	1086.76654	743.2648	623.07939	583.95468
326	1.42898E5	1.05757E5	1.17006E5	1.35757E5	1.44325E5	1.39983E6	3.29654E5	7.35955E4	2.83166E6	6.24793E6	1.08549E4	3635.75284	2493.25413	1521.64235	1835.05399	1042.8531	952.19919	897.55971	876.44888	509.78452	468.88332	443.11155
328	1.36647E5	1.12676E5	1.13932E5	1.37113E5	1.44688E5	8.1059E5	6.80275E5	7.03654E4	7.324E5	1.02054E7	1.50325E4	4295.41729	2703.96551	2045.23788	1734.82001	1024.79613	1098.60529	1113.09438	776.05138	653.83041	747.79405	585.96526
330	1.35064E5	1.08193E5	1.18163E5	1.35243E5	1.44543E5	4.0169E5	1.21078E6	6.52477E4	1.33283E5	1.21821E7	4.1154E4	4802.47999	3015.57608	2272.7028	1540.20882	1106.25627	914.8382	727.72779	623.28212	502.11951	694.07697	864.67806
332	1.37082E5	1.12241E5	1.14732E5	1.42325E5	1.43183E5	2.08627E5	1.68893E6	6.25697E4	8.08749E4	1.0416E7	4.34364E5	5327.27056	2604.36068	2367.40276	1816.48482	1110.43202	899.68846	823.94439	531.91598	798.94381	859.71566	622.71541
334	1.533E5	1.11133E5	1.15577E5	1.43577E5	1.46527E5	1.43305E5	1.90226E6	7.03604E4	6.57705E4	6.40765E6	2.00305E6	6090.5527	3026.15438	2194.50723	1442.60069	1216.82345	945.86009	714.04295	829.38827	543.62233	739.11303	622.18886
336	1.62805E5	1.16378E5	1.16914E5	1.35795E5	1.4236E5	1.28388E5	1.73778E6	1.05088E5	6.5588E4	2.65695E6	5.16594E6	8115.48173	3335.98692	2302.08768	1441.97477	1017.29383	1055.69346	650.12926	885.958	840.75654	683.56321	318.21695
338	1.64251E5	1.16862E5	1.20214E5	1.37377E5	1.46568E5	1.23751E5	1.31301E6	2.20583E5	6.12603E4	7.4887E5	8.34528E6	1.20887E4	3814.71911	2451.3059	1666.45498	1490.65244	792.44581	1076.81188	815.13272	495.84379	559.51966	418.11422
340	1.68465E5	1.08041E5	1.18811E5	1.39315E5	1.44686E5	1.22814E5	7.79981E5	4.83778E5	6.26706E4	1.31277E5	9.9756E6	2.78099E4	4003.33138	1991.2744	1508.27771	1043.08398	996.69659	756.34807	655.33027	407.20824	547.73195	670.71296
342	1.76198E5	1.15641E5	1.16895E5	1.33365E5	1.4435E5	1.21301E5	4.02663E5	8.65297E5	5.97198E4	7.20179E4	8.61189E6	2.9291E5	4504.13802	2565.02057	1570.19048	1024.43595	920.68849	728.95734	717.87757	616.09344	517.65057	687.07653
344	1.51435E5	1.15411E5	1.24363E5	1.35512E5	1.44433E5	1.21629E5	1.89705E5	1.29033E6	5.77053E4	6.14381E4	5.29333E6	1.54187E6	4591.50147	2384.65423	1743.4789	956.87324	781.84716	652.6445	507.06522	356.47277	662.3895	510.09119
346	1.62343E5	1.33775E5	1.22119E5	1.3672E5	1.45894E5	1.20532E5	1.21438E5	1.51503E6	6.4588E4	5.94079E4	2.22007E6	3.97506E6	6655.79748	2886.36421	1869.52335	1189.20258	768.07714	880.49982	822.75507	604.28602	399.35741	351.20201
348	1.67837E5	1.26647E5	1.14507E5	1.34976E5	1.44788E5	1.2167E5	1.0273E5	1.44672E6	9.32205E4	5.90218E4	5.50695E5	6.90197E6	9247.87806	2909.1109	1844.54385	1284.42653	780.44432	837.71982	615.24301	561.26729	416.66966	397.38905
350	1.48032E5	1.19565E5	1.24987E5	1.35323E5	1.44859E5	1.20982E5	9.77939E4	1.13539E6	1.73596E5	5.98317E4	1.05877E5	8.05454E6	2.10127E4	3338.55911	1689.70092	1062.75362	816.94549	796.04245	643.75025	614.56768	444.70624	410.63892
352	1.69297E5	1.4313E5	1.2231E5	1.33126E5	1.44979E5	1.27106E5	9.8833E4	7.18127E5	3.60638E5	5.98732E4	6.39758E4	6.91474E6	2.45063E5	3327.15752	1959.47085	1504.28415	927.26932	881.4543	602.09406	511.99652	601.18596	422.69184
354	1.79588E5	1.32566E5	1.25321E5	1.3066E5	1.41909E5	1.2909E5	1.00245E5	3.98343E5	6.37624E5	6.1204E4	5.61262E4	4.38398E6	1.21078E6	4393.15123	1688.16634	1314.89401	876.87938	656.40152	616.56085	323.93601	446.57467	514.30666
356	1.84105E5	1.42446E5	1.27921E5	1.37601E5	1.40806E5	1.28093E5	1.04851E5	2.08677E5	9.50395E5	6.26799E4	5.33674E4	1.82525E6	3.26465E6	6270.03496	1788.57234	1378.98648	922.76004	849.86303	644.46112	511.61634	473.05025	318.95639
358	1.86329E5	1.47993E5	1.33192E5	1.36701E5	1.41302E5	1.31663E5	1.07573E5	1.35801E5	1.17166E6	6.77204E4	5.57821E4	5.0156E5	5.60358E6	8863.70721	2119.68964	1301.71372	1056.86475	822.01696	655.6473	600.61501	391.65144	406.0169
360	1.94024E5	1.55694E5	1.34636E5	1.37756E5	1.393E5	1.36304E5	1.11016E5	1.13381E5	1.18138E6	8.39239E4	5.6952E4	9.52863E4	6.78438E6	1.82375E4	2556.5089	1257.23711	1110.62754	753.18778	590.11743	534.99613	437.27526	398.2082
362	1.96458E5	1.59312E5	1.37354E5	1.44107E5	1.42834E5	1.37074E5	1.16751E5	1.10824E5	1.00747E6	1.28253E5	5.95665E4	5.80709E4	6.06575E6	1.89794E5	2971.99735	1625.79745	1215.72844	757.66297	642.28022	613.78513	516.26069	395.91054
364	2.05789E5	1.6342E5	1.45516E5	1.41218E5	1.42172E5	1.38104E5	1.20588E5	1.11828E5	7.06373E5	2.4072E5	6.05061E4	5.09849E4	3.93921E6	1.01731E6	3335.07175	1523.34504	1038.20482	737.82669	647.24872	556.03898	461.28258	471.38726
366	2.17413E5	1.56484E5	1.41793E5	1.39079E5	1.45023E5	1.3774E5	1.23057E5	1.15507E5	4.15973E5	4.37586E5	6.30915E4	4.68357E4	1.62386E6	2.93638E6	4733.01037	1809.52348	1075.1696	769.54433	789.54817	391.52398	441.69421	366.57265
368	2.14309E5	1.77028E5	1.50173E5	1.41698E5	1.43832E5	1.42909E5	1.27672E5	1.20236E5	2.39909E5	6.82464E5	6.52002E4	4.84535E4	4.28462E5	5.0385E6	7079.27277	1639.32204	1062.62029	913.61365	659.06242	719.09617	407.45925	461.25968
370	2.18926E5	1.82138E5	1.52697E5	1.43247E5	1.46221E5	1.4463E5	1.34196E5	1.23433E5	1.5875E5	9.03431E5	7.05928E4	5.24783E4	8.08896E4	6.11808E6	1.75704E4	2209.79472	1098.365	1026.76263	869.31368	691.58622	417.24801	340.53703
372	2.18802E5	1.8205E5	1.53041E5	1.53023E5	1.4544E5	1.44972E5	1.38202E5	1.29795E5	1.37391E5	9.73621E5	8.17095E4	5.57062E4	5.08537E4	5.25399E6	1.92145E5	2350.29547	1219.83151	1024.00115	814.20649	461.02875	489.50936	436.44843
374	2.31281E5	1.87845E5	1.55845E5	1.49412E5	1.50491E5	1.46621E5	1.36561E5	1.31637E5	1.30442E5	8.69726E5	1.14603E5	5.52923E4	4.51916E4	3.20143E6	9.51003E5	2987.58433	1348.89459	1011.51074	682.08074	517.57851	461.86731	434.12666
376	2.33636E5	1.95799E5	1.59875E5	1.49262E5	1.5222E5	1.4716E5	1.47018E5	1.33838E5	1.27597E5	6.61241E5	1.89159E5	5.7735E4	4.19825E4	1.30713E6	2.48982E6	4006.46305	1411.02115	890.54599	790.43492	494.81622	510.50763	399.35958
378	2.65015E5	2.0228E5	1.64354E5	1.56541E5	1.53874E5	1.48685E5	1.46979E5	1.40327E5	1.31574E5	4.32269E5	3.34824E5	6.03283E4	4.30586E4	3.29208E5	4.24048E6	6326.38594	1522.69403	1112.35818	818.2819	582.51205	494.25911	472.95504
380	2.50115E5	2.0302E5	1.70367E5	1.54396E5	1.56833E5	1.53185E5	1.51067E5	1.44284E5	1.3775E5	2.68651E5	5.22839E5	6.31863E4	4.36343E4	6.97211E4	5.00907E6	1.38348E4	1686.95799	926.76887	867.30703	466.05987	552.01213	435.25284
382	2.50418E5	2.09923E5	1.75376E5	1.55851E5	1.58949E5	1.53752E5	1.54067E5	1.48023E5	1.38193E5	1.853E5	6.96245E5	6.73521E4	4.77094E4	4.63973E4	4.44794E6	1.38477E5	2048.45061	993.23783	741.45609	652.48088	441.09827	379.13821
384	2.63838E5	2.23399E5	1.81418E5	1.61856E5	1.57805E5	1.57573E5	1.5786E5	1.52092E5	1.42909E5	1.47072E5	8.00872E5	7.39646E4	4.96302E4	3.97469E4	2.86475E6	7.23661E5	2604.02713	1134.62258	883.32183	402.32396	450.28876	342.50696
386	2.72719E5	2.2943E5	1.84877E5	1.66948E5	1.61415E5	1.61788E5	1.57395E5	1.58229E5	1.45026E5	1.3905E5	7.82501E5	9.41178E4	5.12903E4	3.80928E4	1.1812E6	2.01845E6	3566.17852	1090.57367	819.9238	490.62904	511.03372	387.75324
388	2.8913E5	2.35927E5	1.92416E5	1.68764E5	1.64484E5	1.63201E5	1.65499E5	1.58563E5	1.50367E5	1.38924E5	6.47922E5	1.4001E5	5.422E4	3.77062E4	3.2578E5	3.50615E6	5266.6505	1493.72117	892.06805	589.73185	441.80545	398.6082
390	2.8102E5	2.34795E5	1.91443E5	1.72832E5	1.63433E5	1.67082E5	1.68081E5	1.63659E5	1.53451E5	1.38813E5	4.6508E5	2.32357E5	5.60758E4	4.01727E4	6.56151E4	4.46278E6	1.25449E4	1549.07971	1043.55013	664.58016	549.37432	335.53331
392	2.84062E5	2.51862E5	1.906E5	1.68697E5	1.72866E5	1.70175E5	1.67568E5	1.68116E5	1.56148E5	1.40323E5	3.00623E5	3.79274E5	5.92674E4	4.25997E4	4.0937E4	4.03985E6	1.40241E5	1916.34265	1127.2259	595.28985	486.82982	426.77464
394	3.07868E5	2.5599E5	1.98964E5	1.79554E5	1.70791E5	1.71436E5	1.69953E5	1.68816E5	1.58225E5	1.43699E5	2.006E5	5.30945E5	6.28217E4	4.50506E4	3.5816E4	2.68752E6	6.79007E5	2505.53334	1230.10248	858.57332	511.17319	425.15143
396	2.91539E5	2.59761E5	2.03215E5	1.78712E5	1.72002E5	1.75111E5	1.69849E5	1.70136E5	1.62304E5	1.4566E5	1.5483E5	6.6037E5	6.83689E4	4.87817E4	3.3344E4	1.15323E6	1.93166E6	3707.53765	1451.95916	814.95165	768.98646	437.4868
398	3.05597E5	2.58194E5	2.13359E5	1.8624E5	1.72429E5	1.73703E5	1.75463E5	1.73006E5	1.65634E5	1.49402E5	1.39352E5	6.82541E5	7.89044E4	5.10483E4	3.28561E4	3.22703E5	3.33219E6	5688.98285	1610.86451	816.71022	767.01948	408.44121
400	3.05786E5	2.65488E5	2.22546E5	1.85155E5	1.77069E5	1.78091E5	1.80416E5	1.77716E5	1.64362E5	1.5054E5	1.36513E5	6.09503E5	1.08108E5	5.14751E4	3.41354E4	6.02323E4	4.04695E6	1.22851E4	1649.06441	798.25952	635.05286	514.69746
402	3.20603E5	2.80815E5	2.19485E5	1.9173E5	1.77652E5	1.81166E5	1.78502E5	1.78728E5	1.68011E5	1.52208E5	1.35814E5	4.67121E5	1.66037E5	5.50779E4	3.66603E4	3.64828E4	3.51255E6	1.47789E5	1915.45995	952.38353	445.29151	486.93384
404	3.15189E5	2.66682E5	2.30146E5	1.95144E5	1.80487E5	1.8448E5	1.80259E5	1.76967E5	1.71647E5	1.55733E5	1.38659E5	3.16911E5	2.65026E5	5.84176E4	3.93028E4	3.18776E4	2.17819E6	6.90716E5	2434.06227	828.06978	541.66302	471.51182
406	3.36612E5	2.86293E5	2.31453E5	1.93116E5	1.84209E5	1.83244E5	1.82712E5	1.83344E5	1.7332E5	1.57941E5	1.39232E5	2.14965E5	3.95908E5	6.13063E4	4.07606E4	2.91613E4	8.94433E5	1.75946E6	3095.67458	900.83852	652.10387	505.52326
408	3.33038E5	2.89148E5	2.37931E5	1.99732E5	1.88291E5	1.84797E5	1.83705E5	1.80797E5	1.74536E5	1.60866E5	1.39969E5	1.58391E5	5.13917E5	6.55816E4	4.33463E4	2.82185E4	2.29728E5	2.9936E6	5101.56691	916.61228	663.68811	725.97058
410	3.32449E5	2.91218E5	2.36114E5	2.02596E5	1.89076E5	1.86593E5	1.85245E5	1.80825E5	1.73757E5	1.63745E5	1.42546E5	1.36049E5	5.82117E5	7.43729E4	4.56447E4	3.00122E4	4.62918E4	3.63963E6	1.06677E4	1243.75054	571.69524	536.1402
412	3.38866E5	2.92594E5	2.50732E5	2.08971E5	1.93384E5	1.86983E5	1.84353E5	1.84196E5	1.7666E5	1.62799E5	1.47346E5	1.3132E5	5.6542E5	9.21807E4	4.77682E4	3.12368E4	3.26017E4	3.21065E6	9.08255E4	1372.70523	773.49579	472.15981
414	3.45249E5	3.04485E5	2.55002E5	2.1301E5	1.89846E5	1.87463E5	1.8478E5	1.80447E5	1.74639E5	1.66217E5	1.48797E5	1.3069E5	4.79708E5	1.30844E5	5.01151E4	3.40909E4	2.83241E4	2.08674E6	4.75918E5	1904.73996	920.2915	589.23932
416	3.48461E5	3.1187E5	2.59748E5	2.12996E5	1.91833E5	1.89821E5	1.84327E5	1.82386E5	1.79462E5	1.66152E5	1.48828E5	1.32883E5	3.56905E5	1.94476E5	5.32612E4	3.64295E4	2.76087E4	8.6968E5	1.45885E6	2522.94361	740.71892	503.89431
418	3.63615E5	3.1186E5	2.63078E5	2.21233E5	1.96149E5	1.88712E5	1.87428E5	1.8457E5	1.78225E5	1.67901E5	1.52909E5	1.3419E5	2.49467E5	2.96478E5	5.7564E4	3.79329E4	2.52556E4	2.31762E5	2.81437E6	4471.61258	998.46596	512.27155
420	3.46806E5	3.17545E5	2.64118E5	2.17946E5	1.96533E5	1.88363E5	1.85641E5	1.82717E5	1.76737E5	1.6767E5	1.54843E5	1.37969E5	1.75856E5	4.05171E5	5.81365E4	3.98504E4	2.61966E4	4.61744E4	3.73963E6	9138.34988	1183.76137	643.17716
422	3.39716E5	3.18449E5	2.68869E5	2.26714E5	2.02359E5	1.93052E5	1.87485E5	1.82542E5	1.76305E5	1.6998E5	1.55173E5	1.36329E5	1.40393E5	4.88243E5	6.43345E4	4.13488E4	2.8346E4	2.97251E4	3.51401E6	9.42138E4	1309.39501	623.70687
424	3.41791E5	3.14159E5	2.73378E5	2.23178E5	1.99448E5	1.92993E5	1.81327E5	1.81573E5	1.74391E5	1.71252E5	1.57505E5	1.38413E5	1.28565E5	5.11226E5	7.42395E4	4.44086E4	2.97431E4	2.60781E4	2.2928E6	4.73928E5	1923.1872	654.75702
426	3.65006E5	3.26482E5	2.72529E5	2.27342E5	2.02317E5	1.8888E5	1.85729E5	1.82946E5	1.72888E5	1.70009E5	1.57467E5	1.42978E5	1.26187E5	4.60381E5	9.7754E4	4.74238E4	3.26131E4	2.43608E4	9.58797E5	1.37609E6	2582.8723	864.60511
428	3.65599E5	3.25997E5	2.81078E5	2.32411E5	2.00959E5	1.89145E5	1.84645E5	1.82332E5	1.74022E5	1.71386E5	1.60955E5	1.41454E5	1.23856E5	3.673E5	1.4227E5	4.92549E4	3.51873E4	2.37091E4	2.21231E5	2.42911E6	4105.56255	986.94848
430	3.80952E5	3.37105E5	2.82831E5	2.36723E5	2.05366E5	1.91915E5	1.83042E5	1.82041E5	1.76465E5	1.73346E5	1.59015E5	1.44852E5	1.26965E5	2.63789E5	2.11019E5	5.12639E4	3.57083E4	2.40985E4	4.01784E4	2.93692E6	8655.79898	970.91967
432	3.76453E5	3.46307E5	2.76569E5	2.37678E5	2.09613E5	1.91772E5	1.82848E5	1.80048E5	1.73184E5	1.72019E5	1.62195E5	1.43974E5	1.29679E5	1.8894E5	2.95347E5	5.39607E4	3.77484E4	2.63466E4	2.71322E4	2.52764E6	8.61519E4	1391.17223
434	3.77725E5	3.29313E5	2.91895E5	2.45072E5	2.07846E5	1.89817E5	1.84011E5	1.79106E5	1.73762E5	1.69735E5	1.62095E5	1.46299E5	1.27784E5	1.46066E5	3.74649E5	5.74959E4	3.96999E4	2.6519E4	2.47005E4	1.53256E6	4.46216E5	1708.0654
436	3.82283E5	3.35993E5	2.88526E5	2.50961E5	2.06736E5	1.91766E5	1.82664E5	1.81368E5	1.73346E5	1.69793E5	1.6288E5	1.463E5	1.31612E5	1.2833E5	4.16585E5	6.3454E4	4.0828E4	2.94182E4	2.37825E4	6.17622E5	1.22702E6	2429.42802
438	3.63573E5	3.38769E5	3.01129E5	2.4901E5	2.10681E5	1.93209E5	1.83541E5	1.75705E5	1.74086E5	1.71156E5	1.62258E5	1.49535E5	1.32782E5	1.22135E5	4.11332E5	7.68504E4	4.44867E4	3.16512E4	2.16578E4	1.56344E5	2.16158E6	3645.47836
440	3.75572E5	3.29632E5	2.99003E5	2.45941E5	2.09529E5	1.92488E5	1.78999E5	1.77654E5	1.73252E5	1.6752E5	1.62184E5	1.49255E5	1.3521E5	1.20046E5	3.5432E5	1.00204E5	4.57661E4	3.31435E4	2.30468E4	3.39408E4	2.70644E6	6878.65189
442	3.56284E5	3.27393E5	2.93849E5	2.49441E5	2.13514E5	1.91169E5	1.76864E5	1.73786E5	1.68495E5	1.66367E5	1.61809E5	1.49005E5	1.35099E5	1.22667E5	2.78219E5	1.41583E5	4.70483E4	3.52634E4	2.3719E4	2.52583E4	2.41345E6	5.56268E4
444	3.77383E5	3.4139E5	2.95453E5	2.53171E5	2.14253E5	1.88442E5	1.77786E5	1.71428E5	1.68838E5	1.64085E5	1.61523E5	1.49074E5	1.34562E5	1.22252E5	2.04457E5	2.00651E5	5.02488E4	3.662E4	2.43483E4	2.35174E4	1.54422E6	3.05539E5
446	3.62758E5	3.31787E5	2.97133E5	2.54481E5	2.15511E5	1.87668E5	1.77368E5	1.71151E5	1.66516E5	1.66182E5	1.60785E5	1.50234E5	1.36047E5	1.24318E5	1.51012E5	2.68384E5	5.25829E4	3.74426E4	2.73314E4	2.15655E4	6.37644E5	9.92297E5
448	3.6115E5	3.24917E5	2.95799E5	2.53472E5	2.16723E5	1.92377E5	1.76833E5	1.70425E5	1.65864E5	1.64183E5	1.60319E5	1.51954E5	1.3692E5	1.22199E5	1.21383E5	3.22486E5	5.67497E4	4.02938E4	2.87303E4	2.16464E4	1.68283E5	1.93873E6
450	3.51482E5	3.42113E5	2.97417E5	2.57325E5	2.15082E5	1.90872E5	1.73165E5	1.68968E5	1.63454E5	1.65003E5	1.61186E5	1.5088E5	1.38469E5	1.2456E5	1.10902E5	3.48495E5	6.41514E4	4.2516E4	3.13693E4	2.16813E4	3.4351E4	2.57116E6
452	3.68621E5	3.33539E5	2.96816E5	2.53827E5	2.14429E5	1.85655E5	1.7287E5	1.66727E5	1.63755E5	1.62887E5	1.57511E5	1.49095E5	1.39679E5	1.26012E5	1.08478E5	3.36459E5	7.90012E4	4.44831E4	3.27741E4	2.26364E4	2.2584E4	2.34156E6
454	3.71186E5	3.36554E5	3.09175E5	2.57743E5	2.1171E5	1.83818E5	1.75805E5	1.63716E5	1.63352E5	1.60484E5	1.56748E5	1.49678E5	1.3845E5	1.27164E5	1.07259E5	2.8567E5	1.07265E5	4.52133E4	3.37345E4	2.30797E4	2.18903E4	1.47058E6
456	3.58291E5	3.28947E5	2.97932E5	2.59166E5	2.16579E5	1.84899E5	1.70961E5	1.65089E5	1.61316E5	1.58442E5	1.53673E5	1.48342E5	1.38948E5	1.26594E5	1.07345E5	2.17263E5	1.50202E5	4.658E4	3.45388E4	2.44229E4	1.99584E4	5.81255E5
458	3.47373E5	3.41157E5	3.03694E5	2.55838E5	2.16775E5	1.85414E5	1.68441E5	1.61074E5	1.59419E5	1.57295E5	1.52614E5	1.46072E5	1.36779E5	1.27781E5	1.05797E5	1.61572E5	2.03642E5	4.86746E4	3.65823E4	2.63007E4	1.9332E4	1.42362E5
460	3.7044E5	3.41888E5	3.0271E5	2.59937E5	2.15424E5	1.81812E5	1.67542E5	1.60052E5	1.55769E5	1.54667E5	1.50847E5	1.45003E5	1.37938E5	1.27915E5	1.06767E5	1.22714E5	2.54578E5	5.17515E4	3.8648E4	2.76174E4	1.89261E4	3.01245E4
462	3.39987E5	3.27445E5	2.98359E5	2.57965E5	2.13202E5	1.83437E5	1.66477E5	1.56924E5	1.55131E5	1.52504E5	1.51337E5	1.45852E5	1.36457E5	1.2721E5	1.07217E5	1.03523E5	2.94327E5	5.65312E4	3.99345E4	3.03635E4	2.0368E4	2.04178E4
464	3.42381E5	3.26792E5	2.97256E5	2.53138E5	2.12476E5	1.80205E5	1.63276E5	1.56671E5	1.51282E5	1.52356E5	1.4939E5	1.43596E5	1.36241E5	1.27142E5	1.08425E5	9.63183E4	2.95781E5	6.50187E4	4.17211E4	3.14774E4	2.03004E4	1.83322E4
466	3.40175E5	3.23602E5	2.94722E5	2.52937E5	2.11997E5	1.80977E5	1.61582E5	1.53627E5	1.49748E5	1.50527E5	1.45699E5	1.39712E5	1.34939E5	1.26829E5	1.07949E5	9.56078E4	2.68114E5	7.90697E4	4.26068E4	3.26101E4	2.14671E4	1.69887E4
468	4.72302E5	3.16142E5	2.95059E5	2.56318E5	2.06713E5	1.8073E5	1.5927E5	1.52003E5	1.48707E5	1.45216E5	1.44587E5	1.40052E5	1.33682E5	1.28075E5	1.0864E5	9.17106E4	2.22701E5	1.05016E5	4.44455E4	3.30904E4	2.28902E4	1.69892E4
470	9.04208E5	3.30721E5	2.91227E5	2.5063E5	2.13445E5	1.77817E5	1.58506E5	1.52537E5	1.48056E5	1.44415E5	1.40381E5	1.37719E5	1.32195E5	1.25136E5	1.07804E5	9.18865E4	1.69464E5	1.42205E5	4.53829E4	3.36067E4	2.39688E4	1.62104E4
472	1.80393E6	3.22235E5	2.88443E5	2.53476E5	2.10234E5	1.77612E5	1.56073E5	1.49135E5	1.43559E5	1.42194E5	1.40596E5	1.36567E5	1.30998E5	1.25501E5	1.07557E5	9.19982E4	1.27543E5	1.87225E5	4.63813E4	3.46405E4	2.5233E4	1.64537E4
474	3.44239E6	3.15887E5	2.86019E5	2.52005E5	2.06145E5	1.76105E5	1.55283E5	1.46962E5	1.40692E5	1.42036E5	1.39179E5	1.33299E5	1.30674E5	1.26224E5	1.07517E5	9.06144E4	1.01671E5	2.25859E5	4.80747E4	3.6402E4	2.62443E4	1.64127E4
476	5.71447E6	3.10885E5	2.81355E5	2.47643E5	2.07394E5	1.71542E5	1.56343E5	1.41897E5	1.38724E5	1.37545E5	1.35894E5	1.32296E5	1.28118E5	1.24258E5	1.07794E5	9.09394E4	8.69922E4	2.53354E5	5.2306E4	3.66883E4	2.70263E4	1.72986E4
478	8.66772E6	3.22035E5	2.74012E5	2.46537E5	2.04834E5	1.71259E5	1.48688E5	1.42368E5	1.3607E5	1.35264E5	1.34515E5	1.30766E5	1.27365E5	1.20901E5	1.06003E5	9.06718E4	8.20763E4	2.49949E5	6.09065E4	3.72392E4	2.71692E4	1.73144E4
480	1.1201E7	3.19869E5	2.76142E5	2.41441E5	2.00288E5	1.66041E5	1.49508E5	1.37225E5	1.33105E5	1.33155E5	1.3077E5	1.27352E5	1.24535E5	1.21476E5	1.05646E5	9.20859E4	8.01198E4	2.22793E5	7.63137E4	3.80512E4	2.75493E4	1.86531E4
482	1.24212E7	3.04951E5	2.69593E5	2.43439E5	2.00667E5	1.67199E5	1.45348E5	1.36551E5	1.31007E5	1.2992E5	1.29999E5	1.25265E5	1.20589E5	1.19871E5	1.03659E5	9.12421E4	7.83291E4	1.79656E5	9.98513E4	3.86021E4	2.75582E4	2.02649E4
484	1.20207E7	3.15563E5	2.69614E5	2.34181E5	1.9586E5	1.62817E5	1.43386E5	1.34785E5	1.26101E5	1.27074E5	1.26459E5	1.19913E5	1.20832E5	1.16189E5	1.03738E5	8.94614E4	7.63771E4	1.35326E5	1.35116E5	3.91818E4	2.90387E4	2.0971E4
486	1.01459E7	3.28655E5	2.69793E5	2.37851E5	1.94168E5	1.6591E5	1.43011E5	1.30513E5	1.27565E5	1.25712E5	1.22344E5	1.21893E5	1.19527E5	1.16942E5	1.02839E5	8.865E4	7.58836E4	1.0149E5	1.69928E5	4.04719E4	2.89694E4	2.17314E4
488	7.1612E6	4.9579E5	2.68387E5	2.2736E5	1.94805E5	1.63767E5	1.41341E5	1.28215E5	1.24854E5	1.2116E5	1.19343E5	1.17025E5	1.17928E5	1.13842E5	1.01641E5	8.75523E4	7.59152E4	8.0471E4	2.01326E5	4.26699E4	3.06137E4	2.13183E4
490	4.50125E6	1.0644E6	2.64045E5	2.27701E5	1.88678E5	1.57631E5	1.35124E5	1.26836E5	1.228E5	1.19845E5	1.1944E5	1.16654E5	1.15445E5	1.14136E5	9.93919E4	8.8077E4	7.59253E4	7.19875E4	2.15293E5	4.71643E4	3.01788E4	2.18187E4
492	2.06063E6	2.30926E6	2.62127E5	2.30431E5	1.89159E5	1.54142E5	1.38244E5	1.23453E5	1.19933E5	1.16832E5	1.16636E5	1.13952E5	1.12706E5	1.10384E5	9.79622E4	8.67879E4	7.44498E4	6.97171E4	2.08616E5	5.61781E4	3.02709E4	2.21609E4
494	8.4611E5	4.2506E6	2.53638E5	2.23096E5	1.83687E5	1.57204E5	1.3263E5	1.22566E5	1.18325E5	1.1621E5	1.13558E5	1.11423E5	1.1103E5	1.08156E5	9.76019E4	8.53476E4	7.29968E4	6.65356E4	1.84942E5	7.12079E4	3.04821E4	2.31349E4
496	4.6483E5	7.01518E6	2.56706E5	2.2311E5	1.81028E5	1.52805E5	1.34046E5	1.21831E5	1.14283E5	1.11164E5	1.13761E5	1.08411E5	1.07534E5	1.07425E5	9.47578E4	8.24288E4	7.39198E4	6.61804E4	1.48486E5	9.33179E4	3.03E4	2.3099E4
498	3.95326E5	1.00429E7	2.583E5	2.18672E5	1.83718E5	1.50482E5	1.29755E5	1.19227E5	1.1408E5	1.08685E5	1.09788E5	1.04542E5	1.05148E5	1.05893E5	9.29504E4	8.39004E4	7.17367E4	6.39982E4	1.12493E5	1.20758E5	3.17806E4	2.36501E4
500	3.80905E5	1.25067E7	2.44099E5	2.08076E5	1.77234E5	1.507E5	1.26125E5	1.1499E5	1.10938E5	1.06898E5	1.08337E5	1.03961E5	1.0424E5	1.01485E5	9.27517E4	8.15304E4	7.02076E4	6.39772E4	8.40489E4	1.50976E5	3.30738E4	2.40413E4
502	3.3919E5	1.35016E7	2.44504E5	2.12503E5	1.72267E5	1.46146E5	1.26313E5	1.14458E5	1.06969E5	1.07149E5	1.06625E5	1.02339E5	1.03469E5	9.96874E4	9.12936E4	8.01343E4	7.02092E4	6.27724E4	6.78129E4	1.71507E5	3.50425E4	2.41693E4
504	3.21882E5	1.28729E7	2.4936E5	2.04848E5	1.77612E5	1.43377E5	1.25387E5	1.12518E5	1.05888E5	1.03593E5	1.01047E5	1.01652E5	1.01589E5	9.99236E4	9.0994E4	8.03612E4	7.09052E4	6.15061E4	6.0303E4	1.81014E5	3.94529E4	2.49052E4
506	3.40421E5	1.06392E7	2.69732E5	2.05947E5	1.72371E5	1.41556E5	1.21745E5	1.09804E5	1.03995E5	1.02292E5	1.0224E5	9.77134E4	9.58489E4	9.75684E4	8.75991E4	7.69596E4	6.89352E4	6.08464E4	5.64446E4	1.71236E5	4.7029E4	2.49812E4
508	3.27217E5	7.63661E6	4.50899E5	2.01798E5	1.74664E5	1.40903E5	1.19121E5	1.08121E5	1.01619E5	9.93485E4	9.83919E4	9.43894E4	9.57497E4	9.47319E4	8.72862E4	7.67267E4	6.95809E4	5.95218E4	5.46511E4	1.51632E5	6.04852E4	2.42065E4
510	3.8519E5	4.4786E6	1.13082E6	1.95375E5	1.64503E5	1.38171E5	1.19055E5	1.07441E5	1.00176E5	9.81201E4	9.48622E4	9.37785E4	9.39399E4	9.29274E4	8.57648E4	7.46177E4	6.6552E4	5.94883E4	5.37722E4	1.18627E5	7.88138E4	2.48376E4
512	5.19484E5	2.01385E6	2.63542E6	1.97721E5	1.63436E5	1.33689E5	1.12641E5	1.04931E5	9.76812E4	9.54942E4	9.47624E4	9.09047E4	9.15207E4	9.00408E4	8.46803E4	7.34395E4	6.58024E4	5.79762E4	5.29247E4	8.8019E4	1.01994E5	2.45565E4
514	7.65665E5	8.17229E5	4.8387E6	1.95995E5	1.61428E5	1.31098E5	1.12624E5	1.03457E5	9.6209E4	9.35948E4	9.16344E4	9.20342E4	8.88055E4	8.86948E4	8.12785E4	7.26155E4	6.54846E4	5.71643E4	5.01782E4	6.81902E4	1.24325E5	2.6028E4
516	1.05547E6	4.21677E5	7.70411E6	1.93791E5	1.64009E5	1.34422E5	1.12174E5	1.01149E5	9.34792E4	9.04027E4	8.95177E4	8.61313E4	8.68165E4	8.64816E4	8.03533E4	7.09061E4	6.38805E4	5.60634E4	5.07919E4	5.41532E4	1.41955E5	2.83428E4
518	1.40226E6	3.38716E5	1.07142E7	1.91573E5	1.58427E5	1.27222E5	1.09707E5	1.00972E5	9.28423E4	9.02688E4	8.7535E4	8.43471E4	8.34326E4	8.46283E4	7.74167E4	7.09391E4	6.22866E4	5.54293E4	4.90558E4	4.68091E4	1.48227E5	3.20463E4
520	1.86828E6	3.24658E5	1.29398E7	1.91439E5	1.50931E5	1.28518E5	1.05405E5	9.82086E4	9.20787E4	8.54967E4	8.61503E4	8.30867E4	8.35505E4	8.1601E4	7.65656E4	6.82831E4	6.21651E4	5.43567E4	4.71084E4	4.37445E4	1.41276E5	3.82283E4
522	2.25424E6	3.02908E5	1.36656E7	1.89707E5	1.52255E5	1.23604E5	1.05904E5	9.47103E4	8.74462E4	8.46659E4	8.21393E4	8.11772E4	8.11794E4	8.0687E4	7.37733E4	6.76379E4	6.01222E4	5.37653E4	4.78133E4	4.34703E4	1.23742E5	4.97847E4
524	2.43694E6	2.89679E5	1.2432E7	1.89682E5	1.4994E5	1.23247E5	1.04197E5	9.0689E4	8.68345E4	8.20527E4	8.01882E4	7.85754E4	7.82601E4	7.87E4	7.17309E4	6.58063E4	5.97717E4	5.32018E4	4.55157E4	4.22606E4	9.88671E4	6.46515E4
526	2.5779E6	2.7605E5	9.99604E6	2.17498E5	1.46187E5	1.18525E5	1.0021E5	9.23116E4	8.46762E4	8.23681E4	7.91557E4	7.80186E4	7.64749E4	7.68302E4	7.14181E4	6.56595E4	5.86668E4	5.14863E4	4.5452E4	4.13945E4	7.25154E4	8.31605E4
528	2.43197E6	2.74516E5	7.04415E6	4.19039E5	1.44344E5	1.1676E5	9.89728E4	8.8114E4	8.34285E4	7.93168E4	7.67349E4	7.56085E4	7.37592E4	7.39751E4	6.94004E4	6.32553E4	5.70477E4	5.12013E4	4.4877E4	3.91585E4	5.4424E4	1.00786E5
530	2.11583E6	2.58578E5	4.01332E6	1.14635E6	1.44906E5	1.1484E5	9.66208E4	8.73888E4	8.16393E4	7.72142E4	7.61403E4	7.27175E4	7.14809E4	7.27597E4	6.63327E4	5.97305E4	5.72377E4	5.077E4	4.4982E4	3.81167E4	4.28408E4	1.16567E5
532	1.65348E6	3.26205E5	1.76685E6	2.72601E6	1.40504E5	1.16718E5	9.76406E4	8.40589E4	7.93891E4	7.3731E4	7.29637E4	7.26E4	7.04316E4	7.13237E4	6.56116E4	5.93885E4	5.39255E4	4.84564E4	4.30535E4	3.86248E4	3.63002E4	1.23275E5
534	1.14612E6	4.11288E5	6.52068E5	5.15644E6	1.38367E5	1.11065E5	9.68211E4	8.3221E4	7.74096E4	7.43643E4	7.14925E4	6.89764E4	6.96639E4	6.82999E4	6.49395E4	5.77705E4	5.36469E4	4.85538E4	4.13477E4	3.60301E4	3.49232E4	1.18586E5
536	7.38373E5	5.81288E5	3.35802E5	8.0433E6	1.34821E5	1.09893E5	8.90928E4	8.22468E4	7.39571E4	7.29209E4	6.79884E4	6.69721E4	6.55612E4	6.62651E4	6.31711E4	5.83629E4	5.14584E4	4.65469E4	4.10176E4	3.61909E4	3.34779E4	1.03276E5
538	4.60583E5	8.91511E5	2.8686E5	1.09445E7	1.37902E5	1.06372E5	8.87378E4	7.91141E4	7.19208E4	6.97061E4	6.78123E4	6.68054E4	6.43407E4	6.51234E4	6.01092E4	5.46782E4	5.11586E4	4.50137E4	4.06163E4	3.54855E4	3.16589E4	8.06355E4
540	2.76888E5	1.2877E6	2.52846E5	1.29804E7	1.34288E5	1.03213E5	8.83926E4	7.68084E4	7.22825E4	6.9205E4	6.63927E4	6.39934E4	6.28156E4	6.54073E4	5.74582E4	5.37491E4	4.90814E4	4.42172E4	3.99202E4	3.43871E4	3.15209E4	6.00297E4
542	2.41104E5	1.70088E6	2.53603E5	1.32716E7	1.3246E5	1.02276E5	8.71856E4	7.6308E4	7.05632E4	6.81966E4	6.29837E4	6.0319E4	6.10435E4	6.18679E4	5.74619E4	5.33067E4	4.75571E4	4.3164E4	3.90668E4	3.48113E4	2.96236E4	4.37097E4
544	2.07892E5	2.18058E6	2.36532E5	1.18115E7	1.39215E5	1.01478E5	8.48587E4	7.42332E4	6.66543E4	6.56775E4	6.21622E4	5.96005E4	6.06006E4	6.10827E4	5.50902E4	5.02529E4	4.57757E4	4.26068E4	3.74878E4	3.40455E4	2.85964E4	3.31278E4
546	2.11831E5	2.54528E6	2.2938E5	9.33724E6	1.67079E5	9.72403E4	7.94771E4	7.22056E4	6.68824E4	6.34598E4	6.08724E4	5.84477E4	5.84634E4	5.86993E4	5.4308E4	4.94679E4	4.42706E4	4.13298E4	3.77774E4	3.2717E4	2.89101E4	2.81307E4
548	1.92477E5	2.68845E6	2.14303E5	6.3285E6	4.13773E5	9.90269E4	8.07892E4	7.11133E4	6.66949E4	6.13704E4	5.79326E4	5.75239E4	5.6946E4	5.6862E4	5.25856E4	4.78819E4	4.31846E4	3.89544E4	3.64916E4	3.09285E4	2.71204E4	2.56318E4
550	1.69988E5	2.69595E6	2.09503E5	3.56631E6	1.20995E6	9.61754E4	7.91926E4	6.94985E4	6.30475E4	6.14191E4	5.74366E4	5.36481E4	5.45572E4	5.52418E4	5.15577E4	4.77861E4	4.30804E4	3.90252E4	3.5162E4	3.19988E4	2.57856E4	2.48801E4
552	1.90966E5	2.46292E6	2.05928E5	1.58524E6	2.81792E6	9.64932E4	7.61588E4	6.82503E4	6.2552E4	5.87294E4	5.69012E4	5.33361E4	5.34768E4	5.32602E4	4.95422E4	4.70792E4	4.08521E4	3.81721E4	3.37356E4	3.03029E4	2.59777E4	2.46988E4
554	1.76175E5	2.04048E6	2.20591E5	5.7763E5	5.17745E6	9.32761E4	7.4152E4	6.49268E4	5.86369E4	5.76159E4	5.45603E4	5.29196E4	5.32827E4	5.31902E4	4.91356E4	4.47481E4	4.19894E4	3.70514E4	3.25019E4	3.02075E4	2.47642E4	2.33714E4
556	1.60073E5	1.56973E6	2.74955E5	2.81396E5	7.96319E6	9.43627E4	7.7178E4	6.30978E4	5.78938E4	5.53481E4	5.39693E4	5.18979E4	4.97823E4	5.15854E4	4.82824E4	4.34975E4	3.85799E4	3.60978E4	3.32179E4	2.88604E4	2.37023E4	2.31568E4
558	1.69055E5	1.08863E6	3.84532E5	2.35261E5	1.07363E7	9.46028E4	7.40888E4	6.33033E4	5.74146E4	5.53808E4	5.27354E4	4.88824E4	4.87486E4	4.90759E4	4.49042E4	4.13017E4	3.78504E4	3.51619E4	3.24034E4	2.78519E4	2.53418E4	2.18501E4
560	1.5976E5	7.04457E5	5.94403E5	2.22017E5	1.26481E7	9.30288E4	6.89113E4	6.30141E4	5.54725E4	5.20975E4	4.99184E4	4.73162E4	4.84243E4	4.80286E4	4.39967E4	4.08588E4	3.8462E4	3.49546E4	3.12996E4	2.77653E4	2.35737E4	2.09429E4
562	1.70003E5	4.32347E5	9.26862E5	2.08318E5	1.28611E7	9.77309E4	7.18689E4	6.22819E4	5.66155E4	5.09719E4	4.79814E4	4.72662E4	4.63149E4	4.74952E4	4.24214E4	3.969E4	3.58195E4	3.33153E4	3.04698E4	2.63704E4	2.40621E4	1.96834E4
564	1.44045E5	2.67303E5	1.31295E6	1.99566E5	1.13871E7	1.00537E5	7.03955E4	5.99062E4	5.44957E4	5.06802E4	4.70372E4	4.56752E4	4.51696E4	4.45404E4	4.22811E4	3.74244E4	3.46507E4	3.34429E4	2.88503E4	2.64196E4	2.16937E4	1.98315E4
566	1.7142E5	1.9862E5	1.75165E6	1.83079E5	8.85121E6	1.29696E5	6.77125E4	5.98463E4	5.29137E4	4.95831E4	4.66925E4	4.4765E4	4.4403E4	4.42683E4	3.99325E4	3.61682E4	3.35481E4	3.24423E4	2.82585E4	2.62248E4	2.15719E4	1.8574E4
568	1.54944E5	1.72376E5	2.18513E6	1.77728E5	5.90244E6	3.73551E5	6.57396E4	5.65673E4	5.1072E4	4.75733E4	4.51895E4	4.3459E4	4.23045E4	4.26922E4	3.9772E4	3.64077E4	3.4069E4	3.03408E4	2.82674E4	2.54501E4	2.20058E4	1.89404E4
570	1.74801E5	1.63607E5	2.49467E6	1.76674E5	3.24248E6	1.18069E6	6.6522E4	5.50427E4	4.95243E4	4.49655E4	4.40239E4	4.28269E4	4.10899E4	3.98355E4	3.79001E4	3.51689E4	3.19604E4	3.06833E4	2.72076E4	2.45493E4	2.09758E4	1.84833E4
572	1.37118E5	1.33453E5	2.58499E6	1.70562E5	1.38213E6	2.78184E6	6.51802E4	5.20059E4	4.93567E4	4.42539E4	4.33743E4	4.06483E4	3.82692E4	3.74864E4	3.72022E4	3.45853E4	3.07413E4	2.91652E4	2.54125E4	2.42328E4	1.98839E4	1.72455E4
574	1.49002E5	1.30811E5	2.50427E6	1.64165E5	4.77225E5	5.13419E6	6.57925E4	5.2187E4	4.68993E4	4.44781E4	4.06193E4	3.8253E4	3.85334E4	3.9731E4	3.53873E4	3.33776E4	3.09972E4	2.82811E4	2.63749E4	2.23816E4	1.95988E4	1.70711E4
576	1.43187E5	1.22386E5	2.18672E6	1.71191E5	2.40664E5	7.82739E6	6.42174E4	5.31857E4	4.45852E4	4.27585E4	4.00397E4	3.85869E4	3.83271E4	3.70574E4	3.559E4	3.21922E4	2.93935E4	2.69245E4	2.45047E4	2.19052E4	2.05141E4	1.6556E4
578	1.5E5	1.23074E5	1.78873E6	1.88949E5	2.01001E5	1.04074E7	6.46073E4	5.04702E4	4.41618E4	4.16728E4	3.89197E4	3.83665E4	3.67809E4	3.68537E4	3.34038E4	3.06306E4	2.92695E4	2.77005E4	2.41916E4	2.1757E4	1.87284E4	1.63556E4
580	1.3958E5	1.30626E5	1.36557E6	2.51329E5	1.81762E5	1.22719E7	6.27894E4	5.16878E4	4.41783E4	3.99017E4	3.76493E4	3.67914E4	3.46881E4	3.63276E4	3.2654E4	2.97891E4	2.81868E4	2.5808E4	2.35283E4	2.15489E4	1.72922E4	1.66424E4
582	1.48714E5	1.31075E5	9.10953E5	3.80858E5	1.69473E5	1.24757E7	6.69254E4	4.89868E4	4.39787E4	3.93529E4	3.60244E4	3.47544E4	3.38145E4	3.36248E4	3.17139E4	2.9786E4	2.70035E4	2.55127E4	2.26259E4	2.07516E4	1.61951E4	1.58353E4
584	1.43965E5	1.1731E5	5.84082E5	5.79551E5	1.62821E5	1.08689E7	7.17612E4	4.87612E4	4.18379E4	3.85817E4	3.54759E4	3.45029E4	3.33538E4	3.38659E4	3.06048E4	2.86707E4	2.55725E4	2.53158E4	2.33072E4	1.96935E4	1.7394E4	1.43992E4
586	1.48045E5	1.20342E5	3.56649E5	8.6666E5	1.59599E5	8.21236E6	9.39068E4	4.83469E4	4.10633E4	3.65464E4	3.47772E4	3.14392E4	3.30059E4	3.17944E4	2.93417E4	2.74907E4	2.51199E4	2.32504E4	2.15555E4	1.88415E4	1.60311E4	1.43101E4
588	1.34651E5	1.36202E5	2.25826E5	1.24349E6	1.61928E5	5.45537E6	3.18487E5	4.73438E4	3.96611E4	3.60602E4	3.41653E4	3.35578E4	3.25164E4	3.19838E4	2.87433E4	2.73859E4	2.47831E4	2.32153E4	2.15362E4	1.89342E4	1.58916E4	1.39871E4
590	1.55308E5	1.18195E5	1.72298E5	1.63049E6	1.54378E5	2.90968E6	1.13196E6	4.64418E4	4.00401E4	3.57081E4	3.30501E4	3.06892E4	2.95921E4	3.01777E4	2.75398E4	2.45577E4	2.39446E4	2.20481E4	1.96645E4	1.94951E4	1.56217E4	1.38296E4
592	1.36981E5	1.22051E5	1.42359E5	2.00074E6	1.51078E5	1.14042E6	2.77154E6	4.56838E4	3.76736E4	3.53558E4	3.06466E4	2.968E4	2.84554E4	3.02541E4	2.57418E4	2.48505E4	2.21276E4	2.12989E4	2.03931E4	1.7537E4	1.56164E4	1.33153E4
594	1.15965E5	1.1665E5	1.21181E5	2.22519E6	1.49087E5	3.8645E5	5.04621E6	4.64072E4	3.74134E4	3.52416E4	3.0262E4	2.86978E4	2.88102E4	2.88239E4	2.52819E4	2.48367E4	2.18769E4	2.11119E4	1.86309E4	1.69955E4	1.43686E4	1.29383E4
596	1.19366E5	1.132E5	1.20993E5	2.28254E6	1.53195E5	2.0022E5	7.61137E6	4.58336E4	3.71926E4	3.26481E4	3.05186E4	2.76729E4	2.8089E4	2.69922E4	2.47494E4	2.27709E4	2.21861E4	2.03647E4	1.91375E4	1.65266E4	1.38852E4	1.30633E4
598	1.36183E5	1.16158E5	1.24071E5	2.18339E6	1.49001E5	1.63009E5	9.91982E6	4.7117E4	3.79937E4	3.3113E4	2.99871E4	2.74708E4	2.54016E4	2.635E4	2.41168E4	2.36491E4	2.06226E4	2.03205E4	1.78367E4	1.69295E4	1.38501E4	1.22462E4
600	1.20057E5	1.10308E5	1.20832E5	1.92878E6	1.53711E5	1.49517E5	1.13383E7	4.78495E4	3.75283E4	3.08484E4	2.94721E4	2.66034E4	2.59256E4	2.6313E4	2.46556E4	2.14515E4	2.04398E4	1.93009E4	1.78001E4	1.51252E4	1.30803E4	1.10354E4
