300	2.06024E5	1.38253E5	1.65161E5	2.687E6	3.95248E5	2.79933E5	1.9369E7	6.98866E4	1.0195E4	7720.80864	5083.42883	4016.30802	3150.11634	3050.33674	2666.05072	1709.81737	1810.82796	1390.60405	1599.39296	1263.67721	1075.61928	1012.68952
302	2.50229E5	1.48502E5	1.79748E5	1.81418E6	7.01244E5	2.08277E5	1.7082E7	7.66295E5	1.29378E4	7010.81111	4845.52161	3972.80648	2594.92175	2677.5	2432.08581	1555.27562	1627.87227	1404.33968	1354.14703	979.01806	1186.1879	1041.61391
304	2.30793E5	1.64372E5	1.87585E5	1.04619E6	1.29711E6	2.08921E5	1.1034E7	3.36262E6	1.49949E4	7778.44774	5035.36565	4127.49198	2541.42678	2881.62363	2134.67254	1839.90259	1729.96093	1609.57861	1117.99975	1425.43141	940.81425	1229.92528
306	2.25578E5	1.71828E5	2.06159E5	5.77222E5	2.06299E6	2.11444E5	4.84059E6	8.72922E6	1.8079E4	7265.70412	6101.29851	3710.59976	2723.9645	2819.68856	1949.04035	1747.12772	1454.24825	1377.88748	1083.85532	725.91677	1323.08511	691.56539
308	2.45907E5	1.84782E5	2.13597E5	3.83427E5	2.73188E6	2.2447E5	1.27253E6	1.52439E7	2.50021E4	8671.68732	5462.73466	4114.64364	2628.86346	2859.20467	2077.61221	1606.49386	1594.81676	1602.1946	1222.12764	1195.21071	1022.64382	1046.02974
310	2.63229E5	1.90829E5	2.24584E5	3.37726E5	2.91718E6	2.455E5	2.3534E5	1.85342E7	6.49613E4	9699.32523	5926.34021	3984.99187	3359.84009	2271.54072	2089.54133	1867.28808	1565.18683	1285.22752	1257.08984	968.16819	1170.70307	780.44623
312	2.74435E5	2.10415E5	2.44273E5	3.23361E5	2.51506E6	3.3571E5	1.44171E5	1.6321E7	6.84138E5	1.05767E4	6334.09374	4001.76219	3140.9109	2704.79507	2127.47234	1734.02635	1866.37123	1021.87589	1256.11935	1372.19271	1065.33919	1065.92984
314	3.03264E5	2.15111E5	2.55234E5	3.35703E5	1.74703E6	5.887E5	1.37944E5	9.99321E6	3.40783E6	1.24265E4	6414.17832	4362.53948	3340.59001	3098.85016	1811.13228	1912.09955	1662.22394	1328.45888	1419.90234	910.83932	1310.56264	879.74509
316	2.98428E5	2.20863E5	2.73583E5	3.47689E5	1.08801E6	1.06417E6	1.3341E5	4.10199E6	8.62882E6	1.49042E4	6367.57093	4507.49321	3537.72406	2605.31736	1711.84964	1953.49893	1574.31935	1351.03965	1172.63422	1250.66514	1017.45514	854.9767
318	2.96703E5	2.38262E5	2.80952E5	3.50272E5	6.51922E5	1.70639E6	1.35076E5	1.03141E6	1.42152E7	2.2516E4	6950.31606	4935.80824	2872.74301	2733.79274	2194.54665	1763.08121	1280.23275	1148.09125	1455.45497	1056.75512	1068.02552	909.46741
320	3.40433E5	2.40796E5	2.83771E5	3.64792E5	4.71267E5	2.26715E6	1.42648E5	1.76224E5	1.63644E7	5.94953E4	7287.466	4533.81193	3397.26254	3103.29459	2212.83976	1487.77763	1443.59466	1357.0698	1354.11444	1020.50669	1219.60535	1180.70437
322	3.14919E5	2.57867E5	3.0192E5	3.63848E5	4.23868E5	2.40894E6	1.60158E5	1.1699E5	1.37235E7	6.71569E5	8453.9038	4823.8503	3385.16727	2744.25453	2105.68145	1894.2613	1636.37305	1103.84943	1335.56872	1018.80811	1186.47654	911.02045
324	3.33979E5	2.59045E5	3.0385E5	3.63634E5	4.03395E5	2.10509E6	2.22142E5	1.04214E5	8.29214E6	3.0836E6	1.05276E4	4815.95659	3716.86935	3013.66735	2118.78416	1653.96948	1528.13396	1238.33399	1175.14078	1103.31918	701.50487	1008.67049
326	3.48273E5	2.82771E5	3.13624E5	3.8837E5	4.15199E5	1.50817E6	4.10023E5	1.05711E5	3.40768E6	7.62932E6	1.26825E4	5193.49353	3605.79333	3190.59211	2178.17426	1946.24778	1193.09408	1178.56859	1038.50789	969.75969	1014.03221	858.89376
328	3.66587E5	2.72953E5	3.08014E5	3.85687E5	4.22679E5	9.82995E5	7.72211E5	1.04687E5	8.96619E5	1.2196E7	1.85727E4	5586.19642	3591.68857	2974.91302	2234.73788	1569.2588	1437.52536	1033.1801	1141.188	866.1275	928.32202	900.72579
330	4.04738E5	2.83491E5	3.31997E5	3.9538E5	4.22899E5	6.04892E5	1.28966E6	1.15288E5	1.56424E5	1.43576E7	4.78103E4	6685.19744	4303.50794	2862.69813	2420.24464	1728.68225	1435.37407	1544.70256	1275.34567	1301.03577	1015.20967	755.75867
332	3.82012E5	3.00653E5	3.39886E5	3.96627E5	4.24211E5	4.29389E5	1.74698E6	1.15282E5	1.02199E5	1.2363E7	5.54862E5	6940.94876	3703.63283	3431.43577	2411.30365	1888.0373	1285.76334	811.6225	1174.89092	892.70975	738.96007	1053.6323
334	4.19392E5	3.00633E5	3.34354E5	4.00126E5	4.22217E5	3.72422E5	1.97172E6	1.36108E5	9.6687E4	7.78356E6	2.55691E6	7874.43703	3987.84334	3209.96936	2057.69434	1423.86799	1203.17781	1043.88058	1104.71588	959.02466	825.76171	871.36215
336	4.09645E5	3.08311E5	3.40985E5	4.04282E5	4.28905E5	3.64193E5	1.78297E6	1.77213E5	9.63824E4	3.22773E6	6.43817E6	1.06817E4	4493.22404	3184.34211	2073.83885	1669.16024	1284.08973	1143.21963	1210.57169	936.17992	846.35008	727.39266
338	4.42211E5	3.36603E5	3.45779E5	4.08299E5	4.36573E5	3.64485E5	1.37253E6	3.01572E5	9.94849E4	8.8466E5	1.02539E7	1.48964E4	4948.35745	3178.55676	2094.6993	1746.95131	1566.15329	983.3367	1125.26702	925.03135	1038.29966	833.72032
340	4.56157E5	3.40613E5	3.61506E5	4.07662E5	4.336E5	3.69418E5	8.89711E5	5.71275E5	1.07059E5	1.57069E5	1.18551E7	3.68044E4	5067.36399	3394.27757	2470.08023	1693.28233	1157.02745	1282.20856	1024.69253	1013.78414	818.30005	869.88296
342	4.5155E5	3.43805E5	3.67664E5	4.0754E5	4.377E5	3.75547E5	5.45861E5	9.52948E5	1.13606E5	9.71627E4	1.02499E7	3.90915E5	5511.50952	3497.24071	2349.2645	1438.29027	1310.68136	1267.40094	1005.57574	728.17959	825.30928	920.95436
344	4.65795E5	3.62837E5	3.60925E5	4.04011E5	4.30281E5	3.81204E5	3.57715E5	1.36787E6	1.23488E5	9.25294E4	6.24485E6	2.00772E6	7051.81562	3562.14459	2647.22578	1626.86284	1376.04315	1241.18248	1088.47576	827.29814	809.34949	659.1189
346	4.81656E5	3.72541E5	3.6848E5	4.08616E5	4.33677E5	3.85205E5	3.0944E5	1.59486E6	1.38178E5	9.70246E4	2.65742E6	5.08679E6	8892.75036	4054.62399	2658.48422	1733.92586	1461.33308	1091.40946	855.06444	783.15953	920.78531	930.12141
348	4.95661E5	3.88364E5	3.78619E5	4.14364E5	4.35043E5	3.9223E5	2.99226E5	1.52281E6	1.77003E5	1.0681E5	6.72214E5	8.46983E6	1.2416E4	4141.97514	2496.64873	1870.34182	1479.77528	1362.11662	1179.75998	785.11576	767.67142	790.96786
350	5.05638E5	4.18805E5	3.94244E5	4.15787E5	4.39962E5	3.98485E5	3.07469E5	1.24051E6	2.66509E5	1.16011E5	1.35999E5	9.89798E6	2.77034E4	4188.08954	2710.72916	1628.29471	1452.84805	1188.51074	1052.19748	934.05354	767.54129	748.66702
352	5.5476E5	4.37424E5	3.99885E5	4.18923E5	4.41746E5	4.05417E5	3.18625E5	8.48321E5	4.58717E5	1.22602E5	9.39714E4	8.63057E6	3.21696E5	5063.46268	2782.33887	1857.2016	1293.90385	1063.20985	941.06391	994.38809	863.08814	668.98523
354	5.5621E5	4.34651E5	4.06452E5	4.27443E5	4.35572E5	4.11711E5	3.24129E5	5.52185E5	7.34591E5	1.35448E5	9.24438E4	5.43731E6	1.5374E6	6270.76597	2919.14534	2085.27117	1351.43227	1131.84166	1027.08536	734.90052	669.72241	834.40418
356	5.5373E5	4.62421E5	4.23581E5	4.24404E5	4.39149E5	4.18033E5	3.40426E5	3.84394E5	1.04812E6	1.48255E5	9.78755E4	2.25309E6	4.15533E6	8394.64338	3166.91865	1971.40976	1371.89858	1082.10212	1121.84181	894.78329	917.65292	646.26178
358	5.97906E5	4.7137E5	4.36254E5	4.26571E5	4.4892E5	4.26163E5	3.52824E5	3.27619E5	1.2677E6	1.6311E5	1.07373E5	5.99409E5	7.03648E6	1.18214E4	3308.29866	2099.23008	1481.68492	1094.99817	1155.79575	777.13975	785.20032	721.7456
360	6.00674E5	4.91877E5	4.43584E5	4.35962E5	4.51724E5	4.33633E5	3.6902E5	3.22461E5	1.30614E6	1.91065E5	1.16984E5	1.25039E5	8.58723E6	2.50159E4	3789.18052	2127.87897	1669.71037	1183.57876	1034.51588	660.00523	794.99306	727.80961
362	6.29633E5	5.29911E5	4.64261E5	4.41108E5	4.52123E5	4.42833E5	3.82877E5	3.29855E5	1.13186E6	2.48515E5	1.2573E5	8.86821E4	7.83653E6	2.59616E5	4333.15635	2124.42844	1775.42411	1239.55255	1055.48136	886.51776	681.08607	837.91136
364	6.53032E5	5.33684E5	4.72732E5	4.55682E5	4.59181E5	4.43341E5	3.92002E5	3.47306E5	8.61323E5	3.68639E5	1.3699E5	8.82909E4	5.13783E6	1.38961E6	5445.02841	2040.14066	1692.37692	1075.90316	902.85531	811.78675	822.69105	790.48054
366	6.90016E5	5.72138E5	4.98881E5	4.55797E5	4.64149E5	4.60279E5	4.12446E5	3.62417E5	5.98219E5	5.76142E5	1.51049E5	9.38321E4	2.1586E6	3.97702E6	6613.70512	2497.59625	1751.92244	1213.95536	827.19618	677.60936	824.35968	743.11766
368	7.3934E5	5.79801E5	5.09629E5	4.68442E5	4.72935E5	4.6754E5	4.21927E5	3.80701E5	4.44397E5	8.24926E5	1.64907E5	1.00612E5	5.75689E5	6.7127E6	9799.04279	2797.08297	1718.091	1326.11209	1119.91533	701.63702	604.13386	631.42079
370	7.31736E5	6.25201E5	5.25308E5	4.86975E5	4.84963E5	4.80265E5	4.45276E5	3.96099E5	3.80435E5	1.04772E6	1.79105E5	1.11594E5	1.12842E5	8.06677E6	2.30114E4	3001.50745	1766.74701	1456.28871	1181.69156	906.39167	733.99688	800.14686
372	7.51788E5	6.52696E5	5.45563E5	4.858E5	4.81555E5	4.91601E5	4.58014E5	4.10699E5	3.6654E5	1.12427E6	2.02443E5	1.22027E5	7.85876E4	7.08895E6	2.54596E5	3846.90711	1958.58971	1303.30844	1088.83533	837.8554	819.32014	784.79168
374	7.57233E5	6.70029E5	5.6876E5	5.01235E5	4.95842E5	4.93428E5	4.68793E5	4.30778E5	3.77781E5	1.03483E6	2.47114E5	1.30274E5	7.86933E4	4.52588E6	1.29303E6	4678.46754	2053.52186	1407.52292	1204.52316	882.56728	1023.15122	733.43598
376	8.11533E5	6.92518E5	5.73248E5	5.17847E5	5.07401E5	5.00961E5	4.87678E5	4.45908E5	3.89093E5	8.45154E5	3.3301E5	1.41701E5	8.17196E4	1.91641E6	3.37456E6	6144.10414	2413.08009	1669.74939	1056.56178	875.01993	814.49858	801.93729
378	8.4172E5	7.1734E5	5.95679E5	5.22088E5	5.19782E5	5.10694E5	4.95973E5	4.62908E5	4.07749E5	6.36395E5	4.84027E5	1.55481E5	9.04277E4	4.68227E5	5.7802E6	9847.13655	2467.90066	1633.82595	1148.70717	837.27359	898.79319	749.72553
380	8.44658E5	7.45691E5	6.17175E5	5.34546E5	5.30062E5	5.29103E5	5.16244E5	4.79276E5	4.17641E5	4.91504E5	6.71117E5	1.68989E5	9.86071E4	9.95626E4	6.87927E6	2.19033E4	2798.778	1582.534	1172.03938	878.13368	872.52422	776.0576
382	8.92771E5	7.91949E5	6.45888E5	5.61208E5	5.34704E5	5.43829E5	5.33585E5	4.98884E5	4.39151E5	4.2368E5	8.58845E5	1.82871E5	1.10033E5	7.55069E4	6.16187E6	2.56663E5	3018.94596	1704.08427	1217.0877	990.32835	909.02767	835.40137
384	9.35217E5	8.11109E5	6.68226E5	5.76299E5	5.48308E5	5.58929E5	5.47483E5	5.20434E5	4.55707E5	4.0366E5	9.69429E5	2.00805E5	1.22226E5	7.39114E4	4.00518E6	1.19843E6	4312.5401	1911.84639	1233.1955	1059.93081	748.6098	642.66196
386	9.62698E5	8.34121E5	6.95312E5	5.87221E5	5.62952E5	5.71556E5	5.67993E5	5.3414E5	4.73783E5	4.07784E5	9.63283E5	2.34579E5	1.31381E5	7.85163E4	1.67756E6	3.14062E6	5766.35224	2227.23063	1296.73907	1014.55048	853.3994	729.0053
388	9.94095E5	8.69099E5	7.24544E5	5.93906E5	5.79756E5	5.78512E5	5.77996E5	5.47993E5	4.87586E5	4.20659E5	8.47608E5	2.93095E5	1.43518E5	8.4841E4	4.705E5	5.1612E6	8897.95475	2238.52509	1350.58674	1181.83422	997.50808	769.16268
390	1.02039E6	8.97034E5	7.33475E5	6.29395E5	5.8356E5	5.9875E5	5.97688E5	5.69474E5	5.08293E5	4.3534E5	6.83631E5	3.99029E5	1.563E5	9.67381E4	9.92325E4	6.35421E6	1.86825E4	2653.00853	1612.26114	1113.80617	819.84726	958.90243
392	1.06456E6	9.19769E5	7.67849E5	6.31018E5	5.9896E5	6.09903E5	6.08462E5	5.88811E5	5.21948E5	4.47033E5	5.37025E5	5.52535E5	1.73566E5	1.05477E5	6.95772E4	5.72307E6	2.23759E5	3173.57786	1639.2181	1129.79763	982.44366	853.01576
394	1.06497E6	9.63455E5	7.92197E5	6.44744E5	6.14152E5	6.18044E5	6.19446E5	5.97707E5	5.41736E5	4.65765E5	4.51216E5	7.14576E5	1.86707E5	1.17272E5	6.80616E4	3.86945E6	1.05356E6	4087.0154	1626.23953	1289.51748	967.69493	888.63338
396	1.0975E6	9.7169E5	8.0447E5	6.73059E5	6.19382E5	6.27609E5	6.34893E5	6.17299E5	5.55666E5	4.77289E5	4.22185E5	8.41487E5	2.03276E5	1.27416E5	7.16336E4	1.70087E6	2.91865E6	5721.43649	1910.46143	1222.66698	1112.34485	938.84277
398	1.11856E6	1.00211E6	8.36457E5	6.78605E5	6.39974E5	6.47751E5	6.48675E5	6.26387E5	5.68925E5	4.96647E5	4.19731E5	8.7283E5	2.23788E5	1.39093E5	7.75327E4	4.71128E5	4.87708E6	8217.95641	2218.37942	1197.25972	1101.28012	929.09835
400	1.17108E6	1.02487E6	8.49814E5	7.11523E5	6.52405E5	6.58641E5	6.62425E5	6.45008E5	5.86659E5	5.10574E5	4.31603E5	8.15835E5	2.64809E5	1.52929E5	8.6134E4	9.31948E4	5.8741E6	1.63285E4	2458.30137	1324.76981	1251.06738	876.82975
402	1.15535E6	1.0575E6	8.78613E5	7.29785E5	6.74065E5	6.69297E5	6.75514E5	6.51594E5	5.9923E5	5.25357E5	4.4311E5	6.87493E5	3.4012E5	1.66372E5	9.41416E4	6.37265E4	5.10407E6	1.68481E5	2990.89238	1409.24272	1210.38932	1056.32493
404	1.21117E6	1.08095E6	9.06354E5	7.39463E5	6.81852E5	6.85111E5	6.77972E5	6.68798E5	6.09762E5	5.41948E5	4.59581E5	5.59811E5	4.51054E5	1.78666E5	1.0353E5	6.17848E4	3.1962E6	9.31382E5	3641.31918	1541.24028	1144.78294	956.00795
406	1.23893E6	1.122E6	9.31258E5	7.5693E5	6.97657E5	6.93826E5	6.91596E5	6.76744E5	6.211E5	5.54133E5	4.72394E5	4.7675E5	5.82823E5	1.93371E5	1.14401E5	6.31328E4	1.33148E6	2.56891E6	5015.75112	1755.46441	1319.61727	1282.10418
408	1.27673E6	1.13666E6	9.41695E5	7.76934E5	7.12779E5	6.96375E5	7.05506E5	6.87385E5	6.37393E5	5.68299E5	4.88161E5	4.35701E5	7.1225E5	2.05685E5	1.23663E5	6.75998E4	3.30856E5	4.50244E6	7820.45494	2059.79348	1139.99381	1138.48863
410	1.30451E6	1.16824E6	9.73597E5	8.00081E5	7.20634E5	7.09698E5	7.07184E5	6.90442E5	6.44652E5	5.79433E5	5.0338E5	4.24555E5	7.80911E5	2.25845E5	1.34838E5	7.38946E4	7.19203E4	5.44839E6	1.4854E4	2468.57934	1388.92295	1246.45423
412	1.27494E6	1.18176E6	9.96649E5	8.19154E5	7.33168E5	7.15546E5	7.17148E5	7.02223E5	6.52317E5	5.9332E5	5.1432E5	4.33863E5	7.75176E5	2.54337E5	1.42597E5	8.05681E4	5.63802E4	4.86384E6	1.37065E5	2975.45082	1376.45062	1281.16154
414	1.29804E6	1.19618E6	1.01716E6	8.25158E5	7.38372E5	7.23968E5	7.15685E5	7.08872E5	6.57325E5	5.97603E5	5.26204E5	4.42312E5	7.03466E5	3.017E5	1.53809E5	8.77768E4	5.59284E4	3.17511E6	7.51795E5	3480.45492	1555.32313	942.77785
416	1.30907E6	1.20509E6	1.02007E6	8.42963E5	7.47085E5	7.26543E5	7.2398E5	7.08419E5	6.71217E5	6.09058E5	5.33699E5	4.53061E5	5.95743E5	3.81024E5	1.65978E5	9.7285E4	5.64212E4	1.34563E6	2.20682E6	4604.74544	1679.79382	1229.1172
418	1.33184E6	1.21648E6	1.0553E6	8.63265E5	7.57644E5	7.32415E5	7.3459E5	7.19241E5	6.69941E5	6.16693E5	5.49015E5	4.63505E5	5.0186E5	4.88428E5	1.75674E5	1.05184E5	5.99128E4	3.51861E5	3.99658E6	7111.23587	1820.18242	1305.67396
420	1.377E6	1.2448E6	1.06708E6	8.7322E5	7.70686E5	7.41364E5	7.31846E5	7.25449E5	6.81072E5	6.27334E5	5.59447E5	4.70396E5	4.43206E5	6.02765E5	1.87658E5	1.15695E5	6.43323E4	7.05762E4	5.05201E6	1.44295E4	2157.70147	1222.24756
422	1.37464E6	1.26869E6	1.0846E6	8.89218E5	7.82187E5	7.43027E5	7.34324E5	7.219E5	6.8509E5	6.34532E5	5.68437E5	4.86837E5	4.19432E5	6.91023E5	2.00466E5	1.21484E5	7.07329E4	4.96148E4	4.58768E6	1.50916E5	2656.44576	1412.53711
424	1.40843E6	1.30497E6	1.11229E6	9.04069E5	7.84002E5	7.45581E5	7.36032E5	7.25187E5	6.85024E5	6.41798E5	5.75639E5	4.96906E5	4.19617E5	7.17201E5	2.21223E5	1.31886E5	7.79928E4	4.97118E4	2.99796E6	7.80964E5	3400.32191	1542.90865
426	1.40152E6	1.28962E6	1.11093E6	9.16111E5	7.92419E5	7.41707E5	7.43935E5	7.22971E5	6.88626E5	6.44862E5	5.85043E5	5.06548E5	4.26177E5	6.77012E5	2.53302E5	1.40043E5	8.64267E4	5.04096E4	1.24265E6	2.2123E6	4634.23745	1439.01915
428	1.41097E6	1.2918E6	1.10501E6	9.33445E5	7.96795E5	7.46406E5	7.37997E5	7.24539E5	6.93623E5	6.55029E5	5.91909E5	5.13738E5	4.32086E5	5.97234E5	3.05508E5	1.51042E5	9.3811E4	5.33057E4	3.15168E5	3.8693E6	7189.79241	1751.7735
430	1.38699E6	1.29066E6	1.14148E6	9.36321E5	8.10665E5	7.54566E5	7.34843E5	7.27806E5	6.94944E5	6.53763E5	5.97543E5	5.24733E5	4.41854E5	5.04281E5	3.82486E5	1.59331E5	1.00512E5	5.75913E4	6.22443E4	4.66327E6	1.42089E4	2163.68603
432	1.38304E6	1.31818E6	1.15356E6	9.55687E5	8.17137E5	7.57948E5	7.3415E5	7.22983E5	6.96219E5	6.55707E5	6.04827E5	5.33125E5	4.54194E5	4.45112E5	4.72376E5	1.67735E5	1.08798E5	6.33195E4	4.56853E4	4.01257E6	1.53487E5	2638.35097
434	1.39585E6	1.31053E6	1.17572E6	9.5986E5	8.21747E5	7.52467E5	7.31511E5	7.24813E5	6.94481E5	6.52208E5	6.08075E5	5.36599E5	4.60033E5	4.08851E5	5.58376E5	1.78419E5	1.15062E5	6.88387E4	4.48013E4	2.46214E6	7.90162E5	3356.8879
436	1.43437E6	1.35251E6	1.18206E6	9.67153E5	8.25205E5	7.61985E5	7.28741E5	7.19001E5	6.94355E5	6.62334E5	6.12756E5	5.4287E5	4.66793E5	4.04225E5	6.00735E5	1.91359E5	1.22906E5	7.46429E4	4.70181E4	9.97741E5	2.06251E6	4293.41614
438	1.39269E6	1.36865E6	1.16886E6	9.8328E5	8.3075E5	7.5591E5	7.29076E5	7.13901E5	6.85511E5	6.64076E5	6.14711E5	5.50414E5	4.73024E5	4.02962E5	6.06979E5	2.11227E5	1.31026E5	8.09916E4	4.93009E4	2.58994E5	3.57706E6	6413.79171
440	1.40601E6	1.33706E6	1.19101E6	9.86101E5	8.35926E5	7.51606E5	7.20977E5	7.11374E5	6.89494E5	6.61846E5	6.1582E5	5.55722E5	4.82356E5	4.1E5	5.5329E5	2.42348E5	1.38502E5	8.88104E4	5.22225E4	5.41219E4	4.38828E6	1.09976E4
442	1.42365E6	1.33447E6	1.1932E6	9.87622E5	8.34832E5	7.53557E5	7.21853E5	7.04926E5	6.89204E5	6.60447E5	6.17913E5	5.61294E5	4.89055E5	4.1448E5	4.86547E5	2.89304E5	1.45689E5	9.35939E4	5.79265E4	4.18676E4	3.95743E6	1.00718E5
444	1.43598E6	1.32768E6	1.19484E6	1.00752E6	8.40048E5	7.52295E5	7.14447E5	7.05909E5	6.84421E5	6.5699E5	6.14461E5	5.56009E5	4.91234E5	4.24295E5	4.19833E5	3.54406E5	1.54289E5	1.00295E5	6.13441E4	4.26546E4	2.53703E6	5.65373E5
446	1.39548E6	1.3648E6	1.21357E6	1.00027E6	8.37537E5	7.4379E5	7.09372E5	6.98647E5	6.82045E5	6.53104E5	6.21907E5	5.64351E5	4.97916E5	4.28703E5	3.74409E5	4.22304E5	1.61172E5	1.07631E5	6.73165E4	4.42278E4	1.09414E6	1.78388E6
448	1.36963E6	1.32371E6	1.207E6	1.00797E6	8.39269E5	7.47495E5	7.12954E5	6.91683E5	6.73552E5	6.53315E5	6.19528E5	5.65353E5	5.00435E5	4.34784E5	3.55639E5	4.79587E5	1.72864E5	1.12535E5	7.35399E4	4.65283E4	2.87036E5	3.26876E6
450	1.35763E6	1.34425E6	1.20364E6	1.00994E6	8.48368E5	7.4736E5	7.04489E5	6.88278E5	6.71878E5	6.55025E5	6.22295E5	5.61053E5	5.06066E5	4.39515E5	3.50014E5	5.122E5	1.83326E5	1.20088E5	7.88766E4	4.75452E4	5.56063E4	4.1595E6
452	1.40487E6	1.33761E6	1.19285E6	1.01347E6	8.45783E5	7.46751E5	7.02575E5	6.82749E5	6.68359E5	6.49153E5	6.17296E5	5.64905E5	5.07215E5	4.4546E5	3.54158E5	5.0263E5	2.03689E5	1.2616E5	8.40239E4	5.2387E4	3.97197E4	3.87526E6
454	1.38205E6	1.34067E6	1.18639E6	1.01543E6	8.48337E5	7.39645E5	6.90806E5	6.77955E5	6.582E5	6.41235E5	6.13919E5	5.66187E5	5.12565E5	4.48441E5	3.57787E5	4.57619E5	2.3716E5	1.32416E5	8.92379E4	5.5392E4	3.86067E4	2.52998E6
456	1.3567E6	1.31899E6	1.19299E6	1.02464E6	8.37886E5	7.42616E5	6.91107E5	6.6662E5	6.53863E5	6.37966E5	6.1031E5	5.60908E5	5.11503E5	4.52803E5	3.6201E5	3.98362E5	2.86238E5	1.37126E5	9.49807E4	6.04711E4	4.01355E4	1.04085E6
458	1.40493E6	1.32474E6	1.19919E6	1.01405E6	8.40652E5	7.3947E5	6.84806E5	6.64965E5	6.4817E5	6.32173E5	6.02254E5	5.66239E5	5.09975E5	4.54708E5	3.64185E5	3.48592E5	3.42496E5	1.4545E5	9.96608E4	6.50693E4	4.16597E4	2.61199E5
460	1.35829E6	1.31089E6	1.20163E6	1.01962E6	8.43393E5	7.29224E5	6.73298E5	6.52757E5	6.35087E5	6.22994E5	6.00781E5	5.61E5	5.0582E5	4.55942E5	3.65384E5	3.17286E5	3.93711E5	1.50183E5	1.04218E5	7.0352E4	4.28219E4	5.31668E4
462	1.34891E6	1.29988E6	1.18502E6	1.01721E6	8.42215E5	7.26573E5	6.65182E5	6.40908E5	6.30522E5	6.15186E5	5.89475E5	5.51069E5	5.10543E5	4.55841E5	3.68346E5	2.98968E5	4.34073E5	1.60411E5	1.1001E5	7.5697E4	4.54422E4	3.59842E4
464	1.3115E6	1.29668E6	1.20036E6	1.01284E6	8.3118E5	7.25322E5	6.61178E5	6.36255E5	6.25151E5	6.06951E5	5.87324E5	5.51091E5	5.08138E5	4.61464E5	3.72846E5	2.9578E5	4.35422E5	1.7251E5	1.14799E5	8.1029E4	4.91631E4	3.44953E4
466	1.32989E6	1.28683E6	1.1574E6	1.00348E6	8.30687E5	7.19905E5	6.54191E5	6.30728E5	6.15239E5	6.03992E5	5.84167E5	5.44841E5	5.07922E5	4.5817E5	3.75528E5	2.98804E5	4.15395E5	1.91268E5	1.18994E5	8.27927E4	5.19689E4	3.59101E4
468	1.40334E6	1.26494E6	1.16549E6	1.00258E6	8.35845E5	7.16517E5	6.50411E5	6.21048E5	6.07947E5	5.94086E5	5.78536E5	5.421E5	5.01155E5	4.6138E5	3.75632E5	3.00568E5	3.7061E5	2.20696E5	1.25795E5	8.63567E4	5.68034E4	3.71513E4
470	1.78543E6	1.26538E6	1.16165E6	9.95105E5	8.18469E5	7.01962E5	6.38139E5	6.11872E5	5.96607E5	5.86445E5	5.69518E5	5.37188E5	5.00464E5	4.58847E5	3.78448E5	3.01044E5	3.24988E5	2.60623E5	1.2824E5	9.1165E4	5.95026E4	3.87519E4
472	2.62982E6	1.2692E6	1.1488E6	9.87544E5	8.22559E5	6.95614E5	6.31789E5	6.00858E5	5.89799E5	5.79056E5	5.63252E5	5.33205E5	4.99169E5	4.57535E5	3.79186E5	3.02793E5	2.8869E5	3.06236E5	1.3206E5	9.52041E4	6.39713E4	4.01365E4
474	4.04287E6	1.23049E6	1.15083E6	9.80413E5	8.23963E5	6.96647E5	6.29047E5	5.96991E5	5.84914E5	5.67992E5	5.54835E5	5.26117E5	4.9593E5	4.60382E5	3.7858E5	3.0521E5	2.65602E5	3.44462E5	1.37457E5	9.98371E4	6.72391E4	4.23415E4
476	6.17231E6	1.22652E6	1.13509E6	9.81301E5	8.18121E5	6.95152E5	6.24184E5	5.87826E5	5.77144E5	5.57883E5	5.47724E5	5.18534E5	4.84925E5	4.53747E5	3.76952E5	3.05441E5	2.54142E5	3.73881E5	1.44978E5	1.02243E5	6.96588E4	4.46785E4
478	8.76829E6	1.19406E6	1.1114E6	9.63059E5	8.00479E5	6.76611E5	6.10407E5	5.80168E5	5.61137E5	5.49948E5	5.36532E5	5.08824E5	4.82255E5	4.4742E5	3.78302E5	3.06553E5	2.53236E5	3.745E5	1.56315E5	1.05209E5	7.36073E4	4.80645E4
480	1.10792E7	1.20577E6	1.10203E6	9.67949E5	7.99443E5	6.73595E5	5.9796E5	5.68173E5	5.52137E5	5.42912E5	5.26853E5	5.07601E5	4.75724E5	4.4341E5	3.77435E5	3.0556E5	2.49619E5	3.49782E5	1.74103E5	1.09272E5	7.66273E4	5.06275E4
482	1.22774E7	1.15256E6	1.09564E6	9.52303E5	7.8484E5	6.64414E5	5.96287E5	5.59687E5	5.42413E5	5.32045E5	5.20866E5	4.94805E5	4.75258E5	4.41211E5	3.74103E5	3.04848E5	2.49629E5	3.13691E5	2.01557E5	1.10754E5	7.88476E4	5.38741E4
484	1.18468E7	1.13722E6	1.07451E6	9.41654E5	7.76982E5	6.56112E5	5.8073E5	5.51609E5	5.33961E5	5.22171E5	5.13217E5	4.9051E5	4.68075E5	4.36454E5	3.72068E5	3.04587E5	2.53668E5	2.68124E5	2.36476E5	1.14709E5	8.27523E4	5.71497E4
486	1.00889E7	1.1679E6	1.06036E6	9.22481E5	7.66663E5	6.49337E5	5.71065E5	5.41033E5	5.27332E5	5.15706E5	4.99419E5	4.81408E5	4.58078E5	4.27608E5	3.72123E5	3.05349E5	2.52091E5	2.39182E5	2.73526E5	1.17236E5	8.45123E4	6.01531E4
488	7.47274E6	1.32981E6	1.0564E6	9.13909E5	7.65926E5	6.38166E5	5.6898E5	5.27249E5	5.14856E5	4.98859E5	4.90325E5	4.72428E5	4.54889E5	4.31006E5	3.66302E5	3.01213E5	2.51356E5	2.20027E5	3.02603E5	1.2458E5	8.70517E4	6.23155E4
490	4.82643E6	1.88716E6	1.03185E6	9.0373E5	7.53496E5	6.35442E5	5.59872E5	5.24314E5	5.0075E5	4.9903E5	4.82016E5	4.66426E5	4.49934E5	4.22908E5	3.62965E5	3.02249E5	2.52591E5	2.11199E5	3.18214E5	1.30831E5	9.08181E4	6.59072E4
492	2.69546E6	3.11652E6	1.01612E6	9.00117E5	7.38271E5	6.29052E5	5.52736E5	5.16927E5	4.97357E5	4.85015E5	4.75728E5	4.57527E5	4.37416E5	4.16367E5	3.59551E5	2.9931E5	2.49043E5	2.07488E5	3.11863E5	1.41181E5	9.24568E4	6.61915E4
494	1.62677E6	5.02212E6	9.94877E5	8.74156E5	7.33371E5	6.14785E5	5.44625E5	5.05265E5	4.87258E5	4.73282E5	4.69012E5	4.48682E5	4.32054E5	4.14437E5	3.56638E5	2.96716E5	2.51497E5	2.05899E5	2.92751E5	1.57487E5	9.44648E4	6.88682E4
496	1.19827E6	7.70225E6	9.8008E5	8.82605E5	7.21204E5	6.07017E5	5.32665E5	4.97013E5	4.77457E5	4.65501E5	4.53672E5	4.38709E5	4.26197E5	4.05865E5	3.53939E5	2.92641E5	2.48838E5	2.0618E5	2.56228E5	1.82177E5	9.47453E4	7.14166E4
498	1.1366E6	1.04914E7	9.62417E5	8.48808E5	7.24254E5	5.99514E5	5.22137E5	4.91527E5	4.69486E5	4.58662E5	4.46674E5	4.36069E5	4.186E5	4.00703E5	3.47812E5	2.93342E5	2.45899E5	2.04941E5	2.25613E5	2.06933E5	9.78866E4	7.18019E4
500	1.10989E6	1.27856E7	9.45261E5	8.44377E5	7.11506E5	5.9817E5	5.17438E5	4.8172E5	4.61756E5	4.47633E5	4.39052E5	4.27887E5	4.111E5	3.92852E5	3.45714E5	2.89736E5	2.44762E5	2.04964E5	1.96827E5	2.38221E5	9.9509E4	7.49702E4
502	1.07597E6	1.37054E7	9.35105E5	8.39049E5	7.02138E5	5.80769E5	5.12185E5	4.71651E5	4.48889E5	4.38854E5	4.31546E5	4.18564E5	4.05264E5	3.86311E5	3.37961E5	2.86158E5	2.4158E5	2.06119E5	1.82362E5	2.59338E5	1.04169E5	7.51422E4
504	1.05435E6	1.2964E7	9.35112E5	8.20925E5	6.89614E5	5.74689E5	5.03172E5	4.62574E5	4.37775E5	4.26955E5	4.22252E5	4.08445E5	3.98693E5	3.81409E5	3.33117E5	2.84652E5	2.42397E5	2.01627E5	1.74475E5	2.66712E5	1.10094E5	7.7499E4
506	1.0246E6	1.06826E7	9.53715E5	8.12078E5	6.80304E5	5.69085E5	4.96913E5	4.54462E5	4.35912E5	4.20867E5	4.13784E5	4.00139E5	3.86774E5	3.76185E5	3.28568E5	2.79669E5	2.41631E5	2.00909E5	1.69608E5	2.56746E5	1.20002E5	7.95539E4
508	1.04809E6	7.89957E6	1.10408E6	8.0846E5	6.73377E5	5.57826E5	4.89428E5	4.45556E5	4.25593E5	4.07798E5	4.07298E5	3.93818E5	3.80139E5	3.68711E5	3.23633E5	2.75351E5	2.38937E5	1.98706E5	1.69833E5	2.4089E5	1.33904E5	7.92159E4
510	1.09137E6	4.95874E6	1.79638E6	7.7986E5	6.55931E5	5.45757E5	4.76408E5	4.38884E5	4.15518E5	4.01093E5	3.9768E5	3.83771E5	3.72989E5	3.6093E5	3.2107E5	2.71649E5	2.3487E5	1.9786E5	1.6768E5	2.11975E5	1.52459E5	8.04427E4
512	1.18631E6	2.57183E6	3.28051E6	7.78093E5	6.47196E5	5.33032E5	4.7639E5	4.29869E5	4.04136E5	3.941E5	3.88265E5	3.74093E5	3.63737E5	3.53189E5	3.1216E5	2.70091E5	2.30579E5	1.96593E5	1.6631E5	1.7972E5	1.77067E5	8.18183E4
514	1.36605E6	1.39648E6	5.50714E6	7.6974E5	6.34488E5	5.28856E5	4.62223E5	4.20777E5	3.9829E5	3.85659E5	3.78404E5	3.67929E5	3.60315E5	3.47649E5	3.07211E5	2.6456E5	2.30132E5	1.96141E5	1.64191E5	1.59653E5	1.98046E5	8.39807E4
516	1.58855E6	1.03401E6	8.26395E6	7.43303E5	6.2238E5	5.18519E5	4.50986E5	4.12513E5	3.86643E5	3.81201E5	3.67586E5	3.58415E5	3.50685E5	3.35325E5	3.01124E5	2.62955E5	2.26927E5	1.93217E5	1.6443E5	1.4854E5	2.153E5	8.68769E4
518	1.88511E6	9.47768E5	1.11964E7	7.41797E5	6.10851E5	5.17445E5	4.42239E5	4.03875E5	3.81113E5	3.66392E5	3.60413E5	3.53046E5	3.41317E5	3.3501E5	2.95532E5	2.58051E5	2.24499E5	1.89364E5	1.61195E5	1.3987E5	2.19186E5	9.13795E4
520	2.31979E6	9.33276E5	1.3429E7	7.32767E5	6.06129E5	4.96652E5	4.33536E5	3.9419E5	3.78395E5	3.59697E5	3.53591E5	3.40589E5	3.3593E5	3.27646E5	2.8893E5	2.52317E5	2.20309E5	1.89406E5	1.59361E5	1.35674E5	2.12112E5	9.87307E4
522	2.71113E6	8.99068E5	1.3948E7	7.1392E5	5.93357E5	5.00247E5	4.29795E5	3.83318E5	3.6703E5	3.56546E5	3.40489E5	3.31516E5	3.25582E5	3.2128E5	2.85769E5	2.47544E5	2.15569E5	1.87078E5	1.59095E5	1.35274E5	1.9563E5	1.09662E5
524	2.9639E6	8.597E5	1.28676E7	7.06343E5	5.84912E5	4.83982E5	4.15505E5	3.77488E5	3.56078E5	3.44438E5	3.32972E5	3.28739E5	3.18604E5	3.10768E5	2.77744E5	2.4416E5	2.14377E5	1.81296E5	1.54258E5	1.37168E5	1.70815E5	1.26695E5
526	2.90355E6	8.48829E5	1.04442E7	7.10273E5	5.6288E5	4.70345E5	4.05304E5	3.6997E5	3.49884E5	3.34337E5	3.24738E5	3.15689E5	3.12623E5	3.06718E5	2.71281E5	2.40041E5	2.08506E5	1.81529E5	1.53264E5	1.31973E5	1.484E5	1.44933E5
528	2.78656E6	8.28291E5	7.46465E6	8.92956E5	5.58263E5	4.68407E5	4.00804E5	3.62354E5	3.40873E5	3.28176E5	3.22093E5	3.07377E5	3.0702E5	2.96371E5	2.66832E5	2.34338E5	2.05492E5	1.77916E5	1.52562E5	1.30111E5	1.30217E5	1.61791E5
530	2.44288E6	8.25446E5	4.47953E6	1.60023E6	5.49875E5	4.57491E5	3.86034E5	3.57059E5	3.34489E5	3.20669E5	3.13054E5	3.04951E5	2.96502E5	2.91948E5	2.62394E5	2.28552E5	2.0186E5	1.76342E5	1.5265E5	1.29173E5	1.16326E5	1.76743E5
532	2.03061E6	8.31066E5	2.26677E6	3.22429E6	5.34105E5	4.46509E5	3.84945E5	3.43808E5	3.26041E5	3.12481E5	3.04591E5	2.95076E5	2.9162E5	2.85114E5	2.5466E5	2.24646E5	1.96986E5	1.71758E5	1.48593E5	1.26824E5	1.1027E5	1.80276E5
534	1.57673E6	9.0182E5	1.12627E6	5.70455E6	5.28958E5	4.34258E5	3.82881E5	3.38499E5	3.17101E5	3.07381E5	3.00593E5	2.87578E5	2.83235E5	2.77416E5	2.50846E5	2.20767E5	1.92617E5	1.68532E5	1.44776E5	1.26457E5	1.07788E5	1.77145E5
536	1.18736E6	1.07895E6	7.96321E5	8.66554E6	5.1227E5	4.34624E5	3.69731E5	3.29163E5	3.08583E5	2.97828E5	2.90117E5	2.81229E5	2.76766E5	2.69257E5	2.41665E5	2.13718E5	1.92319E5	1.65365E5	1.44114E5	1.21911E5	1.03833E5	1.60306E5
538	9.0969E5	1.33993E6	7.41698E5	1.16509E7	5.11215E5	4.21185E5	3.5985E5	3.20919E5	3.05361E5	2.90668E5	2.79161E5	2.70915E5	2.671E5	2.63604E5	2.34986E5	2.09219E5	1.85194E5	1.63304E5	1.41543E5	1.20852E5	1.02245E5	1.40081E5
540	7.73396E5	1.67066E6	7.12291E5	1.37291E7	4.95777E5	4.15873E5	3.519E5	3.1777E5	2.98612E5	2.82442E5	2.75069E5	2.65673E5	2.58788E5	2.53648E5	2.30903E5	2.05345E5	1.80398E5	1.5945E5	1.38043E5	1.18552E5	1.00529E5	1.1556E5
542	7.13703E5	2.06319E6	6.90737E5	1.41109E7	4.84818E5	3.98758E5	3.40249E5	3.06443E5	2.85757E5	2.73074E5	2.66189E5	2.58023E5	2.5387E5	2.46209E5	2.24894E5	2.00955E5	1.78357E5	1.54957E5	1.37076E5	1.17926E5	1.00713E5	1.0266E5
544	6.57665E5	2.47892E6	6.51882E5	1.26164E7	4.7855E5	3.92653E5	3.34827E5	3.01553E5	2.78093E5	2.66285E5	2.59265E5	2.54216E5	2.47635E5	2.40736E5	2.18356E5	1.94461E5	1.7382E5	1.53531E5	1.33074E5	1.15513E5	9.85565E4	9.06702E4
546	6.2449E5	2.83352E6	6.43784E5	9.99798E6	5.06946E5	3.83905E5	3.27836E5	2.95559E5	2.71791E5	2.59888E5	2.53312E5	2.46713E5	2.3739E5	2.37094E5	2.11384E5	1.89759E5	1.67417E5	1.50121E5	1.30098E5	1.13841E5	9.70173E4	8.59025E4
548	6.16906E5	2.94168E6	6.25189E5	6.93116E6	7.39423E5	3.7922E5	3.19285E5	2.86992E5	2.67456E5	2.53059E5	2.46326E5	2.35684E5	2.34524E5	2.2917E5	2.10142E5	1.85262E5	1.65684E5	1.46131E5	1.27105E5	1.12339E5	9.30462E4	8.19702E4
550	6.02898E5	2.85409E6	6.0484E5	4.06495E6	1.59625E6	3.71823E5	3.08501E5	2.8255E5	2.57786E5	2.45488E5	2.40723E5	2.28387E5	2.29624E5	2.2472E5	2.01425E5	1.78273E5	1.61461E5	1.41147E5	1.24545E5	1.09285E5	9.38835E4	8.0412E4
552	6.06417E5	2.61184E6	5.91115E5	1.99383E6	3.28716E6	3.60612E5	3.03488E5	2.69651E5	2.52766E5	2.37967E5	2.33289E5	2.26289E5	2.24146E5	2.17067E5	1.97939E5	1.74952E5	1.55893E5	1.40397E5	1.22514E5	1.08668E5	9.31782E4	7.87069E4
554	5.71558E5	2.29817E6	5.86793E5	9.40093E5	5.83297E6	3.51027E5	2.94461E5	2.6678E5	2.47546E5	2.34402E5	2.24026E5	2.18153E5	2.15156E5	2.14577E5	1.9144E5	1.73339E5	1.5562E5	1.36429E5	1.17301E5	1.06903E5	8.85497E4	7.752E4
556	5.81661E5	1.80947E6	6.38286E5	6.19789E5	8.80932E6	3.3839E5	2.89682E5	2.58594E5	2.36116E5	2.25654E5	2.19716E5	2.15089E5	2.07246E5	2.05537E5	1.85082E5	1.64214E5	1.50234E5	1.3304E5	1.16116E5	1.0437E5	8.73157E4	7.48276E4
558	5.4712E5	1.33779E6	7.44854E5	5.57872E5	1.1741E7	3.35763E5	2.90814E5	2.52078E5	2.2977E5	2.22423E5	2.13928E5	2.08799E5	2.07262E5	1.99532E5	1.82928E5	1.64823E5	1.45398E5	1.278E5	1.13812E5	1.01287E5	8.47327E4	7.51427E4
560	5.10308E5	1.02676E6	9.44551E5	5.3796E5	1.37701E7	3.31494E5	2.7858E5	2.45226E5	2.28469E5	2.17404E5	2.11742E5	2.00027E5	1.96471E5	1.94625E5	1.74837E5	1.5877E5	1.43612E5	1.27907E5	1.1182E5	9.77187E4	8.64152E4	7.07333E4
562	5.2057E5	7.38037E5	1.19672E6	5.19979E5	1.41357E7	3.30297E5	2.72108E5	2.38715E5	2.22802E5	2.08608E5	2.02261E5	1.94597E5	1.91665E5	1.86999E5	1.73242E5	1.53854E5	1.40611E5	1.23235E5	1.09686E5	9.7249E4	8.22203E4	7.2628E4
564	4.95585E5	5.82618E5	1.58005E6	5.05848E5	1.25301E7	3.24581E5	2.61951E5	2.36002E5	2.18333E5	2.02071E5	1.96059E5	1.87135E5	1.87569E5	1.80604E5	1.66027E5	1.48319E5	1.31612E5	1.20555E5	1.05755E5	9.35645E4	8.03215E4	6.96881E4
566	4.52492E5	5.42121E5	1.96588E6	5.03933E5	9.83618E6	3.50557E5	2.62219E5	2.27219E5	2.08193E5	1.97265E5	1.92765E5	1.8181E5	1.82488E5	1.80472E5	1.60995E5	1.44818E5	1.31496E5	1.17059E5	1.03544E5	9.17704E4	7.98835E4	6.72203E4
568	4.48832E5	5.00242E5	2.33337E6	4.83637E5	6.70981E6	6.10006E5	2.54773E5	2.19473E5	1.98863E5	1.93054E5	1.84003E5	1.80381E5	1.75457E5	1.74593E5	1.58077E5	1.41737E5	1.28345E5	1.14418E5	1.01916E5	8.98638E4	7.79049E4	6.64153E4
570	4.43731E5	4.58111E5	2.62986E6	4.65868E5	3.73983E6	1.52255E6	2.53835E5	2.15426E5	1.95765E5	1.86707E5	1.78921E5	1.73814E5	1.70688E5	1.68029E5	1.51843E5	1.3713E5	1.23993E5	1.10328E5	9.95679E4	8.68825E4	7.50763E4	6.4648E4
572	4.60929E5	4.39636E5	2.72535E6	4.69912E5	1.7139E6	3.3219E6	2.40716E5	2.11319E5	1.91161E5	1.8314E5	1.75216E5	1.71218E5	1.66602E5	1.60278E5	1.48096E5	1.31273E5	1.21137E5	1.08128E5	9.64367E4	8.51417E4	7.24513E4	6.3669E4
574	4.22817E5	4.59115E5	2.59978E6	4.49362E5	7.46257E5	5.87424E6	2.37205E5	2.07471E5	1.8668E5	1.77146E5	1.67009E5	1.61386E5	1.59739E5	1.55233E5	1.42529E5	1.30525E5	1.16511E5	1.04143E5	9.28995E4	8.15422E4	7.05287E4	6.18387E4
576	4.33488E5	4.12737E5	2.34547E6	4.44112E5	4.8126E5	8.77205E6	2.31697E5	1.97379E5	1.83667E5	1.73695E5	1.65294E5	1.57369E5	1.56371E5	1.52977E5	1.38467E5	1.23839E5	1.1356E5	1.02645E5	9.15539E4	8.04912E4	7.08115E4	6.00149E4
578	4.28939E5	4.22776E5	1.96133E6	4.57235E5	4.50778E5	1.15573E7	2.20757E5	1.9747E5	1.79577E5	1.66041E5	1.58633E5	1.53705E5	1.54721E5	1.47862E5	1.34171E5	1.19586E5	1.10428E5	9.88054E4	8.89888E4	7.76571E4	6.77455E4	5.93057E4
580	4.15014E5	3.97046E5	1.54466E6	5.23148E5	4.14769E5	1.34187E7	2.18964E5	1.87839E5	1.71751E5	1.62993E5	1.53499E5	1.48214E5	1.46615E5	1.43645E5	1.29508E5	1.18405E5	1.06556E5	9.72502E4	8.68229E4	7.57276E4	6.54512E4	5.41861E4
582	4.02732E5	4.0258E5	1.1448E6	6.31847E5	4.09345E5	1.36374E7	2.21294E5	1.79744E5	1.67397E5	1.5556E5	1.54615E5	1.46158E5	1.42507E5	1.38834E5	1.28582E5	1.13559E5	1.05175E5	9.31486E4	8.35119E4	7.50058E4	6.42914E4	5.52832E4
584	4.29071E5	3.82628E5	8.34989E5	8.4853E5	4.07665E5	1.20069E7	2.21844E5	1.79668E5	1.62795E5	1.5226E5	1.42914E5	1.40486E5	1.36758E5	1.34566E5	1.2496E5	1.0989E5	9.83592E4	9.41123E4	8.35138E4	7.16503E4	6.30331E4	5.53263E4
586	3.9444E5	3.85136E5	6.00252E5	1.09964E6	3.99754E5	9.24479E6	2.4489E5	1.74725E5	1.59484E5	1.48451E5	1.43272E5	1.3391E5	1.33619E5	1.28709E5	1.20881E5	1.07308E5	9.79345E4	8.9365E4	7.96153E4	7.11222E4	6.2193E4	5.20076E4
588	4.1629E5	3.57263E5	4.76253E5	1.44991E6	3.99736E5	6.10596E6	4.84635E5	1.76235E5	1.52343E5	1.41976E5	1.37155E5	1.30526E5	1.27602E5	1.25504E5	1.15678E5	1.01898E5	9.41226E4	8.69081E4	7.77733E4	6.65378E4	6.0302E4	5.16835E4
590	4.03535E5	3.52618E5	4.33131E5	1.82553E6	4.02578E5	3.26713E6	1.38167E6	1.64737E5	1.49216E5	1.34012E5	1.33017E5	1.28369E5	1.24027E5	1.22596E5	1.11022E5	1.02564E5	9.09306E4	8.32243E4	7.37974E4	6.59477E4	5.75917E4	4.94842E4
592	3.6939E5	3.58418E5	3.88071E5	2.15131E6	3.89549E5	1.40532E6	3.2624E6	1.63258E5	1.42953E5	1.31265E5	1.28E5	1.22354E5	1.18467E5	1.1478E5	1.07701E5	9.78167E4	8.71709E4	8.02863E4	7.11609E4	6.51972E4	5.51579E4	4.92938E4
594	3.95567E5	3.38414E5	3.78807E5	2.35254E6	4.04458E5	5.70064E5	5.84537E6	1.56543E5	1.40989E5	1.30322E5	1.22766E5	1.17515E5	1.18023E5	1.14616E5	1.07699E5	9.2635E4	8.48265E4	7.81333E4	7.05873E4	6.1869E4	5.40559E4	4.67977E4
596	3.65762E5	3.58757E5	3.76944E5	2.44054E6	3.86263E5	3.58205E5	8.81148E6	1.55698E5	1.38067E5	1.28023E5	1.19254E5	1.15433E5	1.10209E5	1.11127E5	1.02252E5	9.12574E4	8.38605E4	7.62882E4	6.81834E4	5.91863E4	5.26751E4	4.46138E4
598	3.89153E5	3.44728E5	3.68172E5	2.27268E6	3.9907E5	3.36359E5	1.1381E7	1.5094E5	1.33643E5	1.24814E5	1.1668E5	1.10978E5	1.09956E5	1.10172E5	9.78656E4	8.77312E4	7.9333E4	7.49751E4	6.29619E4	5.87818E4	5.10549E4	4.54705E4
600	3.82113E5	3.50109E5	3.61428E5	2.05645E6	3.99413E5	3.19088E5	1.30105E7	1.50507E5	1.33832E5	1.22062E5	1.12985E5	1.08574E5	1.06864E5	1.05181E5	9.29385E4	8.75852E4	7.92809E4	7.2052E4	6.39201E4	5.88505E4	4.97201E4	4.44379E4
