300	2.27676E5	1.56064E5	1.92043E5	2.60878E6	4.17391E5	2.80222E5	2.26239E7	9.16783E4	1.27128E4	8140.50348	6282.6369	4765.73639	3701.87134	2511.4065	2583.2254	2252.70349	1910.8138	1703.23532	1230.74235	1178.64154	1301.61526	834.87937
302	2.64164E5	1.66962E5	2.14555E5	1.76942E6	7.36935E5	2.18545E5	1.95564E7	1.01219E6	1.50307E4	8530.78469	6472.53388	4777.4028	3699.82344	3233.97388	2484.18731	2562.61368	2074.22559	1656.2004	1738.95677	1198.00296	1582.83245	1159.08162
304	2.76033E5	1.77094E5	2.10738E5	1.0517E6	1.31746E6	2.15482E5	1.24361E7	4.30582E6	1.76002E4	8994.75534	6405.25476	4945.78204	3855.28849	3006.16721	2649.39698	1956.0616	1648.76789	1587.28226	1337.26473	1183.18942	1146.17773	1213.87967
306	2.62302E5	2.04196E5	2.27993E5	5.88997E5	2.02663E6	2.18511E5	5.31494E6	1.09336E7	2.1471E4	9492.98903	6737.95066	4842.91641	3393.49528	3232.03489	2501.14782	1827.77661	1863.79819	1587.7071	1395.45258	1397.70895	1569.15087	1121.59385
308	2.78685E5	1.92379E5	2.41181E5	3.98061E5	2.65708E6	2.29429E5	1.34224E6	1.90054E7	2.98106E4	1.02936E4	6839.95637	4416.93706	3533.98417	3319.52617	2329.9468	2075.64995	1749.96475	1749.6264	1389.02127	1740.89859	1382.70765	966.8099
310	3.24522E5	2.21621E5	2.51107E5	3.41663E5	2.81151E6	2.51718E5	2.43116E5	2.33343E7	8.00749E4	1.0594E4	7018.90054	5200.02155	3540.94597	3330.56156	2682.04658	2334.69988	1665.61019	1506.38858	1554.36431	1245.19748	1459.64765	1052.57519
312	2.91113E5	2.1941E5	2.49075E5	3.35558E5	2.44761E6	3.40178E5	1.53732E5	2.11577E7	8.84515E5	1.26257E4	7153.28572	5253.15936	3773.9181	3035.46196	2377.70017	2351.23168	1900.38603	1538.1663	1329.93979	1156.78617	1523.83697	1371.38073
314	3.29077E5	2.54355E5	2.64152E5	3.38821E5	1.70297E6	6.04727E5	1.46699E5	1.35621E7	4.28676E6	1.50316E4	7894.107	5792.9923	3898.36275	3334.57551	2866.31079	2196.08764	1529.1992	1433.17863	1969.25688	1258.56632	1160.3139	1119.57463
316	3.10058E5	2.50277E5	2.94113E5	3.5326E5	1.04318E6	1.08768E6	1.45303E5	5.74907E6	1.0641E7	1.85288E4	8008.38317	6083.18857	3881.51791	3198.69392	2437.61946	2047.39928	1734.46168	1794.93697	1460.71355	1334.70556	1090.63334	1198.12706
318	3.37922E5	2.56748E5	2.97406E5	3.63587E5	6.42124E5	1.71042E6	1.48708E5	1.41795E6	1.71152E7	2.60307E4	9090.79423	5671.40428	3945.90108	3695.46609	2867.36001	2018.2539	1775.0992	1548.47473	1590.5477	1465.88124	1175.62063	1096.36801
320	3.64645E5	2.62524E5	2.94056E5	3.61769E5	4.6763E5	2.22996E6	1.55481E5	2.07826E5	1.97732E7	7.96636E4	9782.99823	6130.35502	3979.02674	3112.96052	2730.84973	2058.30422	1719.69247	1657.20292	1133.48514	1583.26387	1162.94241	1084.76335
322	3.6924E5	2.75611E5	3.17786E5	3.69226E5	4.16926E5	2.35168E6	1.72741E5	1.31912E5	1.67093E7	8.53124E5	1.07108E4	6170.53332	4420.63176	3621.91377	2537.62799	1944.65564	1820.67501	1531.22967	1465.21941	1428.17079	1376.60559	1344.06858
324	3.55711E5	2.82798E5	3.06508E5	3.80817E5	4.1191E5	2.01851E6	2.44624E5	1.16861E5	1.02266E7	3.76483E6	1.33448E4	6479.89987	4847.84995	3767.09135	2893.9972	2246.68405	1624.08048	1653.70881	1219.07405	1263.38987	1047.81389	1132.54483
326	3.87795E5	2.87232E5	3.30247E5	3.83784E5	4.11782E5	1.48904E6	4.34223E5	1.21718E5	4.17883E6	9.14607E6	1.64819E4	6449.50211	4562.04188	3518.082	2676.77947	1833.38502	1959.47608	1676.28618	1260.7436	1021.34345	1240.88424	1005.77598
328	3.92549E5	2.97802E5	3.37799E5	3.8706E5	4.21137E5	9.50824E5	7.90858E5	1.22678E5	1.08609E6	1.45527E7	2.29637E4	7275.82295	5107.94372	3821.98607	2243.18983	2223.13359	1459.01568	1548.2941	1390.11265	1383.43041	1136.47167	1151.51964
330	4.52961E5	3.2111E5	3.53182E5	4.03518E5	4.239E5	5.98909E5	1.29554E6	1.28068E5	1.75345E5	1.70624E7	6.25372E4	8186.58439	4621.05492	3814.23969	2492.72724	2086.54526	1646.18911	1451.45013	1320.80156	1276.67498	1150.89768	999.46066
332	4.44182E5	3.27431E5	3.64573E5	4.01326E5	4.27557E5	4.40173E5	1.74444E6	1.35476E5	1.14648E5	1.48018E7	6.75381E5	9481.29131	5224.82957	3913.44622	2863.59864	2049.45778	1817.08434	1739.13711	1087.79095	998.53404	1113.47298	979.93835
334	4.56129E5	3.38149E5	3.44108E5	4.01056E5	4.41345E5	3.89689E5	1.9384E6	1.49969E5	1.05249E5	9.40166E6	3.0975E6	1.06936E4	5194.16792	4352.95629	2805.27911	2192.15458	1730.58405	1494.16514	1432.7458	1276.34391	894.29254	924.36745
336	4.34876E5	3.46003E5	3.66604E5	4.0245E5	4.38072E5	3.82362E5	1.77888E6	2.01893E5	1.07584E5	3.97181E6	7.79758E6	1.32763E4	6288.27534	4184.54049	2583.43596	2154.18136	1796.12262	1449.97449	1480.45082	1291.46422	926.48748	1044.47393
338	4.95834E5	3.85425E5	3.77463E5	4.23433E5	4.47168E5	3.90439E5	1.37979E6	3.26637E5	1.15087E5	1.07735E6	1.24016E7	1.93995E4	5980.29171	4178.14796	2992.40238	2377.50258	1858.12925	1206.12057	1285.46769	913.70428	983.43476	890.88376
340	5.0535E5	3.75677E5	3.87775E5	4.16901E5	4.5128E5	3.93477E5	9.01836E5	5.92627E5	1.21338E5	1.77864E5	1.46467E7	5.11457E4	6968.80577	3941.71502	3299.47051	2264.532	1676.10086	1385.77463	1180.04542	1182.76743	977.47553	1223.67353
342	5.25955E5	3.97804E5	4.0456E5	4.32717E5	4.55851E5	4.06658E5	5.77785E5	9.68334E5	1.28663E5	1.08714E5	1.29382E7	5.47605E5	8096.0356	3919.47499	2894.6001	2276.54688	1918.77535	1423.81941	1267.14207	1071.18818	1173.01167	577.70767
344	5.3142E5	4.24406E5	3.97372E5	4.31366E5	4.61714E5	4.14394E5	3.98682E5	1.37143E6	1.37133E5	1.00875E5	8.17235E6	2.70345E6	8939.6051	4611.77967	3371.89581	2268.38318	1635.54177	1364.74355	1316.46	1155.41467	1037.34054	1061.5577
346	5.86523E5	4.19469E5	4.10017E5	4.31104E5	4.61891E5	4.23864E5	3.47478E5	1.59421E6	1.55857E5	1.08326E5	3.49752E6	6.6402E6	1.15419E4	4645.82412	3495.96836	2127.06197	1757.04599	1303.13208	898.5644	1146.07407	1077.66427	827.43089
348	5.64829E5	4.40086E5	4.19691E5	4.35451E5	4.60941E5	4.31361E5	3.49577E5	1.52753E6	1.95481E5	1.16896E5	8.76027E5	1.0694E7	1.7775E4	5134.88573	3224.89634	2293.39023	1710.94911	1343.33137	1241.77733	1116.41443	930.34846	940.39211
350	5.93251E5	4.77141E5	4.37984E5	4.44759E5	4.70279E5	4.38747E5	3.53281E5	1.24902E6	2.89169E5	1.27345E5	1.58862E5	1.23252E7	4.0436E4	5942.12732	3427.45676	2543.19498	1690.55684	1556.74936	1278.48378	967.91122	971.37299	844.32906
352	6.14683E5	4.82167E5	4.41983E5	4.5249E5	4.72624E5	4.48835E5	3.6725E5	8.70577E5	4.84582E5	1.37538E5	1.06283E5	1.06162E7	4.76386E5	7001.03354	3550.91118	2536.3895	1711.29684	1355.47318	1217.51984	1175.08719	995.86188	878.97034
354	6.14863E5	5.07954E5	4.60338E5	4.62325E5	4.76651E5	4.6006E5	3.84392E5	5.86136E5	7.66323E5	1.51036E5	1.02863E5	6.85686E6	2.14534E6	8137.44515	3666.96693	2498.92632	1701.42382	1413.66282	1150.27134	1098.09761	820.64866	905.38104
356	6.539E5	5.37429E5	4.66532E5	4.61815E5	4.82352E5	4.63499E5	4.03578E5	4.3428E5	1.0683E6	1.6459E5	1.11492E5	2.91157E6	5.49664E6	1.03024E4	4330.72727	2565.72175	1889.04993	1355.28049	1209.46351	1067.5209	1047.18034	916.59894
358	6.75368E5	5.69482E5	4.8339E5	4.74056E5	4.90752E5	4.8115E5	4.10928E5	3.77574E5	1.28089E6	1.83224E5	1.22475E5	7.70284E5	8.99702E6	1.51466E4	4548.93904	2570.98682	2029.52059	1532.98616	1417.98322	1070.99129	998.05242	860.98259
360	7.17276E5	5.91285E5	5.0502E5	4.90939E5	4.96086E5	4.90019E5	4.29278E5	3.67019E5	1.30793E6	2.146E5	1.33357E5	1.45621E5	1.07691E7	3.31593E4	4895.13357	2593.18007	2029.86171	1441.52584	1203.85082	1216.98789	1028.14396	943.48569
362	7.24805E5	6.16579E5	5.32823E5	4.97201E5	5.06416E5	4.99827E5	4.49532E5	3.84048E5	1.14418E6	2.72551E5	1.46856E5	9.98156E4	9.7842E6	3.62033E5	5493.21752	2730.13987	2166.37739	1518.24342	1303.82337	955.93595	920.88888	900.47269
364	7.83702E5	6.32059E5	5.5533E5	5.13416E5	5.15322E5	5.164E5	4.65176E5	4.00725E5	8.81664E5	3.94635E5	1.58052E5	1.00687E5	6.57304E6	1.84779E6	7121.1785	3215.22091	2014.07164	1685.60507	1062.16361	1103.89577	1036.65011	894.25721
366	7.87921E5	6.89085E5	5.75256E5	5.32499E5	5.24177E5	5.2965E5	4.85004E5	4.22824E5	6.34888E5	6.03239E5	1.7345E5	1.05479E5	2.80613E6	5.14637E6	9363.35888	3267.72986	2100.88985	1521.70729	1215.10971	1159.65753	877.13649	1089.61826
368	8.27158E5	6.94982E5	6.04567E5	5.41284E5	5.33115E5	5.39431E5	5.04739E5	4.46322E5	4.84174E5	8.5344E5	1.87706E5	1.15312E5	7.58437E5	8.40491E6	1.36292E4	3353.1264	1943.76851	1802.5465	1266.73207	985.65073	1025.16278	837.11076
370	8.487E5	7.34093E5	6.21287E5	5.60831E5	5.45051E5	5.53561E5	5.25724E5	4.67912E5	4.24612E5	1.0669E6	2.05639E5	1.29707E5	1.32548E5	1.00469E7	3.29831E4	4270.98827	2170.85655	1843.45298	1158.91388	931.56776	914.85981	877.89716
372	8.82797E5	7.64407E5	6.35675E5	5.73309E5	5.66938E5	5.65681E5	5.46306E5	4.88057E5	4.23955E5	1.14158E6	2.33991E5	1.40813E5	8.89512E4	8.86509E6	3.76419E5	4880.79648	2347.35191	1853.77872	1390.92814	1200.33133	1045.58278	834.64563
374	9.24834E5	8.06445E5	6.73934E5	5.87545E5	5.72274E5	5.78613E5	5.65032E5	5.10233E5	4.38857E5	1.05368E6	2.78021E5	1.51703E5	8.93396E4	5.72941E6	1.81585E6	5577.73619	2557.20279	2180.85051	1286.6364	1296.7709	989.60446	880.25196
376	9.75559E5	8.4273E5	6.91653E5	6.03071E5	5.85716E5	5.92135E5	5.80692E5	5.37608E5	4.54456E5	8.7095E5	3.70068E5	1.68708E5	9.39229E4	2.53623E6	4.61603E6	8313.11881	2586.43284	1989.44523	1401.03669	1215.8272	1007.52159	900.75116
378	1.00083E6	8.67532E5	7.27195E5	6.25951E5	5.99169E5	6.14232E5	5.98842E5	5.53046E5	4.77357E5	6.75676E5	5.23054E5	1.7979E5	1.03449E5	6.13069E5	7.50013E6	1.16245E4	3208.37975	1955.71377	1479.28941	1213.71397	984.92277	946.87137
380	1.03179E6	9.00749E5	7.53129E5	6.33676E5	6.17701E5	6.29808E5	6.19728E5	5.82918E5	4.98101E5	5.44684E5	7.09827E5	1.972E5	1.13836E5	1.14505E5	8.85435E6	2.61866E4	3402.97036	1853.13637	1659.77817	1325.41906	945.26647	953.42273
382	1.09662E6	9.55138E5	7.87191E5	6.56439E5	6.38962E5	6.4826E5	6.46573E5	6.03996E5	5.2124E5	4.86858E5	9.00363E5	2.14696E5	1.30325E5	8.6098E4	7.6966E6	2.87424E5	4175.53867	2322.02536	1653.45877	1227.0383	1176.95648	892.23881
384	1.10545E6	9.86719E5	8.23827E5	6.86133E5	6.61005E5	6.68741E5	6.70782E5	6.2757E5	5.48934E5	4.67497E5	1.01026E6	2.36044E5	1.42316E5	8.48736E4	5.03934E6	1.44019E6	5268.58598	2319.9927	1649.5867	1152.28651	1039.37007	931.76629
386	1.17695E6	1.04476E6	8.57371E5	7.12254E5	6.76245E5	6.95379E5	6.89055E5	6.57879E5	5.69148E5	4.78954E5	9.9876E5	2.70691E5	1.55927E5	9.1427E4	2.13917E6	3.92538E6	7493.36255	2779.61862	1490.67583	1547.38797	1025.51124	1033.32123
388	1.21595E6	1.07674E6	8.81542E5	7.31058E5	6.92726E5	7.05776E5	7.1004E5	6.78834E5	5.95319E5	4.96642E5	8.89202E5	3.37342E5	1.69134E5	1.00004E5	5.82398E5	6.57593E6	1.10423E4	3103.15696	1808.87373	1399.796	1068.84724	1032.61431
390	1.23455E6	1.10965E6	9.08685E5	7.63492E5	7.13561E5	7.32508E5	7.36746E5	7.07623E5	6.20416E5	5.20503E5	7.33829E5	4.45442E5	1.85488E5	1.10899E5	1.14736E5	8.01203E6	2.58178E4	3395.22868	1843.6711	1596.7505	1115.91296	923.93738
392	1.31912E6	1.14488E6	9.46355E5	7.80888E5	7.33705E5	7.44654E5	7.58223E5	7.31444E5	6.3948E5	5.39144E5	5.99184E5	6.04376E5	2.04695E5	1.2493E5	8.00415E4	7.20084E6	3.10346E5	4069.885	1734.60977	1518.01835	1223.6462	1055.07321
394	1.33373E6	1.18988E6	9.78572E5	8.01531E5	7.48475E5	7.65175E5	7.809E5	7.47069E5	6.63491E5	5.62451E5	5.2355E5	7.6756E5	2.19153E5	1.38338E5	7.98118E4	4.90327E6	1.41176E6	5257.9594	2018.18089	1429.18579	1326.43207	1062.98451
396	1.35278E6	1.20709E6	1.01242E6	8.32436E5	7.73953E5	7.81926E5	7.9839E5	7.73538E5	6.8785E5	5.85605E5	5.03852E5	8.95865E5	2.37965E5	1.52474E5	8.48131E4	2.16206E6	3.82588E6	7153.96203	2494.33945	1727.96622	1445.56835	1165.95383
398	1.42581E6	1.24521E6	1.04867E6	8.58134E5	7.9294E5	8.06342E5	8.16108E5	7.98761E5	7.0895E5	6.0763E5	5.08303E5	9.29079E5	2.70721E5	1.66947E5	9.11241E4	5.9225E5	6.2643E6	1.01091E4	2826.27699	1528.84273	1541.82883	1197.30829
400	1.44874E6	1.3038E6	1.09148E6	8.7919E5	8.11811E5	8.17525E5	8.31617E5	8.14461E5	7.35115E5	6.26864E5	5.24485E5	8.70952E5	3.13531E5	1.81907E5	1.02743E5	1.08409E5	7.32367E6	2.15093E4	3032.93342	1704.51366	1414.24695	1102.77208
402	1.48037E6	1.33769E6	1.10976E6	9.15491E5	8.43916E5	8.39881E5	8.56926E5	8.39088E5	7.56381E5	6.52741E5	5.42742E5	7.50956E5	3.92572E5	1.97343E5	1.13875E5	7.30722E4	6.37834E6	2.3164E5	3662.81142	1818.93145	1510.10172	1272.18125
404	1.52326E6	1.37527E6	1.14714E6	9.3592E5	8.57528E5	8.58539E5	8.70552E5	8.59977E5	7.82155E5	6.78053E5	5.64716E5	6.32204E5	5.05673E5	2.15933E5	1.26598E5	7.28164E4	4.03125E6	1.20739E6	4833.81584	2096.17833	1585.5945	1239.20974
406	1.55122E6	1.42152E6	1.17154E6	9.72292E5	8.77172E5	8.76975E5	8.87154E5	8.77449E5	7.94624E5	6.95829E5	5.86815E5	5.56091E5	6.41768E5	2.32316E5	1.39095E5	7.6574E4	1.69293E6	3.26136E6	6437.1353	2236.31006	1500.00388	1293.8951
408	1.58058E6	1.44533E6	1.215E6	9.98909E5	8.95383E5	8.87157E5	8.985E5	8.90919E5	8.12756E5	7.14773E5	6.07868E5	5.20303E5	7.69344E5	2.49633E5	1.51652E5	8.24812E4	4.2094E5	5.58286E6	9407.62148	2824.20147	1718.4708	1378.71411
410	1.60873E6	1.497E6	1.23507E6	1.01561E6	9.12484E5	8.9641E5	9.17362E5	9.01767E5	8.31011E5	7.32492E5	6.27677E5	5.1862E5	8.42942E5	2.71419E5	1.63423E5	8.95517E4	8.3163E4	6.78912E6	1.84448E4	2992.42563	1631.92606	1542.46535
412	1.65571E6	1.49721E6	1.2617E6	1.04499E6	9.2848E5	9.14706E5	9.25367E5	9.24608E5	8.48149E5	7.50948E5	6.44725E5	5.31029E5	8.37356E5	3.04549E5	1.75612E5	9.86075E4	6.4735E4	6.10204E6	1.80814E5	3679.74591	1774.47988	1472.93548
414	1.65085E6	1.53777E6	1.29455E6	1.06565E6	9.40117E5	9.23642E5	9.37727E5	9.28285E5	8.59599E5	7.67912E5	6.63192E5	5.4236E5	7.67406E5	3.56199E5	1.89219E5	1.08426E5	6.45388E4	4.0315E6	9.63828E5	4703.47061	1990.0391	1506.53803
416	1.72907E6	1.56052E6	1.31896E6	1.08513E6	9.60646E5	9.34588E5	9.37768E5	9.40257E5	8.716E5	7.84959E5	6.82972E5	5.59615E5	6.6624E5	4.4275E5	2.04575E5	1.18392E5	6.73016E4	1.71418E6	2.82096E6	5860.03332	2231.00073	1541.31964
418	1.69008E6	1.59767E6	1.34306E6	1.09828E6	9.70871E5	9.4727E5	9.47502E5	9.47388E5	8.80568E5	7.99432E5	6.99861E5	5.78864E5	5.84912E5	5.49625E5	2.16818E5	1.26803E5	6.98567E4	4.54162E5	5.07308E6	9246.6076	2352.25314	1547.85084
420	1.7422E6	1.59974E6	1.37026E6	1.12043E6	9.84604E5	9.48103E5	9.55808E5	9.49195E5	8.92495E5	8.07161E5	7.1244E5	5.96437E5	5.27738E5	6.66193E5	2.32402E5	1.36986E5	7.68519E4	8.19642E4	6.31246E6	1.90386E4	2779.61987	1578.38222
422	1.74223E6	1.62998E6	1.38113E6	1.15144E6	1.00141E6	9.62744E5	9.59564E5	9.58319E5	8.96868E5	8.24088E5	7.25613E5	6.07623E5	5.12352E5	7.52001E5	2.49236E5	1.49699E5	8.54567E4	5.61045E4	5.78904E6	2.16246E5	3491.79284	1718.84425
424	1.79042E6	1.63598E6	1.39853E6	1.16602E6	1.00541E6	9.67533E5	9.53143E5	9.65047E5	9.10039E5	8.36528E5	7.40647E5	6.26353E5	5.12826E5	7.77137E5	2.71367E5	1.60298E5	9.30408E4	5.62055E4	3.80578E6	1.05247E6	4591.52535	1802.5632
426	1.77632E6	1.66637E6	1.41848E6	1.17481E6	1.01772E6	9.73635E5	9.5834E5	9.6276E5	9.16928E5	8.43165E5	7.52712E5	6.3595E5	5.22839E5	7.44329E5	3.04601E5	1.70692E5	1.01771E5	5.84887E4	1.574E6	2.92205E6	5724.22406	2298.11298
428	1.79125E6	1.69903E6	1.45112E6	1.19289E6	1.02584E6	9.75839E5	9.64809E5	9.64565E5	9.17178E5	8.51077E5	7.60451E5	6.50241E5	5.36845E5	6.65176E5	3.59151E5	1.82302E5	1.10827E5	6.25737E4	3.94059E5	4.88965E6	8267.00245	2332.68712
430	1.81218E6	1.67734E6	1.44847E6	1.21058E6	1.03482E6	9.74704E5	9.60043E5	9.68448E5	9.23628E5	8.56108E5	7.74973E5	6.66091E5	5.49606E5	5.81761E5	4.37373E5	1.93092E5	1.2102E5	6.63716E4	7.34136E4	5.80941E6	1.80671E4	2517.85827
432	1.78446E6	1.67727E6	1.47718E6	1.22179E6	1.04595E6	9.8601E5	9.67067E5	9.6622E5	9.25994E5	8.65943E5	7.8278E5	6.75873E5	5.63054E5	5.23299E5	5.31171E5	2.03611E5	1.27966E5	7.38338E4	5.16816E4	5.0369E6	1.9609E5	2994.64034
434	1.83675E6	1.72309E6	1.47683E6	1.24263E6	1.06287E6	9.8094E5	9.60123E5	9.64106E5	9.3018E5	8.72803E5	7.93453E5	6.85643E5	5.75821E5	4.97134E5	6.13049E5	2.15713E5	1.36873E5	8.16622E4	5.16133E4	3.09092E6	1.02773E6	3872.35193
436	1.82191E6	1.72044E6	1.50769E6	1.25011E6	1.06554E6	9.86239E5	9.60926E5	9.63625E5	9.3065E5	8.72969E5	8.0391E5	6.96322E5	5.83968E5	4.9468E5	6.63194E5	2.32242E5	1.45946E5	8.84637E4	5.29621E4	1.25625E6	2.71501E6	5103.55317
438	1.78638E6	1.72685E6	1.50267E6	1.26259E6	1.06171E6	9.82294E5	9.55471E5	9.61152E5	9.22827E5	8.78968E5	8.04818E5	7.03888E5	5.94817E5	4.93964E5	6.59688E5	2.54462E5	1.5445E5	9.46551E4	5.51408E4	3.25406E5	4.60095E6	7751.46485
440	1.79597E6	1.72462E6	1.50007E6	1.27508E6	1.06905E6	9.8179E5	9.57753E5	9.49898E5	9.25419E5	8.77356E5	8.17627E5	7.14011E5	6.06191E5	5.03317E5	6.12195E5	2.86004E5	1.64077E5	1.01698E5	6.01897E4	6.16599E4	5.50443E6	1.39277E4
442	1.82436E6	1.69321E6	1.53241E6	1.26784E6	1.07553E6	9.82635E5	9.39065E5	9.43677E5	9.13592E5	8.75261E5	8.11299E5	7.12843E5	6.10461E5	5.13254E5	5.51006E5	3.35556E5	1.7459E5	1.09262E5	6.47236E4	4.79297E4	4.86122E6	1.28633E5
444	1.7804E6	1.71715E6	1.52637E6	1.29225E6	1.07258E6	9.75838E5	9.37926E5	9.37388E5	9.16571E5	8.76747E5	8.14765E5	7.17996E5	6.1854E5	5.18985E5	4.88387E5	4.0296E5	1.82239E5	1.16534E5	7.01189E4	4.75898E4	3.07325E6	7.16964E5
446	1.802E6	1.72658E6	1.51532E6	1.29146E6	1.07537E6	9.76372E5	9.30519E5	9.28234E5	9.06689E5	8.73281E5	8.152E5	7.19067E5	6.28051E5	5.27366E5	4.47196E5	4.70058E5	1.91109E5	1.21997E5	7.68899E4	4.93616E4	1.27126E6	2.14856E6
448	1.78173E6	1.72845E6	1.54211E6	1.30219E6	1.07956E6	9.73508E5	9.26376E5	9.28056E5	9.08868E5	8.6943E5	8.13981E5	7.31329E5	6.31827E5	5.34507E5	4.29053E5	5.31549E5	2.02104E5	1.32677E5	8.27213E4	5.08774E4	3.2272E5	3.91358E6
450	1.7849E6	1.71075E6	1.54174E6	1.28914E6	1.08087E6	9.72803E5	9.28779E5	9.18932E5	9.0237E5	8.74037E5	8.17557E5	7.32991E5	6.3942E5	5.42083E5	4.28156E5	5.63033E5	2.16953E5	1.38474E5	9.0326E4	5.56115E4	6.0522E4	4.95997E6
452	1.76851E6	1.7046E6	1.52084E6	1.29413E6	1.08778E6	9.71395E5	9.10441E5	9.09156E5	8.9422E5	8.64485E5	8.17724E5	7.37178E5	6.41641E5	5.49307E5	4.31124E5	5.49645E5	2.38512E5	1.47243E5	9.63912E4	5.89121E4	4.36604E4	4.47637E6
454	1.80274E6	1.69201E6	1.5261E6	1.29707E6	1.08317E6	9.58232E5	9.06363E5	9.04045E5	8.82832E5	8.56474E5	8.11849E5	7.31664E5	6.43908E5	5.55332E5	4.34055E5	5.08134E5	2.74153E5	1.54506E5	1.02064E5	6.28133E4	4.34229E4	2.8634E6
456	1.74933E6	1.67659E6	1.52996E6	1.29384E6	1.07267E6	9.57172E5	8.97037E5	8.85049E5	8.75967E5	8.55914E5	8.07202E5	7.32002E5	6.48111E5	5.63573E5	4.40903E5	4.49136E5	3.24178E5	1.60004E5	1.07156E5	6.84816E4	4.42181E4	1.17527E6
458	1.70632E6	1.67664E6	1.52906E6	1.30398E6	1.07935E6	9.51092E5	8.94946E5	8.73779E5	8.67309E5	8.46069E5	8.05541E5	7.33859E5	6.48209E5	5.6739E5	4.42424E5	4.02426E5	3.77242E5	1.69067E5	1.12356E5	7.48873E4	4.62769E4	2.95439E5
460	1.70278E6	1.65943E6	1.52255E6	1.28794E6	1.07583E6	9.42641E5	8.83351E5	8.6297E5	8.59002E5	8.34784E5	7.96243E5	7.25959E5	6.5097E5	5.69692E5	4.47676E5	3.75079E5	4.31224E5	1.75023E5	1.1987E5	7.87353E4	4.8804E4	5.66597E4
462	1.71698E6	1.65781E6	1.50518E6	1.29911E6	1.08381E6	9.44399E5	8.73128E5	8.57499E5	8.45506E5	8.28123E5	7.87976E5	7.21781E5	6.46782E5	5.70116E5	4.51645E5	3.61695E5	4.67795E5	1.87432E5	1.27285E5	8.54787E4	5.14409E4	3.94201E4
464	1.71855E6	1.62409E6	1.49823E6	1.28397E6	1.07573E6	9.32235E5	8.60378E5	8.44245E5	8.4005E5	8.19656E5	7.85391E5	7.21508E5	6.45692E5	5.72191E5	4.53613E5	3.56153E5	4.73072E5	1.98269E5	1.31978E5	8.94193E4	5.51266E4	3.92538E4
466	1.68597E6	1.59807E6	1.48525E6	1.27829E6	1.07409E6	9.28284E5	8.51447E5	8.37164E5	8.23876E5	8.04528E5	7.73622E5	7.18589E5	6.4216E5	5.73963E5	4.57789E5	3.5732E5	4.51611E5	2.17179E5	1.36229E5	9.42396E4	6.00172E4	4.01257E4
468	1.79224E6	1.59131E6	1.47508E6	1.27195E6	1.06704E6	9.15995E5	8.49797E5	8.26204E5	8.13969E5	7.9798E5	7.66619E5	7.1227E5	6.41619E5	5.71709E5	4.5761E5	3.59917E5	4.11775E5	2.50262E5	1.42313E5	9.85767E4	6.44276E4	4.17773E4
470	2.1679E6	1.58567E6	1.49414E6	1.27217E6	1.05315E6	9.05888E5	8.35563E5	8.14903E5	7.99659E5	7.88182E5	7.58061E5	7.00517E5	6.39217E5	5.74245E5	4.60677E5	3.60415E5	3.64108E5	2.88073E5	1.46178E5	1.03703E5	6.83168E4	4.30607E4
472	3.04159E6	1.5594E6	1.45683E6	1.26011E6	1.05301E6	9.09449E5	8.22362E5	8.0094E5	7.91454E5	7.78703E5	7.48317E5	6.92694E5	6.40313E5	5.73862E5	4.62898E5	3.6729E5	3.31342E5	3.34396E5	1.5328E5	1.07518E5	7.29942E4	4.58959E4
474	4.53721E6	1.55934E6	1.4507E6	1.24239E6	1.03917E6	8.89494E5	8.20099E5	7.90038E5	7.75676E5	7.6721E5	7.37525E5	6.92912E5	6.35909E5	5.72479E5	4.65019E5	3.70179E5	3.08854E5	3.75044E5	1.58552E5	1.14807E5	7.74849E4	4.76969E4
476	6.80694E6	1.56518E6	1.42554E6	1.23513E6	1.02798E6	8.88515E5	8.02427E5	7.80301E5	7.67625E5	7.52236E5	7.28943E5	6.82513E5	6.25643E5	5.69811E5	4.65458E5	3.685E5	3.00135E5	4.0251E5	1.67634E5	1.17026E5	8.11723E4	5.22735E4
478	9.32061E6	1.53382E6	1.40986E6	1.23228E6	1.01798E6	8.76206E5	7.87962E5	7.63559E5	7.49332E5	7.41358E5	7.19023E5	6.72886E5	6.2132E5	5.67305E5	4.63485E5	3.71451E5	2.97063E5	4.03699E5	1.7756E5	1.20372E5	8.35443E4	5.56095E4
480	1.18614E7	1.51584E6	1.39136E6	1.22532E6	1.00928E6	8.63294E5	7.82112E5	7.43962E5	7.38152E5	7.26295E5	7.06666E5	6.64868E5	6.15872E5	5.6115E5	4.63348E5	3.71475E5	2.97503E5	3.78643E5	1.95395E5	1.24192E5	8.8229E4	5.94629E4
482	1.31788E7	1.47852E6	1.3771E6	1.1922E6	9.97533E5	8.54988E5	7.80165E5	7.37519E5	7.20399E5	7.13563E5	6.98663E5	6.51156E5	6.07646E5	5.55246E5	4.63114E5	3.69766E5	2.98522E5	3.38505E5	2.24766E5	1.30645E5	9.11849E4	6.35569E4
484	1.26517E7	1.45559E6	1.36903E6	1.18708E6	9.89679E5	8.45805E5	7.59755E5	7.22714E5	7.10622E5	6.98457E5	6.80185E5	6.39328E5	6.00306E5	5.51394E5	4.57439E5	3.71567E5	2.98633E5	2.98164E5	2.62279E5	1.3227E5	9.5946E4	6.59811E4
486	1.0718E7	1.46929E6	1.34143E6	1.1819E6	9.87099E5	8.33611E5	7.47951E5	7.1164E5	6.99874E5	6.93216E5	6.70763E5	6.2725E5	5.90404E5	5.44992E5	4.54307E5	3.70121E5	2.9711E5	2.7165E5	2.98447E5	1.36438E5	9.86831E4	6.98342E4
488	8.22943E6	1.63924E6	1.32393E6	1.16291E6	9.70387E5	8.15888E5	7.37062E5	6.96382E5	6.84306E5	6.75513E5	6.57912E5	6.21196E5	5.81932E5	5.40008E5	4.53801E5	3.68851E5	2.98693E5	2.53096E5	3.27121E5	1.41762E5	1.01498E5	7.29634E4
490	5.18291E6	2.21695E6	1.28866E6	1.13434E6	9.50391E5	8.18466E5	7.18597E5	6.92702E5	6.7709E5	6.63011E5	6.49708E5	6.15799E5	5.76771E5	5.381E5	4.46353E5	3.7379E5	2.99211E5	2.44772E5	3.42391E5	1.4811E5	1.04785E5	7.48162E4
492	3.05491E6	3.43016E6	1.27395E6	1.125E6	9.45856E5	8.05E5	7.09588E5	6.71922E5	6.58818E5	6.46733E5	6.35633E5	6.03486E5	5.66546E5	5.28872E5	4.42162E5	3.64179E5	2.99849E5	2.40765E5	3.37722E5	1.60862E5	1.05617E5	7.68923E4
494	1.8736E6	5.51957E6	1.27518E6	1.11519E6	9.31117E5	7.83989E5	6.9483E5	6.67511E5	6.44632E5	6.36919E5	6.23998E5	5.89216E5	5.5846E5	5.1931E5	4.39141E5	3.64695E5	2.99182E5	2.43295E5	3.15081E5	1.77549E5	1.09331E5	7.9584E4
496	1.50057E6	8.07762E6	1.24263E6	1.09987E6	9.12413E5	7.72649E5	6.92246E5	6.50536E5	6.33598E5	6.22399E5	6.09681E5	5.84351E5	5.47515E5	5.16292E5	4.37554E5	3.59583E5	2.94678E5	2.44122E5	2.78967E5	2.04552E5	1.11901E5	8.21172E4
498	1.4186E6	1.10176E7	1.22357E6	1.09041E6	9.18128E5	7.68842E5	6.81963E5	6.40565E5	6.18302E5	6.11556E5	5.94845E5	5.68318E5	5.41223E5	5.0636E5	4.33704E5	3.60381E5	2.9679E5	2.42375E5	2.50289E5	2.29816E5	1.14513E5	8.39972E4
500	1.37413E6	1.34476E7	1.20046E6	1.07388E6	8.95271E5	7.62054E5	6.71494E5	6.25948E5	6.08096E5	6.00647E5	5.85753E5	5.58014E5	5.29544E5	4.98715E5	4.26899E5	3.55955E5	2.95709E5	2.39396E5	2.24917E5	2.57113E5	1.15601E5	8.58244E4
502	1.35384E6	1.44342E7	1.17708E6	1.05227E6	8.84486E5	7.48669E5	6.58504E5	6.18037E5	5.99636E5	5.82117E5	5.7699E5	5.48692E5	5.24259E5	4.8877E5	4.21403E5	3.54138E5	2.96299E5	2.41796E5	2.08213E5	2.80539E5	1.2203E5	8.9394E4
504	1.28744E6	1.3711E7	1.19488E6	1.04701E6	8.635E5	7.37743E5	6.51022E5	6.00492E5	5.83501E5	5.7187E5	5.65255E5	5.37142E5	5.13137E5	4.85319E5	4.16624E5	3.49472E5	2.9141E5	2.40374E5	2.02267E5	2.87439E5	1.2569E5	9.00117E4
506	1.28433E6	1.13894E7	1.1705E6	1.02744E6	8.56834E5	7.21768E5	6.35891E5	5.92353E5	5.75659E5	5.61212E5	5.52296E5	5.26507E5	5.02694E5	4.73438E5	4.11178E5	3.44844E5	2.89577E5	2.38527E5	1.99856E5	2.80994E5	1.39222E5	9.20555E4
508	1.2676E6	8.47883E6	1.38189E6	1.01654E6	8.4656E5	7.11114E5	6.21189E5	5.803E5	5.60946E5	5.51343E5	5.48328E5	5.15493E5	4.93501E5	4.73225E5	4.05188E5	3.44307E5	2.87666E5	2.38024E5	1.99109E5	2.58519E5	1.51286E5	9.24831E4
510	1.32317E6	5.36377E6	2.06978E6	9.84207E5	8.26946E5	6.97902E5	6.05502E5	5.66319E5	5.5015E5	5.42104E5	5.26201E5	5.07385E5	4.86125E5	4.58858E5	3.9782E5	3.36329E5	2.85237E5	2.34458E5	1.9684E5	2.31981E5	1.70819E5	9.50225E4
512	1.41374E6	2.90038E6	3.64584E6	9.68302E5	8.15895E5	6.86104E5	5.99282E5	5.6138E5	5.34714E5	5.21597E5	5.10711E5	4.97704E5	4.74989E5	4.51048E5	3.91328E5	3.33874E5	2.81321E5	2.35181E5	1.96356E5	2.03899E5	1.93835E5	9.67422E4
514	1.60507E6	1.66893E6	5.93878E6	9.60082E5	7.9834E5	6.73332E5	5.85838E5	5.449E5	5.24711E5	5.13876E5	5.03648E5	4.85071E5	4.64556E5	4.42201E5	3.85343E5	3.29209E5	2.76636E5	2.33253E5	1.93929E5	1.83966E5	2.16347E5	9.83978E4
516	1.82007E6	1.26348E6	8.89125E6	9.54479E5	7.87256E5	6.74094E5	5.7669E5	5.35478E5	5.11897E5	5.0116E5	4.91981E5	4.716E5	4.52761E5	4.3179E5	3.78036E5	3.2347E5	2.74432E5	2.28414E5	1.9363E5	1.72043E5	2.32226E5	1.00729E5
518	2.16232E6	1.18039E6	1.20047E7	9.34665E5	7.70745E5	6.50831E5	5.64057E5	5.27711E5	5.00793E5	4.88123E5	4.76422E5	4.65447E5	4.4316E5	4.23182E5	3.71762E5	3.17801E5	2.70052E5	2.28694E5	1.89892E5	1.64799E5	2.36541E5	1.04302E5
520	2.49006E6	1.13084E6	1.44305E7	9.06271E5	7.56006E5	6.35867E5	5.60641E5	5.12066E5	4.90197E5	4.77309E5	4.70457E5	4.51745E5	4.35266E5	4.19844E5	3.65743E5	3.1367E5	2.69626E5	2.28003E5	1.88578E5	1.60867E5	2.29107E5	1.14746E5
522	2.77358E6	1.10958E6	1.51379E7	8.85184E5	7.42566E5	6.24308E5	5.44537E5	5.02075E5	4.80695E5	4.66658E5	4.59182E5	4.41127E5	4.26197E5	4.09858E5	3.58728E5	3.08445E5	2.66646E5	2.23806E5	1.90091E5	1.59685E5	2.10075E5	1.26351E5
524	3.05837E6	1.07962E6	1.39746E7	8.68514E5	7.23863E5	6.14003E5	5.35361E5	4.93302E5	4.65929E5	4.53129E5	4.44881E5	4.29133E5	4.18703E5	3.98643E5	3.50119E5	3.03465E5	2.57924E5	2.20855E5	1.88345E5	1.58671E5	1.86256E5	1.43215E5
526	2.98608E6	1.06925E6	1.13305E7	8.82776E5	7.12479E5	5.98136E5	5.24675E5	4.79681E5	4.59568E5	4.48764E5	4.35127E5	4.24674E5	4.04789E5	3.9046E5	3.45846E5	2.97769E5	2.56739E5	2.16991E5	1.83781E5	1.57169E5	1.67341E5	1.61476E5
528	2.88721E6	1.01576E6	8.17566E6	1.11665E6	7.12815E5	5.90801E5	5.1371E5	4.68471E5	4.44188E5	4.30476E5	4.22277E5	4.12775E5	3.97019E5	3.84314E5	3.3609E5	2.90219E5	2.52878E5	2.12515E5	1.84035E5	1.56112E5	1.46114E5	1.77487E5
530	2.57046E6	9.85277E5	4.96281E6	1.94107E6	6.85898E5	5.78065E5	5.01606E5	4.60918E5	4.32943E5	4.2394E5	4.14798E5	4.00488E5	3.90597E5	3.75265E5	3.28366E5	2.8608E5	2.46979E5	2.11606E5	1.78443E5	1.54196E5	1.34983E5	1.90208E5
532	2.17471E6	1.02153E6	2.56848E6	3.7079E6	6.68409E5	5.6338E5	4.92702E5	4.46303E5	4.25112E5	4.14044E5	4.03292E5	3.90009E5	3.76072E5	3.66364E5	3.22052E5	2.7987E5	2.44748E5	2.06638E5	1.79124E5	1.50806E5	1.29167E5	1.94894E5
534	1.71205E6	1.06738E6	1.34144E6	6.54423E6	6.5765E5	5.56562E5	4.80629E5	4.36298E5	4.14619E5	4.01776E5	3.94322E5	3.73981E5	3.70159E5	3.57572E5	3.16359E5	2.74206E5	2.37952E5	2.04757E5	1.75974E5	1.49394E5	1.26361E5	1.87445E5
536	1.32785E6	1.24099E6	9.67455E5	9.90953E6	6.50431E5	5.46555E5	4.75076E5	4.25987E5	4.03261E5	3.9269E5	3.83393E5	3.72713E5	3.60049E5	3.4743E5	3.06258E5	2.68495E5	2.35451E5	2.00953E5	1.75705E5	1.4776E5	1.23275E5	1.7408E5
538	1.05146E6	1.47831E6	9.21826E5	1.30321E7	6.37635E5	5.30866E5	4.54116E5	4.20383E5	3.94943E5	3.86928E5	3.68322E5	3.61462E5	3.48375E5	3.40687E5	2.99346E5	2.57888E5	2.29259E5	1.96709E5	1.69007E5	1.46336E5	1.22103E5	1.51903E5
540	9.40157E5	1.84175E6	8.53555E5	1.53139E7	6.19694E5	5.13511E5	4.4451E5	4.0357E5	3.83044E5	3.70625E5	3.62939E5	3.46463E5	3.37647E5	3.28352E5	2.90556E5	2.56123E5	2.2464E5	1.94689E5	1.67236E5	1.41645E5	1.19639E5	1.3248E5
542	8.70039E5	2.18003E6	8.31344E5	1.57797E7	6.07638E5	5.03198E5	4.38985E5	3.99972E5	3.71773E5	3.62995E5	3.51609E5	3.43775E5	3.34505E5	3.1671E5	2.8772E5	2.48478E5	2.17106E5	1.8757E5	1.63171E5	1.39327E5	1.17723E5	1.15471E5
544	8.00917E5	2.58617E6	8.16699E5	1.41214E7	6.00116E5	5.01132E5	4.22056E5	3.91035E5	3.62065E5	3.48807E5	3.41877E5	3.32013E5	3.21336E5	3.11143E5	2.7853E5	2.44714E5	2.14533E5	1.87226E5	1.60643E5	1.38208E5	1.16639E5	1.0564E5
546	8.06127E5	2.84521E6	7.89133E5	1.12138E7	6.31356E5	4.86755E5	4.19607E5	3.80471E5	3.57266E5	3.43157E5	3.31833E5	3.23522E5	3.13707E5	3.05066E5	2.71915E5	2.39026E5	2.0676E5	1.8129E5	1.56294E5	1.35981E5	1.15227E5	9.89623E4
548	7.33479E5	2.99564E6	7.57555E5	7.72684E6	9.38866E5	4.69397E5	4.07447E5	3.64057E5	3.49279E5	3.28678E5	3.21509E5	3.11577E5	3.06444E5	2.94158E5	2.65595E5	2.32548E5	2.02514E5	1.76952E5	1.5501E5	1.35807E5	1.14017E5	9.59821E4
550	7.31633E5	2.92193E6	7.47402E5	4.58955E6	1.90035E6	4.62063E5	4.01249E5	3.61319E5	3.34575E5	3.25731E5	3.13369E5	3.03818E5	2.97409E5	2.91157E5	2.5749E5	2.23585E5	1.98426E5	1.74616E5	1.53136E5	1.30639E5	1.11109E5	9.60132E4
552	7.09498E5	2.70068E6	7.30909E5	2.2901E6	3.84244E6	4.55479E5	3.91927E5	3.48845E5	3.32765E5	3.18544E5	3.04984E5	2.99777E5	2.90034E5	2.82442E5	2.50486E5	2.20847E5	1.95252E5	1.68596E5	1.4965E5	1.28887E5	1.08232E5	9.24464E4
554	6.9505E5	2.27559E6	7.31273E5	1.09734E6	6.65839E6	4.45868E5	3.83455E5	3.42027E5	3.21217E5	3.10421E5	2.98657E5	2.89519E5	2.80947E5	2.7271E5	2.43107E5	2.16105E5	1.90523E5	1.65276E5	1.44377E5	1.28267E5	1.07065E5	9.15425E4
556	6.61184E5	1.91149E6	7.71886E5	7.46231E5	9.91951E6	4.38269E5	3.71503E5	3.33872E5	3.13148E5	2.96174E5	2.91316E5	2.81091E5	2.70757E5	2.67624E5	2.37069E5	2.07839E5	1.84175E5	1.63795E5	1.43722E5	1.24407E5	1.05345E5	8.98357E4
558	6.98653E5	1.46153E6	8.76864E5	6.94415E5	1.31938E7	4.2735E5	3.65246E5	3.18855E5	2.989E5	2.93622E5	2.80473E5	2.75817E5	2.61022E5	2.58886E5	2.32898E5	2.0408E5	1.81087E5	1.58712E5	1.39068E5	1.24627E5	1.01715E5	8.92278E4
560	6.92713E5	1.10425E6	1.04413E6	6.5703E5	1.53999E7	4.15642E5	3.49924E5	3.17274E5	2.97922E5	2.83509E5	2.74705E5	2.66886E5	2.56576E5	2.55233E5	2.27002E5	1.97641E5	1.77305E5	1.54388E5	1.35797E5	1.18872E5	1.01089E5	8.4941E4
562	6.17228E5	8.5386E5	1.31396E6	6.27164E5	1.58303E7	4.12936E5	3.4005E5	3.04156E5	2.87633E5	2.73965E5	2.67085E5	2.56413E5	2.51886E5	2.43553E5	2.18829E5	1.94704E5	1.70065E5	1.51914E5	1.32832E5	1.17616E5	9.69456E4	8.48377E4
564	6.23711E5	7.05077E5	1.66768E6	6.15767E5	1.40915E7	4.06972E5	3.31873E5	3.01503E5	2.78229E5	2.63213E5	2.56251E5	2.49569E5	2.42447E5	2.37675E5	2.1295E5	1.87744E5	1.6554E5	1.47911E5	1.28967E5	1.14315E5	9.741E4	8.31041E4
566	6.37549E5	6.26081E5	2.01072E6	6.02021E5	1.10844E7	4.47321E5	3.26586E5	2.90762E5	2.7707E5	2.61679E5	2.49886E5	2.401E5	2.34322E5	2.31781E5	2.06667E5	1.84035E5	1.63513E5	1.43702E5	1.26702E5	1.10821E5	9.45341E4	8.00027E4
568	5.99471E5	5.84635E5	2.37792E6	5.8734E5	7.52903E6	7.62442E5	3.21265E5	2.82606E5	2.63858E5	2.50096E5	2.43972E5	2.35254E5	2.30157E5	2.21114E5	2.02189E5	1.79382E5	1.61044E5	1.417E5	1.22025E5	1.09591E5	9.39663E4	7.84006E4
570	5.76343E5	5.95591E5	2.61613E6	5.6325E5	4.2903E6	1.81507E6	3.10599E5	2.79725E5	2.56574E5	2.43248E5	2.34285E5	2.29341E5	2.2262E5	2.16031E5	1.95854E5	1.73422E5	1.52712E5	1.35695E5	1.21541E5	1.06765E5	9.24094E4	7.77284E4
572	5.54897E5	5.70321E5	2.68984E6	5.588E5	1.99075E6	3.91333E6	3.03859E5	2.69731E5	2.50004E5	2.38051E5	2.30517E5	2.20917E5	2.18117E5	2.12891E5	1.86158E5	1.66794E5	1.48098E5	1.32824E5	1.14955E5	1.02998E5	9.04276E4	7.64811E4
574	5.1817E5	5.42425E5	2.61162E6	5.51157E5	8.77921E5	6.86736E6	2.98571E5	2.63524E5	2.42937E5	2.30017E5	2.21748E5	2.12745E5	2.0879E5	2.04507E5	1.80134E5	1.63852E5	1.46837E5	1.28098E5	1.14461E5	1.00148E5	8.8083E4	7.39744E4
576	5.26976E5	5.21348E5	2.32957E6	5.43453E5	5.57723E5	1.01002E7	2.8984E5	2.53271E5	2.36249E5	2.25034E5	2.16356E5	2.03811E5	2.02269E5	1.99654E5	1.7629E5	1.56853E5	1.39647E5	1.26293E5	1.11675E5	9.81591E4	8.48941E4	7.189E4
578	4.93488E5	5.11775E5	1.97686E6	5.73607E5	5.10927E5	1.33173E7	2.83226E5	2.51481E5	2.29369E5	2.1863E5	2.07675E5	1.99558E5	1.98404E5	1.93594E5	1.72192E5	1.53477E5	1.37086E5	1.21761E5	1.0679E5	9.60997E4	8.29618E4	7.09568E4
580	4.85189E5	4.83017E5	1.58044E6	6.19977E5	5.06915E5	1.54423E7	2.76548E5	2.43271E5	2.19315E5	2.07428E5	2.01118E5	1.99676E5	1.89124E5	1.85729E5	1.65971E5	1.46813E5	1.34321E5	1.18145E5	1.05236E5	9.12133E4	7.99451E4	6.78024E4
582	5.63598E5	4.88757E5	1.18558E6	7.18671E5	4.82555E5	1.56226E7	2.83066E5	2.36834E5	2.21013E5	2.04288E5	1.97443E5	1.88409E5	1.85012E5	1.79831E5	1.62712E5	1.44456E5	1.29641E5	1.1748E5	1.02928E5	9.16561E4	7.76149E4	6.70754E4
584	4.9912E5	4.65715E5	8.98493E5	9.37253E5	4.81232E5	1.38803E7	2.77749E5	2.30104E5	2.09295E5	2.01711E5	1.90902E5	1.83249E5	1.79174E5	1.7174E5	1.54571E5	1.38227E5	1.27486E5	1.13248E5	9.73347E4	8.84051E4	7.63671E4	6.61722E4
586	5.11364E5	4.70252E5	6.7574E5	1.18644E6	4.86548E5	1.07633E7	3.04997E5	2.22365E5	2.03252E5	1.90562E5	1.86472E5	1.72649E5	1.72743E5	1.7135E5	1.51713E5	1.34404E5	1.21086E5	1.08859E5	9.86199E4	8.43774E4	7.38749E4	6.41936E4
588	5.30249E5	4.48331E5	5.79871E5	1.51847E6	4.7193E5	7.1412E6	6.10368E5	2.1512E5	2.02232E5	1.87982E5	1.81015E5	1.70927E5	1.70917E5	1.63174E5	1.48195E5	1.3039E5	1.17917E5	1.06267E5	9.30988E4	8.37851E4	7.26081E4	6.28014E4
590	5.07595E5	4.6037E5	4.94052E5	1.85542E6	4.65925E5	3.75983E6	1.70005E6	2.16208E5	1.93508E5	1.80445E5	1.71085E5	1.67448E5	1.60455E5	1.60175E5	1.41638E5	1.27212E5	1.14756E5	1.01712E5	9.053E4	8.1729E4	7.05136E4	6.0023E4
592	4.25083E5	4.40357E5	4.78249E5	2.17555E6	4.6377E5	1.59875E6	3.89292E6	2.077E5	1.88255E5	1.76537E5	1.64799E5	1.60924E5	1.56863E5	1.52038E5	1.36654E5	1.24103E5	1.10994E5	1.0105E5	8.77351E4	7.82959E4	6.61359E4	5.96562E4
594	4.58476E5	4.39563E5	4.68585E5	2.3526E6	4.59956E5	6.55125E5	7.01361E6	1.9994E5	1.76317E5	1.72579E5	1.63598E5	1.59125E5	1.52979E5	1.45763E5	1.33645E5	1.19547E5	1.05581E5	9.70408E4	8.65394E4	7.70925E4	6.45034E4	5.67257E4
596	4.33015E5	4.23694E5	4.53696E5	2.42044E6	4.45015E5	4.23434E5	1.05316E7	1.95333E5	1.68394E5	1.66182E5	1.54414E5	1.50387E5	1.45793E5	1.39567E5	1.28954E5	1.17264E5	1.0276E5	9.26673E4	8.20769E4	7.19284E4	6.56316E4	5.52411E4
598	4.56576E5	4.51569E5	4.40934E5	2.27563E6	4.5546E5	3.87694E5	1.37862E7	1.9229E5	1.69946E5	1.60344E5	1.53958E5	1.47005E5	1.40022E5	1.37155E5	1.29065E5	1.1175E5	1.00049E5	9.10345E4	8.05498E4	7.10236E4	6.26398E4	5.43663E4
600	4.70999E5	4.32475E5	4.37341E5	2.06594E6	4.58799E5	3.58562E5	1.58976E7	1.92825E5	1.70476E5	1.54806E5	1.49188E5	1.43227E5	1.3777E5	1.34854E5	1.20791E5	1.09217E5	9.67408E4	8.70563E4	7.75055E4	6.92616E4	6.05682E4	5.27198E4
