300	3.28399E5	2.30382E5	2.20793E5	2.59579E6	4.09944E5	4.52929E5	5.66378E7	2.48878E5	3.58295E4	2.30341E4	1.598E4	1.07084E4	1.01017E4	7980.76019	7056.89848	6187.54841	5554.50784	4933.64412	4155.58452	4160.85426	3328.76755	3504.68931
302	3.62525E5	2.42384E5	2.25897E5	1.72281E6	7.35009E5	2.83909E5	4.96232E7	2.98438E6	4.10391E4	2.33414E4	1.48312E4	1.18518E4	1.10511E4	7873.90408	7256.29705	5901.36039	5224.36442	4534.52259	4329.93151	3773.50042	3522.45443	3213.78319
304	3.36943E5	2.39429E5	2.26812E5	1.01309E6	1.31343E6	2.54518E5	3.28981E7	1.27943E7	5.00291E4	2.4654E4	1.70661E4	1.1715E4	1.02512E4	8983.46213	6810.06143	6511.5558	5307.97669	4706.73639	4257.74609	4266.2026	3623.36472	3553.91317
306	3.59465E5	2.53278E5	2.38986E5	5.66928E5	2.05405E6	2.51623E5	1.43976E7	3.0292E7	6.17185E4	2.69994E4	1.77438E4	1.25879E4	1.12464E4	8167.43485	7259.31571	5379.14894	5516.06312	4984.27723	4125.92343	4206.24994	3704.46786	3615.03953
308	4.4296E5	2.50144E5	2.51263E5	3.74388E5	2.69876E6	2.51364E5	3.38419E6	4.71982E7	9.25927E4	2.92072E4	1.90739E4	1.30408E4	1.11139E4	8387.59355	6830.03143	6161.08632	5470.03343	4885.79457	3794.33171	4292.70098	3613.9201	3327.43462
310	3.68021E5	2.71087E5	2.67268E5	3.32987E5	2.81573E6	2.67753E5	4.14369E5	5.35806E7	2.6435E5	3.28669E4	1.9885E4	1.37039E4	1.13746E4	9020.99384	7249.40351	6210.82027	5382.86211	4637.70104	4078.51031	4076.84433	3458.51111	3116.19445
312	3.84289E5	2.73594E5	2.73379E5	3.21952E5	2.42765E6	3.52867E5	2.25328E5	4.77952E7	2.99202E6	3.80977E4	2.05368E4	1.41726E4	1.11171E4	8873.69768	7776.0339	5847.29803	4994.30866	4922.51732	4434.26484	4242.59633	3596.22645	3360.12356
314	3.96685E5	2.85071E5	2.86365E5	3.34396E5	1.66167E6	6.17977E5	1.92918E5	3.14241E7	1.33678E7	4.26977E4	2.07582E4	1.46138E4	1.15782E4	8953.07177	6980.88946	6251.71387	5263.34643	5136.53154	3992.53273	3500.27475	3198.95753	2921.00959
316	4.13913E5	2.87747E5	2.94959E5	3.35852E5	1.00792E6	1.10511E6	1.87257E5	1.34102E7	2.95731E7	5.63532E4	2.27987E4	1.62692E4	1.18942E4	8953.42678	7741.162	5974.54583	5055.41436	5011.13031	3944.2403	3897.76204	3856.7263	2817.16693
318	4.0669E5	2.88514E5	2.99287E5	3.45938E5	6.06208E5	1.74566E6	1.84888E5	3.11978E6	4.22922E7	8.09041E4	2.62202E4	1.62377E4	1.22347E4	8915.61119	7744.50541	6148.66459	5034.62148	4418.25301	4112.00329	3663.40589	3730.12261	3078.38159
320	4.49301E5	2.926E5	3.1145E5	3.53924E5	4.46206E5	2.30288E6	1.83013E5	3.49101E5	4.6118E7	2.37552E5	2.82767E4	1.76361E4	1.31776E4	9736.60609	7325.7638	6226.18213	5674.59485	4184.50541	4290.32899	3797.86715	3176.5801	2756.46006
322	4.28945E5	3.09616E5	3.1725E5	3.62237E5	4.04385E5	2.38383E6	1.98703E5	1.88076E5	3.99062E7	2.64392E6	3.36589E4	1.77295E4	1.38097E4	9027.27837	7423.87683	6070.563	5040.13776	4683.13977	3930.13629	4083.08325	3150.50106	3371.49199
324	4.2965E5	3.08964E5	3.15628E5	3.54601E5	3.90335E5	2.0179E6	2.68943E5	1.62391E5	2.60817E7	1.11503E7	3.66016E4	1.80802E4	1.43897E4	9924.96005	7381.78199	5934.37215	4866.14521	4534.70017	4140.54097	3835.30223	3623.5571	2673.50542
326	4.55654E5	3.1447E5	3.28703E5	3.60757E5	3.97432E5	1.45405E6	4.65567E5	1.53303E5	1.1075E7	2.46111E7	4.68031E4	1.99161E4	1.50432E4	9957.43185	7166.89025	5939.93074	4880.46716	4605.12813	3913.26483	3851.23341	3353.19204	2653.09007
328	4.6608E5	3.2212E5	3.27523E5	3.67051E5	4.01586E5	9.23964E5	8.23828E5	1.56152E5	2.68658E6	3.50403E7	7.07055E4	2.13721E4	1.57844E4	1.0054E4	7925.68142	6302.57631	4787.97903	4401.27801	3923.93367	3575.86448	3095.14047	3001.65457
330	5.10044E5	3.34584E5	3.39867E5	3.85117E5	3.9945E5	5.67492E5	1.34502E6	1.52994E5	3.12016E5	3.88343E7	2.09712E5	2.39078E4	1.51296E4	1.06547E4	7694.11448	6038.13801	4873.67105	4143.90904	3684.84011	3997.39307	3359.43198	2779.18123
332	5.34952E5	3.40919E5	3.51497E5	3.85377E5	4.00352E5	4.243E5	1.79032E6	1.57637E5	1.68516E5	3.48255E7	2.30802E6	2.76235E4	1.61049E4	1.13608E4	8300.84935	6629.87775	5037.23041	4409.04948	3777.33838	3854.70341	3407.579	3095.60172
334	5.24783E5	3.57672E5	3.62824E5	3.93676E5	4.12569E5	3.72733E5	1.97887E6	1.70516E5	1.43476E5	2.43583E7	9.62275E6	3.30524E4	1.66601E4	1.15941E4	8011.74108	5738.46682	4956.18979	4516.39274	3672.62521	3887.78471	3315.49891	2830.56361
336	5.75968E5	3.70865E5	3.53977E5	3.86879E5	4.15796E5	3.73097E5	1.78972E6	2.22646E5	1.39068E5	1.1214E7	2.10177E7	4.25967E4	1.79796E4	1.2178E4	7881.17427	5854.4246	5159.4786	3887.84239	3600.91842	3704.90327	2815.82601	2739.49082
338	5.54376E5	3.79591E5	3.69275E5	4.04942E5	4.12362E5	3.70923E5	1.36505E6	3.52692E5	1.40802E5	2.98082E6	2.9452E7	5.89687E4	2.01756E4	1.18169E4	7832.55534	6376.61751	4683.48593	4462.32104	3648.24288	3329.06094	2803.63595	2397.73893
340	6.08777E5	3.87011E5	3.73358E5	4.04182E5	4.24944E5	3.8097E5	8.90095E5	6.28524E5	1.43253E5	3.2639E5	3.23922E7	1.63313E5	2.21948E4	1.27802E4	9666.02909	6035.8274	4469.88875	3780.3349	3581.07182	3197.06103	2637.18796	2818.49088
342	6.1573E5	4.11514E5	3.79109E5	4.05412E5	4.24847E5	3.90123E5	5.69088E5	1.01968E6	1.49514E5	1.56529E5	2.9178E7	1.75977E6	2.43557E4	1.34156E4	9450.91451	6021.33041	5103.85722	4044.63989	3585.66284	3077.73208	2750.64797	2484.21727
344	5.97993E5	4.36109E5	3.86195E5	4.07264E5	4.32711E5	3.94614E5	3.96007E5	1.41108E6	1.57529E5	1.37387E5	2.0067E7	8.28044E6	2.90706E4	1.3911E4	9839.57732	6420.08804	5144.60985	3902.73752	3650.8767	3280.60306	3020.49878	2753.66469
346	6.01992E5	4.37168E5	4.01905E5	4.0047E5	4.41126E5	4.03916E5	3.45345E5	1.61165E6	1.71194E5	1.32094E5	9.24361E6	1.78051E7	3.71251E4	1.3996E4	9786.56102	6487.4297	4658.11328	3937.45861	3420.35808	3325.68606	2754.98177	2627.97893
348	6.54689E5	4.64305E5	4.09309E5	4.12124E5	4.34595E5	4.13481E5	3.45375E5	1.53887E6	2.11393E5	1.36995E5	2.1516E6	2.51476E7	5.5077E4	1.5588E4	1.0284E4	6839.58652	5099.59668	4287.15992	3662.96382	3147.84739	2619.32614	2798.95121
350	6.78615E5	4.57948E5	4.21832E5	4.26355E5	4.40033E5	4.20968E5	3.52299E5	1.23549E6	3.08683E5	1.43331E5	2.67475E5	2.71729E7	1.20083E5	1.82086E4	1.04391E4	7476.2332	4987.46228	4021.09401	3782.97597	3137.08019	2659.51599	2391.74466
352	7.05825E5	4.88367E5	4.28412E5	4.26944E5	4.46233E5	4.28885E5	3.63181E5	8.68029E5	5.04615E5	1.56822E5	1.45946E5	2.4278E7	1.50105E6	2.03357E4	9908.57809	7935.23718	5047.73326	3885.92148	3425.02288	3258.67428	2644.50435	2539.52201
354	6.91654E5	5.04223E5	4.48289E5	4.2681E5	4.52774E5	4.37114E5	3.78334E5	5.80467E5	7.88275E5	1.65969E5	1.3255E5	1.71419E7	6.67291E6	2.49274E4	1.05977E4	7816.32883	4884.38999	4041.35522	3489.54193	3638.511	2758.15399	2330.72015
356	7.39319E5	5.39723E5	4.5353E5	4.45353E5	4.52572E5	4.41671E5	3.90087E5	4.24033E5	1.08939E6	1.80491E5	1.31871E5	7.91333E6	1.53845E7	3.07629E4	1.21476E4	7745.34398	5305.76837	4112.04804	3271.74338	2951.99889	2805.79626	2385.92776
358	7.46046E5	5.5579E5	4.83027E5	4.52832E5	4.69339E5	4.62464E5	4.06495E5	3.77499E5	1.3008E6	1.95362E5	1.40875E5	2.01857E6	2.2138E7	4.66876E4	1.29958E4	7577.59363	5593.48293	4078.64651	3275.2367	3061.1244	2907.43059	2250.15355
360	7.60361E5	5.88106E5	4.88978E5	4.59224E5	4.67168E5	4.69103E5	4.2325E5	3.72375E5	1.32059E6	2.28144E5	1.49777E5	2.48271E5	2.47165E7	1.09183E5	1.49707E4	7964.67937	6331.06519	4270.55783	3277.80449	3215.77316	2547.73577	2249.30408
362	8.13692E5	6.07476E5	5.16184E5	4.7505E5	4.80225E5	4.82304E5	4.39106E5	3.82443E5	1.14402E6	2.87763E5	1.61382E5	1.38618E5	2.34298E7	1.29623E6	1.69542E4	8544.02367	6404.57222	4487.64739	3511.4106	3251.13861	2697.97687	2190.28628
364	8.31344E5	6.43374E5	5.28484E5	4.85539E5	4.87793E5	4.93934E5	4.55847E5	4.00068E5	8.80128E5	4.10928E5	1.74737E5	1.23356E5	1.82303E7	6.04138E6	2.01512E4	8949.52161	6522.23414	4680.52801	3428.44409	3137.6506	2783.91515	2074.22268
366	8.72895E5	6.73615E5	5.57563E5	5.095E5	5.0146E5	5.03095E5	4.71615E5	4.13609E5	6.29488E5	6.21738E5	1.89216E5	1.25906E5	9.42147E6	1.40527E7	2.6251E4	9626.66057	6212.01718	4885.89807	3828.51286	3084.07761	2460.2253	2275.77762
368	8.66859E5	7.03271E5	5.66098E5	5.20078E5	5.04319E5	5.16384E5	4.89352E5	4.33472E5	4.82405E5	8.74856E5	2.0259E5	1.32179E5	2.59642E6	1.96993E7	3.96264E4	1.06102E4	6482.76335	4789.12213	3705.40737	3047.2422	2809.24328	2193.44812
370	9.27861E5	7.29134E5	5.89304E5	5.31585E5	5.16373E5	5.23492E5	5.10269E5	4.55834E5	4.30616E5	1.08681E6	2.21187E5	1.42203E5	2.57149E5	2.15892E7	9.91111E4	1.25836E4	6401.42025	5275.56106	3377.87249	3265.24947	2728.56842	2219.12431
372	9.31558E5	7.7094E5	6.19183E5	5.46106E5	5.37558E5	5.40238E5	5.29164E5	4.77014E5	4.23439E5	1.15495E6	2.48028E5	1.53864E5	1.30531E5	1.95854E7	1.20222E6	1.39686E4	7258.19631	5551.27942	3724.69969	3295.50302	2489.30607	2003.51651
374	9.70486E5	7.82215E5	6.3773E5	5.59751E5	5.43344E5	5.50099E5	5.38262E5	4.93679E5	4.36032E5	1.06006E6	2.95586E5	1.66578E5	1.15226E5	1.38307E7	5.61559E6	1.72278E4	7857.7707	5745.14149	3857.31676	2959.57114	2488.01027	2108.09453
376	9.95209E5	8.16721E5	6.65139E5	5.73892E5	5.61901E5	5.69034E5	5.59483E5	5.16257E5	4.49777E5	8.76962E5	3.88096E5	1.77825E5	1.13723E5	6.3855E6	1.23602E7	2.27381E4	8185.51204	5220.56359	4000.61522	2948.26905	2408.81647	2303.71855
378	1.02144E6	8.61878E5	6.9082E5	5.89974E5	5.71985E5	5.78867E5	5.72563E5	5.37761E5	4.75684E5	6.71448E5	5.39375E5	1.92743E5	1.1817E5	1.50867E6	1.73118E7	3.50476E4	9141.89039	5329.05171	4438.16445	3297.46543	2576.40337	2131.27615
380	1.05653E6	8.83721E5	7.06993E5	6.09421E5	5.81257E5	5.91615E5	5.93862E5	5.5788E5	4.88604E5	5.36749E5	7.35154E5	2.08917E5	1.28784E5	1.8663E5	1.87994E7	8.37734E4	1.02729E4	5796.78875	4293.71306	3295.43408	2774.63855	2154.30926
382	1.06468E6	9.11326E5	7.42668E5	6.31028E5	6.05245E5	6.12555E5	6.13339E5	5.84427E5	5.12939E5	4.79735E5	9.19046E5	2.26108E5	1.4128E5	1.13933E5	1.7386E7	1.00147E6	1.2571E4	6209.97237	4655.10534	3356.83469	3147.66163	2421.36227
384	1.11413E6	9.53819E5	7.69281E5	6.54874E5	6.15223E5	6.29816E5	6.31764E5	6.04324E5	5.36484E5	4.70574E5	1.02192E6	2.46078E5	1.54036E5	1.0428E5	1.27952E7	4.61904E6	1.50254E4	6672.97956	4837.18361	3678.20087	2846.68455	2260.96627
386	1.16407E6	9.92589E5	8.15291E5	6.72697E5	6.38134E5	6.42647E5	6.54243E5	6.24203E5	5.57601E5	4.81666E5	1.00232E6	2.85821E5	1.6574E5	1.03824E5	6.12296E6	1.07651E7	2.0939E4	7453.08988	4763.25193	4265.29749	2712.67837	2252.83269
388	1.17555E6	1.00864E6	8.26402E5	6.94932E5	6.44798E5	6.60029E5	6.73938E5	6.49404E5	5.76913E5	4.97286E5	8.85354E5	3.4471E5	1.80094E5	1.10012E5	1.66849E6	1.54308E7	3.19745E4	8449.55026	5156.11264	4749.90219	3015.25253	2476.45119
390	1.24419E6	1.05932E6	8.64906E5	7.14073E5	6.63182E5	6.77453E5	6.8673E5	6.72032E5	5.96956E5	5.11917E5	7.27821E5	4.54292E5	1.94322E5	1.17751E5	2.04847E5	1.74689E7	7.37167E4	9382.73353	5175.5565	4474.07016	2877.89622	2527.8795
392	1.25171E6	1.11256E6	8.93642E5	7.35649E5	6.75486E5	6.89425E5	7.07941E5	6.91095E5	6.1644E5	5.2993E5	5.93109E5	6.10645E5	2.08822E5	1.32886E5	1.06099E5	1.63548E7	1.02209E6	1.18699E4	6061.26447	4411.36374	3218.57839	2465.24194
394	1.28988E6	1.13442E6	9.17122E5	7.46405E5	6.95184E5	7.02794E5	7.27507E5	7.04724E5	6.40409E5	5.50772E5	5.19579E5	7.73343E5	2.27314E5	1.43116E5	9.59203E4	1.24501E7	4.463E6	1.4206E4	6042.0118	4574.17718	3433.47669	2705.60657
396	1.32783E6	1.15878E6	9.48395E5	7.79441E5	7.16525E5	7.17553E5	7.41317E5	7.24276E5	6.53002E5	5.66796E5	4.97474E5	8.94534E5	2.47375E5	1.5605E5	9.57098E4	6.17233E6	1.02866E7	1.88909E4	7075.08909	4873.14592	3711.9537	2731.86196
398	1.35432E6	1.20029E6	9.76823E5	7.94799E5	7.27766E5	7.37189E5	7.54592E5	7.3599E5	6.70137E5	5.87055E5	4.98583E5	9.28378E5	2.71526E5	1.69325E5	1.00559E5	1.67052E6	1.46107E7	2.80472E4	7800.80382	4974.06595	3738.27782	2553.26813
400	1.37977E6	1.20169E6	1.0021E6	8.18471E5	7.39366E5	7.51329E5	7.66846E5	7.56901E5	6.93195E5	6.04489E5	5.15102E5	8.59919E5	3.12403E5	1.83345E5	1.06714E5	2.01744E5	1.61122E7	6.24239E4	8635.83871	5418.4579	3712.19482	2547.49124
402	1.40708E6	1.23589E6	1.0284E6	8.31008E5	7.47906E5	7.61892E5	7.84795E5	7.71592E5	7.06511E5	6.18985E5	5.26926E5	7.43722E5	3.87035E5	1.99013E5	1.16918E5	9.60936E4	1.48074E7	7.83902E5	1.0262E4	5728.04325	3654.53746	2841.63704
404	1.44776E6	1.25652E6	1.06379E6	8.51863E5	7.65833E5	7.69989E5	7.91311E5	7.8291E5	7.22822E5	6.4153E5	5.42343E5	6.1399E5	5.00298E5	2.15888E5	1.2766E5	8.59541E4	1.0668E7	3.90437E6	1.30505E4	6201.31159	3834.02708	3148.51479
406	1.45391E6	1.2919E6	1.09462E6	8.83788E5	7.83787E5	7.87025E5	7.98375E5	7.96411E5	7.33791E5	6.55448E5	5.59601E5	5.36587E5	6.3587E5	2.29378E5	1.38586E5	8.44634E4	5.05618E6	9.13349E6	1.64176E4	6987.70377	3853.63667	3540.22232
408	1.4787E6	1.34449E6	1.10854E6	8.9725E5	8.00486E5	7.92297E5	8.201E5	8.09388E5	7.45514E5	6.69752E5	5.778E5	5.02242E5	7.63468E5	2.49055E5	1.50189E5	8.80025E4	1.24248E6	1.35146E7	2.52088E4	7794.25143	4139.94755	3406.01285
410	1.48733E6	1.35209E6	1.12392E6	9.1612E5	8.05801E5	8.05288E5	8.24089E5	8.10945E5	7.63187E5	6.78934E5	5.89429E5	4.92743E5	8.33213E5	2.66851E5	1.59704E5	9.38843E4	1.43076E5	1.51721E7	5.11347E4	8730.71375	4367.68554	3525.0075
412	1.50796E6	1.40993E6	1.14453E6	9.34596E5	8.25455E5	8.13583E5	8.30191E5	8.24973E5	7.71469E5	6.9303E5	6.03024E5	5.00739E5	8.2793E5	2.9789E5	1.7236E5	1.02061E5	8.29935E4	1.40796E7	6.13421E5	9748.62967	4708.39007	3452.04868
414	1.51395E6	1.41283E6	1.17187E6	9.5053E5	8.3359E5	8.17632E5	8.35997E5	8.26844E5	7.80786E5	7.10794E5	6.18956E5	5.17429E5	7.49903E5	3.49546E5	1.84523E5	1.10816E5	7.62902E4	1.03433E7	3.14802E6	1.28668E4	5016.58014	3364.59743
416	1.52105E6	1.42033E6	1.19675E6	9.61433E5	8.47913E5	8.24368E5	8.45261E5	8.38169E5	7.91703E5	7.15167E5	6.35119E5	5.29464E5	6.47965E5	4.27409E5	1.98351E5	1.2078E5	7.52996E4	4.95004E6	8.09221E6	1.63414E4	5396.33033	3546.09344
418	1.57257E6	1.44714E6	1.22759E6	9.83262E5	8.61537E5	8.36946E5	8.49475E5	8.44372E5	8.01203E5	7.32828E5	6.45042E5	5.41041E5	5.62229E5	5.41419E5	2.11457E5	1.2676E5	7.67104E4	1.2681E6	1.25369E7	2.61171E4	6683.64522	3499.10693
420	1.57358E6	1.45997E6	1.24266E6	1.00168E6	8.64326E5	8.39448E5	8.46284E5	8.53228E5	8.05572E5	7.38045E5	6.61085E5	5.58951E5	5.06296E5	6.48988E5	2.22586E5	1.36898E5	8.17115E4	1.45372E5	1.44327E7	5.31898E4	7146.69912	3771.68769
422	1.60727E6	1.45877E6	1.26004E6	1.02566E6	8.8666E5	8.44127E5	8.53133E5	8.5203E5	8.09827E5	7.45501E5	6.69728E5	5.68734E5	4.85409E5	7.36737E5	2.39568E5	1.47626E5	8.84739E4	7.2961E4	1.34263E7	7.76768E5	8622.40347	3863.37829
424	1.66894E6	1.49368E6	1.26327E6	1.02827E6	8.91988E5	8.48922E5	8.51517E5	8.57399E5	8.16013E5	7.55318E5	6.78214E5	5.81331E5	4.87006E5	7.64901E5	2.60607E5	1.57091E5	9.63258E4	6.59793E4	9.75448E6	3.65194E6	1.05918E4	4320.79869
426	1.61119E6	1.48241E6	1.27825E6	1.05422E6	8.9557E5	8.52494E5	8.54494E5	8.50965E5	8.17452E5	7.66998E5	6.90412E5	5.94492E5	4.92882E5	7.22893E5	2.92021E5	1.68985E5	1.04306E5	6.46384E4	4.43128E6	8.89078E6	1.35213E4	4785.85529
428	1.65945E6	1.53576E6	1.29822E6	1.06515E6	9.03532E5	8.55853E5	8.58808E5	8.59503E5	8.22535E5	7.7211E5	6.98161E5	6.02559E5	5.04326E5	6.43425E5	3.48534E5	1.80021E5	1.1136E5	6.72803E4	1.0586E6	1.30746E7	2.23713E4	5499.86153
430	1.61881E6	1.51911E6	1.30938E6	1.06725E6	9.10247E5	8.54016E5	8.52707E5	8.53585E5	8.28465E5	7.76064E5	7.05334E5	6.12549E5	5.16882E5	5.58392E5	4.23801E5	1.86615E5	1.20221E5	7.16548E4	1.21085E5	1.4396E7	4.90989E4	6419.51551
432	1.66651E6	1.52289E6	1.31947E6	1.08755E6	9.14391E5	8.61698E5	8.46684E5	8.55895E5	8.29094E5	7.80143E5	7.15255E5	6.22614E5	5.28142E5	4.94741E5	5.16001E5	2.00584E5	1.26985E5	7.56276E4	6.49705E4	1.28247E7	6.48016E5	7070.63595
434	1.65135E6	1.53721E6	1.34272E6	1.09907E6	9.29272E5	8.65668E5	8.53258E5	8.48986E5	8.21241E5	7.84319E5	7.1956E5	6.30331E5	5.35811E5	4.69568E5	6.00118E5	2.12842E5	1.35794E5	8.22663E4	6.09776E4	8.68254E6	3.20575E6	9409.89129
436	1.68731E6	1.53346E6	1.34855E6	1.1083E6	9.37113E5	8.66408E5	8.52078E5	8.46618E5	8.28751E5	7.83524E5	7.25217E5	6.39535E5	5.46272E5	4.64907E5	6.40775E5	2.24358E5	1.44715E5	8.70894E4	6.01498E4	3.81304E6	7.59085E6	1.20164E4
438	1.64351E6	1.56364E6	1.36978E6	1.11603E6	9.45887E5	8.63995E5	8.49445E5	8.44145E5	8.24454E5	7.83031E5	7.24531E5	6.4532E5	5.52331E5	4.65913E5	6.351E5	2.45267E5	1.5286E5	9.65949E4	6.06776E4	8.9604E5	1.15694E7	1.8108E4
440	1.639E6	1.50713E6	1.36333E6	1.12248E6	9.39217E5	8.62169E5	8.4118E5	8.41179E5	8.22314E5	7.85306E5	7.34191E5	6.48338E5	5.59765E5	4.71949E5	5.93226E5	2.78227E5	1.62359E5	1.01765E5	6.3974E4	9.92792E4	1.3222E7	3.45464E4
442	1.62823E6	1.51951E6	1.37225E6	1.128E6	9.5554E5	8.55498E5	8.37753E5	8.38189E5	8.14852E5	7.85104E5	7.32131E5	6.53389E5	5.66745E5	4.80485E5	5.25565E5	3.25504E5	1.68223E5	1.09065E5	6.75871E4	6.24496E4	1.2048E7	3.9185E5
444	1.64418E6	1.53025E6	1.36659E6	1.14632E6	9.51885E5	8.55344E5	8.33475E5	8.31232E5	8.14905E5	7.8558E5	7.36714E5	6.57847E5	5.71376E5	4.87341E5	4.61955E5	3.88622E5	1.76169E5	1.14849E5	7.20506E4	5.56955E4	8.34773E6	2.23092E6
446	1.62763E6	1.51789E6	1.39004E6	1.1461E6	9.49828E5	8.57E5	8.31623E5	8.26202E5	8.10961E5	7.84817E5	7.37543E5	6.61602E5	5.79272E5	4.9418E5	4.22355E5	4.62211E5	1.85588E5	1.2131E5	7.7439E4	5.61564E4	3.70358E6	6.35447E6
448	1.60941E6	1.52941E6	1.38124E6	1.15651E6	9.54918E5	8.58153E5	8.26343E5	8.21777E5	8.06801E5	7.79985E5	7.36775E5	6.63212E5	5.86895E5	5.03661E5	3.99947E5	5.18695E5	1.97196E5	1.28777E5	8.38627E4	5.58314E4	8.99828E5	1.04338E7
450	1.62446E6	1.55036E6	1.37825E6	1.16455E6	9.62259E5	8.60519E5	8.25647E5	8.18892E5	8.04343E5	7.78825E5	7.36551E5	6.64751E5	5.87648E5	5.0642E5	4.01155E5	5.44956E5	2.09264E5	1.37197E5	8.96567E4	5.80224E4	1.03596E5	1.23665E7
452	1.63846E6	1.51863E6	1.3633E6	1.16468E6	9.59684E5	8.5894E5	8.18969E5	8.10471E5	7.97334E5	7.75717E5	7.33744E5	6.6829E5	5.92248E5	5.13522E5	4.00588E5	5.37724E5	2.31014E5	1.43029E5	9.42789E4	6.1627E4	5.6034E4	1.14848E7
454	1.61505E6	1.5245E6	1.3775E6	1.16259E6	9.6418E5	8.57037E5	8.11807E5	8.0024E5	7.87031E5	7.70062E5	7.30406E5	6.69759E5	5.96251E5	5.20913E5	4.06768E5	4.8648E5	2.65287E5	1.47929E5	1.00131E5	6.62112E4	5.1537E4	8.12472E6
456	1.56341E6	1.49941E6	1.36342E6	1.1658E6	9.60765E5	8.46005E5	8.05984E5	7.91645E5	7.81058E5	7.59249E5	7.2284E5	6.63435E5	5.95294E5	5.21602E5	4.10557E5	4.35239E5	3.113E5	1.53679E5	1.05093E5	6.83836E4	4.95159E4	3.58932E6
458	1.62406E6	1.52437E6	1.37512E6	1.15217E6	9.7047E5	8.46634E5	7.95478E5	7.79193E5	7.68046E5	7.5572E5	7.21218E5	6.67158E5	5.95723E5	5.22939E5	4.13535E5	3.84309E5	3.66389E5	1.62065E5	1.11204E5	7.41871E4	5.02506E4	8.59337E5
460	1.57511E6	1.5044E6	1.36073E6	1.16129E6	9.55552E5	8.42444E5	7.95662E5	7.77168E5	7.61168E5	7.46073E5	7.13916E5	6.58605E5	5.96518E5	5.26959E5	4.22279E5	3.53128E5	4.21595E5	1.68709E5	1.17005E5	7.94365E4	5.11223E4	1.00118E5
462	1.56745E6	1.46573E6	1.35583E6	1.15385E6	9.63475E5	8.41255E5	7.77179E5	7.63118E5	7.56617E5	7.38668E5	7.11991E5	6.56772E5	5.96225E5	5.26697E5	4.22903E5	3.39001E5	4.56179E5	1.783E5	1.21802E5	8.46176E4	5.47463E4	5.21706E4
464	1.5752E6	1.48599E6	1.34931E6	1.15937E6	9.6062E5	8.33602E5	7.82204E5	7.56514E5	7.47366E5	7.32145E5	7.02861E5	6.54911E5	5.94648E5	5.25408E5	4.22266E5	3.37194E5	4.61061E5	1.89126E5	1.28201E5	8.77027E4	5.68513E4	4.67186E4
466	1.61201E6	1.47777E6	1.33992E6	1.15759E6	9.49453E5	8.25789E5	7.64451E5	7.48507E5	7.40063E5	7.2371E5	6.94664E5	6.45689E5	5.89968E5	5.30665E5	4.31031E5	3.36135E5	4.36491E5	2.09658E5	1.32077E5	9.33385E4	6.09252E4	4.48909E4
468	1.79857E6	1.46581E6	1.33156E6	1.14335E6	9.44047E5	8.16204E5	7.64752E5	7.38415E5	7.27225E5	7.13877E5	6.93572E5	6.3834E5	5.92425E5	5.28373E5	4.30508E5	3.41005E5	3.94524E5	2.39024E5	1.36785E5	9.84221E4	6.46854E4	4.60623E4
470	2.59592E6	1.42437E6	1.336E6	1.14703E6	9.43786E5	8.19398E5	7.56422E5	7.24262E5	7.14093E5	7.08061E5	6.7857E5	6.39577E5	5.86876E5	5.30599E5	4.33009E5	3.40749E5	3.48365E5	2.79987E5	1.40856E5	1.02221E5	6.86919E4	4.69804E4
472	4.5359E6	1.44574E6	1.32243E6	1.13485E6	9.40406E5	8.18094E5	7.40752E5	7.23173E5	7.02993E5	6.98142E5	6.74073E5	6.323E5	5.86974E5	5.28949E5	4.32975E5	3.42912E5	3.11723E5	3.27905E5	1.46289E5	1.07195E5	7.18073E4	4.75359E4
474	7.7661E6	1.41779E6	1.29281E6	1.13875E6	9.33568E5	8.08422E5	7.40538E5	7.14065E5	7.00088E5	6.88227E5	6.68929E5	6.28944E5	5.80855E5	5.28992E5	4.34877E5	3.46206E5	2.93875E5	3.64185E5	1.51342E5	1.11647E5	7.74084E4	4.94486E4
476	1.23541E7	1.40865E6	1.29439E6	1.11688E6	9.2521E5	8.00243E5	7.34245E5	7.0141E5	6.89903E5	6.75992E5	6.58564E5	6.15712E5	5.77023E5	5.24354E5	4.30565E5	3.506E5	2.80801E5	3.90259E5	1.58735E5	1.13009E5	7.97424E4	5.13844E4
478	1.84971E7	1.40383E6	1.27815E6	1.11489E6	9.17259E5	7.95177E5	7.19896E5	6.89933E5	6.75018E5	6.58742E5	6.47119E5	6.07978E5	5.66152E5	5.21453E5	4.29568E5	3.47625E5	2.8023E5	3.88744E5	1.70177E5	1.1598E5	8.15016E4	5.44038E4
480	2.39738E7	1.37852E6	1.25125E6	1.09899E6	9.08785E5	7.81141E5	7.08487E5	6.75393E5	6.63552E5	6.58876E5	6.38199E5	5.99473E5	5.55259E5	5.16806E5	4.29399E5	3.47281E5	2.78635E5	3.62915E5	1.87638E5	1.20434E5	8.57959E4	5.8214E4
482	2.67952E7	1.36739E6	1.2426E6	1.08236E6	9.09895E5	7.77591E5	7.02466E5	6.66945E5	6.5238E5	6.43111E5	6.24113E5	5.93091E5	5.51052E5	5.1044E5	4.2554E5	3.45406E5	2.8124E5	3.2775E5	2.13733E5	1.22515E5	8.97287E4	6.18169E4
484	2.57954E7	1.33675E6	1.22547E6	1.0806E6	9.01433E5	7.67586E5	6.86369E5	6.55359E5	6.38557E5	6.27283E5	6.16816E5	5.81494E5	5.47328E5	5.05569E5	4.24681E5	3.48219E5	2.79395E5	2.86693E5	2.51884E5	1.26593E5	9.31384E4	6.53583E4
486	2.19168E7	1.36283E6	1.2187E6	1.07322E6	8.86942E5	7.54741E5	6.86242E5	6.44355E5	6.25155E5	6.16281E5	6.02653E5	5.71522E5	5.4063E5	5.02882E5	4.20599E5	3.47358E5	2.81073E5	2.54737E5	2.89768E5	1.307E5	9.65863E4	6.85944E4
488	1.59211E7	1.75904E6	1.19837E6	1.05427E6	8.70637E5	7.4717E5	6.78994E5	6.35121E5	6.17254E5	6.10576E5	5.95134E5	5.65425E5	5.32726E5	4.99564E5	4.17703E5	3.44931E5	2.79275E5	2.37177E5	3.16585E5	1.35741E5	9.77088E4	7.11153E4
490	9.86742E6	3.13221E6	1.19045E6	1.04534E6	8.63045E5	7.39999E5	6.58941E5	6.22996E5	6.12776E5	5.96223E5	5.78479E5	5.55374E5	5.22829E5	4.89388E5	4.15078E5	3.44525E5	2.81003E5	2.29762E5	3.33483E5	1.43554E5	9.92041E4	7.29544E4
492	4.80941E6	6.05709E6	1.16967E6	1.02504E6	8.53842E5	7.29392E5	6.53169E5	6.13926E5	5.9377E5	5.83188E5	5.72693E5	5.47663E5	5.17696E5	4.85536E5	4.07336E5	3.39419E5	2.78729E5	2.29342E5	3.23896E5	1.54959E5	1.02503E5	7.41065E4
494	2.28846E6	1.07292E7	1.13646E6	1.01993E6	8.46136E5	7.21544E5	6.39833E5	6.04222E5	5.84354E5	5.71849E5	5.60914E5	5.33448E5	5.05266E5	4.78053E5	4.04975E5	3.39095E5	2.74808E5	2.28405E5	3.03364E5	1.71214E5	1.04057E5	7.74181E4
496	1.53856E6	1.7193E7	1.14405E6	1.00333E6	8.30953E5	7.09119E5	6.329E5	5.87556E5	5.71106E5	5.6251E5	5.47261E5	5.25342E5	4.98342E5	4.68367E5	4.03075E5	3.36974E5	2.77198E5	2.26312E5	2.68758E5	1.9297E5	1.06243E5	8.01305E4
498	1.3903E6	2.41456E7	1.14316E6	9.88962E5	8.22984E5	7.07749E5	6.25451E5	5.82385E5	5.56823E5	5.46005E5	5.40505E5	5.17761E5	4.9013E5	4.63308E5	3.96572E5	3.3525E5	2.76422E5	2.26509E5	2.36642E5	2.21803E5	1.08559E5	8.01847E4
500	1.3267E6	2.99863E7	1.12911E6	9.72803E5	8.16179E5	6.98832E5	6.1141E5	5.7383E5	5.4985E5	5.40175E5	5.31283E5	5.0846E5	4.83495E5	4.54073E5	3.94559E5	3.29683E5	2.74128E5	2.26438E5	2.11698E5	2.51127E5	1.11E5	8.29121E4
502	1.25074E6	3.23536E7	1.10339E6	9.53198E5	8.01934E5	6.83612E5	6.05963E5	5.6787E5	5.48378E5	5.32787E5	5.20768E5	4.9606E5	4.75183E5	4.51103E5	3.9011E5	3.27009E5	2.75461E5	2.26929E5	1.99189E5	2.70064E5	1.14248E5	8.44676E4
504	1.25685E6	3.08944E7	1.10295E6	9.62618E5	7.93155E5	6.7594E5	5.97917E5	5.51228E5	5.29427E5	5.19248E5	5.06544E5	4.85954E5	4.70877E5	4.4432E5	3.82447E5	3.24344E5	2.70775E5	2.26434E5	1.89823E5	2.81856E5	1.20881E5	8.57855E4
506	1.2474E6	2.5471E7	1.14259E6	9.36485E5	7.87729E5	6.64163E5	5.86082E5	5.4511E5	5.23681E5	5.13773E5	4.955E5	4.78377E5	4.59865E5	4.35067E5	3.7764E5	3.20208E5	2.67685E5	2.24119E5	1.88451E5	2.74356E5	1.30809E5	8.71323E4
508	1.22281E6	1.86154E7	1.64023E6	9.26528E5	7.73495E5	6.50826E5	5.78757E5	5.30534E5	5.12196E5	4.97508E5	4.90497E5	4.68633E5	4.53336E5	4.28396E5	3.73139E5	3.17868E5	2.66809E5	2.21471E5	1.87348E5	2.48263E5	1.46382E5	8.79006E4
510	1.25566E6	1.10763E7	3.45558E6	9.1311E5	7.54413E5	6.46405E5	5.70176E5	5.22806E5	4.99022E5	4.91944E5	4.7924E5	4.55279E5	4.44479E5	4.24163E5	3.6692E5	3.10937E5	2.62329E5	2.19743E5	1.84845E5	2.21881E5	1.63504E5	9.0176E4
512	1.35396E6	5.01445E6	7.4228E6	8.87091E5	7.52331E5	6.33219E5	5.5802E5	5.16376E5	4.8911E5	4.70325E5	4.6351E5	4.4755E5	4.26645E5	4.0797E5	3.5983E5	3.09725E5	2.60455E5	2.19132E5	1.82605E5	1.94003E5	1.88475E5	9.23598E4
514	1.47674E6	2.1725E6	1.33523E7	8.81838E5	7.44617E5	6.13843E5	5.43356E5	5.03828E5	4.77569E5	4.65523E5	4.56627E5	4.34739E5	4.21028E5	4.0562E5	3.55955E5	3.00338E5	2.58879E5	2.18071E5	1.82728E5	1.72632E5	2.11099E5	9.40802E4
516	1.82937E6	1.26832E6	2.06849E7	8.75756E5	7.29341E5	6.11619E5	5.37792E5	4.88706E5	4.73618E5	4.55199E5	4.46508E5	4.27374E5	4.10216E5	3.9747E5	3.44916E5	3.01871E5	2.55475E5	2.15244E5	1.80885E5	1.59801E5	2.25467E5	9.59684E4
518	2.1093E6	1.15168E6	2.8389E7	8.57231E5	7.14088E5	6.02559E5	5.26818E5	4.78885E5	4.62205E5	4.436E5	4.32311E5	4.18081E5	4.01904E5	3.8639E5	3.41158E5	2.93606E5	2.53229E5	2.14891E5	1.79345E5	1.54444E5	2.2938E5	1.00589E5
520	2.49504E6	1.08962E6	3.4355E7	8.40069E5	6.96497E5	5.96288E5	5.19175E5	4.71624E5	4.45371E5	4.32934E5	4.28029E5	4.10162E5	3.92153E5	3.83047E5	3.34785E5	2.89228E5	2.50505E5	2.09148E5	1.76742E5	1.52079E5	2.20454E5	1.07923E5
522	2.80822E6	1.06892E6	3.6197E7	8.37444E5	6.87888E5	5.85627E5	5.06608E5	4.65784E5	4.41473E5	4.26906E5	4.15734E5	4.04714E5	3.86622E5	3.73241E5	3.28284E5	2.86359E5	2.4265E5	2.08476E5	1.77737E5	1.48507E5	2.0555E5	1.20666E5
524	3.00225E6	1.05502E6	3.3217E7	8.37112E5	6.74378E5	5.65505E5	4.99297E5	4.5364E5	4.29665E5	4.17661E5	4.06116E5	3.90884E5	3.77025E5	3.67984E5	3.23294E5	2.78779E5	2.38287E5	2.06211E5	1.74048E5	1.49794E5	1.79298E5	1.35543E5
526	2.96673E6	9.89145E5	2.73008E7	8.98113E5	6.70483E5	5.59364E5	4.87605E5	4.47144E5	4.22415E5	4.09511E5	3.95572E5	3.81364E5	3.71917E5	3.61186E5	3.1461E5	2.71048E5	2.36272E5	2.02923E5	1.71645E5	1.46733E5	1.58832E5	1.50496E5
528	2.83079E6	9.66225E5	1.94099E7	1.50518E6	6.5614E5	5.53744E5	4.80125E5	4.36061E5	4.10979E5	3.96615E5	3.85958E5	3.74351E5	3.64214E5	3.50075E5	3.06836E5	2.69184E5	2.31567E5	1.99433E5	1.7023E5	1.4661E5	1.40805E5	1.68701E5
530	2.49474E6	9.68729E5	1.11379E7	3.70822E6	6.48404E5	5.41562E5	4.70728E5	4.23757E5	4.03208E5	3.89748E5	3.78565E5	3.66263E5	3.53313E5	3.40564E5	3.0017E5	2.62234E5	2.25716E5	1.95739E5	1.67837E5	1.44285E5	1.26931E5	1.82263E5
532	2.12184E6	9.86429E5	4.96668E6	8.53448E6	6.37615E5	5.31282E5	4.63537E5	4.11527E5	3.9192E5	3.79667E5	3.6796E5	3.54537E5	3.42562E5	3.33013E5	2.92255E5	2.57906E5	2.26758E5	1.94139E5	1.65865E5	1.42297E5	1.19774E5	1.86058E5
534	1.67367E6	1.03585E6	1.84386E6	1.57588E7	6.30638E5	5.15397E5	4.51915E5	4.10455E5	3.84399E5	3.7098E5	3.56455E5	3.4471E5	3.36226E5	3.28551E5	2.9115E5	2.54271E5	2.1906E5	1.88919E5	1.63891E5	1.41426E5	1.18865E5	1.8286E5
536	1.31922E6	1.20309E6	1.02689E6	2.44172E7	6.08658E5	5.15299E5	4.4475E5	3.98509E5	3.70373E5	3.57401E5	3.50202E5	3.39522E5	3.27631E5	3.16814E5	2.81198E5	2.46343E5	2.18106E5	1.88467E5	1.61666E5	1.36061E5	1.17177E5	1.66768E5
538	1.01506E6	1.46751E6	9.22921E5	3.25115E7	6.12274E5	5.03026E5	4.34013E5	3.89458E5	3.60814E5	3.54041E5	3.37252E5	3.25619E5	3.1779E5	3.08322E5	2.75742E5	2.39016E5	2.10193E5	1.83021E5	1.57939E5	1.34886E5	1.14279E5	1.46452E5
540	9.46271E5	1.78424E6	8.64137E5	3.82153E7	6.01135E5	4.87613E5	4.19128E5	3.81905E5	3.54072E5	3.42614E5	3.3088E5	3.18895E5	3.11745E5	3.01719E5	2.66357E5	2.35393E5	2.05968E5	1.80484E5	1.56029E5	1.33015E5	1.11808E5	1.27065E5
542	8.36255E5	2.16162E6	8.13536E5	3.91329E7	6.0446E5	4.83227E5	4.15697E5	3.6836E5	3.43571E5	3.34282E5	3.22652E5	3.09592E5	3.00172E5	2.95991E5	2.62494E5	2.28943E5	2.0269E5	1.79727E5	1.50912E5	1.2987E5	1.12145E5	1.09178E5
544	7.9877E5	2.55052E6	8.0431E5	3.534E7	6.05912E5	4.74586E5	4.06537E5	3.62001E5	3.36858E5	3.27797E5	3.12983E5	2.99842E5	2.94556E5	2.82343E5	2.5524E5	2.22221E5	1.97841E5	1.73152E5	1.50114E5	1.29794E5	1.09856E5	9.88031E4
546	7.49997E5	2.8539E6	7.74473E5	2.82509E7	6.94519E5	4.62331E5	3.9444E5	3.5195E5	3.32566E5	3.13143E5	3.07988E5	2.93067E5	2.85512E5	2.80509E5	2.45956E5	2.17631E5	1.93418E5	1.67888E5	1.45644E5	1.27075E5	1.05943E5	9.32298E4
548	7.70257E5	2.96465E6	7.49828E5	1.94816E7	1.50708E6	4.56395E5	3.92474E5	3.46076E5	3.25286E5	3.08039E5	2.98035E5	2.86084E5	2.76161E5	2.71404E5	2.44465E5	2.12689E5	1.89193E5	1.63217E5	1.42981E5	1.26647E5	1.05547E5	8.93183E4
550	7.43359E5	2.91621E6	7.175E5	1.09561E7	4.15536E6	4.48042E5	3.81139E5	3.37118E5	3.11993E5	3.00501E5	2.85054E5	2.78426E5	2.70417E5	2.63302E5	2.37291E5	2.06725E5	1.83876E5	1.61108E5	1.41506E5	1.23046E5	1.02844E5	8.93186E4
552	7.20433E5	2.66973E6	7.07547E5	4.65863E6	9.58383E6	4.4596E5	3.75406E5	3.30263E5	3.03551E5	2.91038E5	2.8297E5	2.69121E5	2.64154E5	2.55179E5	2.31169E5	2.03873E5	1.80051E5	1.59921E5	1.36562E5	1.20322E5	1.00267E5	8.79379E4
554	7.25678E5	2.27469E6	7.08922E5	1.62064E6	1.749E7	4.38559E5	3.59815E5	3.22642E5	2.9916E5	2.83711E5	2.74406E5	2.6756E5	2.52396E5	2.49218E5	2.2291E5	1.95751E5	1.7415E5	1.55767E5	1.33498E5	1.17583E5	9.88675E4	8.53468E4
556	7.08962E5	1.89724E6	7.35399E5	8.07365E5	2.61721E7	4.28762E5	3.54437E5	3.15671E5	2.89287E5	2.8082E5	2.6621E5	2.57782E5	2.48146E5	2.41853E5	2.21193E5	1.94671E5	1.71915E5	1.51004E5	1.3173E5	1.14322E5	9.64772E4	8.30076E4
558	6.70152E5	1.43429E6	8.54665E5	7.02569E5	3.46702E7	4.23295E5	3.52563E5	3.12148E5	2.85404E5	2.72315E5	2.62492E5	2.52263E5	2.39836E5	2.35908E5	2.10421E5	1.87334E5	1.66704E5	1.47104E5	1.2877E5	1.13713E5	9.68765E4	8.19328E4
560	6.70685E5	1.07866E6	1.02608E6	6.73696E5	4.00335E7	4.15284E5	3.39844E5	3.04202E5	2.75574E5	2.61099E5	2.5249E5	2.40888E5	2.35637E5	2.3019E5	2.06687E5	1.81927E5	1.61057E5	1.41524E5	1.25678E5	1.10958E5	9.36287E4	8.01862E4
562	6.59622E5	8.38783E5	1.32027E6	6.26214E5	4.10394E7	4.27406E5	3.30686E5	2.9532E5	2.69039E5	2.61252E5	2.45532E5	2.36398E5	2.31173E5	2.23259E5	1.9967E5	1.75882E5	1.60425E5	1.40186E5	1.22793E5	1.08149E5	9.31088E4	7.72398E4
564	6.26897E5	6.83218E5	1.68124E6	6.14042E5	3.69639E7	4.31867E5	3.25182E5	2.86949E5	2.59643E5	2.49418E5	2.37111E5	2.25939E5	2.21844E5	2.14826E5	1.93378E5	1.71481E5	1.55098E5	1.36577E5	1.20287E5	1.05217E5	9.15883E4	7.75404E4
566	6.0424E5	6.27459E5	2.03138E6	5.86773E5	2.94907E7	5.33491E5	3.25329E5	2.76941E5	2.57477E5	2.37248E5	2.3283E5	2.21306E5	2.15696E5	2.07672E5	1.88169E5	1.68066E5	1.49294E5	1.36113E5	1.18679E5	1.03275E5	8.81393E4	7.52378E4
568	6.35389E5	5.91221E5	2.37529E6	5.74924E5	2.00165E7	1.46003E6	3.14995E5	2.74437E5	2.53479E5	2.37159E5	2.25951E5	2.14503E5	2.12839E5	2.05564E5	1.84454E5	1.62219E5	1.44637E5	1.29387E5	1.13341E5	1.01861E5	8.66885E4	7.45624E4
570	6.22366E5	5.63213E5	2.63254E6	5.58949E5	1.09524E7	4.54186E6	3.15512E5	2.66961E5	2.48453E5	2.29703E5	2.2078E5	2.10544E5	2.05013E5	1.9946E5	1.79628E5	1.56848E5	1.43476E5	1.26256E5	1.12116E5	9.79982E4	8.32356E4	7.24723E4
572	5.92868E5	5.38718E5	2.73428E6	5.484E5	4.49214E6	1.04411E7	3.09368E5	2.64957E5	2.39285E5	2.24617E5	2.11494E5	2.06388E5	1.98887E5	1.91941E5	1.73051E5	1.5462E5	1.39258E5	1.23617E5	1.09354E5	9.54108E4	8.19341E4	7.03652E4
574	5.85903E5	5.21523E5	2.58075E6	5.25462E5	1.40777E6	1.86403E7	3.01129E5	2.55436E5	2.28948E5	2.19393E5	2.03751E5	1.94968E5	1.93488E5	1.88319E5	1.70878E5	1.49514E5	1.3573E5	1.19047E5	1.06451E5	9.25978E4	8.21E4	6.84305E4
576	5.82916E5	5.18236E5	2.31336E6	5.22972E5	6.50194E5	2.75757E7	3.02046E5	2.47355E5	2.24022E5	2.08855E5	2.00716E5	1.94675E5	1.87749E5	1.80576E5	1.62578E5	1.47007E5	1.30804E5	1.15939E5	1.01476E5	9.22658E4	7.85138E4	6.73624E4
578	5.76814E5	5.10031E5	1.97348E6	5.30623E5	5.56285E5	3.5523E7	2.98457E5	2.43573E5	2.20666E5	2.06369E5	1.93701E5	1.86802E5	1.79974E5	1.74606E5	1.61132E5	1.44244E5	1.26367E5	1.13213E5	9.97759E4	8.83153E4	7.74462E4	6.55627E4
580	6.03481E5	4.97877E5	1.54914E6	5.84624E5	5.19382E5	4.07075E7	2.92003E5	2.40539E5	2.16865E5	2.05194E5	1.89708E5	1.81302E5	1.73088E5	1.72506E5	1.53639E5	1.36883E5	1.21321E5	1.0789E5	9.73693E4	8.68038E4	7.6077E4	6.49082E4
582	5.64461E5	4.68948E5	1.17402E6	6.90211E5	4.89656E5	4.11943E7	2.99707E5	2.33961E5	2.07702E5	1.93459E5	1.83052E5	1.76636E5	1.70071E5	1.65038E5	1.49543E5	1.30525E5	1.17728E5	1.07171E5	9.45549E4	8.47137E4	7.21027E4	6.13834E4
584	5.49182E5	4.77411E5	8.62427E5	8.8827E5	4.75296E5	3.66002E7	3.19473E5	2.30322E5	2.07105E5	1.8904E5	1.81622E5	1.70076E5	1.6261E5	1.57734E5	1.46072E5	1.29797E5	1.15238E5	1.03287E5	9.31872E4	8.29969E4	7.1382E4	6.19696E4
586	5.21052E5	4.77726E5	6.56713E5	1.13083E6	4.67029E5	2.87407E7	4.04269E5	2.30478E5	2.00027E5	1.84466E5	1.74687E5	1.65853E5	1.59009E5	1.54849E5	1.39897E5	1.25156E5	1.14426E5	1.01383E5	8.98704E4	8.07018E4	6.98988E4	5.84157E4
588	5.00025E5	4.64381E5	5.41605E5	1.46828E6	4.49917E5	1.90061E7	1.33521E6	2.2332E5	1.901E5	1.79553E5	1.70141E5	1.59326E5	1.53809E5	1.50699E5	1.34523E5	1.21757E5	1.08557E5	9.86491E4	8.78799E4	7.79724E4	6.79002E4	5.72903E4
590	5.23149E5	4.25298E5	4.76369E5	1.83741E6	4.50915E5	9.90882E6	4.58961E6	2.26091E5	1.90949E5	1.71237E5	1.6598E5	1.54084E5	1.50104E5	1.46917E5	1.31521E5	1.17377E5	1.06296E5	9.48655E4	8.62892E4	7.52841E4	6.35706E4	5.67558E4
592	5.15823E5	4.53832E5	4.60962E5	2.12976E6	4.37295E5	3.73317E6	1.10201E7	2.18077E5	1.83171E5	1.74026E5	1.59717E5	1.5035E5	1.47327E5	1.4024E5	1.27289E5	1.14416E5	1.01922E5	9.23799E4	8.21742E4	7.43983E4	6.46135E4	5.47985E4
594	5.10988E5	4.32018E5	4.47446E5	2.33797E6	4.33369E5	1.06721E6	1.95934E7	2.16921E5	1.78878E5	1.62704E5	1.55487E5	1.42075E5	1.41168E5	1.37435E5	1.23484E5	1.11292E5	9.85486E4	9.09405E4	7.90067E4	7.2447E4	6.13485E4	5.34031E4
596	4.93619E5	4.18634E5	4.23268E5	2.37988E6	4.37394E5	4.93011E5	2.89342E7	2.15246E5	1.75229E5	1.58801E5	1.49752E5	1.38357E5	1.37361E5	1.33159E5	1.17556E5	1.06671E5	9.7624E4	8.64236E4	7.66138E4	6.99481E4	5.92558E4	5.14668E4
598	5.15233E5	4.35941E5	4.31152E5	2.27771E6	4.23621E5	4.23835E5	3.69044E7	2.14081E5	1.73312E5	1.58351E5	1.47371E5	1.37781E5	1.34266E5	1.29335E5	1.14826E5	1.04474E5	9.36668E4	8.34975E4	7.56016E4	6.66308E4	5.7959E4	5.06353E4
600	4.97012E5	4.15661E5	4.21923E5	2.05657E6	4.29431E5	3.97063E5	4.14555E7	2.15973E5	1.68654E5	1.48233E5	1.43768E5	1.33043E5	1.2672E5	1.24001E5	1.11724E5	1.00113E5	9.16741E4	8.23998E4	7.1934E4	6.53635E4	5.81208E4	4.93008E4
