300	3.47262E5	2.22138E5	2.3287E5	2.63044E6	4.10895E5	4.6135E5	5.75745E7	2.58013E5	3.87403E4	2.45534E4	1.61672E4	1.24057E4	9781.01229	9186.57723	7252.26207	6010.84833	5380.43446	4879.12964	4969.51187	4146.43992	3639.39323	3349.28434
302	3.7516E5	2.33257E5	2.38999E5	1.7436E6	7.3359E5	2.8251E5	5.08378E7	3.06359E6	4.35837E4	2.47972E4	1.65097E4	1.18855E4	1.06128E4	9547.24896	7721.26337	6535.07895	5695.73668	4275.26715	4479.63435	4373.07815	3910.91476	3374.43684
304	3.742E5	2.41085E5	2.41235E5	1.01057E6	1.30318E6	2.62302E5	3.37313E7	1.31839E7	5.19523E4	2.46497E4	1.84382E4	1.22716E4	1.04462E4	9650.12179	7728.11767	6708.82837	5975.06445	4574.73772	4021.49987	3922.33714	4385.48559	3336.38039
306	3.87675E5	2.50524E5	2.53022E5	5.60649E5	2.04924E6	2.56197E5	1.49557E7	3.10065E7	6.19623E4	2.9175E4	1.95812E4	1.33538E4	1.07521E4	8244.69931	7977.76684	6059.82736	5726.87268	4905.16746	4712.248	4065.22303	3905.00652	3506.11613
308	3.87844E5	2.63219E5	2.54826E5	3.8284E5	2.69925E6	2.5119E5	3.61631E6	4.79258E7	9.3205E4	3.09555E4	1.87874E4	1.34747E4	1.05541E4	9110.01151	7954.53951	6085.72279	5514.05555	5311.94285	4247.07654	4229.74777	3688.24666	3267.022
310	4.01778E5	2.57173E5	2.65928E5	3.35199E5	2.86039E6	2.73327E5	4.45807E5	5.45526E7	2.51346E5	3.23907E4	2.01277E4	1.36568E4	1.06833E4	9134.82257	7568.66763	6195.04803	5726.82204	4410.76363	4441.01902	4374.72371	3851.93412	3479.27488
312	3.89943E5	2.79225E5	2.80066E5	3.37659E5	2.43595E6	3.52231E5	2.33288E5	4.88618E7	2.92484E6	3.71163E4	2.13698E4	1.40523E4	1.08253E4	8842.76456	7340.026	6060.43429	5334.27671	5413.40027	4473.46455	4167.37355	3549.5319	2924.35348
314	4.13725E5	2.71605E5	2.86656E5	3.34621E5	1.67619E6	6.22301E5	1.96178E5	3.21989E7	1.32839E7	4.67441E4	2.1738E4	1.51525E4	1.09822E4	9535.25285	7745.96773	6665.90292	5261.87379	4559.9782	4264.69025	4144.23691	3653.73439	3282.82304
316	4.12783E5	2.91166E5	3.02486E5	3.37694E5	1.00779E6	1.10004E6	1.87951E5	1.37643E7	2.96391E7	5.73775E4	2.35504E4	1.6617E4	1.13713E4	9538.45932	7538.89261	6486.55082	5314.65629	4780.29331	4204.42744	4145.45909	3861.28986	3432.41803
318	4.08852E5	2.95889E5	2.97601E5	3.52902E5	6.13282E5	1.75512E6	1.84021E5	3.19212E6	4.27076E7	8.5026E4	2.66017E4	1.70148E4	1.23555E4	9381.04726	8209.52868	6353.65655	5204.8974	4731.70526	4237.64766	3947.7704	3192.84304	3409.45033
320	4.67566E5	3.22914E5	3.1244E5	3.52742E5	4.55456E5	2.27795E6	1.88089E5	3.62896E5	4.69212E7	2.37374E5	3.03354E4	1.69311E4	1.22699E4	1.01219E4	7825.7484	6436.18696	5463.18841	4844.08114	4288.27438	3890.46026	4021.3409	3337.91268
322	4.77747E5	3.04513E5	3.28076E5	3.5608E5	4.10585E5	2.38546E6	2.01016E5	1.95888E5	4.09004E7	2.69927E6	3.21587E4	1.7653E4	1.24253E4	9845.6773	7478.57109	6485.29172	4933.66894	4824.88839	4405.48386	3811.3648	3747.74104	3181.78219
324	4.489E5	3.22347E5	3.24668E5	3.67184E5	4.06354E5	2.04847E6	2.72132E5	1.677E5	2.68896E7	1.14938E7	3.95102E4	1.84271E4	1.41833E4	9952.43443	8460.68612	5882.84409	5298.68236	4418.25711	3791.05789	3772.9754	3643.51622	3203.98746
326	4.65691E5	3.27476E5	3.45495E5	3.74353E5	4.06659E5	1.47456E6	4.67705E5	1.55087E5	1.15728E7	2.52145E7	5.00152E4	2.07397E4	1.41763E4	1.01758E4	7972.06533	6274.89312	5139.98533	3942.25695	4267.74908	3916.17351	3146.74969	3104.92594
328	4.75683E5	3.41977E5	3.41231E5	3.79734E5	4.0788E5	9.54274E5	8.43978E5	1.56264E5	2.83076E6	3.57723E7	7.43914E4	2.32716E4	1.40142E4	1.04766E4	8017.52204	6221.65473	5212.41559	4666.73857	4133.20543	3908.57497	3443.11863	2983.57584
330	5.52143E5	3.56934E5	3.52597E5	3.95327E5	4.17941E5	5.82169E5	1.36535E6	1.61998E5	3.26132E5	3.94776E7	2.18723E5	2.52145E4	1.52256E4	1.04837E4	8654.23068	6938.90231	5297.29693	4454.43491	3930.69184	3854.53935	3156.49512	3023.36295
332	5.65245E5	3.65455E5	3.73264E5	4.03525E5	4.22121E5	4.39928E5	1.80672E6	1.61842E5	1.75022E5	3.54088E7	2.38391E6	2.83819E4	1.61223E4	1.22979E4	8221.73852	6344.9548	5209.49746	4542.46721	4079.39638	3591.55798	3566.9278	3170.17067
334	5.98398E5	3.89526E5	3.85398E5	4.07979E5	4.24048E5	3.96397E5	1.98984E6	1.81626E5	1.51658E5	2.48501E7	9.88839E6	3.35598E4	1.65701E4	1.20857E4	8399.47539	6510.49427	5139.34796	4282.92852	3833.08027	3706.34382	3376.36572	2669.16498
336	6.48842E5	4.06236E5	3.80198E5	4.08715E5	4.34334E5	3.90545E5	1.80802E6	2.30681E5	1.4537E5	1.13518E7	2.153E7	4.34741E4	1.68924E4	1.20823E4	8874.23412	6528.39084	5164.55685	4076.29229	3582.94345	3528.02299	3082.4163	2896.63081
338	6.34288E5	4.26562E5	3.85821E5	4.26548E5	4.43189E5	4.02548E5	1.38431E6	3.63953E5	1.47761E5	2.96806E6	3.00491E7	6.04307E4	1.8613E4	1.33626E4	9063.64159	6095.64972	4900.89349	4436.73612	3836.19582	3210.33106	3179.08043	2981.95222
340	6.41021E5	4.40545E5	3.99889E5	4.21058E5	4.49589E5	4.15087E5	9.17435E5	6.40424E5	1.51777E5	3.33523E5	3.28871E7	1.5419E5	2.13824E4	1.27456E4	9261.30895	6760.76863	5229.60162	4767.63515	3811.94172	3763.44965	2978.78927	2552.51877
342	6.50449E5	4.5615E5	4.03466E5	4.22708E5	4.49722E5	4.12978E5	5.92203E5	1.01178E6	1.56062E5	1.63089E5	2.964E7	1.73688E6	2.38747E4	1.40454E4	9840.21839	6206.01822	4844.84381	4103.86714	3545.97291	3766.14739	2971.94597	2706.24915
344	6.9679E5	4.65797E5	4.1904E5	4.36432E5	4.57762E5	4.18959E5	4.17093E5	1.42446E6	1.65547E5	1.43383E5	2.0551E7	8.38967E6	2.88935E4	1.44131E4	1.02837E4	6710.29947	4944.20876	4198.37441	3739.75515	3450.02291	3065.38865	2420.46606
346	7.10005E5	4.81806E5	4.26665E5	4.36648E5	4.61112E5	4.30463E5	3.7057E5	1.63592E6	1.83293E5	1.40275E5	9.60722E6	1.81644E7	3.65603E4	1.57473E4	1.00854E4	7009.1053	5198.18487	4027.67872	3771.72369	3158.65716	2805.33979	2839.12598
348	7.28735E5	5.05604E5	4.34986E5	4.46781E5	4.6888E5	4.39546E5	3.67308E5	1.55943E6	2.25282E5	1.45513E5	2.30904E6	2.55368E7	5.30462E4	1.63446E4	1.04617E4	7069.11312	5212.09469	4266.55728	4000.00041	3256.25347	3015.86955	2814.76816
350	7.44465E5	5.18679E5	4.49459E5	4.47127E5	4.74053E5	4.44394E5	3.74568E5	1.26091E6	3.16645E5	1.52884E5	2.90256E5	2.74976E7	1.17778E5	1.89668E4	9921.45694	7721.8766	4998.46637	4006.8142	3547.26227	3037.81176	2826.02819	2427.47323
352	7.99351E5	5.42409E5	4.59627E5	4.483E5	4.72988E5	4.57969E5	3.90481E5	8.8891E5	5.17059E5	1.62899E5	1.48539E5	2.4638E7	1.53033E6	2.0862E4	1.09198E4	7946.07584	5376.20542	4320.06714	3776.0445	3099.25583	2919.59687	2502.46316
354	7.84127E5	5.4561E5	4.81153E5	4.55335E5	4.75292E5	4.68633E5	4.00933E5	5.97696E5	7.97035E5	1.74571E5	1.34826E5	1.76304E7	6.67304E6	2.49544E4	1.22233E4	8413.58149	5443.16915	3974.46935	3664.32909	3416.46258	2723.87417	2446.31794
356	8.12413E5	5.82124E5	4.79809E5	4.69457E5	4.80834E5	4.7652E5	4.145E5	4.47115E5	1.10765E6	1.86564E5	1.34171E5	8.2657E6	1.51243E7	3.15686E4	1.24875E4	8183.59267	5484.48353	4597.37965	3541.94798	3267.61475	2876.3146	2689.21397
358	8.33044E5	6.00468E5	5.03363E5	4.82371E5	4.89576E5	4.8924E5	4.31485E5	3.96176E5	1.31387E6	2.0563E5	1.42531E5	2.15958E6	2.1608E7	4.74777E4	1.36511E4	8369.66521	6098.48326	4300.9856	3582.44449	3096.56445	2738.1066	2267.09457
360	8.6259E5	6.28941E5	5.23667E5	4.90363E5	4.94431E5	4.98182E5	4.4379E5	3.8712E5	1.33221E6	2.34038E5	1.5382E5	2.69086E5	2.39577E7	1.07257E5	1.53076E4	8356.52603	6449.39339	4373.18978	3518.98386	3432.63044	2581.95153	2047.62701
362	8.60541E5	6.61662E5	5.39857E5	5.03663E5	5.00719E5	5.05355E5	4.61131E5	4.00722E5	1.16501E6	2.92862E5	1.64887E5	1.40624E5	2.22173E7	1.26186E6	1.77332E4	8582.35935	6594.66706	4123.25702	3686.64219	3092.25384	2570.24139	2492.38424
364	8.87873E5	6.7935E5	5.6854E5	5.18208E5	5.1595E5	5.1994E5	4.81292E5	4.15689E5	8.87197E5	4.21429E5	1.78258E5	1.26645E5	1.65636E7	6.05234E6	2.0771E4	9498.43997	6621.88722	4455.44017	3602.29747	2874.23435	2533.25016	2550.73325
366	9.27697E5	7.33114E5	5.71592E5	5.25688E5	5.25235E5	5.30857E5	4.95329E5	4.35858E5	6.41918E5	6.29556E5	1.90375E5	1.26762E5	7.96758E6	1.41667E7	2.68832E4	1.04113E4	6509.83142	4834.06032	3502.8032	3088.92596	2761.00972	2212.03627
368	9.47319E5	7.51265E5	6.01458E5	5.43452E5	5.31689E5	5.38576E5	5.16373E5	4.56085E5	4.9417E5	8.82494E5	2.08862E5	1.33046E5	2.10089E6	2.00116E7	4.03094E4	1.19071E4	6481.597	5266.49263	3679.96178	3102.29035	2860.52533	2251.06076
370	9.60454E5	7.70096E5	6.33845E5	5.53331E5	5.55401E5	5.54397E5	5.28662E5	4.73623E5	4.44343E5	1.10085E6	2.24605E5	1.4329E5	2.37561E5	2.19131E7	9.65033E4	1.26563E4	6955.8227	5575.89032	3709.54573	3139.58545	2743.33132	2318.48663
372	1.02971E6	7.87222E5	6.37671E5	5.68871E5	5.61997E5	5.62507E5	5.46486E5	4.91111E5	4.35329E5	1.16746E6	2.50534E5	1.58635E5	1.23845E5	2.03017E7	1.1876E6	1.45597E4	7203.93481	5594.07975	3856.74204	3474.88463	2497.03067	2355.19232
374	1.02332E6	8.29105E5	6.77939E5	5.7874E5	5.66196E5	5.77624E5	5.62949E5	5.16084E5	4.457E5	1.07138E6	2.97847E5	1.66081E5	1.14355E5	1.433E7	5.6647E6	1.78587E4	8103.19767	5866.47	4188.52057	3212.27288	2949.48317	2393.06102
376	1.04998E6	8.46712E5	6.92698E5	5.91186E5	5.69407E5	5.80797E5	5.80408E5	5.35281E5	4.66566E5	8.84475E5	3.8756E5	1.80761E5	1.11501E5	6.70633E6	1.25395E7	2.32503E4	8614.83514	5715.6126	4350.66124	2928.56258	2588.97379	2311.64965
378	1.06185E6	8.87872E5	7.13758E5	6.07205E5	5.90729E5	5.98992E5	5.97314E5	5.53782E5	4.84806E5	6.84785E5	5.43031E5	1.95492E5	1.19875E5	1.56215E6	1.76029E7	3.54276E4	9078.21683	6133.74941	4758.87722	3281.88387	2886.07115	2320.75545
380	1.12887E6	9.28958E5	7.37726E5	6.33256E5	5.99178E5	6.18267E5	6.17045E5	5.7129E5	5.00951E5	5.50967E5	7.42612E5	2.10568E5	1.30309E5	1.9035E5	1.91506E7	8.53596E4	1.05E4	6261.78402	4896.50625	3564.34775	2479.32924	2136.13738
382	1.16982E6	9.58719E5	7.70667E5	6.56109E5	6.23396E5	6.29846E5	6.36375E5	6.00514E5	5.23712E5	4.94636E5	9.26068E5	2.26947E5	1.40512E5	1.16949E5	1.79292E7	1.00722E6	1.24738E4	6461.71374	4870.76952	3620.3198	2641.05396	2357.23457
384	1.17156E6	9.95622E5	8.06844E5	6.72817E5	6.42308E5	6.47131E5	6.59348E5	6.22326E5	5.458E5	4.80371E5	1.02776E6	2.5201E5	1.55518E5	1.04088E5	1.34217E7	4.70438E6	1.54081E4	7130.9058	5053.77488	3791.7925	2744.85741	2406.15063
386	1.20729E6	1.04189E6	8.35211E5	6.99722E5	6.55837E5	6.66701E5	6.75827E5	6.45785E5	5.7035E5	4.90285E5	1.01042E6	2.87829E5	1.65304E5	1.08117E5	6.4732E6	1.09813E7	2.08579E4	7546.27752	5089.63678	4274.63762	2878.13198	2385.08629
388	1.23843E6	1.04062E6	8.74398E5	7.21541E5	6.69999E5	6.84856E5	6.87465E5	6.64602E5	5.88215E5	5.04386E5	8.99091E5	3.47567E5	1.80426E5	1.12003E5	1.76069E6	1.57357E7	3.1714E4	8488.84366	5284.44128	4301.32916	3071.95839	2641.42267
390	1.27768E6	1.10502E6	8.92109E5	7.38449E5	6.86564E5	6.92648E5	7.10898E5	6.86344E5	6.0677E5	5.24193E5	7.38924E5	4.57421E5	1.96898E5	1.22075E5	2.12974E5	1.77011E7	7.13067E4	9697.3755	5416.21254	4648.72057	3042.28886	2609.84259
392	1.31141E6	1.13794E6	9.17108E5	7.55043E5	6.99915E5	7.11051E5	7.24686E5	7.07692E5	6.313E5	5.39487E5	6.03271E5	6.1648E5	2.13096E5	1.33839E5	1.0559E5	1.66174E7	9.98117E5	1.17424E4	5579.2931	4622.30621	3267.54266	2835.08339
394	1.3724E6	1.13762E6	9.48038E5	7.74077E5	7.15397E5	7.31065E5	7.44641E5	7.20963E5	6.51489E5	5.604E5	5.2681E5	7.69881E5	2.28918E5	1.46788E5	9.84034E4	1.27874E7	4.51018E6	1.51191E4	6472.48104	4427.2579	3712.02325	2735.72254
396	1.39826E6	1.19499E6	9.77297E5	7.99808E5	7.3961E5	7.48189E5	7.59449E5	7.40254E5	6.66508E5	5.7755E5	5.05375E5	9.00221E5	2.48952E5	1.62458E5	9.89277E4	6.4224E6	1.04308E7	1.9074E4	7621.48155	4845.62457	4082.2557	2860.89584
398	1.43635E6	1.21944E6	1.00058E6	8.24838E5	7.37997E5	7.60566E5	7.73648E5	7.49165E5	6.81846E5	5.95312E5	5.07853E5	9.35522E5	2.72557E5	1.73464E5	1.01464E5	1.77682E6	1.47194E7	2.91029E4	8084.13585	4815.21887	4081.77599	2805.24967
400	1.42064E6	1.28205E6	1.03556E6	8.41272E5	7.53752E5	7.71829E5	7.8588E5	7.74944E5	7.01769E5	6.1537E5	5.21071E5	8.65025E5	3.17685E5	1.87262E5	1.09181E5	2.12731E5	1.63017E7	6.08151E4	9337.92433	5311.21215	4178.83284	2979.52645
402	1.49215E6	1.28067E6	1.04969E6	8.60315E5	7.81856E5	7.85736E5	8.06315E5	7.85743E5	7.26319E5	6.31907E5	5.32438E5	7.45055E5	3.92803E5	2.01257E5	1.19099E5	9.78987E4	1.50725E7	7.81916E5	1.07771E4	5561.85948	4108.36655	3038.53365
404	1.50407E6	1.30115E6	1.0998E6	8.78201E5	7.89557E5	7.95809E5	8.10754E5	8.04608E5	7.39791E5	6.48388E5	5.5483E5	6.25674E5	5.06451E5	2.18076E5	1.29547E5	8.87246E4	1.09953E7	3.95181E6	1.28482E4	6004.10352	4256.77159	3364.94076
406	1.55164E6	1.33599E6	1.10605E6	9.01772E5	8.07188E5	8.08046E5	8.22971E5	8.11204E5	7.47793E5	6.65855E5	5.69777E5	5.46075E5	6.39197E5	2.35196E5	1.40339E5	8.56418E4	5.27609E6	9.3161E6	1.70915E4	6940.83032	4116.2952	3431.10477
408	1.55718E6	1.37273E6	1.14284E6	9.17813E5	8.15853E5	8.16907E5	8.36287E5	8.22312E5	7.64775E5	6.84403E5	5.88695E5	5.07035E5	7.72253E5	2.4927E5	1.50686E5	9.05749E4	1.32241E6	1.38148E7	2.64914E4	7623.46109	4411.91815	3867.99518
410	1.5794E6	1.36578E6	1.16843E6	9.33696E5	8.25477E5	8.25757E5	8.42006E5	8.36826E5	7.74679E5	6.94857E5	5.98942E5	5.02293E5	8.39849E5	2.70731E5	1.6358E5	9.4552E4	1.50264E5	1.54685E7	5.33031E4	8973.21246	4687.96703	3926.48602
412	1.61073E6	1.40188E6	1.18892E6	9.67643E5	8.42356E5	8.34696E5	8.52279E5	8.4669E5	7.87163E5	7.08207E5	6.19374E5	5.1086E5	8.30727E5	3.03176E5	1.75678E5	1.03942E5	8.55079E4	1.43143E7	6.31992E5	9959.51158	5098.46658	3540.48171
414	1.58809E6	1.44289E6	1.20332E6	9.65425E5	8.49037E5	8.39992E5	8.52149E5	8.45612E5	8.02919E5	7.20073E5	6.29494E5	5.25471E5	7.58722E5	3.53622E5	1.8653E5	1.12385E5	7.6424E4	1.05678E7	3.25417E6	1.1955E4	5346.88123	3565.67754
416	1.63813E6	1.4448E6	1.23781E6	9.94277E5	8.68313E5	8.50684E5	8.61692E5	8.54692E5	8.06736E5	7.30897E5	6.43962E5	5.39058E5	6.57532E5	4.3694E5	2.00838E5	1.20124E5	7.58275E4	5.05877E6	8.2991E6	1.60649E4	5895.6797	3616.28011
418	1.62243E6	1.47225E6	1.23952E6	1.00936E6	8.88237E5	8.56966E5	8.61746E5	8.63318E5	8.16226E5	7.44004E5	6.61396E5	5.50429E5	5.69058E5	5.42053E5	2.1416E5	1.32352E5	7.79704E4	1.30069E6	1.2763E7	2.51694E4	6452.04871	4004.59847
420	1.67041E6	1.49556E6	1.24862E6	1.02308E6	8.86475E5	8.61954E5	8.68836E5	8.70988E5	8.21899E5	7.5218E5	6.69819E5	5.70747E5	5.14734E5	6.57581E5	2.28575E5	1.41672E5	8.33615E4	1.49505E5	1.4666E7	5.1238E4	7325.27491	4194.50012
422	1.67682E6	1.51177E6	1.27379E6	1.03529E6	8.97253E5	8.65086E5	8.73372E5	8.72158E5	8.28719E5	7.63964E5	6.82609E5	5.80362E5	4.96471E5	7.49434E5	2.43711E5	1.50222E5	8.96084E4	7.55098E4	1.36345E7	7.03472E5	8831.81527	4751.37438
424	1.68165E6	1.511E6	1.29443E6	1.05724E6	9.0244E5	8.73783E5	8.78135E5	8.74846E5	8.29365E5	7.70838E5	6.93149E5	5.87681E5	4.95367E5	7.75001E5	2.63575E5	1.59537E5	9.63208E4	6.68821E4	9.99838E6	3.4423E6	1.05804E4	4582.24959
426	1.66059E6	1.51901E6	1.32121E6	1.05884E6	9.20489E5	8.75487E5	8.7502E5	8.73691E5	8.35238E5	7.75137E5	7.05747E5	6.02099E5	5.06847E5	7.3428E5	2.96567E5	1.71029E5	1.05019E5	6.66725E4	4.55361E6	8.61078E6	1.39206E4	5062.08387
428	1.66622E6	1.55364E6	1.33278E6	1.08902E6	9.24384E5	8.80398E5	8.79003E5	8.80784E5	8.4024E5	7.85013E5	7.12046E5	6.16449E5	5.16466E5	6.46114E5	3.55135E5	1.82089E5	1.12546E5	6.87557E4	1.11042E6	1.28182E7	2.24829E4	5742.11924
430	1.69195E6	1.54585E6	1.34477E6	1.10185E6	9.37934E5	8.77212E5	8.79678E5	8.72755E5	8.36182E5	7.83177E5	7.19431E5	6.23559E5	5.25244E5	5.65023E5	4.32629E5	1.91415E5	1.21509E5	7.15789E4	1.21829E5	1.43568E7	5.00201E4	6264.14173
432	1.71512E6	1.54919E6	1.34191E6	1.10216E6	9.44627E5	8.76879E5	8.71806E5	8.70352E5	8.4313E5	7.96973E5	7.26692E5	6.35737E5	5.37355E5	5.03018E5	5.24318E5	2.0252E5	1.29248E5	7.81906E4	6.70766E4	1.29366E7	6.53633E5	7694.59201
434	1.72737E6	1.56639E6	1.37518E6	1.12254E6	9.52529E5	8.87032E5	8.75373E5	8.72592E5	8.43317E5	7.99413E5	7.33948E5	6.41794E5	5.45586E5	4.79046E5	6.04105E5	2.14465E5	1.37994E5	8.42442E4	6.13105E4	8.87354E6	3.26028E6	9432.50671
436	1.73178E6	1.60022E6	1.37767E6	1.14378E6	9.53923E5	8.85905E5	8.74361E5	8.74929E5	8.42904E5	7.96299E5	7.37417E5	6.49772E5	5.52995E5	4.70945E5	6.48392E5	2.2877E5	1.48613E5	9.09804E4	5.98281E4	3.945E6	7.797E6	1.27193E4
438	1.66262E6	1.59905E6	1.36165E6	1.14293E6	9.60163E5	8.84887E5	8.71429E5	8.63774E5	8.4483E5	8.00164E5	7.41157E5	6.55648E5	5.6485E5	4.78905E5	6.47108E5	2.46181E5	1.55493E5	9.70452E4	6.10037E4	9.18369E5	1.18382E7	1.81223E4
440	1.66082E6	1.57975E6	1.40439E6	1.15286E6	9.64797E5	8.91103E5	8.62666E5	8.61423E5	8.36467E5	7.96541E5	7.455E5	6.59476E5	5.72603E5	4.85468E5	6.01813E5	2.82259E5	1.64101E5	1.04683E5	6.42361E4	1.00809E5	1.3496E7	3.67959E4
442	1.6986E6	1.55249E6	1.39533E6	1.16334E6	9.77465E5	8.88588E5	8.56745E5	8.52214E5	8.31704E5	7.9744E5	7.46168E5	6.6356E5	5.79497E5	4.91522E5	5.32322E5	3.29528E5	1.73197E5	1.10767E5	6.84165E4	6.31762E4	1.23235E7	4.329E5
444	1.69977E6	1.59922E6	1.40733E6	1.17178E6	9.74305E5	8.85632E5	8.54751E5	8.5026E5	8.25733E5	8.0058E5	7.47259E5	6.71971E5	5.8605E5	4.9534E5	4.70798E5	3.96082E5	1.80686E5	1.16729E5	7.27925E4	5.72789E4	8.54225E6	2.41979E6
446	1.67855E6	1.58878E6	1.42743E6	1.17711E6	9.70396E5	8.7953E5	8.55787E5	8.4839E5	8.18734E5	7.89786E5	7.49396E5	6.74682E5	5.89539E5	5.08035E5	4.30611E5	4.65155E5	1.88422E5	1.24265E5	7.86464E4	5.54954E4	3.84119E6	6.66218E6
448	1.70019E6	1.5988E6	1.41498E6	1.17933E6	9.76233E5	8.77385E5	8.47015E5	8.36998E5	8.20989E5	7.94339E5	7.48918E5	6.79995E5	5.95177E5	5.16108E5	4.12644E5	5.24744E5	1.99466E5	1.30798E5	8.46993E4	5.70555E4	9.37725E5	1.07167E7
450	1.72146E6	1.56935E6	1.41274E6	1.18456E6	9.76656E5	8.81748E5	8.50004E5	8.33764E5	8.13588E5	7.87509E5	7.47426E5	6.80774E5	6.0016E5	5.17309E5	4.07919E5	5.5512E5	2.13538E5	1.40278E5	9.01017E4	5.86449E4	1.08554E5	1.26567E7
452	1.64864E6	1.58379E6	1.41463E6	1.19054E6	9.78353E5	8.76152E5	8.34653E5	8.24646E5	8.11134E5	7.86215E5	7.50282E5	6.79045E5	6.03883E5	5.27096E5	4.1088E5	5.41435E5	2.35907E5	1.44758E5	9.62903E4	6.31924E4	5.87323E4	1.17703E7
454	1.68487E6	1.57453E6	1.40599E6	1.18903E6	9.85793E5	8.77753E5	8.33128E5	8.16557E5	8.04434E5	7.79745E5	7.41397E5	6.78188E5	6.06797E5	5.29659E5	4.13366E5	5.00391E5	2.65658E5	1.52337E5	1.02991E5	6.73989E4	5.18385E4	8.23998E6
456	1.68567E6	1.55868E6	1.39515E6	1.17939E6	9.77406E5	8.66209E5	8.22997E5	8.10162E5	7.95423E5	7.76923E5	7.38233E5	6.77178E5	6.07382E5	5.33757E5	4.18543E5	4.39435E5	3.17489E5	1.59206E5	1.07793E5	6.93795E4	5.05406E4	3.59982E6
458	1.62144E6	1.55574E6	1.4046E6	1.18556E6	9.79642E5	8.66633E5	8.18035E5	8.01377E5	7.88363E5	7.67885E5	7.36799E5	6.77648E5	6.0878E5	5.35733E5	4.22923E5	3.88168E5	3.69667E5	1.64909E5	1.13039E5	7.65402E4	5.05949E4	8.4264E5
460	1.61176E6	1.55221E6	1.40274E6	1.1815E6	9.88209E5	8.62759E5	8.09011E5	7.93409E5	7.7807E5	7.61206E5	7.29126E5	6.69973E5	6.07824E5	5.39308E5	4.27685E5	3.60666E5	4.2452E5	1.72206E5	1.18705E5	8.27025E4	5.26066E4	9.74955E4
462	1.63111E6	1.54611E6	1.3791E6	1.18244E6	9.80374E5	8.63376E5	8.01352E5	7.85512E5	7.6989E5	7.47602E5	7.18048E5	6.72621E5	6.09052E5	5.42473E5	4.29205E5	3.45832E5	4.61537E5	1.79386E5	1.25781E5	8.60913E4	5.44898E4	5.36514E4
464	1.61957E6	1.53269E6	1.3879E6	1.18941E6	9.76331E5	8.58641E5	7.99413E5	7.68139E5	7.5847E5	7.43806E5	7.12756E5	6.65438E5	6.04983E5	5.41053E5	4.3254E5	3.41955E5	4.64843E5	1.93649E5	1.2959E5	9.05001E4	5.86398E4	4.76009E4
466	1.64029E6	1.49545E6	1.37626E6	1.19232E6	9.79777E5	8.47243E5	7.87151E5	7.61571E5	7.53204E5	7.34292E5	7.11189E5	6.61954E5	6.05669E5	5.43371E5	4.3439E5	3.41471E5	4.44169E5	2.12065E5	1.35325E5	9.65441E4	6.2198E4	4.68592E4
468	1.82519E6	1.49374E6	1.35745E6	1.176E6	9.78313E5	8.49033E5	7.79238E5	7.54891E5	7.39886E5	7.23395E5	7.00698E5	6.57273E5	6.02224E5	5.42049E5	4.40203E5	3.46653E5	3.99715E5	2.44841E5	1.40071E5	9.87893E4	6.58958E4	4.69405E4
470	2.67202E6	1.48664E6	1.34068E6	1.16685E6	9.65012E5	8.34721E5	7.69063E5	7.47081E5	7.3058E5	7.1965E5	6.95026E5	6.5088E5	6.00587E5	5.39309E5	4.38038E5	3.48187E5	3.56635E5	2.83256E5	1.44791E5	1.04466E5	7.10219E4	4.6803E4
472	4.55622E6	1.47735E6	1.35829E6	1.1578E6	9.62662E5	8.32444E5	7.60903E5	7.38758E5	7.19366E5	7.11343E5	6.82233E5	6.42982E5	5.92267E5	5.41704E5	4.40607E5	3.5033E5	3.20146E5	3.30187E5	1.48906E5	1.09321E5	7.32003E4	4.89937E4
474	7.93777E6	1.45827E6	1.33427E6	1.15837E6	9.57359E5	8.30941E5	7.60956E5	7.30544E5	7.08985E5	6.98789E5	6.7716E5	6.35762E5	5.87791E5	5.37444E5	4.41898E5	3.51424E5	2.98477E5	3.69431E5	1.56228E5	1.13834E5	7.7708E4	5.0649E4
476	1.28747E7	1.43815E6	1.33134E6	1.16144E6	9.56136E5	8.16051E5	7.48002E5	7.16418E5	7.02594E5	6.84632E5	6.71283E5	6.30837E5	5.86316E5	5.3792E5	4.4506E5	3.54446E5	2.89562E5	3.94519E5	1.60755E5	1.15013E5	8.17925E4	5.36519E4
478	1.89389E7	1.4257E6	1.3192E6	1.14395E6	9.37569E5	8.09144E5	7.3694E5	7.00854E5	6.88568E5	6.70978E5	6.54823E5	6.18998E5	5.77472E5	5.29921E5	4.41612E5	3.56381E5	2.8609E5	3.97602E5	1.72864E5	1.18413E5	8.5285E4	5.68696E4
480	2.46758E7	1.40528E6	1.30473E6	1.13994E6	9.39442E5	8.0625E5	7.29545E5	6.961E5	6.77334E5	6.66809E5	6.49133E5	6.11072E5	5.71524E5	5.28619E5	4.39351E5	3.5499E5	2.86707E5	3.72149E5	1.93674E5	1.24221E5	8.85518E4	5.94869E4
482	2.74742E7	1.39449E6	1.27597E6	1.12902E6	9.31551E5	7.95012E5	7.16552E5	6.75503E5	6.64091E5	6.55523E5	6.38627E5	6.04326E5	5.69507E5	5.24697E5	4.38421E5	3.53722E5	2.84987E5	3.31067E5	2.19892E5	1.26963E5	9.07082E4	6.39802E4
484	2.63835E7	1.36577E6	1.27963E6	1.11128E6	9.20026E5	7.84473E5	7.0624E5	6.75525E5	6.53927E5	6.41483E5	6.24855E5	5.93723E5	5.59271E5	5.20009E5	4.34102E5	3.53035E5	2.8574E5	2.91473E5	2.56876E5	1.29695E5	9.4295E4	6.66097E4
486	2.24591E7	1.39558E6	1.25532E6	1.08352E6	9.11163E5	7.75119E5	6.97721E5	6.60713E5	6.4476E5	6.31346E5	6.14808E5	5.85327E5	5.55042E5	5.15786E5	4.31111E5	3.5521E5	2.88196E5	2.61074E5	2.93215E5	1.33306E5	9.72574E4	6.897E4
488	1.62588E7	1.82658E6	1.21905E6	1.08466E6	9.0427E5	7.73279E5	6.86131E5	6.48697E5	6.31431E5	6.20338E5	6.01043E5	5.72701E5	5.41477E5	5.07755E5	4.28038E5	3.53287E5	2.89607E5	2.4317E5	3.23743E5	1.38109E5	9.89998E4	7.23983E4
490	9.92561E6	3.1415E6	1.21035E6	1.07398E6	8.94579E5	7.57537E5	6.89406E5	6.38851E5	6.18725E5	6.05927E5	5.93033E5	5.66511E5	5.3342E5	5.0102E5	4.21066E5	3.50127E5	2.84659E5	2.37435E5	3.34919E5	1.48283E5	1.01997E5	7.54107E4
492	4.84474E6	6.13358E6	1.18777E6	1.06049E6	8.86956E5	7.52078E5	6.62483E5	6.27286E5	6.06628E5	5.91656E5	5.83301E5	5.55446E5	5.28036E5	4.93074E5	4.23638E5	3.51755E5	2.84141E5	2.35216E5	3.30612E5	1.56684E5	1.05123E5	7.68381E4
494	2.33959E6	1.0945E7	1.18657E6	1.04369E6	8.67259E5	7.40227E5	6.6445E5	6.14132E5	5.92336E5	5.84774E5	5.72485E5	5.49088E5	5.21385E5	4.89566E5	4.14434E5	3.44063E5	2.87539E5	2.32882E5	3.0791E5	1.74869E5	1.06089E5	7.94161E4
496	1.52364E6	1.74334E7	1.17377E6	1.03729E6	8.6383E5	7.2686E5	6.46382E5	6.08517E5	5.86557E5	5.70759E5	5.61194E5	5.3441E5	5.11515E5	4.8522E5	4.11457E5	3.43312E5	2.85252E5	2.34202E5	2.7143E5	1.99252E5	1.0769E5	8.1288E4
498	1.42433E6	2.44509E7	1.1663E6	1.01621E6	8.50153E5	7.26767E5	6.39572E5	5.96109E5	5.76034E5	5.63152E5	5.52398E5	5.28082E5	4.98099E5	4.7824E5	4.07384E5	3.35583E5	2.81421E5	2.32042E5	2.41385E5	2.27322E5	1.10587E5	8.28207E4
500	1.35402E6	3.0217E7	1.14533E6	1.00281E6	8.38938E5	7.1362E5	6.33916E5	5.87228E5	5.63915E5	5.48802E5	5.40982E5	5.2025E5	4.88645E5	4.68781E5	4.00375E5	3.42027E5	2.82844E5	2.31323E5	2.15802E5	2.55811E5	1.13523E5	8.54213E4
502	1.3461E6	3.29949E7	1.12725E6	9.87745E5	8.28011E5	7.00628E5	6.14968E5	5.77908E5	5.50681E5	5.39611E5	5.29009E5	5.07495E5	4.84233E5	4.66092E5	3.99741E5	3.3526E5	2.79971E5	2.31357E5	2.01893E5	2.74131E5	1.18435E5	8.5599E4
504	1.32815E6	3.13358E7	1.13783E6	9.69642E5	8.16646E5	6.97952E5	6.11807E5	5.73723E5	5.45478E5	5.2988E5	5.1948E5	4.98815E5	4.76037E5	4.56062E5	3.91116E5	3.32702E5	2.80208E5	2.29728E5	1.94802E5	2.8652E5	1.24118E5	8.77938E4
506	1.28425E6	2.62508E7	1.15053E6	9.6975E5	8.08862E5	6.83557E5	6.03231E5	5.54994E5	5.27979E5	5.16748E5	5.05647E5	4.87302E5	4.67662E5	4.47589E5	3.87792E5	3.27427E5	2.75898E5	2.29245E5	1.93487E5	2.74644E5	1.33716E5	9.03091E4
508	1.23212E6	1.91149E7	1.62691E6	9.45828E5	8.01616E5	6.65891E5	5.9375E5	5.43425E5	5.25039E5	5.07617E5	4.94584E5	4.76788E5	4.59654E5	4.39E5	3.81692E5	3.25162E5	2.72136E5	2.27786E5	1.90936E5	2.55776E5	1.46262E5	8.99099E4
510	1.29533E6	1.12656E7	3.43754E6	9.35965E5	7.81884E5	6.65898E5	5.79116E5	5.34674E5	5.10745E5	4.99075E5	4.90068E5	4.69715E5	4.48086E5	4.28463E5	3.74613E5	3.20689E5	2.71982E5	2.26881E5	1.88811E5	2.25592E5	1.67226E5	9.18335E4
512	1.37317E6	5.16991E6	7.48019E6	9.18027E5	7.66915E5	6.47489E5	5.72401E5	5.22351E5	4.9281E5	4.85796E5	4.75748E5	4.53794E5	4.40487E5	4.21279E5	3.70247E5	3.13962E5	2.66443E5	2.27298E5	1.87712E5	1.9681E5	1.91495E5	9.40558E4
514	1.4936E6	2.21162E6	1.33984E7	9.08269E5	7.55761E5	6.37168E5	5.60485E5	5.12589E5	4.84422E5	4.77407E5	4.67902E5	4.45876E5	4.29645E5	4.14668E5	3.5954E5	3.07776E5	2.63607E5	2.20316E5	1.856E5	1.78043E5	2.12386E5	9.44574E4
516	1.84591E6	1.31463E6	2.09692E7	8.8998E5	7.34906E5	6.34126E5	5.48804E5	5.0516E5	4.7608E5	4.64377E5	4.55408E5	4.37628E5	4.2281E5	4.05758E5	3.53124E5	3.06778E5	2.59826E5	2.21615E5	1.8381E5	1.64986E5	2.28084E5	9.84021E4
518	2.17049E6	1.1775E6	2.88563E7	8.8609E5	7.3729E5	6.19864E5	5.39072E5	4.95041E5	4.6737E5	4.51578E5	4.46162E5	4.25981E5	4.12668E5	3.99603E5	3.47397E5	3.02321E5	2.55853E5	2.17719E5	1.84361E5	1.58548E5	2.34607E5	1.01735E5
520	2.46839E6	1.11744E6	3.50448E7	8.75624E5	7.19378E5	6.10574E5	5.30799E5	4.84261E5	4.59293E5	4.40941E5	4.30945E5	4.19685E5	4.04012E5	3.90763E5	3.42448E5	2.95982E5	2.55225E5	2.15463E5	1.80966E5	1.54186E5	2.24536E5	1.10278E5
522	2.82565E6	1.06629E6	3.70344E7	8.62754E5	7.10653E5	6.02249E5	5.18704E5	4.79084E5	4.54066E5	4.34453E5	4.21142E5	4.09069E5	3.95749E5	3.79388E5	3.3701E5	2.90511E5	2.51775E5	2.13447E5	1.79723E5	1.52915E5	2.05779E5	1.21534E5
524	3.04806E6	1.02551E6	3.43135E7	8.62806E5	7.01114E5	5.8397E5	5.05721E5	4.66839E5	4.42016E5	4.2577E5	4.13956E5	3.98234E5	3.85442E5	3.71981E5	3.32638E5	2.8749E5	2.46774E5	2.09657E5	1.78855E5	1.51747E5	1.82379E5	1.38842E5
526	3.08971E6	1.01902E6	2.8263E7	9.07631E5	6.87909E5	5.74897E5	5.00073E5	4.55021E5	4.29424E5	4.1169E5	4.0164E5	3.87831E5	3.75366E5	3.64571E5	3.22608E5	2.80417E5	2.433E5	2.05719E5	1.74529E5	1.50333E5	1.61842E5	1.56945E5
528	2.90479E6	9.94692E5	2.01831E7	1.48467E6	6.68492E5	5.66192E5	4.88865E5	4.44028E5	4.19581E5	4.01229E5	3.93539E5	3.77717E5	3.70713E5	3.58139E5	3.17753E5	2.72546E5	2.37455E5	2.05725E5	1.76185E5	1.49115E5	1.41807E5	1.72111E5
530	2.61827E6	9.9439E5	1.15557E7	3.69679E6	6.64715E5	5.54753E5	4.77473E5	4.35941E5	4.10545E5	3.97525E5	3.85429E5	3.68856E5	3.5835E5	3.49569E5	3.0951E5	2.67164E5	2.34791E5	2.02095E5	1.71571E5	1.44258E5	1.31693E5	1.84362E5
532	2.14967E6	9.96161E5	5.13702E6	8.51938E6	6.59206E5	5.49958E5	4.71401E5	4.31043E5	4.04643E5	3.89768E5	3.76122E5	3.61056E5	3.49545E5	3.42917E5	3.00946E5	2.65932E5	2.29443E5	2.00442E5	1.69222E5	1.45523E5	1.24098E5	1.91797E5
534	1.73745E6	1.06741E6	1.90494E6	1.59627E7	6.39647E5	5.30867E5	4.63836E5	4.18685E5	3.92801E5	3.79746E5	3.64652E5	3.50079E5	3.39689E5	3.31775E5	2.9324E5	2.57803E5	2.27041E5	1.93773E5	1.67744E5	1.42566E5	1.21644E5	1.84134E5
536	1.31685E6	1.22329E6	1.05264E6	2.46322E7	6.29832E5	5.28331E5	4.52109E5	4.06974E5	3.82651E5	3.69856E5	3.5657E5	3.4099E5	3.32514E5	3.23787E5	2.86112E5	2.53091E5	2.21496E5	1.92571E5	1.63778E5	1.42577E5	1.1861E5	1.69567E5
538	1.04603E6	1.4625E6	9.38095E5	3.3051E7	6.24293E5	5.11336E5	4.41812E5	3.98992E5	3.76629E5	3.56268E5	3.47587E5	3.35772E5	3.24528E5	3.15191E5	2.79458E5	2.49574E5	2.15975E5	1.89164E5	1.61423E5	1.37867E5	1.18003E5	1.4786E5
540	9.31337E5	1.80932E6	8.9673E5	3.90725E7	6.09564E5	5.03699E5	4.33386E5	3.89722E5	3.62548E5	3.45774E5	3.41548E5	3.26651E5	3.14327E5	3.07846E5	2.72841E5	2.41128E5	2.12933E5	1.81494E5	1.6065E5	1.3684E5	1.16157E5	1.27133E5
542	8.7219E5	2.18849E6	8.46761E5	4.02033E7	6.0998E5	4.94814E5	4.15027E5	3.80176E5	3.54034E5	3.40974E5	3.29328E5	3.15243E5	3.0936E5	2.99987E5	2.68902E5	2.3622E5	2.04839E5	1.81656E5	1.54285E5	1.35418E5	1.15221E5	1.12285E5
544	8.17454E5	2.59426E6	8.12363E5	3.65232E7	6.16399E5	4.83094E5	4.12162E5	3.74351E5	3.47345E5	3.31574E5	3.2017E5	3.09675E5	2.99729E5	2.92529E5	2.59255E5	2.30649E5	2.03101E5	1.73963E5	1.53834E5	1.3357E5	1.11977E5	1.0161E5
546	8.0766E5	2.92279E6	8.13153E5	2.92766E7	6.98346E5	4.72731E5	4.09135E5	3.63856E5	3.34158E5	3.22608E5	3.08736E5	3.02064E5	2.93566E5	2.86068E5	2.53628E5	2.24062E5	1.97133E5	1.73306E5	1.49542E5	1.28421E5	1.10387E5	9.43681E4
548	8.18921E5	3.04999E6	7.71495E5	2.03055E7	1.52319E6	4.61773E5	3.94242E5	3.54423E5	3.32917E5	3.12951E5	3.02445E5	2.96937E5	2.83063E5	2.77295E5	2.45166E5	2.16468E5	1.93244E5	1.68783E5	1.46784E5	1.28269E5	1.07954E5	9.18839E4
550	7.40273E5	2.96805E6	7.54679E5	1.14997E7	4.20179E6	4.69926E5	3.8654E5	3.40348E5	3.23195E5	3.04388E5	3.00296E5	2.85596E5	2.78937E5	2.67311E5	2.42998E5	2.11659E5	1.86244E5	1.67418E5	1.44043E5	1.24346E5	1.04593E5	9.264E4
552	7.58307E5	2.7057E6	7.22716E5	4.897E6	9.77713E6	4.56843E5	3.75987E5	3.40139E5	3.17078E5	3.00667E5	2.84047E5	2.78506E5	2.70518E5	2.61592E5	2.35985E5	2.08019E5	1.84885E5	1.6135E5	1.40296E5	1.25759E5	1.06045E5	8.98071E4
554	7.59769E5	2.32938E6	7.44408E5	1.71201E6	1.77431E7	4.47857E5	3.70682E5	3.33676E5	3.06365E5	2.91692E5	2.80773E5	2.7155E5	2.64399E5	2.54648E5	2.2797E5	2.0251E5	1.79686E5	1.58454E5	1.39948E5	1.20522E5	1.02876E5	8.56626E4
556	7.26507E5	1.87288E6	7.62214E5	8.39827E5	2.65044E7	4.38949E5	3.63171E5	3.2385E5	2.99829E5	2.83114E5	2.72909E5	2.62866E5	2.55743E5	2.49666E5	2.22475E5	1.96377E5	1.76695E5	1.55146E5	1.36852E5	1.19056E5	9.89686E4	8.61652E4
558	6.7622E5	1.46096E6	8.46624E5	7.29051E5	3.49927E7	4.38319E5	3.5067E5	3.20306E5	2.90363E5	2.77003E5	2.62831E5	2.53546E5	2.47701E5	2.4105E5	2.16165E5	1.95275E5	1.70367E5	1.52657E5	1.319E5	1.15766E5	9.92095E4	8.52977E4
560	7.47728E5	1.11015E6	1.07184E6	6.83893E5	4.06449E7	4.3007E5	3.52667E5	3.0885E5	2.8504E5	2.67194E5	2.5839E5	2.46632E5	2.41171E5	2.37193E5	2.12086E5	1.86999E5	1.65279E5	1.4888E5	1.27861E5	1.13395E5	9.51188E4	8.31075E4
562	7.12019E5	8.41849E5	1.35149E6	6.53496E5	4.17029E7	4.31689E5	3.47448E5	3.04073E5	2.74886E5	2.617E5	2.50283E5	2.41944E5	2.34374E5	2.29981E5	2.05021E5	1.82917E5	1.60486E5	1.44952E5	1.25869E5	1.11284E5	9.33547E4	7.92401E4
564	6.81747E5	6.89559E5	1.70736E6	6.23885E5	3.75508E7	4.43454E5	3.36036E5	2.95247E5	2.71578E5	2.54247E5	2.44357E5	2.35766E5	2.25107E5	2.25212E5	2.00367E5	1.77381E5	1.56162E5	1.41099E5	1.24053E5	1.07382E5	9.34132E4	7.69011E4
566	6.72285E5	6.56979E5	2.0762E6	6.15252E5	2.9995E7	5.52477E5	3.29781E5	2.83018E5	2.62801E5	2.45903E5	2.36359E5	2.264E5	2.19987E5	2.14901E5	1.91426E5	1.73124E5	1.55345E5	1.36894E5	1.2161E5	1.05103E5	9.05026E4	7.73605E4
568	6.2563E5	6.196E5	2.42586E6	5.87387E5	2.03412E7	1.54874E6	3.28578E5	2.80706E5	2.57318E5	2.41393E5	2.30953E5	2.21309E5	2.15127E5	2.08935E5	1.89034E5	1.70143E5	1.51389E5	1.33809E5	1.18788E5	1.03145E5	9.00725E4	7.48186E4
570	6.28031E5	5.9047E5	2.68701E6	5.78089E5	1.1091E7	4.76354E6	3.23487E5	2.76855E5	2.47605E5	2.29709E5	2.29515E5	2.16294E5	2.06839E5	2.05444E5	1.81412E5	1.63933E5	1.45742E5	1.28053E5	1.13816E5	9.96974E4	8.53717E4	7.57822E4
572	6.1658E5	5.64851E5	2.72872E6	5.60426E5	4.62296E6	1.09725E7	3.16684E5	2.67314E5	2.4333E5	2.27114E5	2.13616E5	2.07953E5	2.01509E5	1.96177E5	1.75531E5	1.57279E5	1.42065E5	1.27677E5	1.11907E5	1.00055E5	8.42803E4	7.1976E4
574	6.23943E5	5.47965E5	2.65593E6	5.50098E5	1.46421E6	1.9256E7	3.1667E5	2.6344E5	2.4007E5	2.22011E5	2.094E5	2.01659E5	1.97339E5	1.90778E5	1.72233E5	1.54549E5	1.38621E5	1.22329E5	1.09243E5	9.61497E4	8.28577E4	7.08537E4
576	5.84046E5	5.22676E5	2.39769E6	5.3868E5	6.62478E5	2.82444E7	3.08406E5	2.57652E5	2.33278E5	2.13991E5	2.05771E5	1.98451E5	1.90497E5	1.85412E5	1.68194E5	1.47821E5	1.35102E5	1.18687E5	1.06028E5	9.20212E4	7.97822E4	6.89812E4
578	5.72723E5	5.21158E5	2.00453E6	5.54324E5	5.63537E5	3.65591E7	3.071E5	2.52328E5	2.28745E5	2.09912E5	1.99513E5	1.92187E5	1.86059E5	1.7798E5	1.64328E5	1.46575E5	1.29202E5	1.14409E5	1.02355E5	9.24917E4	7.97519E4	6.96119E4
580	5.77908E5	5.16833E5	1.57868E6	5.97856E5	5.25524E5	4.15281E7	3.10291E5	2.4336E5	2.22057E5	2.07321E5	1.9363E5	1.84455E5	1.82339E5	1.75451E5	1.57034E5	1.40747E5	1.26744E5	1.13353E5	9.97238E4	8.94354E4	7.58259E4	6.64139E4
582	5.7288E5	5.08169E5	1.19919E6	7.09238E5	5.01508E5	4.19618E7	3.12419E5	2.43389E5	2.16199E5	2.0152E5	1.93374E5	1.81252E5	1.71928E5	1.71614E5	1.49474E5	1.39123E5	1.23155E5	1.10421E5	9.83802E4	8.52637E4	7.611E4	6.46243E4
584	5.79449E5	5.07448E5	9.13051E5	8.88787E5	4.86495E5	3.74228E7	3.25557E5	2.37795E5	2.10391E5	1.97072E5	1.86841E5	1.74796E5	1.7072E5	1.63567E5	1.47249E5	1.34293E5	1.19078E5	1.08499E5	9.48664E4	8.41416E4	7.41454E4	6.22983E4
586	5.80688E5	4.97204E5	6.75479E5	1.15399E6	4.81729E5	2.92961E7	4.04837E5	2.33511E5	2.07345E5	1.91805E5	1.76611E5	1.71969E5	1.6483E5	1.61335E5	1.46056E5	1.27701E5	1.16648E5	1.03169E5	9.18013E4	8.21514E4	7.23895E4	5.9653E4
588	5.14396E5	4.74324E5	5.56234E5	1.50997E6	4.6481E5	1.93822E7	1.29962E6	2.32923E5	1.97555E5	1.83963E5	1.70798E5	1.673E5	1.58922E5	1.54661E5	1.41132E5	1.24678E5	1.11929E5	1.02666E5	9.08836E4	8.14729E4	6.99762E4	5.79144E4
590	5.58949E5	4.74518E5	5.02352E5	1.83706E6	4.63089E5	1.01438E7	4.56168E6	2.26914E5	1.91911E5	1.77619E5	1.66036E5	1.5957E5	1.53529E5	1.4981E5	1.33494E5	1.19851E5	1.0983E5	9.85423E4	8.70097E4	7.82574E4	6.71644E4	5.85928E4
592	5.30567E5	4.68238E5	4.88006E5	2.15672E6	4.51368E5	3.7709E6	1.12053E7	2.27259E5	1.871E5	1.71476E5	1.60637E5	1.55449E5	1.50713E5	1.45213E5	1.31866E5	1.15597E5	1.04619E5	9.40483E4	8.37304E4	7.37113E4	6.45755E4	5.63155E4
594	5.42937E5	4.60839E5	4.57062E5	2.35745E6	4.45507E5	1.0864E6	2.00533E7	2.25183E5	1.84193E5	1.62897E5	1.58466E5	1.49454E5	1.43615E5	1.40295E5	1.27386E5	1.12726E5	1.01752E5	9.09302E4	8.31853E4	7.13554E4	6.3497E4	5.50548E4
596	5.59586E5	4.32187E5	4.63221E5	2.41073E6	4.43529E5	4.97045E5	2.95619E7	2.22102E5	1.82688E5	1.65927E5	1.53758E5	1.44525E5	1.38099E5	1.37266E5	1.21108E5	1.08459E5	9.873E4	8.92564E4	7.91641E4	7.18181E4	6.17434E4	5.34831E4
598	5.36597E5	4.42225E5	4.28961E5	2.27714E6	4.34803E5	4.29098E5	3.76543E7	2.20284E5	1.74758E5	1.62433E5	1.50211E5	1.43429E5	1.37409E5	1.32405E5	1.18112E5	1.07037E5	9.59886E4	8.90721E4	7.88015E4	6.92769E4	5.92809E4	5.29964E4
600	5.19281E5	4.57074E5	4.36368E5	2.08934E6	4.42974E5	4.02415E5	4.24935E7	2.23355E5	1.76004E5	1.57549E5	1.43938E5	1.36853E5	1.33013E5	1.26374E5	1.16899E5	1.04182E5	9.36124E4	8.28985E4	7.3775E4	6.64435E4	5.85236E4	4.97564E4
