300	3.40113E5	2.25538E5	2.1219E5	2.59013E6	4.12982E5	4.60847E5	5.75557E7	2.66698E5	3.91844E4	2.36158E4	1.67818E4	1.16474E4	1.03767E4	8667.18155	7440.90344	6403.49271	5317.09905	4875.59325	4495.93181	4265.21946	3776.60372	3112.9885
302	3.6399E5	2.20205E5	2.19676E5	1.73215E6	7.24012E5	2.83664E5	5.08399E7	3.08268E6	4.26255E4	2.45316E4	1.64618E4	1.1805E4	9460.75989	8658.28998	7546.34408	6374.56151	5598.77111	4553.05022	4199.03623	4019.83284	3685.38247	3003.4758
304	3.60335E5	2.28103E5	2.33423E5	9.85241E5	1.31508E6	2.61711E5	3.40175E7	1.31568E7	5.38919E4	2.44652E4	1.7792E4	1.15641E4	1.04726E4	9081.4554	7797.81805	6535.40123	5432.13625	4699.92202	3889.0704	3842.76947	3349.81604	2970.74115
306	3.87676E5	2.32644E5	2.40807E5	5.47252E5	2.05777E6	2.53979E5	1.49808E7	3.09631E7	6.35915E4	2.81407E4	1.76027E4	1.28189E4	1.04808E4	8760.15112	7330.50751	6009.78811	5709.65589	4720.74567	3970.22496	4054.72763	3958.22568	3608.2205
308	4.14632E5	2.57671E5	2.51563E5	3.69272E5	2.69567E6	2.54069E5	3.56214E6	4.79289E7	9.17227E4	2.94881E4	1.96416E4	1.36076E4	1.04416E4	8792.70349	7626.25501	6291.43514	5243.71208	4676.20646	4331.45268	3729.61044	3588.89225	3125.48058
310	4.30773E5	2.728E5	2.46267E5	3.35214E5	2.85057E6	2.71772E5	4.35903E5	5.45121E7	2.6544E5	3.28388E4	1.88449E4	1.39484E4	1.08723E4	9216.07526	7369.13928	5891.44799	5367.4831	4939.10344	4757.98884	4361.98461	3579.75934	3444.20394
312	3.75803E5	2.6415E5	2.66438E5	3.30728E5	2.42081E6	3.58235E5	2.3185E5	4.86182E7	3.01298E6	3.65343E4	2.02125E4	1.40535E4	1.14535E4	9065.03768	7786.28976	5930.11094	4875.50384	4551.0247	4298.58853	3805.97803	3900.42017	3109.19086
314	4.09519E5	2.88276E5	2.86821E5	3.32575E5	1.66652E6	6.2295E5	1.96415E5	3.1772E7	1.36123E7	4.39484E4	2.1557E4	1.57068E4	1.14349E4	8333.06467	7967.29786	6863.88668	5227.2263	4555.29447	3688.98432	4280.73756	3475.04139	3283.01524
316	4.3286E5	2.8625E5	2.94083E5	3.44949E5	1.0028E6	1.11178E6	1.81087E5	1.33197E7	3.00965E7	5.52789E4	2.36864E4	1.7035E4	1.14503E4	9257.96421	7851.27471	6559.82659	5241.02621	5723.43136	4460.81657	3678.21854	3724.59812	3608.4079
318	4.20409E5	2.91154E5	2.91709E5	3.47467E5	6.08916E5	1.73598E6	1.81847E5	3.04243E6	4.30847E7	8.33173E4	2.61312E4	1.68573E4	1.21505E4	9564.34329	7899.88905	6291.64353	5100.60004	4502.93956	4160.85909	3819.66186	3520.53127	2933.72248
320	4.41778E5	3.15333E5	3.05073E5	3.49661E5	4.36093E5	2.27196E6	1.79985E5	3.43378E5	4.6998E7	2.50192E5	2.90684E4	1.68912E4	1.21811E4	9794.71661	7970.92248	6381.24223	5371.83769	4786.17007	4051.07914	3916.62142	3239.98193	2967.4432
322	4.55766E5	3.23978E5	3.03482E5	3.51734E5	3.96922E5	2.36353E6	1.93333E5	1.88133E5	4.0755E7	2.78862E6	3.33962E4	1.69283E4	1.30095E4	1.01994E4	7870.22098	6489.10762	5008.51138	4800.96633	4211.50424	4158.98367	3433.29214	2838.91076
324	4.49835E5	3.07428E5	3.14905E5	3.57307E5	3.93306E5	2.01852E6	2.65706E5	1.6607E5	2.68335E7	1.15212E7	3.85172E4	1.89408E4	1.47347E4	1.00919E4	7679.08514	6530.91081	5437.34885	4321.48809	4181.90394	3737.78028	3307.33722	2860.4456
326	4.69837E5	3.28981E5	3.14789E5	3.69693E5	3.90364E5	1.44071E6	4.57663E5	1.5062E5	1.15115E7	2.49415E7	4.86139E4	2.04365E4	1.38405E4	1.0693E4	7770.15632	6132.32697	5336.96616	4382.06422	4114.48465	3598.47959	3558.51678	2723.25497
328	4.92307E5	3.40515E5	3.30284E5	3.72435E5	3.9929E5	9.21045E5	8.2193E5	1.48938E5	2.77669E6	3.53636E7	7.2774E4	2.27247E4	1.37423E4	1.09745E4	7978.71436	6403.8768	4957.37213	4133.08946	3951.16979	3915.15547	3588.56392	3025.01467
330	4.99359E5	3.55045E5	3.54768E5	3.76087E5	3.97955E5	5.70026E5	1.34436E6	1.46774E5	3.05249E5	3.91097E7	2.10179E5	2.43758E4	1.53281E4	1.15877E4	7973.73558	6196.89118	5130.65236	4015.76842	4081.54841	3225.69569	3310.28216	2886.17733
332	5.04444E5	3.50649E5	3.43493E5	3.82363E5	4.03216E5	4.12959E5	1.77764E6	1.50422E5	1.6913E5	3.51083E7	2.29808E6	2.78408E4	1.55679E4	1.07636E4	7791.49362	6609.79143	5349.88529	4502.44561	3728.99269	3362.00148	3069.41152	3057.40939
334	5.10181E5	3.5557E5	3.52886E5	3.85227E5	4.01552E5	3.67829E5	1.9538E6	1.6493E5	1.40114E5	2.45053E7	9.65582E6	3.22094E4	1.52726E4	1.18154E4	8076.63451	6154.83886	5029.48111	4535.79048	3748.54847	3397.29046	2951.85853	2877.33406
336	5.20467E5	3.81886E5	3.6165E5	3.80417E5	4.02831E5	3.65523E5	1.76879E6	2.10557E5	1.3583E5	1.11611E7	2.1338E7	4.17005E4	1.70505E4	1.23468E4	8951.27386	6264.80575	4760.56685	4353.70664	3522.49585	3706.04565	3166.56714	2978.97733
338	5.27466E5	3.81394E5	3.51113E5	3.91321E5	4.12363E5	3.6428E5	1.35311E6	3.36263E5	1.35603E5	2.92699E6	2.99183E7	6.09719E4	1.89469E4	1.25047E4	8887.79514	6199.99846	5028.5555	4075.02385	3831.4245	3282.03013	3173.82832	2598.71279
340	5.10686E5	3.91791E5	3.73749E5	3.92914E5	4.16166E5	3.75173E5	8.8867E5	6.12679E5	1.39937E5	3.2325E5	3.28369E7	1.54376E5	2.07686E4	1.25644E4	9432.6972	6701.73292	5026.35692	4386.27694	3927.93656	3410.98951	3099.22775	2943.65337
342	5.66001E5	3.96684E5	3.76401E5	3.95051E5	4.11509E5	3.77179E5	5.54551E5	9.87304E5	1.40491E5	1.55515E5	2.96669E7	1.77073E6	2.32609E4	1.34604E4	9535.30267	6004.95871	4986.40503	4329.46973	4024.98623	3460.3345	2882.68075	2494.24722
344	5.92936E5	4.18778E5	3.91662E5	3.95779E5	4.20026E5	3.85317E5	3.84198E5	1.40085E6	1.49187E5	1.30801E5	2.05082E7	8.44397E6	2.76995E4	1.38641E4	9190.67065	6723.71372	4902.31134	4215.0826	3916.61541	3441.00058	3021.9286	2541.10037
346	5.96144E5	4.49542E5	3.9475E5	4.07678E5	4.22805E5	3.97936E5	3.32042E5	1.60525E6	1.64921E5	1.28469E5	9.59644E6	1.80008E7	3.56891E4	1.47703E4	1.00205E4	6706.21306	5086.09088	4223.0123	3421.5544	3431.053	2808.85354	2855.14596
348	6.2783E5	4.58228E5	4.0368E5	4.07741E5	4.25535E5	3.9725E5	3.27769E5	1.53E6	2.06707E5	1.33827E5	2.28117E6	2.52838E7	5.18921E4	1.60625E4	1.03281E4	7040.98092	5267.47488	4418.06722	3378.09606	3168.72755	2678.50737	2722.06108
350	6.37432E5	4.6046E5	4.17362E5	4.09357E5	4.32845E5	4.08937E5	3.33878E5	1.23034E6	3.05449E5	1.40536E5	2.78464E5	2.73274E7	1.1442E5	1.75734E4	1.06885E4	7592.07745	5419.13635	4090.84148	3673.5887	3349.85698	3014.90234	2536.20471
352	6.37487E5	4.94461E5	4.24136E5	4.25451E5	4.44073E5	4.14408E5	3.47812E5	8.45238E5	4.97776E5	1.48355E5	1.45245E5	2.45211E7	1.47546E6	2.12885E4	1.07616E4	8104.28971	5215.8271	4315.49912	3276.72623	3294.09541	2550.7096	2466.97042
354	6.69298E5	5.20091E5	4.43569E5	4.22526E5	4.31218E5	4.24351E5	3.61723E5	5.61801E5	7.80969E5	1.58618E5	1.29533E5	1.75148E7	6.58187E6	2.54944E4	1.14801E4	7542.45735	5040.65495	4308.1617	3622.85702	2897.41504	2753.24551	2487.8068
356	6.80137E5	5.2618E5	4.52175E5	4.36018E5	4.44755E5	4.29289E5	3.71904E5	4.13059E5	1.08337E6	1.68837E5	1.28607E5	8.24113E6	1.50011E7	3.17412E4	1.26071E4	7706.69461	5719.94433	4393.70961	3389.74208	3196.92788	2670.92146	2187.57995
358	7.33305E5	5.68273E5	4.60385E5	4.37629E5	4.48877E5	4.40277E5	3.9122E5	3.62121E5	1.28708E6	1.8866E5	1.36507E5	2.13063E6	2.14086E7	4.607E4	1.3146E4	7637.34414	6012.30443	4308.40211	3760.18266	3115.6075	2658.96537	2174.75278
360	7.34699E5	5.75333E5	4.8463E5	4.49322E5	4.55495E5	4.60618E5	4.07703E5	3.55815E5	1.30683E6	2.17187E5	1.48776E5	2.58365E5	2.37557E7	1.02872E5	1.47746E4	8215.25567	6413.5484	4131.89686	3644.43179	3170.08893	2633.93261	2270.78409
362	7.40657E5	5.96323E5	5.08533E5	4.69498E5	4.65957E5	4.64688E5	4.24045E5	3.69047E5	1.12994E6	2.77891E5	1.57596E5	1.374E5	2.21089E7	1.22572E6	1.67926E4	8743.99241	6284.88115	4357.52648	3424.02882	3100.37353	2640.58681	2075.68671
364	7.70836E5	6.2991E5	5.24033E5	4.78938E5	4.76298E5	4.78405E5	4.40396E5	3.81854E5	8.62079E5	4.04542E5	1.67916E5	1.23171E5	1.65024E7	5.95431E6	1.99197E4	9183.9905	6312.36035	4792.34957	3335.74214	3201.16751	2816.70896	2157.15411
366	8.12812E5	6.70488E5	5.45973E5	4.89199E5	4.83307E5	4.90364E5	4.56055E5	4.03809E5	6.14302E5	6.14888E5	1.83964E5	1.21773E5	7.91845E6	1.40734E7	2.65515E4	9817.47694	6388.93858	5100.79618	3483.41221	3213.0113	2449.66298	2316.62286
368	8.62857E5	6.82104E5	5.61956E5	4.98563E5	5.00069E5	5.00796E5	4.76571E5	4.25116E5	4.70345E5	8.64176E5	1.96086E5	1.28883E5	2.09634E6	1.987E7	3.97761E4	1.10147E4	6552.89767	5014.62955	3780.12956	3004.53522	2354.99182	2346.72289
370	8.52887E5	7.24207E5	5.80569E5	5.13935E5	5.06592E5	5.0666E5	4.93394E5	4.45331E5	4.1484E5	1.07064E6	2.1542E5	1.40683E5	2.3241E5	2.17846E7	1.00033E5	1.28713E4	6707.46306	5670.53775	3648.7493	3082.55333	2710.32269	2216.00002
372	9.12753E5	7.32072E5	5.9946E5	5.27917E5	5.17449E5	5.28586E5	5.06587E5	4.62895E5	4.13886E5	1.14646E6	2.39294E5	1.50747E5	1.21682E5	1.98522E7	1.25165E6	1.47594E4	6920.12494	5267.57372	3671.39347	3110.13522	2416.37448	2165.95579
374	9.43035E5	7.85134E5	6.25669E5	5.45318E5	5.31334E5	5.34037E5	5.23193E5	4.82292E5	4.26637E5	1.04984E6	2.88285E5	1.60988E5	1.10182E5	1.42022E7	5.70694E6	1.80177E4	7806.03987	5476.13945	3744.30455	3181.32355	2739.97291	2075.1884
376	9.44041E5	8.15628E5	6.50367E5	5.62134E5	5.35976E5	5.47825E5	5.41023E5	4.99388E5	4.36861E5	8.58281E5	3.74339E5	1.74614E5	1.0714E5	6.70981E6	1.23825E7	2.2046E4	8331.32605	5581.82117	4104.53368	3212.94328	2764.9417	2256.73576
378	9.78584E5	8.27879E5	6.78074E5	5.82675E5	5.60799E5	5.63718E5	5.64627E5	5.18913E5	4.56011E5	6.65403E5	5.2793E5	1.88216E5	1.14517E5	1.63263E6	1.72963E7	3.4879E4	9070.25861	5802.17919	4747.4889	3182.9072	2795.8903	2228.20189
380	1.00529E6	8.72923E5	7.02605E5	5.97014E5	5.68077E5	5.75541E5	5.71323E5	5.38302E5	4.74105E5	5.30224E5	7.20582E5	2.01746E5	1.24745E5	1.96147E5	1.8826E7	7.93752E4	1.07574E4	5949.35902	4575.37743	3323.40116	2834.13371	2559.00486
382	1.07055E6	9.01874E5	7.41319E5	6.16818E5	5.85396E5	5.95938E5	5.99404E5	5.66847E5	4.92495E5	4.67614E5	9.078E5	2.16356E5	1.34708E5	1.12714E5	1.75248E7	9.64445E5	1.30567E4	6403.47189	4928.37457	3434.7686	2568.13061	2304.97798
384	1.08059E6	9.5824E5	7.60798E5	6.32016E5	6.01282E5	6.08972E5	6.11074E5	5.868E5	5.1958E5	4.53927E5	1.013E6	2.39242E5	1.48856E5	1.02163E5	1.29646E7	4.60519E6	1.52818E4	6879.53004	4979.34064	3558.96159	2949.1885	2433.06916
386	1.11984E6	9.67301E5	8.02706E5	6.57533E5	6.15652E5	6.24905E5	6.35061E5	6.09962E5	5.38031E5	4.61699E5	9.96601E5	2.71987E5	1.58063E5	1.02506E5	6.1683E6	1.08124E7	2.07157E4	7570.90173	5149.374	4265.13138	2912.47246	2278.85439
388	1.1349E6	1.02748E6	8.22572E5	6.69699E5	6.27039E5	6.44615E5	6.53822E5	6.29993E5	5.55269E5	4.79128E5	8.7868E5	3.35517E5	1.70404E5	1.07511E5	1.63201E6	1.5633E7	3.08014E4	8838.14435	5213.83592	4441.61962	2859.75769	2504.07825
390	1.1937E6	1.04679E6	8.53571E5	6.91285E5	6.50872E5	6.56658E5	6.74331E5	6.51927E5	5.82996E5	4.95743E5	7.22559E5	4.44038E5	1.88357E5	1.17378E5	1.94255E5	1.76189E7	7.42967E4	9641.20594	5683.6817	4568.44375	3190.04846	2529.18159
392	1.21868E6	1.05925E6	8.91413E5	7.20795E5	6.61935E5	6.70244E5	6.91444E5	6.66248E5	5.94698E5	5.10371E5	5.78806E5	6.0113E5	2.03991E5	1.28765E5	1.03128E5	1.6529E7	1.02579E6	1.11964E4	5857.00791	4509.14305	3451.18059	2593.51773
394	1.28726E6	1.0922E6	8.966E5	7.36225E5	6.79881E5	6.83465E5	7.02007E5	6.81069E5	6.17768E5	5.31771E5	5.03482E5	7.63857E5	2.17879E5	1.4056E5	9.48722E4	1.26199E7	4.50844E6	1.44909E4	6612.07076	4676.82058	3578.16961	2694.51466
396	1.28112E6	1.11999E6	9.36338E5	7.49833E5	6.87784E5	6.96932E5	7.15917E5	7.0205E5	6.32342E5	5.46404E5	4.82644E5	8.79467E5	2.36018E5	1.5361E5	9.31409E4	6.28689E6	1.03568E7	1.98594E4	6988.52952	4931.27216	3832.29941	2721.37316
398	1.31909E6	1.17029E6	9.62766E5	7.6148E5	7.0697E5	7.16445E5	7.33282E5	7.18939E5	6.47111E5	5.6221E5	4.83575E5	9.17303E5	2.62E5	1.66413E5	9.83779E4	1.71686E6	1.46259E7	2.93597E4	8018.00288	5205.69481	4186.47662	2670.9641
400	1.3535E6	1.18207E6	9.83831E5	7.87007E5	7.19703E5	7.25907E5	7.46361E5	7.29445E5	6.70931E5	5.85015E5	4.94972E5	8.5048E5	3.05921E5	1.78123E5	1.0503E5	2.02319E5	1.61867E7	6.32388E4	9089.36326	5351.85089	4093.11265	2724.51201
402	1.34522E6	1.21101E6	9.94032E5	8.12388E5	7.37018E5	7.37612E5	7.59352E5	7.45885E5	6.86497E5	6.01536E5	5.11367E5	7.27891E5	3.76766E5	1.93633E5	1.17048E5	9.75592E4	1.49231E7	8.04017E5	1.02378E4	5759.79145	3804.86999	2929.75371
404	1.36361E6	1.23241E6	1.03056E6	8.37377E5	7.53489E5	7.53751E5	7.74139E5	7.63853E5	6.98571E5	6.18961E5	5.25153E5	6.04544E5	4.89472E5	2.10342E5	1.24847E5	8.51331E4	1.08032E7	3.99262E6	1.30603E4	6044.04256	4167.52495	3341.76284
406	1.41334E6	1.27521E6	1.06012E6	8.50394E5	7.61418E5	7.62522E5	7.85093E5	7.65981E5	7.17585E5	6.30923E5	5.40741E5	5.24574E5	6.26247E5	2.24405E5	1.35864E5	8.42319E4	5.16935E6	9.36183E6	1.64241E4	6914.67661	3894.69772	3287.13889
408	1.43696E6	1.3194E6	1.08301E6	8.73209E5	7.79355E5	7.72665E5	7.93291E5	7.84067E5	7.22942E5	6.47532E5	5.57788E5	4.8666E5	7.50583E5	2.3999E5	1.47005E5	8.72722E4	1.27493E6	1.37745E7	2.52032E4	7447.86515	4619.10098	3561.00165
410	1.43713E6	1.33602E6	1.12009E6	8.90269E5	7.9457E5	7.75922E5	7.99213E5	7.8647E5	7.36084E5	6.59017E5	5.68035E5	4.78254E5	8.1672E5	2.60075E5	1.57655E5	9.26776E4	1.45843E5	1.54238E7	5.24303E4	8094.71396	4395.27382	3411.44987
412	1.48388E6	1.34289E6	1.12282E6	9.09892E5	7.99461E5	7.8578E5	8.0268E5	7.99495E5	7.4779E5	6.68083E5	5.83747E5	4.92556E5	8.11467E5	2.89161E5	1.67807E5	1.00947E5	8.35393E4	1.42448E7	6.19739E5	9876.94355	5033.57625	3585.3388
414	1.49307E6	1.37151E6	1.15102E6	9.19911E5	8.13245E5	7.94503E5	8.19282E5	8.03167E5	7.55539E5	6.80625E5	5.99369E5	5.0137E5	7.39138E5	3.42109E5	1.80344E5	1.08304E5	7.45139E4	1.048E7	3.21368E6	1.22822E4	4984.03891	3478.54527
416	1.52329E6	1.37114E6	1.17849E6	9.35122E5	8.24565E5	7.94457E5	8.17711E5	8.1015E5	7.6664E5	6.94554E5	6.14613E5	5.14686E5	6.37342E5	4.24349E5	1.93459E5	1.16536E5	7.36905E4	4.97809E6	8.26582E6	1.61365E4	5704.10183	3754.98127
418	1.53266E6	1.42348E6	1.18112E6	9.6401E5	8.36517E5	8.12029E5	8.21459E5	8.14711E5	7.72965E5	7.07127E5	6.28292E5	5.25995E5	5.44179E5	5.29811E5	2.06103E5	1.26967E5	7.58805E4	1.26007E6	1.26987E7	2.57637E4	6292.50997	3564.99431
420	1.53036E6	1.40138E6	1.20858E6	9.82353E5	8.44993E5	8.17416E5	8.23984E5	8.2689E5	7.7995E5	7.17234E5	6.37269E5	5.36123E5	4.94275E5	6.46705E5	2.21508E5	1.35144E5	8.05331E4	1.39778E5	1.46118E7	5.17338E4	7381.41358	3849.46385
422	1.56268E6	1.42516E6	1.22797E6	9.98241E5	8.533E5	8.27182E5	8.33196E5	8.31677E5	7.8568E5	7.27322E5	6.50341E5	5.55264E5	4.75145E5	7.30851E5	2.33974E5	1.45033E5	8.83389E4	7.33024E4	1.36305E7	7.30389E5	8769.40962	4126.46143
424	1.57143E6	1.46106E6	1.24616E6	1.00832E6	8.64547E5	8.29591E5	8.26731E5	8.26945E5	7.90744E5	7.30016E5	6.60372E5	5.65676E5	4.76364E5	7.53759E5	2.54331E5	1.5649E5	9.32839E4	6.70888E4	9.98651E6	3.4831E6	1.0594E4	4682.44007
426	1.60034E6	1.45246E6	1.26273E6	1.01661E6	8.72275E5	8.36689E5	8.29874E5	8.27283E5	7.90456E5	7.39061E5	6.66474E5	5.76682E5	4.83853E5	7.17841E5	2.89827E5	1.66442E5	1.02164E5	6.51129E4	4.58785E6	8.64109E6	1.35662E4	4730.82131
428	1.61049E6	1.46757E6	1.26564E6	1.04202E6	8.83353E5	8.37092E5	8.30994E5	8.28383E5	7.95924E5	7.41573E5	6.80146E5	5.86893E5	4.96019E5	6.31923E5	3.43955E5	1.77452E5	1.10037E5	6.68168E4	1.11784E6	1.28481E7	2.23867E4	5422.219
430	1.57114E6	1.48735E6	1.28274E6	1.04565E6	8.91581E5	8.33859E5	8.28583E5	8.33055E5	7.94915E5	7.51625E5	6.79443E5	5.9527E5	5.05239E5	5.50195E5	4.21938E5	1.88602E5	1.17625E5	7.00138E4	1.21719E5	1.43374E7	4.93359E4	6326.28598
432	1.66928E6	1.50625E6	1.30208E6	1.06141E6	8.98588E5	8.36353E5	8.2793E5	8.33705E5	8.03228E5	7.48594E5	6.94246E5	6.09525E5	5.12729E5	4.89262E5	5.09091E5	1.98941E5	1.2576E5	7.57426E4	6.53939E4	1.28571E7	6.59413E5	7396.00907
434	1.58601E6	1.48469E6	1.29426E6	1.08038E6	9.05973E5	8.42823E5	8.3401E5	8.26707E5	7.99999E5	7.56813E5	6.95328E5	6.1557E5	5.24844E5	4.60501E5	5.97363E5	2.10026E5	1.3281E5	8.18988E4	5.98079E4	8.75192E6	3.29737E6	9247.8328
436	1.59748E6	1.50863E6	1.31962E6	1.08248E6	9.06634E5	8.42037E5	8.27672E5	8.24528E5	7.99029E5	7.5574E5	7.03247E5	6.18222E5	5.34313E5	4.5855E5	6.36129E5	2.22399E5	1.42375E5	8.77357E4	5.93149E4	3.82383E6	7.79361E6	1.22151E4
438	1.63845E6	1.51889E6	1.32608E6	1.0878E6	9.1439E5	8.44564E5	8.2779E5	8.18276E5	7.93286E5	7.55892E5	7.07388E5	6.2748E5	5.41645E5	4.58837E5	6.35834E5	2.4412E5	1.51258E5	9.49437E4	6.06487E4	8.86554E5	1.17974E7	1.81848E4
440	1.58974E6	1.50226E6	1.33598E6	1.09717E6	9.21429E5	8.36932E5	8.18082E5	8.17682E5	7.90031E5	7.58047E5	7.08983E5	6.30398E5	5.50886E5	4.66217E5	5.85734E5	2.736E5	1.60512E5	1.02469E5	6.27796E4	9.99053E4	1.3419E7	3.63141E4
442	1.62277E6	1.52259E6	1.35353E6	1.11979E6	9.23099E5	8.42705E5	8.14017E5	8.17561E5	7.92246E5	7.56291E5	7.11534E5	6.37424E5	5.58136E5	4.74895E5	5.22746E5	3.24126E5	1.67936E5	1.0726E5	6.65762E4	6.20141E4	1.2189E7	4.17258E5
444	1.60942E6	1.50322E6	1.33707E6	1.13388E6	9.30495E5	8.33452E5	8.11546E5	8.02544E5	7.87278E5	7.5757E5	7.10631E5	6.43505E5	5.5818E5	4.77065E5	4.60954E5	3.88853E5	1.75628E5	1.13546E5	7.19309E4	5.54387E4	8.44461E6	2.31399E6
446	1.58976E6	1.5275E6	1.34632E6	1.12421E6	9.33606E5	8.33758E5	8.12303E5	7.99441E5	7.86276E5	7.54167E5	7.15661E5	6.40922E5	5.69065E5	4.90459E5	4.17099E5	4.6016E5	1.83511E5	1.23051E5	7.67239E4	5.53841E4	3.77573E6	6.48779E6
448	1.56773E6	1.51495E6	1.34472E6	1.13455E6	9.38353E5	8.43435E5	8.05104E5	7.93137E5	7.80445E5	7.51497E5	7.15583E5	6.47658E5	5.7258E5	4.98947E5	3.99942E5	5.15742E5	1.94193E5	1.29874E5	8.37397E4	5.56143E4	9.0759E5	1.058E7
450	1.59219E6	1.51467E6	1.35703E6	1.14511E6	9.38775E5	8.46023E5	7.95856E5	7.91693E5	7.70778E5	7.48522E5	7.17256E5	6.48606E5	5.80009E5	5.0464E5	3.97732E5	5.47671E5	2.07978E5	1.36155E5	8.96512E4	5.86458E4	1.05808E5	1.25901E7
452	1.59E6	1.50026E6	1.36544E6	1.16063E6	9.44606E5	8.39742E5	8.0006E5	7.84192E5	7.72282E5	7.50399E5	7.11687E5	6.4726E5	5.82157E5	5.09837E5	4.0379E5	5.32575E5	2.28355E5	1.43853E5	9.56093E4	6.1714E4	5.71844E4	1.17989E7
454	1.60786E6	1.49345E6	1.36243E6	1.1545E6	9.48667E5	8.38873E5	7.90163E5	7.7436E5	7.66158E5	7.41376E5	7.09114E5	6.46829E5	5.86575E5	5.17424E5	4.03982E5	4.90466E5	2.63293E5	1.49454E5	1.01319E5	6.43923E4	5.07435E4	8.33337E6
456	1.56228E6	1.50833E6	1.35676E6	1.15562E6	9.40476E5	8.41803E5	7.83915E5	7.70393E5	7.57767E5	7.35975E5	7.04575E5	6.50617E5	5.89261E5	5.16797E5	4.08035E5	4.33184E5	3.10305E5	1.5567E5	1.06396E5	6.90157E4	4.96393E4	3.66462E6
458	1.54836E6	1.48256E6	1.3499E6	1.14572E6	9.47067E5	8.25426E5	7.79474E5	7.64904E5	7.53652E5	7.28548E5	6.98761E5	6.47512E5	5.85262E5	5.2057E5	4.1438E5	3.82378E5	3.65628E5	1.6297E5	1.11251E5	7.43193E4	5.04253E4	8.78313E5
460	1.50866E6	1.45779E6	1.36279E6	1.14004E6	9.43616E5	8.27327E5	7.74394E5	7.53202E5	7.44739E5	7.2418E5	6.9896E5	6.45808E5	5.85681E5	5.23391E5	4.16947E5	3.53007E5	4.19114E5	1.67704E5	1.15325E5	7.90618E4	5.12067E4	1.0273E5
462	1.51989E6	1.45611E6	1.33428E6	1.14037E6	9.39954E5	8.20613E5	7.61433E5	7.48658E5	7.34219E5	7.1977E5	6.89931E5	6.43599E5	5.82705E5	5.26703E5	4.21502E5	3.40059E5	4.53551E5	1.776E5	1.21742E5	8.41987E4	5.49651E4	5.2626E4
464	1.53299E6	1.45737E6	1.33588E6	1.13796E6	9.35212E5	8.17763E5	7.58365E5	7.41041E5	7.21264E5	7.11731E5	6.84934E5	6.36352E5	5.86871E5	5.29506E5	4.24831E5	3.35737E5	4.58552E5	1.90393E5	1.26807E5	8.89793E4	5.67756E4	4.70909E4
466	1.57486E6	1.44641E6	1.32479E6	1.1412E6	9.44664E5	8.13108E5	7.48711E5	7.34013E5	7.16433E5	7.0331E5	6.78068E5	6.339E5	5.81822E5	5.24723E5	4.29732E5	3.36022E5	4.36783E5	2.08721E5	1.33198E5	9.10071E4	6.16118E4	4.58231E4
468	1.77664E6	1.45694E6	1.31076E6	1.13718E6	9.34774E5	8.12775E5	7.50221E5	7.24736E5	7.10541E5	6.91663E5	6.74498E5	6.27267E5	5.7844E5	5.27245E5	4.2872E5	3.41983E5	3.97049E5	2.39901E5	1.36728E5	9.71237E4	6.45683E4	4.62332E4
470	2.57738E6	1.42771E6	1.31494E6	1.13226E6	9.2262E5	8.03985E5	7.4257E5	7.10252E5	7.03409E5	6.85534E5	6.59446E5	6.26179E5	5.7618E5	5.28859E5	4.30391E5	3.42364E5	3.50562E5	2.80905E5	1.42695E5	1.0166E5	6.88156E4	4.5752E4
472	4.572E6	1.42108E6	1.30581E6	1.12681E6	9.36631E5	8.00565E5	7.30549E5	7.01909E5	6.83988E5	6.79077E5	6.52269E5	6.21228E5	5.76099E5	5.26259E5	4.31332E5	3.44191E5	3.14591E5	3.27119E5	1.46242E5	1.06163E5	7.20254E4	4.8236E4
474	7.88384E6	1.41047E6	1.30914E6	1.10935E6	9.29511E5	7.94974E5	7.19869E5	6.9321E5	6.73402E5	6.62667E5	6.48552E5	6.16839E5	5.72563E5	5.23053E5	4.33439E5	3.47269E5	2.9242E5	3.66027E5	1.50987E5	1.10986E5	7.61367E4	4.99249E4
476	1.28115E7	1.38894E6	1.28112E6	1.11793E6	9.1418E5	7.89493E5	7.17935E5	6.80802E5	6.73073E5	6.59212E5	6.38436E5	6.04822E5	5.69027E5	5.23889E5	4.31118E5	3.50544E5	2.84944E5	3.94609E5	1.5902E5	1.14713E5	8.0135E4	5.23291E4
478	1.87158E7	1.36557E6	1.26731E6	1.10656E6	9.04487E5	7.80887E5	7.09514E5	6.74266E5	6.53224E5	6.47806E5	6.30278E5	5.97306E5	5.61627E5	5.19887E5	4.3287E5	3.46548E5	2.82238E5	3.92559E5	1.70299E5	1.16346E5	8.24699E4	5.46673E4
480	2.38056E7	1.35671E6	1.25084E6	1.0885E6	9.10642E5	7.68538E5	7.00119E5	6.6481E5	6.45592E5	6.35531E5	6.20969E5	5.85078E5	5.54273E5	5.1433E5	4.29361E5	3.49063E5	2.78401E5	3.66423E5	1.89292E5	1.19628E5	8.61019E4	5.80059E4
482	2.66516E7	1.31895E6	1.23489E6	1.07439E6	8.99315E5	7.66417E5	6.88282E5	6.54737E5	6.3727E5	6.2226E5	6.11225E5	5.82699E5	5.48852E5	5.10999E5	4.28271E5	3.49917E5	2.79559E5	3.2603E5	2.17827E5	1.25044E5	8.88576E4	6.09946E4
484	2.58119E7	1.34334E6	1.21809E6	1.0738E6	8.9057E5	7.48137E5	6.81602E5	6.44604E5	6.25181E5	6.1736E5	6.0089E5	5.71059E5	5.40444E5	5.02726E5	4.24073E5	3.48004E5	2.82441E5	2.84675E5	2.54267E5	1.25823E5	9.22886E4	6.45049E4
486	2.18935E7	1.37529E6	1.20249E6	1.06378E6	8.77001E5	7.55737E5	6.71108E5	6.31393E5	6.11009E5	5.95978E5	5.89005E5	5.60176E5	5.36036E5	4.99582E5	4.22856E5	3.48295E5	2.80672E5	2.5661E5	2.90086E5	1.3127E5	9.54378E4	6.89192E4
488	1.58932E7	1.74009E6	1.19901E6	1.05508E6	8.63798E5	7.35864E5	6.5998E5	6.21413E5	6.05727E5	5.87184E5	5.75898E5	5.52752E5	5.23969E5	4.95463E5	4.2169E5	3.46454E5	2.81883E5	2.40334E5	3.20643E5	1.35771E5	9.7035E4	7.09178E4
490	9.56522E6	3.08756E6	1.18326E6	1.03717E6	8.58022E5	7.31603E5	6.52232E5	6.06449E5	5.90382E5	5.80429E5	5.65007E5	5.45346E5	5.18895E5	4.88135E5	4.16843E5	3.44734E5	2.81753E5	2.3111E5	3.32058E5	1.44102E5	9.9873E4	7.18626E4
492	4.62071E6	6.15232E6	1.16768E6	1.02311E6	8.52168E5	7.24258E5	6.48975E5	6.03223E5	5.84781E5	5.74483E5	5.55259E5	5.32426E5	5.09161E5	4.82981E5	4.09756E5	3.43321E5	2.80942E5	2.31531E5	3.26735E5	1.55861E5	1.03539E5	7.48127E4
494	2.22358E6	1.0915E7	1.139E6	1.02171E6	8.42619E5	7.11532E5	6.28127E5	5.90325E5	5.70751E5	5.59158E5	5.42674E5	5.24723E5	5.03147E5	4.79739E5	4.07611E5	3.42257E5	2.79894E5	2.31168E5	3.00928E5	1.72333E5	1.05731E5	7.58156E4
496	1.45877E6	1.75095E7	1.1358E6	9.9041E5	8.29819E5	7.03702E5	6.27548E5	5.78885E5	5.57235E5	5.48378E5	5.37396E5	5.13809E5	4.9172E5	4.68807E5	4.00865E5	3.38676E5	2.79719E5	2.28411E5	2.67773E5	1.94607E5	1.07675E5	7.8705E4
498	1.41789E6	2.42557E7	1.11574E6	9.88255E5	8.16528E5	6.89649E5	6.1852E5	5.6598E5	5.53035E5	5.38183E5	5.23225E5	5.08206E5	4.83345E5	4.63944E5	3.98057E5	3.36154E5	2.78855E5	2.28343E5	2.3935E5	2.21515E5	1.07848E5	8.10727E4
500	1.33605E6	3.00117E7	1.1216E6	9.73261E5	8.14407E5	6.85116E5	6.07375E5	5.62226E5	5.36468E5	5.26395E5	5.19629E5	4.99687E5	4.78027E5	4.52815E5	3.94098E5	3.34165E5	2.78729E5	2.28789E5	2.12496E5	2.51041E5	1.1368E5	8.23982E4
502	1.2955E6	3.27499E7	1.09583E6	9.63838E5	7.99428E5	6.76363E5	5.98659E5	5.49503E5	5.31131E5	5.14132E5	5.01359E5	4.91382E5	4.70579E5	4.50914E5	3.89476E5	3.31768E5	2.77304E5	2.28295E5	2.00225E5	2.72192E5	1.14442E5	8.40697E4
504	1.19837E6	3.11575E7	1.08751E6	9.41232E5	7.92765E5	6.75471E5	5.79415E5	5.46393E5	5.1723E5	5.06186E5	4.9446E5	4.8156E5	4.62051E5	4.42323E5	3.83322E5	3.23948E5	2.7424E5	2.29275E5	1.91677E5	2.80993E5	1.21901E5	8.59911E4
506	1.20735E6	2.58094E7	1.14106E6	9.28714E5	7.8625E5	6.58896E5	5.82776E5	5.29113E5	5.12336E5	4.95506E5	4.82841E5	4.69695E5	4.51071E5	4.33656E5	3.75965E5	3.21144E5	2.72285E5	2.25666E5	1.89172E5	2.71102E5	1.30904E5	8.82575E4
508	1.20746E6	1.86853E7	1.6366E6	9.27653E5	7.68084E5	6.52174E5	5.72835E5	5.2891E5	5.01854E5	4.8715E5	4.79378E5	4.55107E5	4.44888E5	4.2897E5	3.73995E5	3.16494E5	2.69074E5	2.23519E5	1.87354E5	2.48772E5	1.44811E5	8.8133E4
510	1.26422E6	1.09896E7	3.47643E6	9.10763E5	7.46656E5	6.27815E5	5.56384E5	5.12323E5	4.92504E5	4.78191E5	4.70485E5	4.454E5	4.33854E5	4.16332E5	3.69003E5	3.12454E5	2.67164E5	2.23669E5	1.84242E5	2.22248E5	1.6373E5	8.96664E4
512	1.3967E6	5.08874E6	7.53649E6	8.96596E5	7.4489E5	6.29674E5	5.47953E5	5.07344E5	4.77029E5	4.69278E5	4.55795E5	4.37155E5	4.26609E5	4.09069E5	3.6092E5	3.11065E5	2.62454E5	2.20231E5	1.84161E5	1.9497E5	1.887E5	9.09986E4
514	1.52282E6	2.18539E6	1.35654E7	8.79561E5	7.37727E5	6.24363E5	5.33644E5	4.92886E5	4.6529E5	4.55302E5	4.45501E5	4.29607E5	4.17693E5	4.02442E5	3.56634E5	3.05494E5	2.62966E5	2.18061E5	1.82854E5	1.72564E5	2.09289E5	9.21607E4
516	1.84032E6	1.3021E6	2.08869E7	8.71827E5	7.29017E5	6.09897E5	5.27494E5	4.79357E5	4.56317E5	4.49882E5	4.31524E5	4.21531E5	4.08903E5	3.94473E5	3.49387E5	3.01613E5	2.58745E5	2.18728E5	1.82675E5	1.62158E5	2.24457E5	9.41684E4
518	2.06979E6	1.15277E6	2.87055E7	8.4821E5	7.18976E5	5.99385E5	5.22022E5	4.76018E5	4.47949E5	4.37369E5	4.22851E5	4.1226E5	4.00627E5	3.87718E5	3.42056E5	2.96993E5	2.52194E5	2.14014E5	1.81623E5	1.5365E5	2.2942E5	1.00896E5
520	2.44637E6	1.10572E6	3.47377E7	8.32046E5	7.02294E5	5.85974E5	5.1104E5	4.66138E5	4.41425E5	4.25115E5	4.1019E5	4.03639E5	3.91557E5	3.82999E5	3.37624E5	2.90602E5	2.51185E5	2.13153E5	1.76626E5	1.51656E5	2.24942E5	1.06909E5
522	2.8098E6	1.04853E6	3.66558E7	8.46497E5	6.82639E5	5.80686E5	5.01424E5	4.59214E5	4.33872E5	4.13762E5	4.05604E5	3.9157E5	3.85275E5	3.72409E5	3.3002E5	2.86707E5	2.42732E5	2.12337E5	1.78598E5	1.52993E5	2.04596E5	1.17914E5
524	2.93997E6	1.00838E6	3.38216E7	8.33467E5	6.75497E5	5.59628E5	4.94708E5	4.45237E5	4.2394E5	4.05898E5	3.93664E5	3.85243E5	3.69982E5	3.63379E5	3.20752E5	2.81815E5	2.4281E5	2.05492E5	1.74509E5	1.51158E5	1.79986E5	1.35352E5
526	2.97857E6	9.94369E5	2.7714E7	8.93132E5	6.65393E5	5.56201E5	4.86483E5	4.30196E5	4.08283E5	3.98177E5	3.87637E5	3.72852E5	3.68426E5	3.5717E5	3.13265E5	2.74694E5	2.3724E5	2.04012E5	1.72314E5	1.48653E5	1.58435E5	1.53169E5
528	2.91399E6	9.607E5	1.96523E7	1.52972E6	6.52057E5	5.43687E5	4.74072E5	4.32715E5	4.03395E5	3.89804E5	3.81502E5	3.67482E5	3.60891E5	3.46049E5	3.08151E5	2.7225E5	2.3516E5	2.00288E5	1.71519E5	1.44606E5	1.40205E5	1.69574E5
530	2.5447E6	9.55892E5	1.12953E7	3.75287E6	6.34168E5	5.35649E5	4.62055E5	4.20236E5	3.97667E5	3.81519E5	3.66016E5	3.59903E5	3.52332E5	3.36358E5	3.01351E5	2.64792E5	2.28321E5	1.9635E5	1.70426E5	1.4416E5	1.2932E5	1.84548E5
532	2.05354E6	9.62708E5	4.92471E6	8.60465E6	6.38316E5	5.29874E5	4.52961E5	4.12401E5	3.85977E5	3.70865E5	3.57527E5	3.4766E5	3.423E5	3.3279E5	2.95366E5	2.57661E5	2.27152E5	1.93997E5	1.67579E5	1.42516E5	1.20799E5	1.85198E5
534	1.67674E6	1.03871E6	1.85977E6	1.60092E7	6.25985E5	5.18492E5	4.41222E5	4.01708E5	3.77716E5	3.64174E5	3.48953E5	3.38982E5	3.30034E5	3.23996E5	2.8965E5	2.53901E5	2.19592E5	1.89623E5	1.62941E5	1.41452E5	1.17944E5	1.81892E5
536	1.31022E6	1.18597E6	1.0166E6	2.47412E7	6.20248E5	5.11672E5	4.3487E5	3.88031E5	3.68013E5	3.59064E5	3.4181E5	3.31017E5	3.21387E5	3.15763E5	2.82178E5	2.47355E5	2.16561E5	1.87972E5	1.61949E5	1.38711E5	1.16525E5	1.67062E5
538	1.07015E6	1.41474E6	9.24882E5	3.30522E7	6.09412E5	4.9185E5	4.27981E5	3.84842E5	3.59243E5	3.46741E5	3.33999E5	3.21406E5	3.15098E5	3.11418E5	2.74823E5	2.42679E5	2.13406E5	1.85662E5	1.59466E5	1.37047E5	1.14609E5	1.45568E5
540	9.39396E5	1.78164E6	8.62293E5	3.87459E7	5.96806E5	4.86226E5	4.20875E5	3.72483E5	3.48654E5	3.35845E5	3.26156E5	3.1281E5	3.07465E5	3.00841E5	2.66962E5	2.36724E5	2.06554E5	1.79085E5	1.56203E5	1.32357E5	1.12215E5	1.23985E5
542	8.38761E5	2.12769E6	8.28918E5	3.99614E7	5.98995E5	4.81975E5	4.07475E5	3.63176E5	3.39358E5	3.30094E5	3.15287E5	3.05346E5	3.0131E5	2.91721E5	2.587E5	2.28499E5	2.03125E5	1.76577E5	1.4982E5	1.32261E5	1.11491E5	1.11272E5
544	8.02359E5	2.56087E6	7.90846E5	3.61097E7	6.07428E5	4.65586E5	3.97503E5	3.55048E5	3.32992E5	3.1702E5	3.07162E5	2.97915E5	2.89829E5	2.80816E5	2.5202E5	2.22867E5	1.99697E5	1.72153E5	1.48721E5	1.30121E5	1.09413E5	9.82994E4
546	8.01978E5	2.82827E6	7.69422E5	2.89327E7	7.04787E5	4.58981E5	3.98067E5	3.55317E5	3.20506E5	3.08553E5	2.98897E5	2.91287E5	2.85359E5	2.77288E5	2.45789E5	2.1885E5	1.92361E5	1.69498E5	1.47957E5	1.26033E5	1.07488E5	9.42056E4
548	7.71093E5	3.0129E6	7.43053E5	1.98301E7	1.56063E6	4.55513E5	3.81658E5	3.36164E5	3.13319E5	3.02559E5	2.89816E5	2.82765E5	2.78285E5	2.66313E5	2.42175E5	2.158E5	1.93101E5	1.66168E5	1.44655E5	1.23833E5	1.0631E5	8.98725E4
550	7.43058E5	2.93155E6	7.12463E5	1.11695E7	4.33867E6	4.49773E5	3.74348E5	3.31392E5	3.06846E5	2.94776E5	2.8279E5	2.76565E5	2.65376E5	2.6302E5	2.3986E5	2.07045E5	1.86375E5	1.61907E5	1.4054E5	1.23275E5	1.02771E5	8.91565E4
552	7.40815E5	2.67695E6	6.98214E5	4.77454E6	9.85684E6	4.47716E5	3.68032E5	3.25501E5	3.00793E5	2.85845E5	2.78254E5	2.65811E5	2.58499E5	2.56034E5	2.30836E5	2.05602E5	1.78072E5	1.60147E5	1.38242E5	1.22688E5	1.01887E5	8.56117E4
554	7.11798E5	2.3004E6	7.17552E5	1.66106E6	1.77649E7	4.35201E5	3.5764E5	3.20387E5	2.94058E5	2.77802E5	2.71206E5	2.60856E5	2.54038E5	2.50279E5	2.25749E5	1.99616E5	1.77401E5	1.53026E5	1.35407E5	1.17953E5	1.00019E5	8.65485E4
556	6.78036E5	1.8692E6	7.47927E5	8.2275E5	2.65884E7	4.27567E5	3.5112E5	3.15176E5	2.88066E5	2.7579E5	2.6071E5	2.52109E5	2.48984E5	2.4403E5	2.18801E5	1.94037E5	1.71421E5	1.51913E5	1.3186E5	1.13086E5	9.92906E4	8.35112E4
558	6.84631E5	1.42876E6	8.28421E5	7.02259E5	3.49799E7	4.21469E5	3.44428E5	3.04445E5	2.79641E5	2.64603E5	2.53914E5	2.45481E5	2.42354E5	2.31367E5	2.0932E5	1.89255E5	1.68142E5	1.49137E5	1.31236E5	1.14201E5	9.57575E4	8.32685E4
560	6.24547E5	1.07273E6	1.03794E6	6.553E5	4.04888E7	4.25982E5	3.38533E5	2.96593E5	2.72401E5	2.57655E5	2.51443E5	2.38848E5	2.34945E5	2.28715E5	2.08366E5	1.8277E5	1.64116E5	1.44728E5	1.27715E5	1.11939E5	9.45314E4	8.04578E4
562	6.13881E5	8.43334E5	1.32193E6	6.40527E5	4.14451E7	4.20691E5	3.33763E5	2.89035E5	2.67601E5	2.50026E5	2.41204E5	2.35055E5	2.24114E5	2.24165E5	1.98755E5	1.79165E5	1.59581E5	1.41214E5	1.23239E5	1.08046E5	9.19368E4	7.80193E4
564	6.37413E5	6.78253E5	1.68886E6	5.90986E5	3.72019E7	4.33751E5	3.23317E5	2.84256E5	2.59528E5	2.44783E5	2.3433E5	2.27721E5	2.20009E5	2.13973E5	1.9756E5	1.72465E5	1.52526E5	1.37802E5	1.20696E5	1.06621E5	9.07318E4	7.718E4
566	5.9979E5	6.1876E5	2.04058E6	5.83196E5	2.96873E7	5.39853E5	3.2148E5	2.78976E5	2.52717E5	2.36911E5	2.26402E5	2.2016E5	2.13847E5	2.11131E5	1.8804E5	1.69019E5	1.52967E5	1.32487E5	1.17019E5	1.04427E5	9.09663E4	7.59961E4
568	6.1312E5	5.90317E5	2.40152E6	5.6538E5	2.01502E7	1.52579E6	3.20628E5	2.73529E5	2.45938E5	2.32206E5	2.23928E5	2.13067E5	2.0864E5	2.03401E5	1.85561E5	1.63143E5	1.48534E5	1.29453E5	1.15624E5	1.03087E5	8.75533E4	7.30193E4
570	6.26093E5	5.5629E5	2.61014E6	5.49241E5	1.10289E7	4.70095E6	3.103E5	2.62929E5	2.42141E5	2.25876E5	2.14414E5	2.07189E5	1.99116E5	1.98712E5	1.8005E5	1.57948E5	1.42567E5	1.28357E5	1.12337E5	9.94025E4	8.61952E4	7.09124E4
572	5.76762E5	5.42506E5	2.7241E6	5.40473E5	4.57822E6	1.0718E7	3.05494E5	2.5641E5	2.36874E5	2.18224E5	2.07829E5	2.04867E5	1.9603E5	1.91672E5	1.75596E5	1.53979E5	1.3801E5	1.25117E5	1.10148E5	9.85841E4	8.35998E4	7.13378E4
574	5.62524E5	5.33417E5	2.59755E6	5.19149E5	1.44543E6	1.91224E7	3.04274E5	2.58049E5	2.35252E5	2.13761E5	2.02372E5	1.95346E5	1.86109E5	1.84635E5	1.69366E5	1.5227E5	1.36255E5	1.18743E5	1.05258E5	9.324E4	8.02179E4	7.06523E4
576	5.77321E5	5.11479E5	2.28795E6	5.21249E5	6.33839E5	2.80324E7	3.02001E5	2.51263E5	2.23656E5	2.0857E5	1.9864E5	1.8945E5	1.82951E5	1.79491E5	1.63165E5	1.46375E5	1.31805E5	1.15142E5	1.04296E5	9.09266E4	8.01267E4	6.78723E4
578	5.61876E5	4.95219E5	1.95818E6	5.19306E5	5.53464E5	3.60801E7	2.9381E5	2.4224E5	2.21869E5	2.03916E5	1.89859E5	1.83105E5	1.81631E5	1.79099E5	1.59908E5	1.40864E5	1.27928E5	1.13335E5	1.01246E5	8.65302E4	7.66405E4	6.68901E4
580	5.62313E5	5.06081E5	1.54033E6	5.66544E5	5.12475E5	4.14694E7	2.93489E5	2.38419E5	2.15091E5	1.97382E5	1.87332E5	1.76738E5	1.73849E5	1.70853E5	1.53331E5	1.36371E5	1.24324E5	1.10591E5	9.81067E4	8.752E4	7.60642E4	6.32577E4
582	5.85979E5	4.66777E5	1.16361E6	7.05227E5	4.91647E5	4.20494E7	3.01636E5	2.36684E5	2.06559E5	1.91771E5	1.81995E5	1.73312E5	1.67048E5	1.65935E5	1.47351E5	1.33331E5	1.19533E5	1.06317E5	9.51036E4	8.73399E4	7.35029E4	6.49173E4
584	5.3156E5	4.82234E5	8.61013E5	8.82853E5	4.78188E5	3.73463E7	3.1987E5	2.31373E5	2.02702E5	1.87047E5	1.75315E5	1.6841E5	1.67062E5	1.62019E5	1.44056E5	1.28176E5	1.14719E5	1.05891E5	9.24984E4	8.19548E4	7.03524E4	6.38672E4
586	5.94169E5	4.6125E5	6.58368E5	1.13126E6	4.67292E5	2.93765E7	4.05026E5	2.28288E5	1.95403E5	1.80484E5	1.7154E5	1.61441E5	1.57822E5	1.5626E5	1.43481E5	1.27416E5	1.14522E5	1.02797E5	9.00123E4	8.16728E4	7.06752E4	6.01536E4
588	5.46614E5	4.5919E5	5.29178E5	1.47016E6	4.55793E5	1.93909E7	1.34991E6	2.27972E5	1.96165E5	1.76035E5	1.67259E5	1.60968E5	1.56918E5	1.50424E5	1.35809E5	1.2118E5	1.10621E5	9.81185E4	8.95186E4	7.87659E4	6.69467E4	5.86262E4
590	5.13628E5	4.44336E5	4.8698E5	1.80089E6	4.4974E5	1.01156E7	4.68952E6	2.23125E5	1.91318E5	1.7279E5	1.61132E5	1.53556E5	1.49662E5	1.44955E5	1.31888E5	1.19254E5	1.05729E5	9.47367E4	8.47564E4	7.65501E4	6.49043E4	5.6255E4
592	4.90506E5	4.40808E5	4.47892E5	2.14308E6	4.40773E5	3.74293E6	1.13391E7	2.24389E5	1.82732E5	1.68209E5	1.58699E5	1.50495E5	1.47163E5	1.43412E5	1.29142E5	1.12896E5	1.0241E5	9.33266E4	8.26381E4	7.46754E4	6.48149E4	5.51218E4
594	5.0029E5	4.28788E5	4.4487E5	2.32175E6	4.35023E5	1.09184E6	2.01476E7	2.10319E5	1.79488E5	1.59421E5	1.54772E5	1.44296E5	1.39737E5	1.38256E5	1.25112E5	1.08547E5	9.97634E4	9.07506E4	8.03441E4	7.22642E4	6.27287E4	5.30727E4
596	4.77917E5	4.29855E5	4.22079E5	2.38225E6	4.24806E5	4.93531E5	2.9608E7	2.07763E5	1.75097E5	1.61211E5	1.49368E5	1.38732E5	1.3553E5	1.32095E5	1.23333E5	1.06104E5	9.6748E4	8.72258E4	7.75257E4	6.87043E4	6.0288E4	5.19315E4
598	5.19506E5	4.17809E5	4.30019E5	2.26451E6	4.31204E5	4.31898E5	3.781E7	2.17327E5	1.70121E5	1.5687E5	1.42807E5	1.34988E5	1.32474E5	1.29812E5	1.14432E5	1.04873E5	9.44366E4	8.4587E4	7.56253E4	6.94523E4	5.96866E4	5.02498E4
600	5.18491E5	4.27466E5	4.09489E5	2.03033E6	4.3246E5	4.01416E5	4.25355E7	2.13068E5	1.68091E5	1.50627E5	1.39797E5	1.31717E5	1.27268E5	1.24959E5	1.13618E5	1.01777E5	9.17451E4	8.10339E4	7.52677E4	6.55607E4	5.78611E4	5.04087E4
