300	3.83384E5	2.19259E5	2.2552E5	2.62969E6	4.07014E5	4.54684E5	5.64833E7	2.59381E5	3.68303E4	2.27286E4	1.41439E4	1.21414E4	1.01688E4	8311.71943	8018.9778	6518.9403	5747.69818	4652.08883	4212.12958	4275.02833	3938.68207	2952.31773
302	4.01516E5	2.3475E5	2.24785E5	1.75677E6	7.1773E5	2.8029E5	4.98752E7	3.08727E6	4.18732E4	2.38848E4	1.50641E4	1.26395E4	1.00078E4	8373.11159	7166.59233	5896.63031	5058.18797	4923.7863	4515.44745	3941.99198	3859.41798	3450.24258
304	3.47012E5	2.42749E5	2.43497E5	1.00186E6	1.28939E6	2.60303E5	3.32163E7	1.30827E7	5.26679E4	2.47105E4	1.76926E4	1.19966E4	1.04804E4	9172.52126	7546.47803	6193.78039	6056.81649	4904.86779	4287.01644	4059.8145	3836.13809	3848.50793
306	4.2594E5	2.56998E5	2.46108E5	5.62493E5	2.03341E6	2.54619E5	1.46411E7	3.07811E7	6.31336E4	2.84486E4	1.86942E4	1.26616E4	1.04164E4	7720.21984	6913.87776	6155.9439	5681.79509	5050.09845	4158.70606	3924.65587	3698.30483	3083.05001
308	4.128E5	2.62374E5	2.53631E5	3.79438E5	2.69426E6	2.48037E5	3.50087E6	4.74875E7	9.08964E4	2.92439E4	1.8826E4	1.31313E4	9932.39543	8880.24388	8107.10717	6302.18251	4983.29011	4741.22373	4295.90522	3490.58577	3905.95551	3305.44857
310	4.29275E5	2.61715E5	2.63461E5	3.28039E5	2.84772E6	2.65828E5	4.40246E5	5.39002E7	2.66902E5	3.16855E4	1.91801E4	1.36578E4	1.01554E4	9120.45219	7547.51149	6017.53311	5133.22216	4926.27932	4442.57975	3889.64548	3577.38898	3000.57865
312	4.08767E5	2.6526E5	2.74156E5	3.30977E5	2.42515E6	3.53938E5	2.28967E5	4.78992E7	2.99105E6	3.6818E4	2.10282E4	1.36695E4	1.02312E4	8855.43915	7818.77517	6053.67382	5307.31374	4439.12781	4348.77823	3967.94467	3853.21702	3296.42313
314	4.51043E5	2.73129E5	2.81189E5	3.24078E5	1.68123E6	6.13348E5	1.95697E5	3.13814E7	1.34924E7	4.47238E4	2.22627E4	1.52413E4	1.17407E4	9388.8515	7440.41767	6581.46556	5202.48249	4504.80121	4142.00552	3851.95189	3073.30837	3227.60886
316	4.55184E5	2.82067E5	2.92573E5	3.28827E5	1.00785E6	1.09315E6	1.87338E5	1.33032E7	2.98221E7	5.68415E4	2.33108E4	1.58565E4	1.16982E4	9339.02471	7225.87264	5699.21234	4730.45905	4982.38842	4174.72426	3506.91	3533.40515	3066.01365
318	4.44089E5	2.85637E5	3.03036E5	3.43314E5	6.1081E5	1.73877E6	1.81234E5	3.07821E6	4.25012E7	8.00377E4	2.61664E4	1.72667E4	1.19392E4	9002.57655	7451.07491	6207.44511	5229.91649	4630.59619	4255.43247	3938.29869	3114.0905	2853.48962
320	4.30481E5	3.11458E5	3.11012E5	3.48825E5	4.34676E5	2.26161E6	1.86042E5	3.47299E5	4.65862E7	2.41357E5	2.97855E4	1.68581E4	1.21462E4	9725.675	8168.0623	5914.94041	4855.8028	4447.819	4274.67846	3831.20602	3714.25928	3256.96948
322	4.81483E5	3.12048E5	3.19186E5	3.49743E5	4.02221E5	2.38079E6	1.96782E5	1.90812E5	4.01817E7	2.69151E6	3.24896E4	1.73398E4	1.24622E4	9691.72627	7755.90381	6850.37323	5015.47297	5046.95358	4081.45662	3810.12061	3265.51217	3298.37647
324	4.63083E5	3.10631E5	3.17921E5	3.4913E5	3.91625E5	2.01984E6	2.70293E5	1.6085E5	2.60845E7	1.13165E7	3.83889E4	1.86633E4	1.28087E4	9409.31639	7951.06112	6445.41057	4810.8501	4450.5031	3790.66154	3723.30516	3283.67896	3046.71718
326	4.55862E5	3.06578E5	3.20927E5	3.56971E5	3.86011E5	1.46201E6	4.62004E5	1.52424E5	1.11056E7	2.47323E7	4.85515E4	1.92893E4	1.37475E4	1.0172E4	7699.22331	6085.35927	5124.15971	4631.9191	4315.849	3875.80183	3486.96285	2870.27996
328	4.93642E5	3.35584E5	3.42903E5	3.72375E5	3.87896E5	9.30374E5	8.18954E5	1.51568E5	2.66942E6	3.5019E7	7.03988E4	2.09082E4	1.43419E4	1.06663E4	8083.69392	5573.18441	4860.57652	4178.75161	4032.74144	3902.16661	3160.82912	2978.39923
330	5.20553E5	3.38845E5	3.48548E5	3.75762E5	3.87936E5	5.77982E5	1.3424E6	1.52598E5	3.01358E5	3.86886E7	2.12476E5	2.45563E4	1.42241E4	1.12948E4	8217.47038	6167.49061	5273.01785	4403.92514	3633.30466	3836.43535	3398.39458	2926.59274
332	5.27986E5	3.52403E5	3.46007E5	3.75419E5	4.00455E5	4.24055E5	1.78593E6	1.59328E5	1.69763E5	3.46123E7	2.28747E6	2.73493E4	1.40579E4	1.17081E4	8453.19317	6012.44236	5100.17009	4019.60216	3727.48575	3271.06721	3290.12383	2898.12572
334	5.65764E5	3.62059E5	3.4734E5	3.88099E5	4.02298E5	3.71776E5	1.96512E6	1.70749E5	1.43824E5	2.40701E7	9.46696E6	3.22479E4	1.66112E4	1.18892E4	8173.34	5884.81129	5291.0068	4530.3274	3231.13853	3966.45252	3265.52905	2732.319
336	6.08061E5	3.79179E5	3.62439E5	3.92519E5	4.1382E5	3.6586E5	1.76891E6	2.24848E5	1.39491E5	1.09721E7	2.09617E7	4.21817E4	1.59924E4	1.21629E4	7912.73468	6049.434	5315.82868	4450.83168	3574.95111	3504.49944	2990.10101	2683.21819
338	6.33457E5	3.82746E5	3.67496E5	3.88729E5	4.1507E5	3.76463E5	1.36467E6	3.51932E5	1.40912E5	2.85591E6	2.94772E7	6.04164E4	1.87848E4	1.26193E4	8345.39076	6100.30478	4749.92039	4197.70183	3448.72479	3243.46639	3018.129	2748.23939
340	6.38286E5	4.02131E5	3.68886E5	3.93459E5	4.16302E5	3.83069E5	8.90235E5	6.32857E5	1.45744E5	3.16033E5	3.24931E7	1.60441E5	2.09769E4	1.28248E4	8479.79819	6009.85215	4811.71035	4611.40253	3928.33532	3341.15546	2974.66114	2605.80669
342	6.40568E5	4.14236E5	3.76856E5	4.05963E5	4.23193E5	3.79311E5	5.68207E5	1.00339E6	1.47759E5	1.56664E5	2.9263E7	1.76614E6	2.37714E4	1.25186E4	9317.95188	6156.54516	5046.25279	4063.51247	3637.97442	3282.47016	2972.60702	2712.3358
344	6.9752E5	4.31574E5	3.88418E5	4.02352E5	4.2649E5	3.94239E5	4.01344E5	1.41741E6	1.59363E5	1.34875E5	2.00305E7	8.29768E6	2.6893E4	1.40326E4	9903.29276	6428.44205	4707.71219	3944.95518	3692.61541	3214.37405	3050.13981	2759.6598
346	6.6878E5	4.42384E5	3.97132E5	4.13273E5	4.3219E5	4.02989E5	3.47896E5	1.62321E6	1.69129E5	1.33533E5	9.24988E6	1.78125E7	3.55135E4	1.46039E4	9879.24452	6559.55995	5217.88759	3867.32338	3461.21539	3098.52841	3015.09433	2591.47567
348	7.13034E5	4.49596E5	4.04604E5	4.16732E5	4.32042E5	4.11008E5	3.49569E5	1.54045E6	2.1656E5	1.37652E5	2.17661E6	2.51038E7	5.11941E4	1.56868E4	9944.49785	6666.90094	4579.88501	4249.12499	3433.11506	2985.5849	2852.38537	2577.20318
350	7.2446E5	4.58971E5	4.20489E5	4.24817E5	4.44688E5	4.21904E5	3.54145E5	1.24355E6	3.09964E5	1.4984E5	2.75474E5	2.705E7	1.13037E5	1.82132E4	9795.04835	7579.57447	4938.83661	4326.85612	3289.95377	3188.05687	2880.53233	2480.13744
352	7.28252E5	5.06987E5	4.31457E5	4.31852E5	4.45939E5	4.27174E5	3.64975E5	8.6385E5	5.10477E5	1.56247E5	1.46639E5	2.41207E7	1.48742E6	2.0248E4	1.07808E4	7606.33805	5106.87397	4039.31052	3616.30453	3023.05725	2789.81192	2445.01748
354	7.11048E5	5.42942E5	4.34563E5	4.31514E5	4.48205E5	4.38068E5	3.74335E5	5.79429E5	7.89706E5	1.6953E5	1.34538E5	1.71016E7	6.53566E6	2.41454E4	1.02848E4	7582.60336	5154.81585	3828.07007	3697.96652	2895.05097	2741.42458	2463.34824
356	7.67473E5	5.3697E5	4.63911E5	4.39832E5	4.49464E5	4.4597E5	3.99009E5	4.30239E5	1.09115E6	1.82264E5	1.34037E5	7.93604E6	1.4787E7	3.15802E4	1.18637E4	7433.69256	5203.71861	4258.56395	3395.7444	3108.81205	2615.99508	2271.07397
358	7.38186E5	5.6788E5	4.79637E5	4.50867E5	4.62015E5	4.63037E5	4.07639E5	3.80484E5	1.31098E6	2.02244E5	1.41376E5	2.0676E6	2.11536E7	4.66308E4	1.33645E4	7627.53223	5796.75075	3944.6181	3612.30046	3276.25841	2790.69256	2158.78004
360	7.91648E5	6.01849E5	4.91349E5	4.69355E5	4.71681E5	4.69738E5	4.28985E5	3.76527E5	1.32576E6	2.29491E5	1.52212E5	2.57133E5	2.34933E7	1.07203E5	1.3864E4	8062.59675	5953.58841	4098.5262	3618.18221	3010.37779	2803.75081	2114.79222
362	8.14582E5	6.20788E5	5.09407E5	4.76618E5	4.82423E5	4.82031E5	4.4085E5	3.8701E5	1.15468E6	2.89482E5	1.63895E5	1.39046E5	2.18341E7	1.30301E6	1.67366E4	8583.88583	6137.0717	4380.16778	3615.03861	2907.7549	2606.27158	2270.32648
364	8.88405E5	6.35826E5	5.3709E5	4.84104E5	4.87116E5	4.99951E5	4.59568E5	3.99408E5	8.82529E5	4.15798E5	1.7729E5	1.27381E5	1.62644E7	6.07406E6	1.97722E4	9090.89137	6442.37361	4606.33289	3556.33576	3233.23463	2750.52606	2170.90589
366	8.88477E5	6.68658E5	5.54719E5	5.02891E5	5.00443E5	5.11856E5	4.77514E5	4.23662E5	6.33628E5	6.30238E5	1.91205E5	1.26223E5	7.80504E6	1.40179E7	2.64413E4	1.00408E4	6245.97019	4763.76234	3749.69673	3016.73144	2628.4072	2488.59638
368	8.97421E5	7.00484E5	5.78121E5	5.2079E5	5.07327E5	5.18991E5	4.96794E5	4.45508E5	4.90436E5	8.76381E5	2.05438E5	1.353E5	2.07277E6	1.97052E7	4.03037E4	1.02964E4	6521.41743	5252.68145	3505.21363	3083.9336	2577.27109	2306.65719
370	9.60592E5	7.4699E5	6.03921E5	5.3599E5	5.20925E5	5.31079E5	5.11601E5	4.6515E5	4.34764E5	1.09137E6	2.26543E5	1.43696E5	2.30414E5	2.16068E7	9.42376E4	1.19818E4	7032.71964	5624.69159	3536.68733	3295.22994	2605.11496	2374.82523
372	9.43643E5	7.75555E5	6.31629E5	5.46664E5	5.34605E5	5.45469E5	5.27854E5	4.90185E5	4.30165E5	1.16112E6	2.52521E5	1.5784E5	1.24028E5	1.95877E7	1.18223E6	1.43501E4	7078.41432	5511.63839	3774.08003	3068.69984	2565.41569	2059.33716
374	9.82942E5	7.94921E5	6.48861E5	5.65612E5	5.44566E5	5.55033E5	5.50815E5	5.02667E5	4.43018E5	1.06777E6	2.99853E5	1.69531E5	1.10825E5	1.39346E7	5.55556E6	1.66498E4	7894.82776	5559.0935	3874.91488	3223.99677	2862.81997	2321.36759
376	1.03537E6	8.28586E5	6.67859E5	5.76223E5	5.59792E5	5.68321E5	5.66768E5	5.17036E5	4.60384E5	8.7982E5	3.8859E5	1.80579E5	1.11399E5	6.43183E6	1.22456E7	2.21221E4	8322.26144	5561.03627	4358.55874	3220.50369	2916.33287	2265.24119
378	1.02205E6	8.49581E5	7.04976E5	5.97572E5	5.71197E5	5.83102E5	5.84164E5	5.43512E5	4.76568E5	6.78927E5	5.46395E5	1.93341E5	1.19368E5	1.51845E6	1.72408E7	3.39262E4	8930.21773	5284.78578	4188.31413	3347.86643	2904.17461	2156.84269
380	1.05459E6	8.98707E5	7.2442E5	6.15184E5	5.8872E5	5.95785E5	6.00793E5	5.73518E5	4.98647E5	5.47293E5	7.40222E5	2.09565E5	1.29617E5	1.86405E5	1.87311E7	8.47519E4	1.05667E4	5678.22891	4641.20455	3129.93936	2788.70375	2248.23631
382	1.10893E6	9.40225E5	7.62223E5	6.4252E5	6.08642E5	6.25513E5	6.22894E5	5.97776E5	5.21296E5	4.90557E5	9.25059E5	2.28487E5	1.39422E5	1.14701E5	1.73363E7	1.00471E6	1.2059E4	6268.96874	4556.00679	3587.97272	2844.95583	2339.0058
384	1.14711E6	9.64838E5	8.01803E5	6.57624E5	6.25462E5	6.35665E5	6.4498E5	6.1216E5	5.42096E5	4.78184E5	1.02793E6	2.52433E5	1.54037E5	1.03525E5	1.28181E7	4.63285E6	1.51388E4	6825.9583	4450.81672	3697.85628	2844.22744	2180.14256
386	1.1942E6	1.0053E6	8.20993E5	6.85852E5	6.41012E5	6.48381E5	6.63214E5	6.37653E5	5.70917E5	4.85875E5	1.01172E6	2.88329E5	1.66092E5	1.05048E5	6.16829E6	1.07561E7	2.06749E4	7703.22585	4761.1124	3872.78542	2762.88256	2375.56731
388	1.20684E6	1.03873E6	8.51148E5	7.03319E5	6.61889E5	6.72094E5	6.78104E5	6.65266E5	5.85912E5	5.04822E5	8.93684E5	3.52126E5	1.7976E5	1.12045E5	1.68238E6	1.54558E7	3.10295E4	8403.33296	5379.63704	4459.29619	2793.19825	2135.53655
390	1.26952E6	1.09137E6	8.70308E5	7.27722E5	6.75977E5	6.87487E5	7.00032E5	6.83382E5	6.05118E5	5.2026E5	7.39608E5	4.571E5	1.95712E5	1.23691E5	2.0678E5	1.74476E7	7.45096E4	9920.12706	5543.205	4178.76503	3188.71978	2426.42299
392	1.28372E6	1.10415E6	8.97301E5	7.50647E5	6.8329E5	7.00165E5	7.2126E5	6.99509E5	6.23992E5	5.36689E5	6.02456E5	6.18145E5	2.11988E5	1.33669E5	1.05346E5	1.63353E7	1.01132E6	1.22744E4	5686.12537	4643.50893	3478.91089	2641.21114
394	1.28124E6	1.16082E6	9.36861E5	7.60629E5	7.04834E5	7.18183E5	7.35188E5	7.14393E5	6.50039E5	5.5934E5	5.30536E5	7.83714E5	2.28322E5	1.46643E5	9.5347E4	1.23726E7	4.47637E6	1.40951E4	6264.51279	4650.68153	3262.95795	2755.83828
396	1.39011E6	1.18815E6	9.72465E5	7.91233E5	7.21609E5	7.34694E5	7.53275E5	7.33015E5	6.64893E5	5.76806E5	5.05803E5	9.0365E5	2.49163E5	1.60281E5	9.78152E4	6.03773E6	1.02945E7	1.97162E4	7025.40171	4700.24497	4086.41948	2523.15822
398	1.41572E6	1.20756E6	9.85116E5	8.04772E5	7.38143E5	7.50895E5	7.64158E5	7.48967E5	6.82397E5	5.9564E5	5.07844E5	9.33678E5	2.75786E5	1.71003E5	1.00936E5	1.62942E6	1.45753E7	2.84689E4	7971.72824	4806.19585	3894.24362	2641.38347
400	1.38137E6	1.24622E6	1.02397E6	8.28299E5	7.53257E5	7.52783E5	7.78537E5	7.68407E5	7.01052E5	6.10897E5	5.20852E5	8.66453E5	3.18051E5	1.86271E5	1.10282E5	1.95614E5	1.60275E7	6.22307E4	8793.02757	5109.97022	3767.61089	2572.91073
402	1.42531E6	1.28314E6	1.05065E6	8.44694E5	7.65512E5	7.7147E5	7.93285E5	7.77079E5	7.17473E5	6.35567E5	5.37971E5	7.44146E5	3.96781E5	2.02436E5	1.1925E5	9.70223E4	1.47103E7	7.9177E5	1.03762E4	5404.82625	4188.82114	3079.64603
404	1.47338E6	1.28591E6	1.07721E6	8.69051E5	7.89589E5	7.92347E5	8.07612E5	7.91433E5	7.31245E5	6.52227E5	5.51429E5	6.2418E5	5.10465E5	2.20724E5	1.30201E5	8.84153E4	1.05724E7	3.91946E6	1.29702E4	6112.39733	3756.85507	3291.62253
406	1.49664E6	1.32804E6	1.1004E6	8.84925E5	8.00652E5	7.93594E5	8.16278E5	8.11767E5	7.46543E5	6.65445E5	5.67787E5	5.45237E5	6.46248E5	2.35317E5	1.41114E5	8.52325E4	4.99185E6	9.15339E6	1.69172E4	6335.40404	3932.19691	3219.09413
408	1.46763E6	1.36085E6	1.12265E6	9.06501E5	8.15342E5	8.08758E5	8.252E5	8.22468E5	7.6114E5	6.81103E5	5.82421E5	5.09173E5	7.69353E5	2.49144E5	1.5305E5	8.99172E4	1.23048E6	1.35768E7	2.54099E4	6991.11152	4256.5243	3572.43643
410	1.52507E6	1.38649E6	1.1512E6	9.28169E5	8.23577E5	8.21644E5	8.34127E5	8.27599E5	7.74266E5	6.94456E5	5.97227E5	5.03502E5	8.40709E5	2.71399E5	1.64245E5	9.71707E4	1.42377E5	1.52126E7	5.23463E4	7941.35977	4614.55889	3365.87173
412	1.53907E6	1.40025E6	1.16829E6	9.38439E5	8.33791E5	8.23287E5	8.43224E5	8.42632E5	7.82273E5	7.06776E5	6.16469E5	5.10348E5	8.29319E5	3.02558E5	1.75851E5	1.04823E5	8.40218E4	1.40519E7	6.11844E5	9650.3236	4706.12633	3121.7893
414	1.55916E6	1.42255E6	1.20817E6	9.69117E5	8.49281E5	8.32743E5	8.53352E5	8.49458E5	7.91325E5	7.20732E5	6.32639E5	5.23869E5	7.55462E5	3.56099E5	1.88898E5	1.13052E5	7.62352E4	1.03258E7	3.1249E6	1.19319E4	5387.64114	3259.38188
416	1.60975E6	1.42918E6	1.21727E6	9.88828E5	8.54265E5	8.40072E5	8.54343E5	8.5409E5	8.08963E5	7.32195E5	6.48193E5	5.37458E5	6.54284E5	4.35532E5	2.02456E5	1.22486E5	7.54735E4	4.91358E6	8.05372E6	1.58736E4	5868.15934	3650.85462
418	1.63189E6	1.46022E6	1.21665E6	9.99928E5	8.74506E5	8.44835E5	8.57183E5	8.52896E5	8.17067E5	7.43151E5	6.60203E5	5.53488E5	5.71884E5	5.40762E5	2.14256E5	1.32225E5	7.85194E4	1.23925E6	1.25746E7	2.44097E4	6322.33257	3570.10126
420	1.62532E6	1.47589E6	1.25136E6	1.01722E6	8.82836E5	8.61157E5	8.71182E5	8.58664E5	8.1846E5	7.60862E5	6.70865E5	5.6816E5	5.11568E5	6.53235E5	2.27171E5	1.41616E5	8.23009E4	1.41239E5	1.44301E7	5.12347E4	7243.05256	4096.71743
422	1.62706E6	1.5057E6	1.26704E6	1.02795E6	8.94105E5	8.6029E5	8.64329E5	8.67308E5	8.21735E5	7.62314E5	6.87897E5	5.79391E5	4.92237E5	7.4668E5	2.44047E5	1.50055E5	9.08519E4	7.54268E4	1.35272E7	7.04529E5	8241.3463	4161.61485
424	1.63839E6	1.51117E6	1.29693E6	1.05137E6	9.0265E5	8.66998E5	8.65395E5	8.69194E5	8.27905E5	7.70578E5	6.94869E5	5.92584E5	4.98746E5	7.70545E5	2.64959E5	1.59661E5	9.77192E4	6.8294E4	9.91047E6	3.43835E6	1.06502E4	4502.79573
426	1.68898E6	1.52468E6	1.30586E6	1.07058E6	9.08334E5	8.68193E5	8.71916E5	8.63739E5	8.33097E5	7.73209E5	7.04884E5	6.06904E5	5.05186E5	7.32461E5	3.00421E5	1.73637E5	1.04985E5	6.66851E4	4.47034E6	8.5257E6	1.43948E4	4922.79027
428	1.6524E6	1.54762E6	1.32385E6	1.0709E6	9.17424E5	8.76449E5	8.68689E5	8.69828E5	8.37409E5	7.83657E5	7.09856E5	6.12194E5	5.1767E5	6.49806E5	3.56386E5	1.85566E5	1.13768E5	6.77272E4	1.07594E6	1.27572E7	2.18877E4	5398.52108
430	1.63202E6	1.54559E6	1.34035E6	1.08962E6	9.35839E5	8.78665E5	8.69156E5	8.69918E5	8.40219E5	7.88477E5	7.17458E5	6.25603E5	5.26596E5	5.60378E5	4.29406E5	1.94219E5	1.20874E5	7.26238E4	1.21573E5	1.42459E7	4.99765E4	6235.07055
432	1.66289E6	1.53618E6	1.3565E6	1.10107E6	9.3915E5	8.77246E5	8.6061E5	8.66286E5	8.37832E5	7.9604E5	7.24943E5	6.32909E5	5.36513E5	5.07783E5	5.25695E5	2.05244E5	1.30899E5	7.9289E4	6.71218E4	1.26697E7	6.85043E5	7274.0325
434	1.6662E6	1.55404E6	1.37223E6	1.11959E6	9.39299E5	8.73826E5	8.67341E5	8.69913E5	8.42904E5	7.94131E5	7.34989E5	6.47796E5	5.50446E5	4.80395E5	6.02972E5	2.16667E5	1.40029E5	8.50416E4	6.16922E4	8.56361E6	3.35622E6	8859.98425
436	1.65642E6	1.56422E6	1.36506E6	1.13189E6	9.46703E5	8.78621E5	8.61768E5	8.6887E5	8.39003E5	7.98027E5	7.32493E5	6.49581E5	5.56162E5	4.73846E5	6.46671E5	2.32431E5	1.48934E5	8.97168E4	6.00649E4	3.76792E6	7.82676E6	1.18058E4
438	1.70238E6	1.58014E6	1.38758E6	1.13884E6	9.47442E5	8.84119E5	8.62048E5	8.5783E5	8.35508E5	8.02311E5	7.40982E5	6.54995E5	5.6731E5	4.78975E5	6.47304E5	2.50065E5	1.56414E5	9.92388E4	6.16779E4	8.85289E5	1.17284E7	1.79058E4
440	1.67922E6	1.57013E6	1.38193E6	1.14625E6	9.68433E5	8.77704E5	8.62543E5	8.51134E5	8.40866E5	8.01636E5	7.47309E5	6.60429E5	5.73357E5	4.82893E5	5.9914E5	2.85236E5	1.66821E5	1.05419E5	6.53776E4	1.01148E5	1.3344E7	3.48678E4
442	1.6481E6	1.57918E6	1.3767E6	1.14685E6	9.61945E5	8.72155E5	8.49293E5	8.50741E5	8.36495E5	7.98603E5	7.43664E5	6.69008E5	5.7908E5	4.90897E5	5.35219E5	3.32454E5	1.72663E5	1.12538E5	6.91625E4	6.26665E4	1.21435E7	3.96915E5
444	1.64298E6	1.57057E6	1.38947E6	1.16235E6	9.64848E5	8.70267E5	8.48444E5	8.45318E5	8.25305E5	8.04035E5	7.47468E5	6.67166E5	5.85327E5	4.9359E5	4.74975E5	3.98045E5	1.81767E5	1.19209E5	7.32348E4	5.71023E4	8.40133E6	2.2383E6
446	1.6722E6	1.57074E6	1.39607E6	1.16935E6	9.67947E5	8.79878E5	8.50262E5	8.38974E5	8.24253E5	7.96508E5	7.4751E5	6.70967E5	5.88279E5	5.04857E5	4.28826E5	4.70139E5	1.89417E5	1.2542E5	7.95354E4	5.62887E4	3.7412E6	6.30158E6
448	1.62222E6	1.58425E6	1.39537E6	1.17339E6	9.75655E5	8.67772E5	8.41712E5	8.31198E5	8.16515E5	7.91019E5	7.44876E5	6.77636E5	5.95715E5	5.11149E5	4.11361E5	5.26369E5	1.99594E5	1.3225E5	8.59277E4	5.68978E4	9.10368E5	1.03635E7
450	1.61818E6	1.57887E6	1.40699E6	1.19471E6	9.78932E5	8.75656E5	8.4196E5	8.27971E5	8.16152E5	7.94331E5	7.48631E5	6.81167E5	6.00809E5	5.22667E5	4.07466E5	5.57007E5	2.14011E5	1.41797E5	9.14055E4	5.94861E4	1.04511E5	1.23439E7
452	1.63232E6	1.57037E6	1.40899E6	1.17995E6	9.7549E5	8.69277E5	8.28115E5	8.27221E5	8.14361E5	7.89365E5	7.51084E5	6.79268E5	6.03291E5	5.24108E5	4.11892E5	5.42301E5	2.36345E5	1.47145E5	9.74648E4	6.25543E4	5.80899E4	1.15213E7
454	1.61453E6	1.54902E6	1.40044E6	1.18821E6	9.77698E5	8.67864E5	8.3022E5	8.14997E5	8.01536E5	7.82021E5	7.37733E5	6.78852E5	6.0595E5	5.29076E5	4.15614E5	4.98953E5	2.70742E5	1.55515E5	1.02709E5	6.66293E4	5.21484E4	8.15247E6
456	1.60662E6	1.55016E6	1.3924E6	1.18183E6	9.77837E5	8.64877E5	8.18893E5	8.05134E5	7.96441E5	7.75112E5	7.33268E5	6.75751E5	6.07635E5	5.33745E5	4.19377E5	4.42235E5	3.17366E5	1.59224E5	1.07291E5	7.13801E4	5.03532E4	3.60179E6
458	1.63563E6	1.52145E6	1.39395E6	1.17834E6	9.74255E5	8.6528E5	8.08026E5	8.01194E5	7.83655E5	7.6339E5	7.33855E5	6.73308E5	6.09135E5	5.32397E5	4.23402E5	3.90216E5	3.7253E5	1.65528E5	1.13419E5	7.68811E4	5.03625E4	8.79576E5
460	1.58134E6	1.55006E6	1.38305E6	1.17866E6	9.76005E5	8.52196E5	8.0141E5	7.88021E5	7.78297E5	7.62248E5	7.31756E5	6.71687E5	6.06953E5	5.4075E5	4.25171E5	3.58275E5	4.25884E5	1.72117E5	1.20219E5	8.17947E4	5.31322E4	1.0267E5
462	1.55929E6	1.49661E6	1.37343E6	1.18186E6	9.74055E5	8.53348E5	7.95247E5	7.77873E5	7.63517E5	7.45477E5	7.23224E5	6.69202E5	6.09727E5	5.41407E5	4.32297E5	3.46818E5	4.59898E5	1.80326E5	1.25413E5	8.6318E4	5.63085E4	5.32278E4
464	1.59131E6	1.49085E6	1.36674E6	1.1698E6	9.6837E5	8.46441E5	7.88455E5	7.69475E5	7.61662E5	7.45446E5	7.21331E5	6.66009E5	6.02425E5	5.40177E5	4.33447E5	3.42874E5	4.66998E5	1.92675E5	1.29673E5	9.03972E4	5.85421E4	4.78E4
466	1.60993E6	1.48716E6	1.37617E6	1.17176E6	9.62137E5	8.46192E5	7.78325E5	7.54662E5	7.45404E5	7.34816E5	7.10747E5	6.6115E5	5.99543E5	5.45476E5	4.3875E5	3.47359E5	4.43288E5	2.14606E5	1.35769E5	9.4642E4	6.24622E4	4.62882E4
468	1.78147E6	1.49293E6	1.37553E6	1.17774E6	9.68489E5	8.39925E5	7.73484E5	7.50419E5	7.35738E5	7.23481E5	6.96542E5	6.56096E5	6.00825E5	5.42709E5	4.40677E5	3.51255E5	4.02637E5	2.46152E5	1.40282E5	9.89717E4	6.56795E4	4.55761E4
470	2.6083E6	1.46928E6	1.36135E6	1.17363E6	9.55552E5	8.33492E5	7.67791E5	7.44175E5	7.29329E5	7.20086E5	6.99079E5	6.4778E5	5.98873E5	5.439E5	4.41665E5	3.53417E5	3.52975E5	2.85504E5	1.4427E5	1.04719E5	7.04056E4	4.64873E4
472	4.42397E6	1.43646E6	1.34388E6	1.15592E6	9.59239E5	8.34228E5	7.56803E5	7.30736E5	7.23697E5	7.08404E5	6.8826E5	6.45824E5	5.95728E5	5.39561E5	4.42852E5	3.49392E5	3.2161E5	3.30792E5	1.49378E5	1.0915E5	7.45364E4	4.92114E4
474	7.65893E6	1.44266E6	1.33395E6	1.15213E6	9.4974E5	8.23674E5	7.43765E5	7.2229E5	7.10966E5	7.00572E5	6.8141E5	6.39192E5	5.88657E5	5.38705E5	4.42996E5	3.53363E5	2.98687E5	3.72933E5	1.55409E5	1.14266E5	7.70893E4	5.08332E4
476	1.24457E7	1.40972E6	1.32076E6	1.14181E6	9.46577E5	8.23366E5	7.4305E5	7.14988E5	7.01346E5	6.89065E5	6.67485E5	6.30899E5	5.82922E5	5.38164E5	4.44456E5	3.53121E5	2.91372E5	3.98082E5	1.61742E5	1.17346E5	8.07833E4	5.36216E4
478	1.83444E7	1.40069E6	1.31129E6	1.1324E6	9.36009E5	8.03174E5	7.30864E5	6.98492E5	6.8597E5	6.77274E5	6.58056E5	6.22078E5	5.83687E5	5.32654E5	4.42947E5	3.56234E5	2.84543E5	3.96952E5	1.72811E5	1.21518E5	8.47976E4	5.67249E4
480	2.36192E7	1.40433E6	1.27988E6	1.12348E6	9.29628E5	8.05743E5	7.24429E5	6.94071E5	6.74969E5	6.67994E5	6.46682E5	6.08735E5	5.71293E5	5.26703E5	4.37094E5	3.56327E5	2.86557E5	3.69796E5	1.95114E5	1.24232E5	8.79033E4	6.06852E4
482	2.64816E7	1.38619E6	1.28302E6	1.1013E6	9.24059E5	7.89523E5	7.19651E5	6.77949E5	6.64703E5	6.50271E5	6.38638E5	6.056E5	5.67204E5	5.23332E5	4.3753E5	3.55993E5	2.89777E5	3.3062E5	2.19147E5	1.26889E5	9.19602E4	6.30413E4
484	2.55419E7	1.33416E6	1.25544E6	1.08884E6	9.10495E5	7.86383E5	7.05325E5	6.6623E5	6.55885E5	6.3999E5	6.25055E5	5.95025E5	5.5545E5	5.17324E5	4.37231E5	3.57728E5	2.86843E5	2.89544E5	2.57208E5	1.29381E5	9.46965E4	6.64553E4
486	2.18517E7	1.40164E6	1.23549E6	1.08717E6	9.0566E5	7.79128E5	6.89992E5	6.57376E5	6.42306E5	6.29928E5	6.1344E5	5.83055E5	5.50291E5	5.11345E5	4.35083E5	3.54563E5	2.89122E5	2.60181E5	2.91494E5	1.34407E5	9.93705E4	7.02441E4
488	1.58095E7	1.78209E6	1.22883E6	1.07305E6	8.89806E5	7.62294E5	6.86368E5	6.48426E5	6.3161E5	6.20388E5	6.03546E5	5.7447E5	5.42306E5	5.06969E5	4.26322E5	3.53277E5	2.86365E5	2.44646E5	3.20485E5	1.37792E5	9.93203E4	7.28606E4
490	9.64152E6	3.13049E6	1.20063E6	1.0679E6	8.73657E5	7.54029E5	6.74876E5	6.38052E5	6.22229E5	6.05129E5	5.89764E5	5.63432E5	5.33857E5	5.0212E5	4.27951E5	3.51586E5	2.88194E5	2.38347E5	3.34536E5	1.46401E5	1.03433E5	7.49E4
492	4.67134E6	6.08188E6	1.21166E6	1.04473E6	8.7239E5	7.44936E5	6.6692E5	6.293E5	6.0445E5	5.95657E5	5.79793E5	5.54993E5	5.26516E5	4.97184E5	4.18011E5	3.52313E5	2.89968E5	2.35314E5	3.32605E5	1.56626E5	1.03939E5	7.69214E4
494	2.28365E6	1.07035E7	1.18239E6	1.02945E6	8.66219E5	7.37509E5	6.52267E5	6.16751E5	5.90883E5	5.88117E5	5.738E5	5.45919E5	5.19002E5	4.88068E5	4.17825E5	3.46833E5	2.86366E5	2.31807E5	3.05628E5	1.76714E5	1.07244E5	7.98888E4
496	1.47514E6	1.72852E7	1.14124E6	1.01506E6	8.56233E5	7.28548E5	6.47658E5	6.02681E5	5.81192E5	5.72253E5	5.60098E5	5.34379E5	5.0975E5	4.82016E5	4.11893E5	3.44699E5	2.84267E5	2.35885E5	2.76504E5	1.97179E5	1.09669E5	8.16326E4
498	1.37411E6	2.41366E7	1.1473E6	1.00457E6	8.43161E5	7.19992E5	6.31294E5	5.91624E5	5.72472E5	5.5899E5	5.47111E5	5.27798E5	5.02203E5	4.77897E5	4.07554E5	3.39172E5	2.85267E5	2.33308E5	2.42105E5	2.26786E5	1.11824E5	8.24332E4
500	1.30507E6	2.98659E7	1.13242E6	9.97924E5	8.43708E5	7.12233E5	6.29853E5	5.83029E5	5.63777E5	5.53445E5	5.39515E5	5.17525E5	4.9728E5	4.67478E5	4.02632E5	3.36806E5	2.81529E5	2.33708E5	2.1753E5	2.56163E5	1.16001E5	8.43922E4
502	1.34027E6	3.22573E7	1.11572E6	9.88848E5	8.26489E5	7.04812E5	6.14752E5	5.6977E5	5.48845E5	5.42149E5	5.28019E5	5.09653E5	4.87245E5	4.63834E5	3.99627E5	3.37863E5	2.80581E5	2.32941E5	2.03205E5	2.77755E5	1.17956E5	8.55902E4
504	1.29131E6	3.07233E7	1.10847E6	9.72506E5	8.13022E5	6.84707E5	6.04813E5	5.629E5	5.46001E5	5.29509E5	5.17753E5	5.01663E5	4.77968E5	4.56162E5	3.9442E5	3.33506E5	2.77518E5	2.29837E5	1.95455E5	2.83982E5	1.2359E5	8.8345E4
506	1.28596E6	2.55084E7	1.15525E6	9.53413E5	7.95064E5	6.71483E5	5.95592E5	5.5421E5	5.31364E5	5.18089E5	5.07489E5	4.90777E5	4.65974E5	4.48042E5	3.8807E5	3.29172E5	2.76834E5	2.31682E5	1.92094E5	2.73779E5	1.34236E5	9.07228E4
508	1.23414E6	1.84899E7	1.62431E6	9.30057E5	7.91617E5	6.65025E5	5.85733E5	5.43644E5	5.22217E5	5.07927E5	4.96041E5	4.79696E5	4.54882E5	4.39267E5	3.83395E5	3.24051E5	2.74272E5	2.27798E5	1.91197E5	2.54895E5	1.48029E5	9.21168E4
510	1.25028E6	1.09209E7	3.40311E6	9.21444E5	7.71245E5	6.53983E5	5.7758E5	5.35002E5	5.10252E5	4.92265E5	4.8554E5	4.68685E5	4.45145E5	4.31718E5	3.73434E5	3.20347E5	2.72851E5	2.28382E5	1.91003E5	2.25453E5	1.6857E5	9.31069E4
512	1.40092E6	4.95314E6	7.4008E6	9.15564E5	7.61286E5	6.49292E5	5.68909E5	5.24003E5	4.97369E5	4.84385E5	4.76643E5	4.56891E5	4.43402E5	4.1836E5	3.67271E5	3.17711E5	2.66521E5	2.22868E5	1.8746E5	1.97222E5	1.92103E5	9.60316E4
514	1.56944E6	2.17561E6	1.32243E7	9.06884E5	7.49668E5	6.32513E5	5.60914E5	5.14569E5	4.88503E5	4.75796E5	4.65034E5	4.47978E5	4.32758E5	4.10094E5	3.60641E5	3.09869E5	2.63961E5	2.21243E5	1.84231E5	1.7747E5	2.13336E5	9.59632E4
516	1.82621E6	1.29626E6	2.0499E7	8.86483E5	7.39795E5	6.28096E5	5.46301E5	5.06205E5	4.82429E5	4.62584E5	4.53128E5	4.36807E5	4.22267E5	4.05456E5	3.55767E5	3.05963E5	2.61917E5	2.2186E5	1.87113E5	1.64548E5	2.2768E5	9.63775E4
518	2.09572E6	1.16946E6	2.82445E7	8.81909E5	7.31663E5	6.14308E5	5.37636E5	4.92431E5	4.68366E5	4.56436E5	4.4633E5	4.2547E5	4.10683E5	3.97286E5	3.50284E5	3.03592E5	2.60039E5	2.19031E5	1.85133E5	1.58763E5	2.32213E5	1.02594E5
520	2.51439E6	1.11381E6	3.4208E7	8.75544E5	7.25117E5	6.04887E5	5.24194E5	4.7846E5	4.61143E5	4.42372E5	4.32453E5	4.21146E5	4.06218E5	3.92546E5	3.45794E5	2.96874E5	2.54534E5	2.17159E5	1.81051E5	1.57154E5	2.25528E5	1.11237E5
522	2.76926E6	1.08538E6	3.60339E7	8.52163E5	7.10033E5	5.94894E5	5.12571E5	4.75638E5	4.49877E5	4.36941E5	4.21707E5	4.11642E5	3.96644E5	3.85432E5	3.36718E5	2.93567E5	2.50569E5	2.13366E5	1.8148E5	1.56457E5	2.06745E5	1.23607E5
524	2.99135E6	1.04159E6	3.32786E7	8.58072E5	6.84494E5	5.86338E5	5.04257E5	4.62514E5	4.3929E5	4.23312E5	4.12585E5	3.97454E5	3.8654E5	3.72496E5	3.32339E5	2.87636E5	2.48333E5	2.09552E5	1.79414E5	1.51828E5	1.8285E5	1.37815E5
526	3.07606E6	9.89899E5	2.72375E7	9.06146E5	6.85383E5	5.76973E5	4.97386E5	4.49822E5	4.29725E5	4.15768E5	4.01126E5	3.88349E5	3.7594E5	3.65592E5	3.23361E5	2.80226E5	2.41977E5	2.08677E5	1.77567E5	1.50501E5	1.59539E5	1.58145E5
528	2.93334E6	9.78434E5	1.93806E7	1.47738E6	6.6923E5	5.60957E5	4.88659E5	4.41672E5	4.18699E5	4.07617E5	3.96973E5	3.82171E5	3.69136E5	3.57144E5	3.17219E5	2.75963E5	2.39728E5	2.0578E5	1.7603E5	1.47716E5	1.39523E5	1.73853E5
530	2.52064E6	9.62919E5	1.11952E7	3.66296E6	6.54935E5	5.53092E5	4.76332E5	4.35915E5	4.06449E5	3.96409E5	3.85429E5	3.71328E5	3.60669E5	3.49958E5	3.08141E5	2.72486E5	2.34186E5	2.02802E5	1.71893E5	1.47533E5	1.3231E5	1.83986E5
532	2.17145E6	9.91293E5	4.97013E6	8.33478E6	6.57694E5	5.40826E5	4.70808E5	4.25738E5	3.97346E5	3.83809E5	3.73759E5	3.61007E5	3.48927E5	3.40456E5	3.03619E5	2.63711E5	2.27742E5	1.96982E5	1.68819E5	1.46491E5	1.25393E5	1.89741E5
534	1.72088E6	1.05898E6	1.86998E6	1.56169E7	6.33585E5	5.35538E5	4.61748E5	4.13741E5	3.9106E5	3.78651E5	3.64953E5	3.49485E5	3.42416E5	3.34282E5	2.91818E5	2.60048E5	2.24354E5	1.96708E5	1.66321E5	1.43194E5	1.21054E5	1.85247E5
536	1.32968E6	1.22823E6	1.02792E6	2.41863E7	6.34408E5	5.20979E5	4.49227E5	4.06811E5	3.80093E5	3.6516E5	3.55236E5	3.42547E5	3.35671E5	3.21271E5	2.88605E5	2.51311E5	2.20354E5	1.92534E5	1.64811E5	1.42743E5	1.18882E5	1.67718E5
538	1.06953E6	1.49601E6	9.27097E5	3.24308E7	6.13904E5	5.07708E5	4.42014E5	3.97948E5	3.74401E5	3.54939E5	3.47242E5	3.34092E5	3.23157E5	3.14373E5	2.78801E5	2.46782E5	2.16474E5	1.89617E5	1.60859E5	1.3906E5	1.16551E5	1.50269E5
540	9.407E5	1.80237E6	8.76967E5	3.81006E7	6.09187E5	5.05884E5	4.28962E5	3.9039E5	3.67203E5	3.46984E5	3.38356E5	3.23605E5	3.14603E5	3.0532E5	2.75954E5	2.4011E5	2.1192E5	1.83402E5	1.58483E5	1.35598E5	1.17359E5	1.2791E5
542	8.77359E5	2.19616E6	8.34395E5	3.91904E7	6.09603E5	4.83271E5	4.22032E5	3.75905E5	3.54717E5	3.35352E5	3.27771E5	3.16482E5	3.05714E5	3.0004E5	2.70081E5	2.34916E5	2.05649E5	1.79977E5	1.57232E5	1.34835E5	1.14613E5	1.12797E5
544	8.67414E5	2.57582E6	8.18257E5	3.54811E7	6.20323E5	4.83451E5	4.10537E5	3.659E5	3.4211E5	3.29648E5	3.18267E5	3.07957E5	3.00625E5	2.9426E5	2.60342E5	2.31692E5	2.04038E5	1.77902E5	1.51746E5	1.31773E5	1.12845E5	1.01144E5
546	8.25572E5	2.90164E6	8.04311E5	2.84254E7	7.03607E5	4.69977E5	4.02575E5	3.65864E5	3.39729E5	3.22842E5	3.12621E5	3.01385E5	2.90958E5	2.83881E5	2.52948E5	2.26476E5	1.97678E5	1.75165E5	1.51481E5	1.28753E5	1.11114E5	9.71112E4
548	7.89093E5	3.01367E6	7.49952E5	1.97215E7	1.49361E6	4.67995E5	3.9387E5	3.53989E5	3.28757E5	3.13687E5	3.03676E5	2.94608E5	2.84723E5	2.76321E5	2.51509E5	2.19239E5	1.9446E5	1.70084E5	1.48193E5	1.27882E5	1.08518E5	9.31252E4
550	7.86323E5	2.99933E6	7.38098E5	1.11859E7	4.15671E6	4.58909E5	3.82056E5	3.42911E5	3.16713E5	3.06683E5	2.98578E5	2.7944E5	2.77566E5	2.68238E5	2.40294E5	2.12848E5	1.86017E5	1.63464E5	1.4417E5	1.25092E5	1.07808E5	9.03284E4
552	7.52359E5	2.70655E6	7.21483E5	4.8164E6	9.57846E6	4.50252E5	3.81542E5	3.33109E5	3.10309E5	2.97852E5	2.89326E5	2.77537E5	2.68853E5	2.63162E5	2.35039E5	2.07836E5	1.83457E5	1.62307E5	1.39258E5	1.236E5	1.03205E5	8.92035E4
554	7.67558E5	2.34101E6	7.27812E5	1.68441E6	1.74632E7	4.48446E5	3.72067E5	3.33854E5	3.01919E5	2.89663E5	2.8193E5	2.66841E5	2.65811E5	2.52954E5	2.28589E5	2.02987E5	1.7832E5	1.58681E5	1.3763E5	1.2169E5	1.04357E5	8.81172E4
556	7.06176E5	1.91405E6	7.63855E5	8.24508E5	2.63004E7	4.39713E5	3.63751E5	3.1844E5	2.97263E5	2.84186E5	2.73535E5	2.58393E5	2.56797E5	2.48288E5	2.20715E5	2.00066E5	1.7656E5	1.55671E5	1.36477E5	1.16748E5	1.01007E5	8.59326E4
558	7.31736E5	1.43724E6	8.59021E5	7.14545E5	3.46055E7	4.27328E5	3.54183E5	3.12563E5	2.93881E5	2.77473E5	2.6937E5	2.55088E5	2.49338E5	2.38904E5	2.15901E5	1.95046E5	1.71179E5	1.50856E5	1.33032E5	1.17518E5	9.89152E4	8.59056E4
560	6.85856E5	1.10127E6	1.02746E6	6.80273E5	4.01247E7	4.28842E5	3.49521E5	3.11373E5	2.84463E5	2.66432E5	2.60815E5	2.47832E5	2.39744E5	2.33394E5	2.10194E5	1.88789E5	1.68616E5	1.47185E5	1.30633E5	1.14554E5	9.65341E4	8.36192E4
562	6.87447E5	8.18436E5	1.3241E6	6.43446E5	4.11496E7	4.27939E5	3.36605E5	2.98265E5	2.72001E5	2.60848E5	2.53492E5	2.38842E5	2.32677E5	2.2608E5	2.05012E5	1.82978E5	1.60788E5	1.46386E5	1.27266E5	1.10725E5	9.3762E4	8.14706E4
564	6.71284E5	7.17457E5	1.68682E6	6.04779E5	3.70543E7	4.42629E5	3.38604E5	2.95339E5	2.68881E5	2.54814E5	2.43453E5	2.32624E5	2.28183E5	2.21314E5	1.97221E5	1.77993E5	1.59461E5	1.40364E5	1.21602E5	1.07741E5	9.22543E4	7.83654E4
566	6.564E5	6.28863E5	2.04954E6	6.00324E5	2.95861E7	5.31556E5	3.24905E5	2.83258E5	2.58304E5	2.46522E5	2.41113E5	2.28286E5	2.23262E5	2.14388E5	1.95209E5	1.71574E5	1.53966E5	1.36495E5	1.19005E5	1.04845E5	9.29448E4	7.77975E4
568	6.03452E5	6.19674E5	2.41104E6	5.77257E5	2.00777E7	1.4716E6	3.2245E5	2.79122E5	2.58309E5	2.42017E5	2.26566E5	2.24486E5	2.1387E5	2.08997E5	1.87032E5	1.69656E5	1.49934E5	1.32794E5	1.16179E5	1.02294E5	8.94494E4	7.60634E4
570	6.79488E5	5.70388E5	2.67853E6	5.73425E5	1.09597E7	4.54648E6	3.15816E5	2.69769E5	2.49697E5	2.3363E5	2.24464E5	2.16329E5	2.10553E5	2.01493E5	1.81128E5	1.63906E5	1.47179E5	1.2928E5	1.15471E5	1.01639E5	8.60311E4	7.48803E4
572	6.32118E5	5.69903E5	2.73373E6	5.57054E5	4.54698E6	1.04836E7	3.12422E5	2.7107E5	2.44941E5	2.26402E5	2.16905E5	2.07236E5	2.00221E5	1.9809E5	1.80286E5	1.59077E5	1.43923E5	1.27718E5	1.13524E5	9.75783E4	8.51561E4	7.21441E4
574	6.05641E5	5.39079E5	2.61116E6	5.3008E5	1.44148E6	1.87721E7	3.12254E5	2.61977E5	2.3935E5	2.22769E5	2.11565E5	2.0077E5	1.96657E5	1.92277E5	1.74742E5	1.55267E5	1.37824E5	1.22491E5	1.10416E5	9.51622E4	8.39249E4	7.02796E4
576	6.00392E5	5.3652E5	2.3355E6	5.3533E5	6.45093E5	2.76635E7	3.02645E5	2.56246E5	2.33699E5	2.20277E5	2.05807E5	1.93939E5	1.92147E5	1.85475E5	1.69868E5	1.48973E5	1.32229E5	1.18495E5	1.0416E5	9.48408E4	7.99603E4	6.92953E4
578	5.92749E5	5.16643E5	1.96758E6	5.4249E5	5.62969E5	3.55564E7	3.03863E5	2.51673E5	2.21796E5	2.14337E5	2.00608E5	1.93772E5	1.85111E5	1.80666E5	1.60835E5	1.44343E5	1.30555E5	1.16257E5	1.02278E5	8.97771E4	7.82476E4	6.75694E4
580	5.48324E5	5.20445E5	1.5694E6	5.93687E5	5.24477E5	4.0793E7	3.04694E5	2.44237E5	2.1846E5	2.04487E5	1.93232E5	1.86243E5	1.78585E5	1.75034E5	1.59289E5	1.41922E5	1.27967E5	1.12798E5	1.01406E5	9.14225E4	7.73788E4	6.57279E4
582	5.74974E5	4.84805E5	1.20471E6	6.99857E5	4.98517E5	4.11629E7	3.09558E5	2.44586E5	2.13429E5	1.99236E5	1.85766E5	1.76476E5	1.7219E5	1.71504E5	1.51605E5	1.35611E5	1.17763E5	1.12099E5	9.81061E4	8.59081E4	7.44014E4	6.47414E4
584	5.87739E5	4.89919E5	9.0024E5	8.79736E5	4.83224E5	3.64863E7	3.17989E5	2.36995E5	2.06976E5	1.93528E5	1.83577E5	1.75595E5	1.69551E5	1.66258E5	1.46982E5	1.32539E5	1.1715E5	1.07497E5	9.38103E4	8.55153E4	7.19273E4	6.30963E4
586	5.49995E5	4.66836E5	6.57178E5	1.14539E6	4.73029E5	2.86203E7	4.09161E5	2.37717E5	2.00749E5	1.93715E5	1.78338E5	1.69425E5	1.64939E5	1.61138E5	1.42074E5	1.27771E5	1.16636E5	1.04356E5	9.09078E4	8.29696E4	6.92856E4	6.14052E4
588	5.20731E5	4.63692E5	5.51657E5	1.48872E6	4.58551E5	1.88776E7	1.32489E6	2.2909E5	1.97883E5	1.81192E5	1.70711E5	1.62315E5	1.58945E5	1.52656E5	1.39424E5	1.25536E5	1.12862E5	9.96388E4	8.95777E4	8.12622E4	6.89037E4	6.20937E4
590	4.96305E5	4.5945E5	4.8023E5	1.82578E6	4.5403E5	9.75558E6	4.61594E6	2.26469E5	1.96006E5	1.78327E5	1.66836E5	1.60034E5	1.5396E5	1.48786E5	1.35347E5	1.20243E5	1.08162E5	9.66725E4	8.52597E4	7.81171E4	6.64908E4	5.77283E4
592	4.97778E5	4.56876E5	4.63902E5	2.1334E6	4.48586E5	3.65E6	1.11316E7	2.2633E5	1.90411E5	1.75097E5	1.64411E5	1.54075E5	1.50834E5	1.45965E5	1.3212E5	1.16911E5	1.05238E5	9.23912E4	8.34728E4	7.47714E4	6.371E4	5.78514E4
594	5.03917E5	4.37203E5	4.45643E5	2.35518E6	4.42406E5	1.06509E6	1.97002E7	2.23858E5	1.84101E5	1.64299E5	1.6009E5	1.49952E5	1.45067E5	1.38625E5	1.24694E5	1.13681E5	1.03513E5	9.05687E4	8.35004E4	7.53833E4	6.24855E4	5.55086E4
596	5.09318E5	4.41095E5	4.39989E5	2.39683E6	4.30622E5	4.83153E5	2.90202E7	2.19506E5	1.80941E5	1.64487E5	1.51376E5	1.46206E5	1.40951E5	1.37207E5	1.23695E5	1.09638E5	9.96917E4	8.93497E4	8.11949E4	7.25646E4	6.12669E4	5.45952E4
598	5.14095E5	4.35871E5	4.35298E5	2.30219E6	4.37455E5	4.24708E5	3.69999E7	2.16452E5	1.7659E5	1.59906E5	1.48903E5	1.38682E5	1.37289E5	1.31802E5	1.21002E5	1.07597E5	9.77384E4	8.75729E4	7.66743E4	6.7991E4	5.90693E4	5.10714E4
600	4.90425E5	4.13136E5	4.25297E5	2.0476E6	4.47477E5	3.94034E5	4.17115E7	2.21184E5	1.76146E5	1.57756E5	1.47532E5	1.3528E5	1.3288E5	1.28943E5	1.15207E5	1.03673E5	9.35429E4	8.49416E4	7.26067E4	6.8045E4	5.94604E4	5.06577E4
