300	3.4597E5	2.17023E5	2.19766E5	2.62787E6	4.1145E5	4.65537E5	5.55665E7	2.52724E5	3.6744E4	2.185E4	1.587E4	1.10134E4	1.01889E4	8273.43972	6959.93706	6076.41972	5214.07832	4794.04194	4153.34523	4316.92169	3510.34544	3451.82815
302	3.43981E5	2.16131E5	2.20443E5	1.75775E6	7.23183E5	2.83115E5	4.93147E7	2.88828E6	4.14716E4	2.21057E4	1.51448E4	1.15965E4	9149.13152	9122.30676	6595.66762	6331.04726	5319.48703	5170.82104	4505.99389	3687.32592	3520.60886	3604.04161
304	3.68971E5	2.28495E5	2.357E5	9.88456E5	1.27782E6	2.57479E5	3.29098E7	1.23441E7	4.9133E4	2.3576E4	1.58891E4	1.15259E4	9280.78378	8970.4745	7058.71493	6307.42621	5499.08261	4388.02927	3931.13735	3649.37147	4075.41625	3305.90562
306	3.60264E5	2.39364E5	2.40213E5	5.67416E5	2.04263E6	2.54984E5	1.46289E7	2.94533E7	6.07619E4	2.59113E4	1.74184E4	1.19072E4	1.00802E4	8495.26316	7000.61154	6068.63045	5334.4346	4328.55167	4196.90115	3888.54275	3184.52296	3125.85885
308	3.69348E5	2.3383E5	2.45745E5	3.7087E5	2.68939E6	2.51052E5	3.5496E6	4.61028E7	8.8031E4	2.89854E4	1.84505E4	1.30683E4	9204.16753	9160.18298	6594.95586	6406.71882	5176.10716	4747.73418	4041.87745	3810.13603	3668.23821	3136.72556
310	4.04803E5	2.58172E5	2.57469E5	3.35651E5	2.85937E6	2.69586E5	4.38915E5	5.26872E7	2.42108E5	3.05953E4	1.81297E4	1.21593E4	9951.06927	8294.90844	7426.01583	5461.37603	5348.05661	4477.55446	3930.73549	3744.75589	3459.2837	3151.35679
312	3.9613E5	2.6913E5	2.70429E5	3.27521E5	2.46147E6	3.46046E5	2.22495E5	4.70547E7	2.80795E6	3.62487E4	1.96878E4	1.35615E4	1.04377E4	8858.0538	6854.67707	5510.46392	4922.13063	4494.70034	4002.05915	3716.34993	3457.25771	3048.62751
314	3.83491E5	2.75169E5	2.80101E5	3.32013E5	1.68621E6	6.15034E5	1.96859E5	3.07421E7	1.29178E7	4.03982E4	2.10024E4	1.50047E4	9922.58897	8108.47119	6996.03632	6151.13333	5138.84698	4519.17117	4054.64163	3786.25744	3776.93474	2974.37471
316	4.30383E5	2.72309E5	2.96174E5	3.26942E5	1.01883E6	1.09943E6	1.82848E5	1.30685E7	2.88495E7	5.17569E4	2.22685E4	1.58896E4	1.12811E4	9002.23215	7807.22239	5949.60662	5036.95358	4354.6903	4136.0779	3567.46186	3631.91569	2848.93286
318	4.19885E5	2.88462E5	2.99028E5	3.30891E5	6.11648E5	1.72788E6	1.74828E5	3.0968E6	4.15746E7	7.84703E4	2.38838E4	1.65345E4	1.12967E4	8577.90909	7529.70452	5895.62915	5522.16143	4292.58645	3904.77993	4018.53197	3386.49126	2492.62452
320	4.22026E5	2.97518E5	3.01097E5	3.4802E5	4.32589E5	2.25152E6	1.76254E5	3.51401E5	4.55253E7	2.27026E5	2.7554E4	1.57558E4	1.21467E4	8996.47369	7041.70529	5545.78766	4749.79898	4548.2891	4011.37141	3570.0504	3756.89098	2819.49649
322	4.77317E5	3.06737E5	3.0171E5	3.43812E5	3.87384E5	2.39943E6	1.9451E5	1.89679E5	3.9579E7	2.54202E6	3.13945E4	1.72937E4	1.21816E4	8756.11919	7477.81954	5949.28808	4807.81896	4008.93264	3673.62507	3551.69131	3044.70618	3120.62378
324	4.3855E5	3.01953E5	3.16014E5	3.59673E5	3.86246E5	2.03964E6	2.587E5	1.61523E5	2.5883E7	1.07138E7	3.63134E4	1.74193E4	1.39133E4	9724.76319	7376.11937	6051.07171	4980.8308	4133.84565	3704.80366	3901.35872	3478.81501	3014.6071
326	4.4991E5	3.09394E5	3.11481E5	3.55524E5	3.83309E5	1.46501E6	4.50064E5	1.49808E5	1.11401E7	2.36519E7	4.73597E4	1.95364E4	1.41913E4	9569.57984	7313.54102	5742.24293	5049.66523	4686.1422	3905.26469	3703.03332	3385.38274	3070.95238
328	4.40697E5	3.33954E5	3.16735E5	3.70693E5	3.83334E5	9.35334E5	8.12765E5	1.48363E5	2.6925E6	3.4083E7	6.881E4	2.12894E4	1.35454E4	1.04316E4	7589.06949	5589.98656	4721.38411	4203.81219	3784.98552	3650.61215	3236.27812	2789.71023
330	5.09437E5	3.33212E5	3.32792E5	3.6879E5	3.95759E5	5.72258E5	1.33384E6	1.48806E5	3.01592E5	3.80896E7	1.81538E5	2.31392E4	1.40897E4	1.09705E4	7264.12	5711.54553	4948.5925	4723.22545	4087.96571	3515.03549	3312.93982	2702.83404
332	4.82234E5	3.47061E5	3.34862E5	3.70838E5	3.96767E5	4.22299E5	1.79029E6	1.50428E5	1.67979E5	3.4174E7	2.03286E6	2.72755E4	1.40099E4	1.16761E4	7777.34446	5688.11633	4940.77557	3976.78446	3447.53301	3206.47478	2961.2023	2807.81528
334	4.80465E5	3.35704E5	3.41516E5	3.89636E5	3.95687E5	3.71956E5	1.95237E6	1.69395E5	1.42416E5	2.39384E7	8.92562E6	3.11767E4	1.51038E4	1.17807E4	7452.27644	5942.13508	5182.11533	4297.9087	3433.94575	3358.98394	3315.52485	2916.9431
336	4.8391E5	3.49635E5	3.46655E5	3.85486E5	3.99935E5	3.63999E5	1.79583E6	2.12986E5	1.33215E5	1.10252E7	2.03265E7	3.98821E4	1.64053E4	1.11876E4	7931.90396	6225.26656	4676.0962	4274.19777	3606.70443	3273.1018	3008.19996	2576.27918
338	5.03464E5	3.52383E5	3.54699E5	3.82419E5	4.00771E5	3.61892E5	1.37675E6	3.38976E5	1.40334E5	2.96483E6	2.88761E7	5.8101E4	1.81364E4	1.16007E4	8383.81583	6081.91909	4879.92341	4215.97468	3283.1177	3131.05344	2917.19729	2606.90719
340	5.44229E5	3.87455E5	3.64116E5	3.96863E5	4.06965E5	3.72325E5	8.97044E5	6.18327E5	1.40967E5	3.37502E5	3.20059E7	1.42624E5	2.04296E4	1.18276E4	8294.07215	6130.21736	4785.26383	4256.48848	3584.70118	3218.69293	2839.02446	2395.39451
342	5.72808E5	4.02456E5	3.70924E5	3.86929E5	4.12585E5	3.8195E5	5.68331E5	9.89727E5	1.44242E5	1.56568E5	2.89855E7	1.59177E6	2.21757E4	1.20962E4	8827.30585	5823.54858	4620.96853	3944.02868	3731.26261	3168.06228	2748.50426	2633.36071
344	5.54627E5	4.16149E5	3.79237E5	3.95094E5	4.19596E5	3.88493E5	3.90238E5	1.40721E6	1.52997E5	1.31895E5	2.01515E7	7.69711E6	2.78153E4	1.30707E4	9452.51997	5518.11094	4855.85593	4140.43425	3603.9587	3258.69521	2679.6537	2623.70639
346	5.81648E5	4.22879E5	3.89781E5	4.11146E5	4.28334E5	3.92187E5	3.40739E5	1.61796E6	1.69348E5	1.29704E5	9.42955E6	1.69961E7	3.37611E4	1.37449E4	9785.74333	6389.62158	4774.44382	4013.04984	3344.92826	2960.25846	2723.14082	2576.38599
348	6.23887E5	4.39163E5	4.0214E5	4.09283E5	4.25411E5	4.00051E5	3.35171E5	1.54426E6	2.08695E5	1.34783E5	2.27615E6	2.44037E7	4.97254E4	1.49718E4	8990.71839	6473.56082	4646.01297	4046.5432	3698.72661	3296.88222	2679.96904	2061.36378
350	6.28813E5	4.59329E5	4.01644E5	4.15935E5	4.30289E5	4.09942E5	3.42396E5	1.25104E6	3.04565E5	1.4296E5	2.86815E5	2.66138E7	1.09851E5	1.63232E4	9576.79979	6998.37727	4687.22963	4028.23993	3423.5566	2847.64793	2376.04422	2184.16543
352	6.47871E5	4.96638E5	4.28106E5	4.1564E5	4.36595E5	4.1698E5	3.6115E5	8.68758E5	5.01194E5	1.52977E5	1.46358E5	2.38492E7	1.41968E6	1.89762E4	1.02248E4	7177.43547	4586.01651	3820.27884	3500.47589	2965.93358	2439.26135	2201.6853
354	6.41102E5	5.04579E5	4.39496E5	4.25557E5	4.42385E5	4.26917E5	3.71357E5	5.79957E5	7.83798E5	1.64864E5	1.31617E5	1.68723E7	6.23564E6	2.28283E4	1.04367E4	7348.01758	5177.30819	3813.11897	3208.34583	2895.94982	2408.41025	2111.5881
356	6.96374E5	5.36433E5	4.52555E5	4.39341E5	4.42686E5	4.43256E5	3.83292E5	4.24412E5	1.09222E6	1.79931E5	1.31565E5	7.76605E6	1.44105E7	2.94795E4	1.15652E4	7587.494	5412.45938	3884.27791	3353.89793	2929.84208	2474.10864	2345.20208
358	7.04483E5	5.37119E5	4.58296E5	4.52655E5	4.50545E5	4.48908E5	3.9885E5	3.71032E5	1.30674E6	1.98664E5	1.4118E5	1.9756E6	2.08602E7	4.52684E4	1.23779E4	7374.36542	5782.81023	3936.07285	3110.74146	2771.43192	2721.7209	2162.54916
360	7.29647E5	5.67865E5	4.91156E5	4.5815E5	4.64428E5	4.64384E5	4.15543E5	3.65508E5	1.3312E6	2.27492E5	1.50182E5	2.45228E5	2.32173E7	9.66354E4	1.40018E4	7599.77154	5897.01572	4169.94016	3195.3128	3151.99365	2307.54202	2089.06301
362	7.78799E5	6.04702E5	5.13093E5	4.76185E5	4.75276E5	4.80579E5	4.31508E5	3.79958E5	1.15232E6	2.86759E5	1.62633E5	1.3684E5	2.1611E7	1.15835E6	1.64119E4	8297.99753	6128.20445	4329.81829	3634.63548	2969.31414	2511.7599	2095.03064
364	7.67661E5	6.22476E5	5.35366E5	4.84067E5	4.83623E5	4.95633E5	4.55729E5	3.9943E5	8.85901E5	4.11834E5	1.76147E5	1.25283E5	1.60824E7	5.62508E6	1.90086E4	8435.56824	6025.61496	4290.48415	3387.57387	2865.33961	2385.65933	2265.94297
366	8.34674E5	6.50855E5	5.55738E5	5.06572E5	4.89524E5	4.95821E5	4.70815E5	4.15564E5	6.3205E5	6.23348E5	1.88679E5	1.27362E5	7.77039E6	1.3375E7	2.53144E4	9294.74058	6082.67106	4494.35868	3476.32839	2829.05769	2387.23473	2326.63679
368	8.60912E5	6.93039E5	5.8383E5	5.14331E5	5.00476E5	5.12158E5	4.88294E5	4.37371E5	4.86405E5	8.7293E5	2.0583E5	1.3176E5	2.08352E6	1.91772E7	3.77069E4	1.05978E4	5998.41799	4809.57787	3612.8207	2836.54979	2330.64047	2271.13134
370	9.39044E5	7.41305E5	5.97446E5	5.2843E5	5.21733E5	5.28008E5	5.12833E5	4.60634E5	4.31669E5	1.09081E6	2.23505E5	1.43847E5	2.30759E5	2.11911E7	9.15178E4	1.19569E4	6642.1628	5122.77737	3435.97617	2889.90798	2321.4624	2158.01813
372	8.85903E5	7.36276E5	6.18235E5	5.38939E5	5.274E5	5.41625E5	5.23472E5	4.78664E5	4.25622E5	1.16043E6	2.48443E5	1.55848E5	1.23201E5	1.93449E7	1.13527E6	1.36179E4	6556.1267	5277.81826	3323.31727	3150.96072	2506.65555	2196.46971
374	9.24478E5	8.0201E5	6.56299E5	5.62835E5	5.43841E5	5.50505E5	5.40832E5	4.98644E5	4.3974E5	1.07227E6	2.96963E5	1.67209E5	1.12141E5	1.38271E7	5.27572E6	1.66805E4	7330.89413	5311.8579	4009.95721	3203.06879	2551.58095	2244.93041
376	9.93718E5	8.05502E5	6.6105E5	5.81963E5	5.59268E5	5.67605E5	5.58405E5	5.15272E5	4.53398E5	8.83834E5	3.89506E5	1.80646E5	1.098E5	6.46795E6	1.17424E7	2.1676E4	8202.34979	5409.97766	4320.05219	2953.47685	2530.01464	2241.44509
378	1.00512E6	8.45686E5	7.00083E5	5.9736E5	5.77344E5	5.84185E5	5.74993E5	5.37763E5	4.78304E5	6.82422E5	5.44594E5	1.93205E5	1.18019E5	1.54991E6	1.67024E7	3.27311E4	8702.17681	5231.49687	4726.75203	3258.62677	2552.23257	2025.6072
380	1.01468E6	8.92429E5	7.28872E5	6.15365E5	5.80673E5	6.00794E5	5.9739E5	5.57976E5	4.94865E5	5.50757E5	7.34438E5	2.09E5	1.2769E5	1.85586E5	1.83213E7	7.27414E4	1.02388E4	5470.78971	4954.11847	3107.45844	2643.51653	2028.28209
382	1.11297E6	9.35068E5	7.54076E5	6.36643E5	5.99314E5	6.17591E5	6.16169E5	5.83079E5	5.21432E5	4.88257E5	9.22126E5	2.26888E5	1.41517E5	1.10125E5	1.69681E7	8.89533E5	1.18687E4	5812.24177	4289.19874	3580.39337	2509.84748	2061.78503
384	1.08706E6	9.74704E5	7.88721E5	6.51724E5	6.25806E5	6.35084E5	6.42991E5	6.07271E5	5.38714E5	4.74251E5	1.02829E6	2.48503E5	1.53584E5	1.02976E5	1.24522E7	4.36575E6	1.46243E4	6546.58729	4535.70852	3730.47832	2947.53904	2188.99112
386	1.16387E6	9.93733E5	8.16444E5	6.73392E5	6.31276E5	6.44795E5	6.66184E5	6.30618E5	5.62329E5	4.83723E5	1.01475E6	2.84109E5	1.65932E5	1.04293E5	5.91891E6	1.03952E7	1.95914E4	7437.67267	4619.33676	4017.5962	2890.05298	2270.55716
388	1.20724E6	1.02028E6	8.53627E5	6.92606E5	6.53812E5	6.67211E5	6.75841E5	6.48882E5	5.80227E5	5.01846E5	9.02554E5	3.46965E5	1.80186E5	1.11389E5	1.60132E6	1.50813E7	2.95928E4	8101.47419	4767.5451	4449.94963	2771.44604	2345.65344
390	1.20883E6	1.06703E6	8.78547E5	7.26117E5	6.79662E5	6.79797E5	6.892E5	6.76406E5	6.04312E5	5.18964E5	7.42349E5	4.6212E5	1.95439E5	1.21233E5	2.03569E5	1.71263E7	6.69516E4	9372.45438	5270.6581	4410.16245	3094.91929	2426.06803
392	1.29035E6	1.09872E6	9.01325E5	7.46874E5	6.86178E5	6.96464E5	7.15225E5	6.98302E5	6.22757E5	5.34616E5	6.03787E5	6.13715E5	2.12962E5	1.32665E5	1.05889E5	1.61048E7	9.22216E5	1.12625E4	5559.36218	4355.76364	3056.82364	2465.78064
394	1.29194E6	1.1305E6	9.37351E5	7.54723E5	7.00072E5	7.15514E5	7.2952E5	7.11804E5	6.41252E5	5.55382E5	5.30263E5	7.75781E5	2.29221E5	1.46783E5	9.40026E4	1.22812E7	4.16237E6	1.39094E4	6032.99369	4530.36161	3611.71526	2597.46472
396	1.33732E6	1.16429E6	9.58523E5	7.83949E5	7.12332E5	7.24407E5	7.47557E5	7.32069E5	6.6095E5	5.75205E5	5.04026E5	9.08553E5	2.49172E5	1.58655E5	9.53327E4	6.09071E6	9.84659E6	1.83171E4	6754.72189	4435.30521	3829.02157	2637.21281
398	1.33069E6	1.2176E6	9.94571E5	7.94452E5	7.36689E5	7.36276E5	7.61183E5	7.47134E5	6.7784E5	5.91728E5	5.07037E5	9.35729E5	2.74693E5	1.72201E5	9.98121E4	1.65588E6	1.41518E7	2.75354E4	7245.34848	4712.00545	3878.05634	2574.91525
400	1.38762E6	1.2118E6	1.02465E6	8.26421E5	7.48334E5	7.54323E5	7.75973E5	7.58962E5	6.91684E5	6.11509E5	5.16281E5	8.68078E5	3.18859E5	1.85776E5	1.07838E5	1.95526E5	1.57657E7	5.8776E4	8688.02622	5165.48	4357.21469	2680.88496
402	1.39931E6	1.27113E6	1.04395E6	8.32272E5	7.63424E5	7.66544E5	7.90155E5	7.78326E5	7.16607E5	6.31514E5	5.36708E5	7.50166E5	3.93562E5	2.00873E5	1.19097E5	9.57335E4	1.44345E7	7.49572E5	9949.35867	5668.40419	3936.82576	2857.42659
404	1.44629E6	1.28616E6	1.07927E6	8.64716E5	7.76178E5	7.83127E5	8.05654E5	7.9573E5	7.34514E5	6.49399E5	5.51971E5	6.25412E5	5.0781E5	2.184E5	1.29005E5	8.67728E4	1.0339E7	3.79376E6	1.19382E4	5629.31429	3318.11452	3220.07204
406	1.4489E6	1.32805E6	1.113E6	8.78337E5	7.98902E5	7.99029E5	8.13927E5	8.01146E5	7.47798E5	6.58917E5	5.67591E5	5.45704E5	6.42759E5	2.32827E5	1.38175E5	8.66334E4	4.85873E6	8.93736E6	1.57538E4	6034.45426	3952.30365	3106.1421
408	1.47282E6	1.34956E6	1.1201E6	9.06864E5	8.08734E5	8.08681E5	8.19272E5	8.13829E5	7.63742E5	6.80928E5	5.85438E5	5.06703E5	7.68234E5	2.47322E5	1.52473E5	8.97432E4	1.20402E6	1.32612E7	2.4069E4	6803.14437	4099.12864	3540.81195
410	1.47616E6	1.35029E6	1.13399E6	9.2394E5	8.25197E5	8.11474E5	8.31101E5	8.26435E5	7.69472E5	6.92646E5	6.01644E5	5.01587E5	8.44421E5	2.7012E5	1.64228E5	9.59396E4	1.4244E5	1.48948E7	4.90783E4	8001.21688	4371.56506	3339.65364
412	1.5364E6	1.37871E6	1.1614E6	9.47643E5	8.28983E5	8.25851E5	8.40719E5	8.3538E5	7.82674E5	7.0482E5	6.14457E5	5.10303E5	8.3129E5	3.02021E5	1.74526E5	1.02945E5	8.28823E4	1.37175E7	5.84391E5	9826.05571	4472.5467	3370.55246
414	1.57273E6	1.41704E6	1.18947E6	9.64614E5	8.49335E5	8.33041E5	8.47609E5	8.37249E5	7.93192E5	7.13263E5	6.32646E5	5.26472E5	7.5834E5	3.49816E5	1.87864E5	1.12309E5	7.60941E4	1.00363E7	3.02273E6	1.15649E4	5245.3446	3243.33392
416	1.60989E6	1.41572E6	1.2176E6	9.7889E5	8.56149E5	8.38823E5	8.51595E5	8.4671E5	8.01446E5	7.29982E5	6.44096E5	5.35353E5	6.53848E5	4.35558E5	2.01323E5	1.21443E5	7.42725E4	4.83541E6	7.8773E6	1.54421E4	5406.86196	3222.06158
418	1.64992E6	1.44633E6	1.23206E6	9.99318E5	8.68291E5	8.44941E5	8.61264E5	8.52507E5	8.12868E5	7.42262E5	6.5775E5	5.52907E5	5.67685E5	5.45921E5	2.1552E5	1.30854E5	7.65322E4	1.25783E6	1.22248E7	2.30358E4	6071.80208	3537.31372
420	1.60829E6	1.46872E6	1.25657E6	1.01639E6	8.81213E5	8.54791E5	8.65264E5	8.63717E5	8.20962E5	7.54284E5	6.67502E5	5.64443E5	5.16145E5	6.55237E5	2.24906E5	1.4063E5	8.30186E4	1.48053E5	1.41588E7	4.78952E4	7106.12125	3970.43357
422	1.60893E6	1.48455E6	1.26371E6	1.02774E6	9.04806E5	8.60019E5	8.6169E5	8.63196E5	8.22179E5	7.61937E5	6.80333E5	5.79938E5	4.9647E5	7.44718E5	2.4261E5	1.50933E5	8.75428E4	7.38152E4	1.31925E7	6.62324E5	8064.00574	3967.15145
424	1.59987E6	1.50843E6	1.28913E6	1.04961E6	9.02403E5	8.56837E5	8.63001E5	8.62916E5	8.30537E5	7.6767E5	6.92378E5	5.9152E5	4.94736E5	7.72768E5	2.64844E5	1.61365E5	9.72565E4	6.638E4	9.60511E6	3.21182E6	1.00667E4	4196.35815
426	1.65189E6	1.52672E6	1.31121E6	1.0556E6	9.1155E5	8.67631E5	8.60944E5	8.67186E5	8.32393E5	7.75736E5	6.98902E5	6.03687E5	5.03886E5	7.33274E5	2.99198E5	1.7276E5	1.05545E5	6.52408E4	4.39967E6	8.14929E6	1.38498E4	4552.16395
428	1.61147E6	1.52602E6	1.31505E6	1.08315E6	9.2047E5	8.65164E5	8.68697E5	8.69489E5	8.28949E5	7.82655E5	7.1396E5	6.11807E5	5.1353E5	6.52532E5	3.53334E5	1.8147E5	1.12887E5	6.81065E4	1.05354E6	1.2344E7	2.1076E4	5374.11734
430	1.66031E6	1.54813E6	1.3387E6	1.09493E6	9.26066E5	8.76569E5	8.65843E5	8.6575E5	8.33841E5	7.83966E5	7.18404E5	6.24056E5	5.21295E5	5.65408E5	4.29365E5	1.91847E5	1.2254E5	7.30842E4	1.17053E5	1.38405E7	4.44515E4	5541.83513
432	1.65102E6	1.55769E6	1.33988E6	1.11297E6	9.43045E5	8.70182E5	8.67698E5	8.69706E5	8.43327E5	7.92229E5	7.25582E5	6.34808E5	5.36914E5	5.07052E5	5.15797E5	2.01623E5	1.28044E5	7.65825E4	6.59674E4	1.2422E7	5.98013E5	7091.15965
434	1.61994E6	1.55159E6	1.3575E6	1.11671E6	9.41363E5	8.73859E5	8.64982E5	8.65744E5	8.39263E5	7.90617E5	7.33938E5	6.4046E5	5.461E5	4.75749E5	6.05028E5	2.14841E5	1.37795E5	8.3637E4	5.99486E4	8.41603E6	3.05697E6	9002.71282
436	1.64953E6	1.55836E6	1.36244E6	1.12197E6	9.40922E5	8.80268E5	8.61651E5	8.65382E5	8.39801E5	7.97084E5	7.39207E5	6.49011E5	5.55242E5	4.71273E5	6.4847E5	2.27388E5	1.47179E5	9.06578E4	6.03021E4	3.74019E6	7.34613E6	1.15828E4
438	1.67135E6	1.56343E6	1.35969E6	1.13773E6	9.4939E5	8.79579E5	8.57146E5	8.58247E5	8.37179E5	8.00916E5	7.43486E5	6.54698E5	5.67399E5	4.72349E5	6.47129E5	2.49615E5	1.54846E5	9.74187E4	6.19315E4	8.99509E5	1.12175E7	1.73926E4
440	1.67663E6	1.56336E6	1.37499E6	1.14173E6	9.56894E5	8.75573E5	8.5871E5	8.48687E5	8.29064E5	7.93253E5	7.44476E5	6.6015E5	5.72288E5	4.82674E5	6.01498E5	2.82597E5	1.6425E5	1.04602E5	6.50007E4	1.03073E5	1.28862E7	3.38029E4
442	1.62455E6	1.55202E6	1.38218E6	1.16116E6	9.62252E5	8.72163E5	8.52916E5	8.53001E5	8.31427E5	7.94522E5	7.44195E5	6.64905E5	5.76928E5	4.88207E5	5.33779E5	3.31676E5	1.70367E5	1.11133E5	6.78858E4	6.2471E4	1.17894E7	3.81401E5
444	1.65255E6	1.56785E6	1.39836E6	1.16817E6	9.71103E5	8.80759E5	8.46412E5	8.41561E5	8.22598E5	7.89998E5	7.44764E5	6.70885E5	5.78042E5	4.95298E5	4.731E5	3.94234E5	1.81081E5	1.18119E5	7.28268E4	5.62926E4	8.19998E6	2.14406E6
446	1.68369E6	1.56536E6	1.41095E6	1.16773E6	9.70687E5	8.76224E5	8.50066E5	8.38229E5	8.18118E5	7.92276E5	7.50927E5	6.67175E5	5.85694E5	5.04655E5	4.30995E5	4.64724E5	1.88791E5	1.24113E5	7.98868E4	5.48219E4	3.66746E6	6.10482E6
448	1.63985E6	1.57128E6	1.40218E6	1.17852E6	9.69883E5	8.79517E5	8.46679E5	8.30831E5	8.20136E5	7.89369E5	7.48767E5	6.71685E5	5.98444E5	5.11903E5	4.15152E5	5.20968E5	1.98872E5	1.32159E5	8.53711E4	5.65584E4	8.74189E5	1.01153E7
450	1.66279E6	1.55602E6	1.4015E6	1.17565E6	9.72882E5	8.77128E5	8.34631E5	8.29172E5	8.18E5	7.89853E5	7.52193E5	6.80601E5	6.02435E5	5.16973E5	4.07807E5	5.52372E5	2.11446E5	1.39727E5	9.09871E4	5.97329E4	1.02951E5	1.20587E7
452	1.62927E6	1.55366E6	1.40259E6	1.17414E6	9.7759E5	8.74825E5	8.31201E5	8.19758E5	8.04326E5	7.86759E5	7.44645E5	6.7892E5	6.01917E5	5.20731E5	4.11031E5	5.43141E5	2.34265E5	1.45799E5	9.86865E4	6.37502E4	5.75851E4	1.12061E7
454	1.63317E6	1.55503E6	1.41006E6	1.18527E6	9.82915E5	8.71121E5	8.20943E5	8.11543E5	8.01432E5	7.78427E5	7.37877E5	6.75712E5	6.04809E5	5.27237E5	4.14869E5	4.9779E5	2.68692E5	1.52004E5	1.02029E5	6.59101E4	5.11095E4	7.87207E6
456	1.62902E6	1.53531E6	1.40318E6	1.17831E6	9.78686E5	8.55578E5	8.21625E5	8.08894E5	7.90533E5	7.70643E5	7.40952E5	6.78503E5	6.08009E5	5.30643E5	4.20379E5	4.41739E5	3.18732E5	1.60167E5	1.08517E5	7.00029E4	5.04804E4	3.47721E6
458	1.56842E6	1.54462E6	1.39909E6	1.18573E6	9.75212E5	8.61709E5	8.05868E5	7.97635E5	7.78261E5	7.61838E5	7.35788E5	6.7482E5	6.03198E5	5.33708E5	4.24007E5	3.90942E5	3.70274E5	1.66206E5	1.15092E5	7.50939E4	5.10083E4	8.39821E5
460	1.58328E6	1.52164E6	1.37645E6	1.1805E6	9.84913E5	8.53148E5	8.01828E5	7.83063E5	7.75729E5	7.55722E5	7.28389E5	6.70805E5	6.02922E5	5.34948E5	4.25539E5	3.60767E5	4.25365E5	1.73302E5	1.19255E5	8.06766E4	5.20893E4	1.00334E5
462	1.57912E6	1.50269E6	1.39506E6	1.18334E6	9.74824E5	8.51204E5	7.98271E5	7.78764E5	7.68567E5	7.49398E5	7.25778E5	6.70161E5	6.12473E5	5.3956E5	4.31997E5	3.4719E5	4.60294E5	1.80633E5	1.26014E5	8.62902E4	5.48231E4	5.23958E4
464	1.5497E6	1.50778E6	1.38413E6	1.17698E6	9.75211E5	8.5489E5	7.89224E5	7.72008E5	7.5533E5	7.4318E5	7.17311E5	6.62011E5	6.03576E5	5.43138E5	4.33982E5	3.4551E5	4.66934E5	1.94675E5	1.30651E5	9.11661E4	5.74446E4	4.74194E4
466	1.5848E6	1.49132E6	1.37421E6	1.17321E6	9.65122E5	8.44185E5	7.83583E5	7.56932E5	7.52264E5	7.33349E5	7.06757E5	6.56201E5	5.98212E5	5.403E5	4.36086E5	3.46614E5	4.45777E5	2.15549E5	1.35439E5	9.55661E4	6.12478E4	4.55883E4
468	1.79354E6	1.46906E6	1.36391E6	1.16977E6	9.59021E5	8.412E5	7.80192E5	7.49343E5	7.37215E5	7.26945E5	7.00703E5	6.52377E5	5.96774E5	5.39033E5	4.37219E5	3.46764E5	4.02728E5	2.45983E5	1.40923E5	9.95106E4	6.64592E4	4.56472E4
470	2.60249E6	1.46304E6	1.34416E6	1.17212E6	9.61351E5	8.38272E5	7.65579E5	7.42615E5	7.28147E5	7.13886E5	6.94804E5	6.47254E5	5.94296E5	5.36508E5	4.40963E5	3.50551E5	3.57986E5	2.82622E5	1.45156E5	1.03755E5	6.99764E4	4.67681E4
472	4.41405E6	1.46006E6	1.35249E6	1.16074E6	9.59474E5	8.26622E5	7.56648E5	7.29712E5	7.17342E5	7.0802E5	6.86198E5	6.44838E5	5.91811E5	5.38321E5	4.42421E5	3.50076E5	3.22004E5	3.28561E5	1.49886E5	1.07825E5	7.42499E4	4.87483E4
474	7.60722E6	1.45004E6	1.33151E6	1.14207E6	9.50504E5	8.27996E5	7.50522E5	7.19724E5	7.13772E5	7.00383E5	6.81505E5	6.38338E5	5.90455E5	5.38084E5	4.43932E5	3.52611E5	2.96728E5	3.7324E5	1.54319E5	1.1287E5	7.83304E4	5.04303E4
476	1.21787E7	1.44892E6	1.30946E6	1.13315E6	9.42761E5	8.17714E5	7.42701E5	7.12075E5	6.9314E5	6.8543E5	6.69204E5	6.3279E5	5.85692E5	5.36456E5	4.40598E5	3.54238E5	2.87858E5	3.95169E5	1.61695E5	1.17531E5	8.02571E4	5.25837E4
478	1.79279E7	1.40928E6	1.29026E6	1.12204E6	9.37432E5	8.05309E5	7.33081E5	7.06957E5	6.87391E5	6.75589E5	6.56385E5	6.21848E5	5.76454E5	5.29968E5	4.42755E5	3.52189E5	2.88468E5	3.96979E5	1.75623E5	1.20078E5	8.39136E4	5.57782E4
480	2.32914E7	1.39859E6	1.29592E6	1.12208E6	9.2579E5	7.96875E5	7.24604E5	6.86877E5	6.74933E5	6.62477E5	6.42495E5	6.09407E5	5.71461E5	5.25114E5	4.38196E5	3.52335E5	2.85277E5	3.70918E5	1.92223E5	1.22816E5	8.83435E4	5.99056E4
482	2.58858E7	1.37623E6	1.29253E6	1.1064E6	9.23337E5	7.84597E5	7.13139E5	6.76779E5	6.61836E5	6.50139E5	6.33389E5	5.99832E5	5.65225E5	5.24906E5	4.34007E5	3.53939E5	2.85078E5	3.31704E5	2.19777E5	1.24645E5	9.02943E4	6.36132E4
484	2.52704E7	1.35491E6	1.2506E6	1.10982E6	9.0444E5	7.75803E5	7.07488E5	6.69942E5	6.44165E5	6.40649E5	6.24651E5	5.91605E5	5.56295E5	5.17357E5	4.33059E5	3.52726E5	2.86016E5	2.92448E5	2.55806E5	1.2927E5	9.44128E4	6.62762E4
486	2.13268E7	1.39381E6	1.22968E6	1.08198E6	9.06007E5	7.71046E5	6.93401E5	6.57085E5	6.36872E5	6.28257E5	6.14736E5	5.80972E5	5.48197E5	5.14486E5	4.28718E5	3.53423E5	2.85616E5	2.61205E5	2.95001E5	1.34963E5	9.82241E4	6.87867E4
488	1.55934E7	1.76038E6	1.22646E6	1.08234E6	8.87397E5	7.68201E5	6.8315E5	6.44328E5	6.26197E5	6.16939E5	6.00975E5	5.74038E5	5.40455E5	5.08363E5	4.24666E5	3.52617E5	2.87732E5	2.42308E5	3.20753E5	1.39793E5	1.0084E5	7.12491E4
490	9.45013E6	3.11998E6	1.20841E6	1.05741E6	8.89884E5	7.52199E5	6.77102E5	6.41416E5	6.1612E5	6.04251E5	5.93214E5	5.60054E5	5.37623E5	5.00558E5	4.20321E5	3.52023E5	2.85966E5	2.38288E5	3.38181E5	1.44845E5	1.02505E5	7.47467E4
492	4.68564E6	5.99933E6	1.19866E6	1.0505E6	8.71876E5	7.4488E5	6.62917E5	6.32019E5	6.00837E5	5.94282E5	5.78407E5	5.5388E5	5.24753E5	4.92902E5	4.20725E5	3.47949E5	2.85225E5	2.33883E5	3.30319E5	1.56279E5	1.04444E5	7.76987E4
494	2.21601E6	1.05313E7	1.17901E6	1.03606E6	8.62846E5	7.39343E5	6.60383E5	6.15549E5	5.94325E5	5.79046E5	5.672E5	5.42923E5	5.17142E5	4.86778E5	4.16913E5	3.49615E5	2.8767E5	2.34365E5	3.08224E5	1.74535E5	1.07279E5	7.83183E4
496	1.50338E6	1.67953E7	1.17234E6	1.02197E6	8.50987E5	7.2717E5	6.51205E5	6.04698E5	5.84708E5	5.72884E5	5.59737E5	5.35823E5	5.05572E5	4.82753E5	4.11512E5	3.40333E5	2.82411E5	2.3288E5	2.75427E5	1.99475E5	1.08682E5	8.04545E4
498	1.43415E6	2.35002E7	1.15865E6	1.01231E6	8.40454E5	7.08209E5	6.35132E5	5.91936E5	5.75646E5	5.62649E5	5.46091E5	5.27564E5	4.99413E5	4.7504E5	4.04164E5	3.41291E5	2.80769E5	2.33493E5	2.40668E5	2.23818E5	1.10526E5	8.36316E4
500	1.32937E6	2.91848E7	1.13324E6	9.93248E5	8.44892E5	7.09636E5	6.24776E5	5.82481E5	5.59212E5	5.4813E5	5.40825E5	5.13353E5	4.93267E5	4.66956E5	4.01351E5	3.38935E5	2.80319E5	2.32368E5	2.18223E5	2.56303E5	1.15225E5	8.51967E4
502	1.28408E6	3.17325E7	1.11927E6	9.90208E5	8.22359E5	7.00027E5	6.17242E5	5.73393E5	5.51548E5	5.42695E5	5.30176E5	5.08927E5	4.83555E5	4.58032E5	3.99374E5	3.38705E5	2.81097E5	2.32283E5	2.02723E5	2.75127E5	1.17578E5	8.68164E4
504	1.26688E6	3.00791E7	1.11343E6	9.66034E5	8.06273E5	6.7932E5	6.02258E5	5.65743E5	5.3813E5	5.28334E5	5.17082E5	4.94358E5	4.73112E5	4.53551E5	3.90382E5	3.305E5	2.76003E5	2.32306E5	1.9452E5	2.85394E5	1.23068E5	8.79458E4
506	1.18965E6	2.50394E7	1.16308E6	9.64886E5	7.97279E5	6.79641E5	5.95799E5	5.51439E5	5.33641E5	5.17141E5	5.06984E5	4.87561E5	4.63825E5	4.48215E5	3.83834E5	3.27049E5	2.7679E5	2.30383E5	1.92751E5	2.75078E5	1.31363E5	8.91551E4
508	1.24341E6	1.82421E7	1.61512E6	9.45506E5	7.80643E5	6.65208E5	5.93597E5	5.43487E5	5.23154E5	5.06417E5	4.97532E5	4.76953E5	4.56504E5	4.38184E5	3.80539E5	3.2379E5	2.76203E5	2.25908E5	1.9159E5	2.54728E5	1.48137E5	8.93636E4
510	1.24213E6	1.0802E7	3.37832E6	9.22456E5	7.71179E5	6.58314E5	5.75213E5	5.25557E5	5.09613E5	4.98371E5	4.87041E5	4.66082E5	4.48812E5	4.26867E5	3.74531E5	3.20391E5	2.70374E5	2.28507E5	1.9104E5	2.26916E5	1.6794E5	9.20837E4
512	1.39431E6	4.99741E6	7.22526E6	9.08637E5	7.61909E5	6.47631E5	5.70102E5	5.21661E5	4.99024E5	4.8527E5	4.71869E5	4.5703E5	4.40413E5	4.21281E5	3.65686E5	3.12853E5	2.66404E5	2.23088E5	1.88312E5	1.96428E5	1.90106E5	9.38741E4
514	1.52175E6	2.16881E6	1.29312E7	8.95903E5	7.4712E5	6.27845E5	5.51695E5	5.0925E5	4.91336E5	4.77719E5	4.61939E5	4.43926E5	4.29622E5	4.12639E5	3.62733E5	3.10561E5	2.6547E5	2.20591E5	1.88026E5	1.7487E5	2.11532E5	9.48361E4
516	1.78294E6	1.30791E6	1.99756E7	8.74296E5	7.47929E5	6.23094E5	5.46033E5	5.01531E5	4.7921E5	4.60854E5	4.51344E5	4.32751E5	4.20963E5	4.04669E5	3.52934E5	3.05629E5	2.60966E5	2.18598E5	1.84835E5	1.65193E5	2.26475E5	9.72186E4
518	2.10244E6	1.17131E6	2.76547E7	8.80703E5	7.27429E5	6.12289E5	5.37075E5	4.88898E5	4.67233E5	4.55446E5	4.39535E5	4.27833E5	4.13001E5	3.96549E5	3.4706E5	3.02215E5	2.59639E5	2.182E5	1.84405E5	1.57999E5	2.32226E5	1.00818E5
520	2.53158E6	1.10907E6	3.34962E7	8.57424E5	7.14372E5	6.03723E5	5.26374E5	4.79485E5	4.57661E5	4.42843E5	4.33006E5	4.16534E5	4.00405E5	3.87559E5	3.42127E5	2.95684E5	2.50997E5	2.17579E5	1.83876E5	1.5658E5	2.25996E5	1.10619E5
522	2.76985E6	1.05218E6	3.53645E7	8.4268E5	7.04783E5	5.96275E5	5.16304E5	4.72621E5	4.51879E5	4.32504E5	4.22788E5	4.10307E5	3.92966E5	3.78798E5	3.34686E5	2.92453E5	2.50315E5	2.12965E5	1.80236E5	1.55043E5	2.08064E5	1.21298E5
524	3.04995E6	1.05167E6	3.28075E7	8.46759E5	6.93822E5	5.77844E5	5.10503E5	4.65871E5	4.38714E5	4.22073E5	4.08693E5	3.97489E5	3.86694E5	3.69934E5	3.2889E5	2.8427E5	2.46188E5	2.07821E5	1.79183E5	1.52764E5	1.84731E5	1.37815E5
526	3.02937E6	1.02109E6	2.69491E7	9.05146E5	6.8003E5	5.75179E5	5.06835E5	4.54208E5	4.29679E5	4.11727E5	4.02137E5	3.8728E5	3.77642E5	3.62997E5	3.22501E5	2.79549E5	2.40636E5	2.05279E5	1.76081E5	1.49778E5	1.60106E5	1.56197E5
528	2.88932E6	9.99915E5	1.9168E7	1.45273E6	6.67331E5	5.69334E5	4.89298E5	4.38069E5	4.20199E5	4.0468E5	3.92894E5	3.79074E5	3.67634E5	3.54127E5	3.13199E5	2.73446E5	2.38583E5	2.03153E5	1.74246E5	1.47479E5	1.40421E5	1.72561E5
530	2.59479E6	9.75054E5	1.10489E7	3.5093E6	6.51226E5	5.53663E5	4.76951E5	4.31257E5	4.07776E5	3.92115E5	3.83692E5	3.73635E5	3.56551E5	3.45985E5	3.0872E5	2.68875E5	2.31795E5	1.99687E5	1.72452E5	1.47053E5	1.2918E5	1.84713E5
532	2.14554E6	9.91854E5	4.98193E6	8.12065E6	6.48019E5	5.4373E5	4.70154E5	4.19393E5	3.97979E5	3.85945E5	3.73075E5	3.58985E5	3.51976E5	3.41888E5	3.00753E5	2.63157E5	2.28394E5	1.97454E5	1.70903E5	1.4557E5	1.24523E5	1.92062E5
534	1.72142E6	1.06398E6	1.89584E6	1.50721E7	6.43173E5	5.34868E5	4.56716E5	4.12429E5	3.91362E5	3.79307E5	3.66424E5	3.51495E5	3.44114E5	3.31646E5	2.95712E5	2.56527E5	2.25731E5	1.93362E5	1.66808E5	1.42532E5	1.19489E5	1.85272E5
536	1.34119E6	1.19223E6	1.0431E6	2.33994E7	6.2185E5	5.19715E5	4.50629E5	4.04301E5	3.85449E5	3.67567E5	3.54756E5	3.43017E5	3.32653E5	3.21198E5	2.84809E5	2.51758E5	2.21643E5	1.90529E5	1.63081E5	1.40516E5	1.19808E5	1.69614E5
538	1.02998E6	1.47729E6	9.29291E5	3.15658E7	6.12891E5	5.10178E5	4.38541E5	3.97045E5	3.73279E5	3.55744E5	3.43735E5	3.34862E5	3.2502E5	3.14621E5	2.79925E5	2.47117E5	2.15935E5	1.88368E5	1.63536E5	1.38114E5	1.18902E5	1.48893E5
540	8.79923E5	1.8038E6	8.78457E5	3.72495E7	6.03248E5	4.9531E5	4.26038E5	3.83086E5	3.62218E5	3.48896E5	3.36988E5	3.21078E5	3.1196E5	3.06643E5	2.73481E5	2.41617E5	2.11453E5	1.83266E5	1.5985E5	1.3737E5	1.15913E5	1.28203E5
542	8.92171E5	2.20012E6	8.36405E5	3.85737E7	6.02611E5	4.86309E5	4.25768E5	3.78047E5	3.51562E5	3.37715E5	3.34121E5	3.17205E5	3.10015E5	2.98902E5	2.64104E5	2.36283E5	2.07499E5	1.80333E5	1.56371E5	1.33635E5	1.15698E5	1.12295E5
544	8.17272E5	2.58271E6	8.07489E5	3.48858E7	6.09984E5	4.83367E5	4.10701E5	3.6421E5	3.40612E5	3.31705E5	3.1617E5	3.09526E5	3.00186E5	2.90998E5	2.56794E5	2.29266E5	2.01837E5	1.76768E5	1.52739E5	1.29876E5	1.12326E5	1.00179E5
546	8.05115E5	2.88234E6	7.96438E5	2.79576E7	6.84783E5	4.77704E5	4.02309E5	3.61024E5	3.35394E5	3.22479E5	3.12579E5	2.9645E5	2.89309E5	2.82427E5	2.53688E5	2.23979E5	1.96378E5	1.72254E5	1.49809E5	1.31139E5	1.10717E5	9.66685E4
548	7.87779E5	2.99548E6	7.6745E5	1.94032E7	1.43199E6	4.59899E5	3.88659E5	3.48335E5	3.26323E5	3.14584E5	3.01398E5	2.92956E5	2.84942E5	2.76147E5	2.49553E5	2.17771E5	1.94193E5	1.69465E5	1.46625E5	1.28444E5	1.07196E5	9.14279E4
550	7.34068E5	2.95469E6	7.38164E5	1.11097E7	3.92895E6	4.59803E5	3.85048E5	3.46981E5	3.18166E5	3.06277E5	2.93457E5	2.85704E5	2.76299E5	2.65734E5	2.41217E5	2.14977E5	1.88057E5	1.66587E5	1.44291E5	1.25862E5	1.04815E5	9.01897E4
552	7.27374E5	2.73374E6	7.12821E5	4.79283E6	9.18511E6	4.50239E5	3.72237E5	3.3503E5	3.10037E5	2.9443E5	2.85199E5	2.76162E5	2.69543E5	2.65298E5	2.35693E5	2.06523E5	1.84146E5	1.63106E5	1.40811E5	1.23097E5	1.03169E5	8.85061E4
554	7.13388E5	2.31553E6	7.15242E5	1.68685E6	1.66633E7	4.47731E5	3.70382E5	3.24279E5	3.03721E5	2.91427E5	2.80275E5	2.69258E5	2.60815E5	2.54202E5	2.27388E5	2.01155E5	1.76996E5	1.5785E5	1.38308E5	1.21224E5	1.02334E5	8.73714E4
556	6.88967E5	1.86763E6	7.5187E5	8.29538E5	2.50918E7	4.2731E5	3.65619E5	3.19621E5	3.00208E5	2.82267E5	2.72627E5	2.60038E5	2.55309E5	2.51103E5	2.21063E5	1.94169E5	1.77874E5	1.55949E5	1.34594E5	1.17044E5	1.00084E5	8.54878E4
558	6.76174E5	1.4419E6	8.60981E5	7.29499E5	3.3401E7	4.25898E5	3.5363E5	3.15547E5	2.84412E5	2.73042E5	2.64728E5	2.54271E5	2.48756E5	2.39684E5	2.17791E5	1.90485E5	1.68245E5	1.52018E5	1.31854E5	1.15258E5	9.81629E4	8.36814E4
560	7.01239E5	1.10438E6	1.04317E6	6.63103E5	3.90475E7	4.24468E5	3.47462E5	3.07804E5	2.80967E5	2.68715E5	2.59035E5	2.46106E5	2.41798E5	2.36359E5	2.10271E5	1.86072E5	1.67638E5	1.46769E5	1.30446E5	1.13575E5	9.57561E4	8.33803E4
562	6.49221E5	8.46708E5	1.32493E6	6.41836E5	4.02771E7	4.24433E5	3.42088E5	2.98567E5	2.75935E5	2.64824E5	2.49642E5	2.37933E5	2.31437E5	2.28038E5	2.03037E5	1.81494E5	1.62495E5	1.43412E5	1.25805E5	1.11562E5	9.41437E4	8.05775E4
564	6.38941E5	6.90747E5	1.65802E6	6.08843E5	3.62521E7	4.39569E5	3.30986E5	2.93749E5	2.69334E5	2.52707E5	2.39741E5	2.29686E5	2.25648E5	2.21013E5	1.98213E5	1.75519E5	1.55654E5	1.40973E5	1.24599E5	1.0879E5	9.17261E4	7.75718E4
566	6.44954E5	6.40846E5	2.06143E6	5.94295E5	2.90654E7	5.34084E5	3.35132E5	2.87217E5	2.61478E5	2.47258E5	2.37042E5	2.27784E5	2.16381E5	2.14469E5	1.94515E5	1.74967E5	1.53806E5	1.37833E5	1.19791E5	1.06098E5	9.10687E4	7.67292E4
568	5.75241E5	6.13543E5	2.40163E6	5.7372E5	1.99043E7	1.39432E6	3.19324E5	2.77887E5	2.52841E5	2.39349E5	2.29161E5	2.19435E5	2.10828E5	2.04368E5	1.8734E5	1.69582E5	1.48122E5	1.33846E5	1.16417E5	1.03474E5	8.77499E4	7.4459E4
570	6.4235E5	5.79448E5	2.6851E6	5.57126E5	1.10103E7	4.33843E6	3.1886E5	2.6976E5	2.48588E5	2.35963E5	2.24061E5	2.11681E5	2.05858E5	2.00605E5	1.83336E5	1.62836E5	1.46305E5	1.27265E5	1.13657E5	9.97807E4	8.69024E4	7.30735E4
572	6.04848E5	5.75092E5	2.72436E6	5.49907E5	4.65985E6	1.00507E7	3.08818E5	2.65875E5	2.43994E5	2.26125E5	2.17188E5	2.06916E5	2.00366E5	1.96521E5	1.75769E5	1.58481E5	1.41395E5	1.26983E5	1.12296E5	9.72372E4	8.23561E4	7.09922E4
574	5.77538E5	5.37239E5	2.62752E6	5.43345E5	1.49846E6	1.80693E7	3.11471E5	2.61634E5	2.39194E5	2.21727E5	2.11354E5	2.0269E5	1.91838E5	1.88559E5	1.71417E5	1.52572E5	1.37419E5	1.22099E5	1.09244E5	9.85273E4	8.34258E4	6.95228E4
576	6.13106E5	5.25554E5	2.34753E6	5.31615E5	6.54349E5	2.66788E7	2.98865E5	2.52522E5	2.31108E5	2.16154E5	2.05513E5	1.98046E5	1.93379E5	1.8278E5	1.63541E5	1.51518E5	1.32911E5	1.22032E5	1.06001E5	9.20875E4	8.0084E4	7.03997E4
578	5.42376E5	5.07413E5	2.00696E6	5.35523E5	5.63512E5	3.44987E7	3.02193E5	2.49047E5	2.20534E5	2.07559E5	1.95322E5	1.90182E5	1.8275E5	1.7865E5	1.62429E5	1.44789E5	1.27695E5	1.16461E5	1.02119E5	9.11291E4	7.90402E4	6.88818E4
580	5.55061E5	5.12184E5	1.57772E6	5.90589E5	5.18056E5	3.96969E7	3.01341E5	2.44736E5	2.19695E5	2.02906E5	1.92177E5	1.87372E5	1.77729E5	1.7301E5	1.57171E5	1.39831E5	1.26146E5	1.12632E5	1.01218E5	8.68687E4	7.69991E4	6.52491E4
582	5.37197E5	4.99195E5	1.19252E6	7.10792E5	4.93346E5	4.03162E7	3.0342E5	2.37261E5	2.11192E5	1.9918E5	1.88352E5	1.76846E5	1.72748E5	1.70002E5	1.50152E5	1.3899E5	1.21868E5	1.09672E5	9.78477E4	8.55074E4	7.31054E4	6.43016E4
584	5.55915E5	4.64588E5	8.81195E5	8.91091E5	4.83084E5	3.60353E7	3.16173E5	2.3734E5	2.06577E5	1.95794E5	1.82863E5	1.73471E5	1.67241E5	1.65536E5	1.45974E5	1.30888E5	1.20093E5	1.0673E5	9.46073E4	8.33259E4	7.21682E4	6.32304E4
586	5.43818E5	4.76002E5	6.68156E5	1.14446E6	4.73206E5	2.82266E7	3.9211E5	2.37223E5	2.01404E5	1.86443E5	1.7679E5	1.67575E5	1.62138E5	1.61106E5	1.46031E5	1.27656E5	1.14657E5	1.03071E5	9.11545E4	8.16498E4	7.15197E4	5.93587E4
588	5.40991E5	4.66684E5	5.42707E5	1.47439E6	4.61915E5	1.87322E7	1.25637E6	2.31114E5	1.98099E5	1.8296E5	1.68982E5	1.60562E5	1.58434E5	1.55733E5	1.37193E5	1.24527E5	1.12263E5	9.90851E4	8.81115E4	8.13106E4	6.76577E4	5.97793E4
590	4.843E5	4.41714E5	4.94796E5	1.82179E6	4.65232E5	9.88541E6	4.35381E6	2.24714E5	1.90517E5	1.75258E5	1.65355E5	1.58348E5	1.51254E5	1.51349E5	1.35431E5	1.19372E5	1.06929E5	9.69186E4	8.75001E4	7.84234E4	6.63966E4	5.73318E4
592	4.97587E5	4.40935E5	4.6428E5	2.14069E6	4.50973E5	3.76034E6	1.06788E7	2.20342E5	1.88167E5	1.71344E5	1.58985E5	1.52483E5	1.47112E5	1.43452E5	1.27486E5	1.14981E5	1.03885E5	9.43792E4	8.4937E4	7.74793E4	6.50142E4	5.6785E4
594	5.01711E5	4.45494E5	4.46887E5	2.36579E6	4.45543E5	1.10642E6	1.90455E7	2.17063E5	1.85548E5	1.66038E5	1.56566E5	1.47144E5	1.43436E5	1.39216E5	1.26165E5	1.13339E5	1.01875E5	9.11991E4	8.08677E4	7.17094E4	6.26003E4	5.37077E4
596	4.64284E5	4.54765E5	4.47071E5	2.42099E6	4.32719E5	4.90413E5	2.81217E7	2.12874E5	1.803E5	1.62037E5	1.52883E5	1.43749E5	1.40851E5	1.34436E5	1.21521E5	1.08984E5	9.53181E4	8.82235E4	8.09681E4	6.97846E4	6.0676E4	5.23826E4
598	5.5665E5	4.19654E5	4.17903E5	2.30624E6	4.29934E5	4.27218E5	3.59451E7	2.15156E5	1.74633E5	1.56144E5	1.47956E5	1.42448E5	1.36141E5	1.32918E5	1.20009E5	1.07724E5	9.53334E4	8.63271E4	7.80319E4	6.89225E4	5.86055E4	5.1783E4
600	4.90403E5	4.24046E5	4.2095E5	2.05177E6	4.46483E5	3.94236E5	4.05691E7	2.15554E5	1.73498E5	1.56409E5	1.4571E5	1.36532E5	1.32093E5	1.26363E5	1.14337E5	1.04094E5	9.15969E4	8.45885E4	7.463E4	6.73836E4	5.89981E4	4.98828E4
