300	2.27555E5	1.50026E5	1.71979E5	2.57758E6	3.99485E5	2.8151E5	2.48079E7	9.48254E4	1.48508E4	9934.95118	6340.39023	4885.3811	4537.2696	3658.05217	3194.93486	2979.84971	2090.20013	1671.47587	1459.43978	1687.56031	1192.15468	1497.37671
302	2.48541E5	1.78271E5	1.93377E5	1.73923E6	7.27076E5	2.1414E5	2.146E7	1.09151E6	1.68396E4	9500.97949	6576.69057	4756.58227	4167.65664	4016.77228	3402.48664	2278.8748	2015.4828	1996.38365	1824.07961	1538.44851	1682.87305	1253.80982
304	2.64573E5	1.6965E5	1.97845E5	1.01165E6	1.29663E6	2.0813E5	1.3531E7	4.79878E6	1.86779E4	1.00334E4	7538.71989	5234.79332	4260.83521	3392.03045	3063.03445	2406.25957	2464.79892	1878.52536	1748.40929	1642.33977	1788.06518	1196.13141
306	2.60551E5	1.83415E5	2.09665E5	5.64671E5	2.02865E6	2.16407E5	5.82059E6	1.2093E7	2.37919E4	1.00315E4	7390.48646	5355.22577	4333.33738	3296.73521	2747.10625	2913.76772	2587.37853	2162.40404	2126.6771	1349.34922	1213.71753	1185.20196
308	2.96293E5	1.87262E5	2.23005E5	3.72491E5	2.65863E6	2.18234E5	1.44272E6	2.04509E7	3.35399E4	1.13105E4	8202.84263	5290.40028	4296.74169	4162.62014	3015.8173	2195.92098	2220.62612	1883.06313	1527.53233	1379.95063	1193.21496	1255.58189
310	2.83371E5	2.0658E5	2.36787E5	3.22124E5	2.81984E6	2.46804E5	2.44893E5	2.42952E7	8.96479E4	1.25887E4	7924.82029	5625.78942	4554.67547	3593.93409	2880.21934	2463.26178	2184.32015	2146.72905	1635.02498	1333.68963	1518.4293	1431.80354
312	2.947E5	2.16772E5	2.47364E5	3.29737E5	2.42712E6	3.29007E5	1.56575E5	2.11294E7	1.01378E6	1.44506E4	7961.94803	5656.28782	4449.00215	3486.28052	2956.56404	2326.05066	1766.84038	1660.58184	1594.59373	1684.43486	1188.50494	1413.49745
314	3.03277E5	2.23953E5	2.55882E5	3.30918E5	1.69262E6	6.03835E5	1.47742E5	1.29487E7	4.83856E6	1.68435E4	8609.81893	6699.89999	3980.64661	3810.05595	2823.78639	2574.03963	1804.46081	1740.70453	1546.04021	1622.05525	1246.67898	1632.32975
316	3.19975E5	2.24073E5	2.6658E5	3.40324E5	1.03586E6	1.08575E6	1.44935E5	5.16322E6	1.17817E7	1.93514E4	9031.89282	6102.55505	4470.61238	3556.14761	3062.0531	2514.6406	2290.34271	2064.17454	1342.78416	1602.40353	1292.19143	1219.30307
318	3.41605E5	2.42706E5	2.85555E5	3.47537E5	6.17143E5	1.71752E6	1.46804E5	1.23088E6	1.86512E7	3.08303E4	9460.24597	6541.11602	4727.19226	3967.04657	2907.1881	2547.29038	1872.35574	2012.01622	1714.59811	1624.91279	1415.6021	998.59206
320	3.23856E5	2.48958E5	2.93608E5	3.52154E5	4.54289E5	2.25974E6	1.52487E5	1.96112E5	2.13636E7	8.27758E4	1.03021E4	6590.53331	4558.98375	3862.53844	2953.26672	2666.61945	1974.33308	1742.64755	1617.35007	1768.08883	1479.42572	1619.5999
322	3.4121E5	2.76504E5	3.04178E5	3.55693E5	4.06532E5	2.37967E6	1.7362E5	1.29874E5	1.79813E7	8.93481E5	1.24395E4	7178.13713	4800.31631	3666.28968	2799.48943	2233.463	1786.84401	2078.82365	1396.29456	1448.50718	1258.72171	1187.05058
324	3.64437E5	2.842E5	3.10479E5	3.666E5	4.0486E5	2.03785E6	2.46032E5	1.20813E5	1.08875E7	3.98015E6	1.4496E4	7443.65237	5678.41951	3234.79501	2695.72417	2413.07623	1545.65133	1603.34204	1559.89328	1553.55682	1264.57914	1379.21419
326	3.83301E5	2.83218E5	3.1746E5	3.73674E5	4.06339E5	1.47719E6	4.33079E5	1.20038E5	4.36043E6	9.81759E6	1.82913E4	7366.52556	5230.8897	4077.08741	2880.94742	2508.63977	2034.18159	1825.41512	1466.60371	1440.31649	1107.46331	961.44644
328	4.02728E5	3.06234E5	3.19584E5	3.79445E5	4.12172E5	9.43988E5	7.99073E5	1.22098E5	1.08383E6	1.57379E7	2.55336E4	9120.39269	5202.67323	4292.49264	2667.26101	2492.40233	1885.90599	1528.89042	1309.28588	1361.99065	1149.3648	1198.33575
330	4.01231E5	3.14363E5	3.34854E5	4.01579E5	4.28081E5	5.9091E5	1.29896E6	1.30545E5	1.78133E5	1.84707E7	7.17947E4	9111.98493	5506.31445	4032.49206	2733.21569	2396.686	2166.61456	1728.52158	1444.53533	1569.98797	1167.05718	1265.03122
332	3.97797E5	3.26916E5	3.5017E5	3.99428E5	4.28137E5	4.381E5	1.75651E6	1.35907E5	1.18169E5	1.60784E7	7.67291E5	1.02404E4	5785.08697	4125.25956	2889.2997	2520.78144	1800.91587	1700.8702	1594.53329	1154.06523	1162.27115	1044.16848
334	4.41942E5	3.37881E5	3.49459E5	4.0742E5	4.29E5	3.84929E5	1.9515E6	1.53457E5	1.10241E5	1.03141E7	3.38325E6	1.24242E4	6386.92212	4703.39256	3484.40051	2419.97075	2008.38253	1487.13841	1368.68949	1248.60688	1099.81546	1060.95428
336	4.50886E5	3.4276E5	3.65416E5	4.18886E5	4.27694E5	3.84264E5	1.78533E6	2.00845E5	1.10671E5	4.33165E6	8.48126E6	1.53488E4	6113.35272	4456.30754	3054.77659	2469.31154	1917.00666	1546.76573	1390.50232	1401.04542	1252.07067	1107.07086
338	4.52865E5	3.43715E5	3.73394E5	4.17542E5	4.46091E5	3.88608E5	1.38261E6	3.28005E5	1.18135E5	1.15007E6	1.35389E7	2.2367E4	6935.32279	3925.61576	2782.59739	2232.77215	2129.90048	1419.11079	1682.96363	1343.97024	1210.32161	1258.12778
340	4.72057E5	3.8852E5	3.82048E5	4.21407E5	4.52994E5	3.92049E5	8.90936E5	6.14887E5	1.25388E5	1.76125E5	1.59768E7	5.72834E4	7765.08355	4563.44837	3258.67341	2234.19827	1664.72652	1688.94277	1533.25862	1282.73668	1198.16418	1161.50124
342	5.13947E5	3.97761E5	3.907E5	4.22927E5	4.46428E5	4.03345E5	5.75241E5	9.81714E5	1.34421E5	1.13725E5	1.40438E7	6.1746E5	8701.81776	5287.02208	3552.61135	2149.03333	2175.97668	1564.1301	1304.81537	1174.54861	1233.14549	1218.19953
344	5.21588E5	3.93628E5	3.92881E5	4.21142E5	4.52757E5	4.08696E5	3.94014E5	1.39215E6	1.48156E5	1.07632E5	8.90495E6	3.10237E6	1.04748E4	4669.52372	3414.36546	2379.38399	1855.82926	1567.45371	1304.03631	1053.27957	986.09368	925.89884
346	5.45142E5	4.30432E5	3.99396E5	4.37465E5	4.64232E5	4.20088E5	3.45549E5	1.60159E6	1.64184E5	1.1295E5	3.7685E6	7.5484E6	1.32203E4	5763.89081	3688.30585	2591.01912	2026.22676	1654.40524	1252.58916	1088.31736	1223.57616	1052.79148
348	5.60902E5	4.21927E5	4.24168E5	4.31506E5	4.62458E5	4.34175E5	3.48544E5	1.54406E6	2.06914E5	1.24026E5	8.75333E5	1.20369E7	1.94826E4	6329.42691	3667.59443	2603.18101	1806.80621	1585.7242	1510.28761	1253.74683	1050.04916	1074.73436
350	5.96476E5	4.63387E5	4.25102E5	4.51731E5	4.6999E5	4.39043E5	3.54239E5	1.24689E6	3.05366E5	1.35166E5	1.58275E5	1.37545E7	4.23792E4	6656.52166	3829.12505	2928.20604	1990.25141	1429.53122	1424.02385	1159.89607	936.5996	1026.02658
352	5.91113E5	4.77453E5	4.50482E5	4.54427E5	4.7403E5	4.52141E5	3.70008E5	8.76375E5	5.05393E5	1.50037E5	1.12412E5	1.18538E7	5.14318E5	7526.88023	3813.98423	2559.28494	1851.52981	1380.91151	1331.88084	1411.71905	1098.44001	970.63897
354	6.17914E5	5.10883E5	4.60084E5	4.52547E5	4.73646E5	4.6112E5	3.78757E5	5.91528E5	7.82674E5	1.61445E5	1.12435E5	7.59414E6	2.39E6	9425.4982	3881.46207	2864.71805	2022.44115	1613.57311	1351.21855	1348.09584	1079.88733	988.06474
356	6.4959E5	5.23759E5	4.77918E5	4.70142E5	4.85609E5	4.74537E5	3.95377E5	4.3548E5	1.09385E6	1.79705E5	1.19749E5	3.1831E6	6.16875E6	1.15997E4	4119.63442	2921.93803	1977.24567	1489.97981	1259.55508	1303.15605	1109.74098	996.15133
358	6.90074E5	5.42394E5	4.89804E5	4.77859E5	4.8669E5	4.84904E5	4.12028E5	3.8447E5	1.31117E6	1.96527E5	1.32838E5	8.31156E5	1.00745E7	1.78233E4	4654.21874	2478.81375	2086.92316	1644.4546	1334.45773	1095.94572	962.28514	949.3543
360	6.82802E5	5.76967E5	5.02525E5	4.84766E5	4.98374E5	4.91302E5	4.39119E5	3.82011E5	1.3331E6	2.297E5	1.45805E5	1.542E5	1.19428E7	4.01004E4	5235.57341	3031.25163	2490.96272	1614.86192	1284.11259	1018.73734	1112.19117	985.50577
362	7.44851E5	6.19539E5	5.45347E5	4.97546E5	5.09159E5	5.04773E5	4.52549E5	3.97985E5	1.16815E6	2.92825E5	1.60239E5	1.11662E5	1.08208E7	4.42413E5	6050.32061	3156.07265	2450.887	1646.28593	1376.82908	1226.70552	1141.31743	1058.50925
364	7.64122E5	6.50907E5	5.49491E5	5.15113E5	5.23002E5	5.19184E5	4.70252E5	4.15348E5	8.98595E5	4.18647E5	1.75801E5	1.09341E5	7.36195E6	2.20604E6	7593.82959	3180.12062	2622.09247	1787.11867	1624.45596	1158.52831	988.95202	1013.31769
366	7.88032E5	6.74273E5	5.79458E5	5.35566E5	5.36471E5	5.33313E5	4.93528E5	4.4097E5	6.5238E5	6.32989E5	1.94792E5	1.16298E5	3.21952E6	5.93014E6	1.00384E4	3375.88055	2397.98496	1887.91679	1473.9633	1337.57057	976.7548	945.96308
368	8.15155E5	7.0974E5	6.03191E5	5.48254E5	5.48694E5	5.41611E5	5.16955E5	4.59268E5	5.0704E5	8.86384E5	2.10695E5	1.30674E5	8.9013E5	9.56888E6	1.53464E4	4210.38184	2511.84745	1909.78546	1544.62878	1193.74486	1130.73443	1020.82698
370	8.70754E5	7.44723E5	6.28419E5	5.6661E5	5.57254E5	5.57011E5	5.32645E5	4.84557E5	4.53327E5	1.10519E6	2.31786E5	1.43934E5	1.46416E5	1.11896E7	3.65936E4	4884.85839	2486.02477	2017.58249	1534.00622	1213.22768	1020.35642	1049.13867
372	9.04592E5	7.75216E5	6.53738E5	5.89618E5	5.7373E5	5.70829E5	5.51797E5	5.09923E5	4.50538E5	1.18017E6	2.59062E5	1.59664E5	1.01146E5	9.68477E6	4.36954E5	5560.10918	2699.19249	2197.01496	1350.6966	1139.31671	1071.59315	1084.10602
374	9.41683E5	8.09609E5	6.73406E5	5.94574E5	5.76701E5	5.86121E5	5.68757E5	5.29139E5	4.61515E5	1.0934E6	3.12706E5	1.73233E5	9.85636E4	6.10853E6	2.06179E6	6731.14743	2928.95088	1922.84969	1522.92179	1248.10885	1282.16439	994.71633
376	1.00187E6	8.35563E5	6.98745E5	6.08971E5	6.01455E5	6.05698E5	5.87276E5	5.51415E5	4.87673E5	9.07615E5	4.00865E5	1.88252E5	1.03256E5	2.5401E6	5.10759E6	8555.96252	3189.91442	2037.48467	1718.58381	1276.8575	975.29581	1030.71082
378	1.00157E6	8.68579E5	7.39838E5	6.34137E5	6.12289E5	6.16663E5	6.12914E5	5.79961E5	5.05071E5	7.14372E5	5.61355E5	2.03582E5	1.16582E5	6.00248E5	8.23828E6	1.32829E4	3523.28679	2040.67365	1465.94123	1192.30302	1221.64182	1055.89213
380	1.06414E6	9.24716E5	7.67544E5	6.49756E5	6.22891E5	6.41888E5	6.355E5	5.95622E5	5.31519E5	5.76894E5	7.49724E5	2.22141E5	1.28975E5	1.18862E5	9.53208E6	3.31243E4	4019.69339	2179.83271	1789.9772	1085.21655	1027.06932	968.19213
382	1.10255E6	9.55119E5	7.9198E5	6.73891E5	6.52817E5	6.64612E5	6.65395E5	6.25923E5	5.59212E5	5.18249E5	9.45218E5	2.42344E5	1.46295E5	9.33666E4	8.41132E6	3.62079E5	4950.0387	2492.55308	1706.17885	1128.97365	1183.95959	1154.78384
384	1.09736E6	1.00324E6	8.21497E5	6.99017E5	6.67096E5	6.78274E5	6.87693E5	6.52628E5	5.85314E5	5.10064E5	1.05976E6	2.67284E5	1.60493E5	9.37516E4	5.5575E6	1.71432E6	6319.60686	2579.07025	1822.89371	1469.47975	1156.05518	992.41143
386	1.17538E6	1.02473E6	8.52113E5	7.25197E5	6.86432E5	6.96936E5	7.10052E5	6.8155E5	6.03881E5	5.26519E5	1.04613E6	3.08837E5	1.76411E5	1.01695E5	2.39002E6	4.56315E6	8457.73969	2824.47275	1727.65455	1462.75884	1326.78755	1071.92105
388	1.2183E6	1.07342E6	8.89416E5	7.57175E5	7.06615E5	7.13726E5	7.25979E5	6.98327E5	6.36952E5	5.42173E5	9.32988E5	3.71517E5	1.90593E5	1.09969E5	6.61326E5	7.39202E6	1.26972E4	3076.18737	2207.6906	1734.52159	1019.37238	1170.70103
390	1.26988E6	1.13197E6	9.38067E5	7.73788E5	7.19466E5	7.35973E5	7.4953E5	7.25036E5	6.56965E5	5.62929E5	7.78947E5	4.87707E5	2.11541E5	1.24519E5	1.21364E5	8.87664E6	2.93847E4	3543.79065	2058.47699	1849.72937	1328.34536	1130.74625
392	1.32522E6	1.16738E6	9.51341E5	7.9954E5	7.49286E5	7.60285E5	7.69285E5	7.50519E5	6.81065E5	5.90398E5	6.46453E5	6.45773E5	2.29527E5	1.38799E5	8.70001E4	7.99066E6	3.62629E5	4451.22455	2253.75703	1944.34382	1452.94108	1341.53189
394	1.33904E6	1.19107E6	9.90417E5	8.1727E5	7.67917E5	7.72564E5	7.87895E5	7.70401E5	7.03429E5	6.08372E5	5.78812E5	8.09285E5	2.49797E5	1.53858E5	8.87351E4	5.4288E6	1.65123E6	5808.19128	2822.90616	1852.61303	1560.15586	1311.94499
396	1.37345E6	1.22147E6	1.02162E6	8.36961E5	7.85389E5	7.89527E5	8.12367E5	7.9553E5	7.25045E5	6.30127E5	5.55019E5	9.36771E5	2.73015E5	1.70131E5	9.30218E4	2.36282E6	4.38086E6	7558.40481	2792.64716	1761.16232	1461.65261	1521.96234
398	1.43938E6	1.25129E6	1.06114E6	8.65049E5	7.99385E5	8.16724E5	8.2961E5	8.14395E5	7.4678E5	6.52206E5	5.59448E5	9.77951E5	3.00922E5	1.88079E5	9.98647E4	6.36424E5	7.05068E6	1.14435E4	3132.60567	2099.95882	1532.59451	1317.12627
400	1.46038E6	1.29555E6	1.094E6	8.92517E5	8.15378E5	8.35364E5	8.45463E5	8.34823E5	7.66578E5	6.75042E5	5.78789E5	9.16418E5	3.48138E5	2.04399E5	1.12168E5	1.15898E5	8.17285E6	2.46863E4	3557.36247	2424.62956	1703.18784	1188.93953
402	1.52155E6	1.3566E6	1.11861E6	9.24398E5	8.41134E5	8.43021E5	8.63009E5	8.57882E5	7.86457E5	6.99366E5	5.97817E5	7.99913E5	4.27362E5	2.20625E5	1.2375E5	8.04518E4	7.23543E6	2.85872E5	4331.96541	2267.96704	1558.88593	1295.06164
404	1.52821E6	1.40007E6	1.15782E6	9.49099E5	8.63301E5	8.69926E5	8.82479E5	8.74603E5	8.14821E5	7.2345E5	6.16392E5	6.78871E5	5.45558E5	2.4073E5	1.36662E5	8.07669E4	4.6358E6	1.44821E6	5295.08094	2510.03176	1780.25391	1337.4705
406	1.57944E6	1.43745E6	1.19026E6	9.63493E5	8.87427E5	8.80191E5	9.0069E5	8.92528E5	8.2703E5	7.36544E5	6.41019E5	6.02899E5	6.86173E5	2.58767E5	1.50779E5	8.32608E4	1.97674E6	3.79083E6	7235.71142	2861.83004	1583.53582	1395.19117
408	1.54398E6	1.44228E6	1.21946E6	9.99248E5	8.93773E5	9.00749E5	9.18348E5	9.09325E5	8.48135E5	7.59407E5	6.61005E5	5.68336E5	8.14882E5	2.77475E5	1.64816E5	9.20315E4	4.82615E5	6.27702E6	1.07229E4	2905.79913	1767.60964	1556.99537
410	1.6188E6	1.48961E6	1.26126E6	1.02331E6	9.16541E5	9.05473E5	9.21992E5	9.15604E5	8.56464E5	7.78565E5	6.73859E5	5.67015E5	8.84948E5	3.02029E5	1.77401E5	9.94115E4	9.10852E4	7.42751E6	2.13196E4	3495.99016	1835.42022	1650.73069
412	1.66463E6	1.54374E6	1.27968E6	1.04553E6	9.25873E5	9.2167E5	9.27501E5	9.25634E5	8.79436E5	7.92812E5	6.96525E5	5.79379E5	8.82661E5	3.35666E5	1.94704E5	1.10021E5	7.14781E4	6.59961E6	2.14952E5	4168.82667	2155.4605	1585.06512
414	1.73603E6	1.5362E6	1.31441E6	1.05713E6	9.456E5	9.27969E5	9.38549E5	9.36571E5	8.9161E5	8.0596E5	7.12132E5	5.93021E5	8.13631E5	3.90047E5	2.0799E5	1.19868E5	7.15544E4	4.33841E6	1.10674E6	5035.18839	2372.48863	1651.27645
416	1.67444E6	1.56329E6	1.33591E6	1.08148E6	9.65721E5	9.26683E5	9.44953E5	9.40635E5	8.98297E5	8.25912E5	7.28622E5	6.09859E5	7.12648E5	4.74092E5	2.25402E5	1.31903E5	7.43468E4	1.87221E6	3.20202E6	6975.16822	2443.34975	1614.52142
418	1.74875E6	1.59163E6	1.35269E6	1.10542E6	9.76773E5	9.47643E5	9.4732E5	9.53185E5	9.07771E5	8.34498E5	7.44694E5	6.28187E5	6.30436E5	5.85969E5	2.39791E5	1.43536E5	7.90666E4	4.80657E5	5.62943E6	1.04339E4	2869.67382	1891.21534
420	1.78035E6	1.61882E6	1.38727E6	1.13426E6	9.83008E5	9.54507E5	9.58079E5	9.56532E5	9.16218E5	8.49968E5	7.59983E5	6.44189E5	5.75794E5	7.04628E5	2.5448E5	1.53596E5	8.60169E4	8.8426E4	6.93567E6	2.10031E4	3332.7568	1717.68231
422	1.78865E6	1.64573E6	1.40424E6	1.14021E6	1.0115E6	9.64507E5	9.65738E5	9.70853E5	9.26312E5	8.57267E5	7.71498E5	6.59787E5	5.60806E5	7.90924E5	2.73309E5	1.67045E5	9.65083E4	6.37365E4	6.28415E6	2.42225E5	3711.00776	2196.01342
424	1.78264E6	1.67663E6	1.41187E6	1.15867E6	1.01863E6	9.65307E5	9.69321E5	9.70945E5	9.31739E5	8.73751E5	7.89333E5	6.73127E5	5.60138E5	8.20661E5	2.98165E5	1.78298E5	1.05016E5	6.24707E4	4.16092E6	1.20475E6	4893.63082	2256.89354
426	1.72688E6	1.65247E6	1.43655E6	1.17013E6	1.02474E6	9.86176E5	9.6866E5	9.6949E5	9.41704E5	8.78225E5	8.00201E5	6.88418E5	5.73527E5	7.88014E5	3.34039E5	1.91998E5	1.15888E5	6.56365E4	1.71186E6	3.36669E6	6561.54551	2131.24805
428	1.80385E6	1.71039E6	1.4424E6	1.21034E6	1.03596E6	9.7239E5	9.68365E5	9.72809E5	9.41324E5	8.89921E5	8.05758E5	6.971E5	5.89699E5	7.07609E5	3.91611E5	2.05085E5	1.26222E5	7.06994E4	4.2001E5	5.64552E6	9964.82468	2585.07127
430	1.82444E6	1.70658E6	1.48722E6	1.21611E6	1.03453E6	9.82173E5	9.67009E5	9.7367E5	9.43731E5	8.96844E5	8.19323E5	7.11709E5	6.00273E5	6.24088E5	4.70851E5	2.18267E5	1.36308E5	7.54503E4	7.73734E4	6.66485E6	2.11674E4	2974.03247
432	1.82749E6	1.69247E6	1.48792E6	1.24523E6	1.05327E6	9.81892E5	9.71789E5	9.77771E5	9.50044E5	9.00387E5	8.30216E5	7.233E5	6.10777E5	5.68257E5	5.66616E5	2.3218E5	1.45412E5	8.36379E4	5.73411E4	5.78009E6	2.31531E5	3733.61977
434	1.81168E6	1.71048E6	1.4899E6	1.25152E6	1.06877E6	9.94292E5	9.74252E5	9.67022E5	9.48623E5	9.04992E5	8.40368E5	7.37412E5	6.22934E5	5.42343E5	6.50547E5	2.47048E5	1.55352E5	9.26109E4	5.8218E4	3.59515E6	1.2006E6	4675.08478
436	1.83341E6	1.7362E6	1.51591E6	1.25704E6	1.06714E6	9.95069E5	9.66079E5	9.6724E5	9.53258E5	9.0675E5	8.42609E5	7.45281E5	6.3609E5	5.3643E5	6.95689E5	2.60705E5	1.66993E5	1.00425E5	6.04153E4	1.47698E6	3.06194E6	6154.88397
438	1.84634E6	1.7383E6	1.51699E6	1.28101E6	1.08276E6	9.88617E5	9.61608E5	9.652E5	9.51126E5	9.10598E5	8.47581E5	7.51212E5	6.46796E5	5.43452E5	6.96051E5	2.81749E5	1.76494E5	1.08622E5	6.39571E4	3.56541E5	5.1714E6	8792.79223
440	1.86753E6	1.73162E6	1.54221E6	1.28608E6	1.08788E6	9.93945E5	9.63459E5	9.60383E5	9.43327E5	9.09158E5	8.48225E5	7.57283E5	6.53998E5	5.55781E5	6.56732E5	3.189E5	1.87562E5	1.17882E5	6.89062E4	6.82604E4	6.20046E6	1.59139E4
442	1.85133E6	1.74535E6	1.55074E6	1.29248E6	1.08932E6	9.86916E5	9.55768E5	9.54728E5	9.3585E5	9.12355E5	8.55715E5	7.63017E5	6.60914E5	5.597E5	5.92818E5	3.68069E5	1.96406E5	1.25178E5	7.57002E4	5.41452E4	5.46122E6	1.48977E5
444	1.81925E6	1.73733E6	1.55763E6	1.28802E6	1.08756E6	9.85017E5	9.5889E5	9.48903E5	9.34852E5	9.05386E5	8.55675E5	7.69376E5	6.66468E5	5.69082E5	5.28128E5	4.3649E5	2.08041E5	1.33886E5	8.30602E4	5.44595E4	3.43636E6	8.19996E5
446	1.83806E6	1.74628E6	1.53082E6	1.29508E6	1.10115E6	9.83505E5	9.53849E5	9.47357E5	9.31613E5	9.01545E5	8.50889E5	7.72182E5	6.75992E5	5.78543E5	4.85667E5	5.0798E5	2.1944E5	1.42378E5	8.83447E4	5.56537E4	1.40279E6	2.54849E6
448	1.81673E6	1.76084E6	1.56998E6	1.30806E6	1.10355E6	9.90131E5	9.37418E5	9.39529E5	9.30954E5	9.00773E5	8.57599E5	7.76145E5	6.89955E5	5.85922E5	4.73334E5	5.74931E5	2.31717E5	1.52351E5	9.53455E4	6.0653E4	3.45711E5	4.68921E6
450	1.83881E6	1.74319E6	1.57268E6	1.32036E6	1.10387E6	9.88801E5	9.38574E5	9.37464E5	9.2429E5	9.01118E5	8.54517E5	7.77029E5	6.86544E5	5.96843E5	4.69473E5	5.98177E5	2.46539E5	1.62465E5	1.03236E5	6.52843E4	6.5566E4	5.8977E6
452	1.79578E6	1.74238E6	1.56063E6	1.32385E6	1.10639E6	9.86917E5	9.36959E5	9.26277E5	9.1233E5	8.93194E5	8.54324E5	7.77942E5	6.93633E5	6.03984E5	4.75117E5	5.90582E5	2.72077E5	1.69968E5	1.12025E5	6.92993E4	5.02514E4	5.29829E6
454	1.78249E6	1.7508E6	1.57012E6	1.33081E6	1.10938E6	9.83446E5	9.32181E5	9.20595E5	9.11936E5	8.88608E5	8.48223E5	7.79984E5	6.99625E5	6.06496E5	4.82392E5	5.51475E5	3.06357E5	1.77424E5	1.18906E5	7.52013E4	5.05533E4	3.43545E6
456	1.78856E6	1.71397E6	1.56238E6	1.32431E6	1.10129E6	9.74639E5	9.14348E5	9.14148E5	9.02672E5	8.7883E5	8.43334E5	7.80333E5	7.0113E5	6.12903E5	4.83182E5	4.91843E5	3.56363E5	1.85395E5	1.26021E5	8.08835E4	5.15263E4	1.39397E6
458	1.75704E6	1.71808E6	1.54298E6	1.32371E6	1.09313E6	9.7916E5	9.11819E5	9.00334E5	8.89573E5	8.72337E5	8.38318E5	7.73476E5	6.98523E5	6.16795E5	4.90376E5	4.45266E5	4.13347E5	1.93877E5	1.32094E5	8.64691E4	5.30024E4	3.39626E5
460	1.75862E6	1.70055E6	1.55258E6	1.32546E6	1.10262E6	9.65601E5	8.9892E5	8.9092E5	8.78764E5	8.64242E5	8.30832E5	7.74707E5	6.96689E5	6.22617E5	4.97911E5	4.15042E5	4.67625E5	2.00978E5	1.39202E5	9.27597E4	5.74075E4	6.26297E4
462	1.73068E6	1.69631E6	1.55048E6	1.32796E6	1.10023E6	9.59632E5	8.98411E5	8.83367E5	8.73342E5	8.56988E5	8.26503E5	7.69043E5	6.96614E5	6.26539E5	4.99868E5	4.00529E5	5.05707E5	2.12354E5	1.47248E5	1.00852E5	6.04487E4	4.52254E4
464	1.76602E6	1.68327E6	1.53678E6	1.31436E6	1.10226E6	9.51656E5	8.83323E5	8.68278E5	8.58683E5	8.44028E5	8.20228E5	7.64721E5	7.01307E5	6.26199E5	5.06709E5	3.99234E5	5.12144E5	2.25742E5	1.52347E5	1.04836E5	6.54146E4	4.57983E4
466	1.69077E6	1.6831E6	1.52603E6	1.31592E6	1.10062E6	9.52765E5	8.78002E5	8.57021E5	8.4924E5	8.36301E5	8.11992E5	7.55401E5	6.92364E5	6.28754E5	5.08734E5	4.00409E5	4.89248E5	2.49239E5	1.60074E5	1.12454E5	6.8989E4	4.60624E4
468	1.82868E6	1.64703E6	1.53421E6	1.32031E6	1.09246E6	9.42421E5	8.71273E5	8.49732E5	8.34307E5	8.30339E5	8.00221E5	7.51547E5	6.85358E5	6.26229E5	5.10437E5	4.05089E5	4.47192E5	2.79893E5	1.65646E5	1.15387E5	7.59589E4	4.8909E4
470	2.27825E6	1.62573E6	1.50891E6	1.30154E6	1.0868E6	9.36858E5	8.55192E5	8.33211E5	8.29436E5	8.15145E5	7.95709E5	7.41783E5	6.84508E5	6.28187E5	5.13621E5	4.07433E5	4.01325E5	3.20572E5	1.6993E5	1.22366E5	7.92689E4	5.07139E4
472	3.19657E6	1.64414E6	1.50271E6	1.29522E6	1.07767E6	9.40222E5	8.52888E5	8.23794E5	8.16244E5	8.05445E5	7.85088E5	7.39941E5	6.84388E5	6.25423E5	5.13759E5	4.11501E5	3.68769E5	3.6958E5	1.76961E5	1.27468E5	8.57463E4	5.35832E4
474	4.7584E6	1.61816E6	1.49845E6	1.2831E6	1.07603E6	9.26402E5	8.41594E5	8.10962E5	8.07193E5	7.96287E5	7.79288E5	7.27669E5	6.81544E5	6.23853E5	5.16629E5	4.13811E5	3.49776E5	4.05599E5	1.83963E5	1.32088E5	9.12049E4	5.79757E4
476	7.04125E6	1.60008E6	1.47788E6	1.28182E6	1.06249E6	9.18934E5	8.40554E5	7.99432E5	7.86814E5	7.82841E5	7.59987E5	7.20173E5	6.74441E5	6.17928E5	5.14275E5	4.1339E5	3.37917E5	4.34755E5	1.9051E5	1.38173E5	9.24263E4	6.05438E4
478	9.9821E6	1.5758E6	1.45283E6	1.26197E6	1.05697E6	9.14625E5	8.24841E5	7.94075E5	7.76386E5	7.68735E5	7.51308E5	7.10025E5	6.68886E5	6.14601E5	5.10984E5	4.16058E5	3.36338E5	4.37579E5	2.04477E5	1.41336E5	9.76959E4	6.38149E4
480	1.25323E7	1.52029E6	1.43292E6	1.27197E6	1.04758E6	9.00885E5	8.08417E5	7.83915E5	7.60849E5	7.56812E5	7.39324E5	6.9864E5	6.58921E5	6.12503E5	5.08312E5	4.14421E5	3.39518E5	4.13314E5	2.23986E5	1.45632E5	1.01507E5	6.76376E4
482	1.37879E7	1.51289E6	1.43786E6	1.24736E6	1.03849E6	8.86184E5	7.92746E5	7.66965E5	7.49293E5	7.4119E5	7.27763E5	6.91883E5	6.42411E5	6.04071E5	5.09052E5	4.17301E5	3.37661E5	3.75657E5	2.52864E5	1.49816E5	1.06886E5	7.16283E4
484	1.3269E7	1.49206E6	1.39393E6	1.23243E6	1.02981E6	8.76487E5	7.9052E5	7.47668E5	7.32088E5	7.271E5	7.14639E5	6.81083E5	6.39255E5	5.96722E5	5.04672E5	4.17419E5	3.3826E5	3.32497E5	2.86971E5	1.52674E5	1.11227E5	7.5934E4
486	1.1315E7	1.50782E6	1.36729E6	1.20139E6	1.02801E6	8.71066E5	7.76189E5	7.36558E5	7.25926E5	7.15085E5	7.00672E5	6.71513E5	6.33155E5	5.9214E5	5.03373E5	4.11914E5	3.37632E5	3.03501E5	3.25281E5	1.58267E5	1.13742E5	8.08166E4
488	8.52212E6	1.66427E6	1.35721E6	1.1948E6	1.00488E6	8.59023E5	7.6238E5	7.30568E5	7.11229E5	7.02185E5	6.85041E5	6.56537E5	6.21569E5	5.84051E5	5.00206E5	4.14141E5	3.38732E5	2.87531E5	3.54475E5	1.64954E5	1.18812E5	8.31725E4
490	5.5181E6	2.23302E6	1.34156E6	1.19083E6	1.00234E6	8.51979E5	7.59891E5	7.22703E5	7.00346E5	6.90128E5	6.73964E5	6.46787E5	6.13448E5	5.75644E5	4.93666E5	4.12457E5	3.40843E5	2.79663E5	3.66926E5	1.72246E5	1.20049E5	8.66187E4
492	3.13106E6	3.54393E6	1.3255E6	1.16337E6	9.91323E5	8.45049E5	7.38474E5	6.99997E5	6.8725E5	6.72964E5	6.64824E5	6.34441E5	6.05117E5	5.73555E5	4.88932E5	4.09394E5	3.37796E5	2.78004E5	3.6484E5	1.84694E5	1.23089E5	8.77195E4
494	1.98151E6	5.67962E6	1.30302E6	1.14602E6	9.73809E5	8.22132E5	7.32634E5	6.91872E5	6.73531E5	6.62309E5	6.49455E5	6.26622E5	5.96833E5	5.65711E5	4.81167E5	4.07895E5	3.35163E5	2.74831E5	3.4483E5	2.02673E5	1.24937E5	9.14153E4
496	1.51354E6	8.69163E6	1.29078E6	1.13836E6	9.58596E5	8.15385E5	7.24546E5	6.7519E5	6.61898E5	6.51247E5	6.40968E5	6.10918E5	5.84307E5	5.58542E5	4.8025E5	4.01415E5	3.36222E5	2.74696E5	3.09371E5	2.25545E5	1.26064E5	9.51308E4
498	1.49897E6	1.18092E7	1.27493E6	1.11773E6	9.37138E5	8.0533E5	7.06232E5	6.63135E5	6.45115E5	6.39678E5	6.30802E5	5.98591E5	5.73591E5	5.53198E5	4.74715E5	4.00487E5	3.34225E5	2.7486E5	2.77502E5	2.53226E5	1.32595E5	9.67489E4
500	1.40843E6	1.44059E7	1.2414E6	1.12092E6	9.33935E5	7.90542E5	7.00341E5	6.59196E5	6.376E5	6.26066E5	6.11706E5	5.91086E5	5.69034E5	5.41351E5	4.6578E5	3.9848E5	3.33259E5	2.73961E5	2.51245E5	2.79416E5	1.33588E5	9.78318E4
502	1.41365E6	1.54822E7	1.22518E6	1.09996E6	9.1985E5	7.90822E5	6.93211E5	6.41303E5	6.23197E5	6.11977E5	6.00102E5	5.79275E5	5.58212E5	5.31913E5	4.62822E5	3.92343E5	3.30814E5	2.72987E5	2.3569E5	3.04451E5	1.36771E5	1.01642E5
504	1.37234E6	1.4688E7	1.20857E6	1.08504E6	9.12761E5	7.68786E5	6.73468E5	6.32628E5	6.10756E5	5.99017E5	5.90286E5	5.68201E5	5.46923E5	5.26738E5	4.58947E5	3.89559E5	3.27898E5	2.72972E5	2.31883E5	3.14067E5	1.4407E5	1.02171E5
506	1.34368E6	1.23822E7	1.22161E6	1.06027E6	8.99504E5	7.53943E5	6.63305E5	6.21858E5	5.97473E5	5.82738E5	5.77196E5	5.56434E5	5.39232E5	5.14995E5	4.49589E5	3.84509E5	3.266E5	2.71358E5	2.25257E5	3.02154E5	1.5483E5	1.04936E5
508	1.32504E6	9.12194E6	1.41635E6	1.04732E6	8.81479E5	7.39737E5	6.53085E5	6.11257E5	5.8356E5	5.74282E5	5.66702E5	5.44046E5	5.29078E5	5.04898E5	4.42888E5	3.77734E5	3.23786E5	2.70775E5	2.24787E5	2.8522E5	1.69933E5	1.05368E5
510	1.33354E6	5.6244E6	2.16977E6	1.03419E6	8.70566E5	7.29272E5	6.37391E5	5.95366E5	5.67388E5	5.60463E5	5.55646E5	5.30755E5	5.1385E5	4.94529E5	4.33841E5	3.75491E5	3.1765E5	2.65139E5	2.23918E5	2.55101E5	1.88058E5	1.08251E5
512	1.44887E6	3.03565E6	3.8467E6	1.01309E6	8.50235E5	7.18416E5	6.31612E5	5.79392E5	5.59108E5	5.46766E5	5.40784E5	5.18078E5	5.03312E5	4.88259E5	4.30939E5	3.71443E5	3.15278E5	2.65296E5	2.21809E5	2.25188E5	2.11374E5	1.09325E5
514	1.61516E6	1.70071E6	6.33356E6	9.86551E5	8.48219E5	7.11446E5	6.20864E5	5.68022E5	5.4626E5	5.35957E5	5.3087E5	5.10702E5	4.92001E5	4.74216E5	4.21721E5	3.62916E5	3.12186E5	2.6195E5	2.21317E5	2.06283E5	2.33699E5	1.12519E5
516	1.86144E6	1.29067E6	9.48459E6	9.72334E5	8.21934E5	6.94659E5	6.07326E5	5.53779E5	5.3429E5	5.25092E5	5.12504E5	4.96914E5	4.86975E5	4.691E5	4.15811E5	3.56746E5	3.08216E5	2.59355E5	2.18045E5	1.94293E5	2.49392E5	1.15492E5
518	2.18156E6	1.21833E6	1.28102E7	9.61655E5	8.13993E5	6.8755E5	5.99716E5	5.47411E5	5.19601E5	5.10544E5	5.05505E5	4.90266E5	4.73945E5	4.62082E5	4.09931E5	3.52218E5	3.03845E5	2.55243E5	2.19032E5	1.87833E5	2.55626E5	1.19289E5
520	2.516E6	1.17285E6	1.53638E7	9.56009E5	8.01372E5	6.71363E5	5.87867E5	5.40727E5	5.12467E5	5.04646E5	4.92512E5	4.78119E5	4.65985E5	4.46918E5	3.98121E5	3.45747E5	2.9678E5	2.54266E5	2.16091E5	1.82729E5	2.4765E5	1.26761E5
522	2.8391E6	1.14371E6	1.61523E7	9.28849E5	7.80886E5	6.55042E5	5.70103E5	5.29639E5	5.05545E5	4.91895E5	4.77895E5	4.65114E5	4.54205E5	4.40461E5	3.91157E5	3.40784E5	2.92641E5	2.49275E5	2.14751E5	1.81775E5	2.28036E5	1.41057E5
524	3.10085E6	1.116E6	1.48487E7	9.14178E5	7.71042E5	6.56308E5	5.60083E5	5.11321E5	4.94111E5	4.77386E5	4.71493E5	4.5515E5	4.43797E5	4.28041E5	3.82565E5	3.34048E5	2.90254E5	2.47486E5	2.10158E5	1.78614E5	2.07821E5	1.56486E5
526	3.16606E6	1.07416E6	1.21817E7	9.28766E5	7.578E5	6.31552E5	5.51589E5	5.00837E5	4.77669E5	4.60353E5	4.55441E5	4.43551E5	4.32372E5	4.221E5	3.7106E5	3.28977E5	2.85558E5	2.44613E5	2.076E5	1.78951E5	1.81567E5	1.72535E5
528	2.98306E6	1.07055E6	8.76064E6	1.17778E6	7.34372E5	6.18421E5	5.4184E5	4.9208E5	4.66886E5	4.55114E5	4.48614E5	4.35662E5	4.22531E5	4.12246E5	3.70767E5	3.21364E5	2.78164E5	2.39895E5	2.04755E5	1.75545E5	1.64609E5	1.92535E5
530	2.64456E6	1.0539E6	5.31944E6	2.03376E6	7.21814E5	6.1272E5	5.24755E5	4.82472E5	4.59125E5	4.46563E5	4.33164E5	4.19137E5	4.1205E5	4.00761E5	3.53705E5	3.12634E5	2.74422E5	2.33174E5	2.00913E5	1.71708E5	1.52987E5	2.02486E5
532	2.2158E6	1.05111E6	2.67622E6	3.93927E6	7.12913E5	5.96264E5	5.15337E5	4.70051E5	4.46421E5	4.29996E5	4.27462E5	4.12199E5	4.03023E5	3.90671E5	3.49041E5	3.07503E5	2.70513E5	2.32578E5	1.99508E5	1.70415E5	1.45622E5	2.07924E5
534	1.77425E6	1.13037E6	1.39272E6	6.84631E6	6.98482E5	5.85294E5	5.0929E5	4.5904E5	4.32682E5	4.24571E5	4.11662E5	4.00579E5	3.8762E5	3.77863E5	3.41927E5	3.01556E5	2.63983E5	2.28445E5	1.99301E5	1.68204E5	1.42538E5	2.01195E5
536	1.39882E6	1.28805E6	1.01436E6	1.04318E7	6.78436E5	5.68382E5	4.97434E5	4.53609E5	4.26579E5	4.10632E5	3.99412E5	3.88633E5	3.78208E5	3.69965E5	3.33606E5	2.94852E5	2.58676E5	2.24812E5	1.93554E5	1.65114E5	1.39905E5	1.87792E5
538	1.13434E6	1.50734E6	9.34656E5	1.40518E7	6.66107E5	5.62513E5	4.79255E5	4.36035E5	4.13223E5	4.00497E5	3.8952E5	3.7966E5	3.70821E5	3.58865E5	3.28844E5	2.86575E5	2.5322E5	2.20809E5	1.92651E5	1.64784E5	1.38692E5	1.66728E5
540	9.84668E5	1.85416E6	9.09921E5	1.64668E7	6.49751E5	5.42524E5	4.70902E5	4.27471E5	4.01295E5	3.92846E5	3.74969E5	3.67777E5	3.64919E5	3.5537E5	3.1672E5	2.83155E5	2.4406E5	2.19553E5	1.87468E5	1.59191E5	1.33612E5	1.45644E5
542	8.83745E5	2.24194E6	8.70663E5	1.681E7	6.33433E5	5.33745E5	4.60152E5	4.14942E5	3.92408E5	3.8123E5	3.72901E5	3.63589E5	3.52864E5	3.44478E5	3.13416E5	2.7327E5	2.42355E5	2.10684E5	1.83608E5	1.56573E5	1.3189E5	1.28318E5
544	8.68134E5	2.61606E6	8.50904E5	1.49876E7	6.32064E5	5.25943E5	4.49665E5	4.07635E5	3.83962E5	3.70486E5	3.6106E5	3.48376E5	3.38412E5	3.36289E5	3.02211E5	2.65176E5	2.35492E5	2.05554E5	1.79231E5	1.57588E5	1.32473E5	1.18299E5
546	8.0002E5	2.90318E6	8.29838E5	1.20095E7	6.65569E5	5.13061E5	4.42413E5	4.01235E5	3.70117E5	3.57288E5	3.50588E5	3.37185E5	3.34281E5	3.21606E5	2.93359E5	2.61762E5	2.32996E5	2.00249E5	1.74366E5	1.52846E5	1.25188E5	1.10612E5
548	8.07443E5	3.02926E6	8.05312E5	8.34548E6	9.8882E5	5.03167E5	4.35385E5	3.89238E5	3.63164E5	3.51888E5	3.3799E5	3.31252E5	3.2275E5	3.17656E5	2.87804E5	2.56036E5	2.24524E5	1.98787E5	1.72503E5	1.49403E5	1.29238E5	1.08027E5
550	7.78814E5	2.99438E6	7.9264E5	4.85427E6	2.01177E6	4.91425E5	4.21204E5	3.76644E5	3.52706E5	3.3976E5	3.3061E5	3.23101E5	3.17754E5	3.07314E5	2.7867E5	2.47303E5	2.18781E5	1.94021E5	1.69083E5	1.45935E5	1.21293E5	1.05178E5
552	7.3532E5	2.73112E6	7.55062E5	2.35985E6	4.15147E6	4.76128E5	4.10563E5	3.70144E5	3.4425E5	3.31836E5	3.22259E5	3.10268E5	3.06691E5	3.00952E5	2.73525E5	2.43769E5	2.14932E5	1.89669E5	1.66365E5	1.4439E5	1.23495E5	1.04099E5
554	7.5112E5	2.34126E6	7.54599E5	1.12095E6	7.27457E6	4.63226E5	4.01164E5	3.56371E5	3.37168E5	3.20098E5	3.11692E5	3.0522E5	2.95407E5	2.90463E5	2.59158E5	2.35773E5	2.08119E5	1.86779E5	1.59959E5	1.42054E5	1.19005E5	1.01745E5
556	7.40656E5	1.94463E6	8.0748E5	7.67463E5	1.09274E7	4.58641E5	3.90546E5	3.48919E5	3.26996E5	3.15999E5	3.06834E5	2.9395E5	2.8747E5	2.84413E5	2.58338E5	2.30002E5	2.04626E5	1.77461E5	1.59003E5	1.39662E5	1.1908E5	9.84078E4
558	6.7116E5	1.50693E6	8.94036E5	7.06329E5	1.45413E7	4.47646E5	3.83452E5	3.41622E5	3.21293E5	3.04103E5	2.97971E5	2.85272E5	2.79831E5	2.76264E5	2.52282E5	2.20331E5	1.99598E5	1.74499E5	1.55522E5	1.36669E5	1.14472E5	9.79854E4
560	6.67717E5	1.13025E6	1.06599E6	6.7606E5	1.70061E7	4.3853E5	3.75432E5	3.35655E5	3.09233E5	2.97579E5	2.90971E5	2.79719E5	2.73924E5	2.71695E5	2.4584E5	2.17055E5	1.94263E5	1.73604E5	1.52929E5	1.3413E5	1.14482E5	9.62056E4
562	6.37721E5	8.74606E5	1.32707E6	6.44931E5	1.74998E7	4.38827E5	3.58323E5	3.23157E5	2.99596E5	2.85964E5	2.79111E5	2.69709E5	2.62604E5	2.61137E5	2.36301E5	2.11796E5	1.88637E5	1.66835E5	1.4915E5	1.29451E5	1.09853E5	9.4712E4
564	6.30598E5	7.4225E5	1.69776E6	6.47121E5	1.60385E7	4.29407E5	3.58113E5	3.21408E5	2.92002E5	2.76354E5	2.69425E5	2.61406E5	2.54232E5	2.51217E5	2.28864E5	2.03704E5	1.82281E5	1.63644E5	1.44006E5	1.25566E5	1.08364E5	9.08332E4
566	5.77706E5	6.76397E5	2.07861E6	6.11107E5	1.26556E7	4.60237E5	3.45298E5	3.08758E5	2.85578E5	2.70906E5	2.66124E5	2.53787E5	2.50135E5	2.4499E5	2.21984E5	1.97586E5	1.80324E5	1.61696E5	1.40506E5	1.23417E5	1.04843E5	9.02709E4
568	6.21512E5	6.16751E5	2.44294E6	6.00184E5	8.24098E6	8.05319E5	3.39879E5	3.00076E5	2.80155E5	2.64051E5	2.56554E5	2.46117E5	2.4485E5	2.38734E5	2.17524E5	1.9465E5	1.71776E5	1.55889E5	1.34844E5	1.20624E5	1.02816E5	8.80089E4
570	6.07854E5	5.8466E5	2.69427E6	5.88676E5	4.54119E6	1.96766E6	3.25925E5	2.89851E5	2.71461E5	2.55241E5	2.50353E5	2.38953E5	2.35357E5	2.31768E5	2.09186E5	1.88924E5	1.69911E5	1.50924E5	1.35781E5	1.17182E5	1.01923E5	8.75214E4
572	5.27743E5	5.96749E5	2.72228E6	5.69116E5	2.07477E6	4.20901E6	3.2409E5	2.80523E5	2.62813E5	2.52672E5	2.44012E5	2.32039E5	2.30765E5	2.23512E5	2.03179E5	1.81935E5	1.64832E5	1.44464E5	1.30765E5	1.13852E5	9.95467E4	8.41301E4
574	5.8101E5	5.77095E5	2.65178E6	5.56697E5	8.808E5	7.41006E6	3.10944E5	2.73781E5	2.54246E5	2.45434E5	2.33977E5	2.28557E5	2.20514E5	2.17702E5	1.9622E5	1.74216E5	1.55733E5	1.41248E5	1.24904E5	1.11255E5	9.64002E4	8.2054E4
576	5.57962E5	5.44302E5	2.34556E6	5.63031E5	5.8255E5	1.09866E7	3.05833E5	2.69399E5	2.46987E5	2.35781E5	2.2628E5	2.20599E5	2.12055E5	2.12119E5	1.90166E5	1.73713E5	1.52392E5	1.39503E5	1.246E5	1.07683E5	9.1828E4	8.00405E4
578	6.17936E5	5.19743E5	2.00442E6	5.62871E5	5.29959E5	1.434E7	3.03739E5	2.61429E5	2.39519E5	2.26327E5	2.19592E5	2.09882E5	2.06278E5	2.04753E5	1.84417E5	1.66184E5	1.49421E5	1.35667E5	1.18722E5	1.03654E5	9.05857E4	7.85045E4
580	5.89071E5	5.00823E5	1.61165E6	6.07912E5	5.13019E5	1.6712E7	2.85486E5	2.54631E5	2.33723E5	2.23396E5	2.09145E5	2.06806E5	2.00002E5	1.97142E5	1.78275E5	1.61769E5	1.45114E5	1.31737E5	1.18391E5	1.02175E5	8.93183E4	7.40281E4
582	5.54038E5	4.97642E5	1.20308E6	7.34346E5	5.03253E5	1.69857E7	2.90424E5	2.48114E5	2.27623E5	2.09042E5	2.04873E5	1.99476E5	1.94274E5	1.92969E5	1.73297E5	1.53961E5	1.42429E5	1.25437E5	1.13836E5	9.9563E4	8.63998E4	7.52782E4
584	5.36395E5	4.88163E5	9.08287E5	9.15639E5	4.89243E5	1.49752E7	2.90561E5	2.40761E5	2.21076E5	2.07292E5	2.00096E5	1.89749E5	1.88153E5	1.85869E5	1.65662E5	1.51678E5	1.34805E5	1.22405E5	1.09977E5	9.66039E4	8.50882E4	7.27422E4
586	5.41242E5	4.93526E5	7.02104E5	1.17787E6	4.78566E5	1.15389E7	3.19693E5	2.35707E5	2.13134E5	2.02383E5	1.94617E5	1.8614E5	1.82293E5	1.79012E5	1.67102E5	1.4499E5	1.33754E5	1.16835E5	1.0647E5	9.45765E4	8.06915E4	6.91705E4
588	4.70164E5	4.58437E5	5.66621E5	1.51469E6	4.82405E5	7.56741E6	6.4621E5	2.25603E5	2.09387E5	1.96492E5	1.87341E5	1.80379E5	1.78053E5	1.75476E5	1.57148E5	1.42451E5	1.30685E5	1.14878E5	1.02795E5	9.06429E4	7.83628E4	7.02992E4
590	4.97837E5	4.70867E5	4.98666E5	1.86317E6	4.74504E5	4.04173E6	1.80756E6	2.27547E5	2.01089E5	1.91496E5	1.80016E5	1.73341E5	1.74099E5	1.65168E5	1.53335E5	1.36037E5	1.2439E5	1.12142E5	9.76795E4	8.98441E4	7.75654E4	6.64079E4
592	4.82761E5	4.6086E5	4.87342E5	2.14967E6	4.71153E5	1.69567E6	4.2066E6	2.14637E5	1.95912E5	1.84011E5	1.77378E5	1.69622E5	1.64306E5	1.66249E5	1.47519E5	1.33112E5	1.2109E5	1.07896E5	9.92721E4	8.40867E4	7.4628E4	6.56216E4
594	4.98382E5	4.33936E5	4.66069E5	2.36864E6	4.5934E5	6.73274E5	7.51052E6	2.15403E5	1.9184E5	1.79967E5	1.68792E5	1.62485E5	1.58356E5	1.55188E5	1.39858E5	1.27861E5	1.16025E5	1.05454E5	9.41952E4	8.22027E4	7.24191E4	6.24837E4
596	4.99686E5	4.36773E5	4.51134E5	2.43117E6	4.58963E5	4.27801E5	1.12875E7	2.10891E5	1.88525E5	1.67829E5	1.63822E5	1.57385E5	1.57025E5	1.53478E5	1.40893E5	1.25437E5	1.12841E5	1.01771E5	9.1292E4	8.24106E4	7.02072E4	5.99731E4
598	4.60837E5	4.18119E5	4.64779E5	2.28895E6	4.56429E5	4.01021E5	1.46173E7	2.03203E5	1.77847E5	1.63947E5	1.62874E5	1.53576E5	1.48013E5	1.46994E5	1.31423E5	1.1926E5	1.06451E5	9.90532E4	8.87946E4	7.82868E4	6.85811E4	5.94747E4
600	5.03062E5	4.10058E5	4.25835E5	2.09285E6	4.56041E5	3.76672E5	1.66788E7	2.00982E5	1.78338E5	1.62614E5	1.55094E5	1.47758E5	1.45063E5	1.39677E5	1.28426E5	1.19977E5	1.03881E5	9.68859E4	8.67561E4	7.65197E4	6.5891E4	5.719E4
