[HEADER]
Format,J&M ASCII Table
Comment,TS-04/16/13-2100
Date,4/18/2013 3:14:45 PM
Order,Y (evenX)
TechType,UV
NumPoints,524
FirstX,200.00
LastX,723.00
XType,NMetr
YType,Absrb
[DATA]
200.000,0.287
201.000,0.281
202.000,0.275
203.000,0.269
204.000,0.261
205.000,0.254
206.000,0.247
207.000,0.240
208.000,0.233
209.000,0.226
210.000,0.219
211.000,0.212
212.000,0.205
213.000,0.198
214.000,0.190
215.000,0.182
216.000,0.174
217.000,0.166
218.000,0.157
219.000,0.148
220.000,0.140
221.000,0.131
222.000,0.123
223.000,0.114
224.000,0.106
225.000,0.099
226.000,0.093
227.000,0.087
228.000,0.082
229.000,0.077
230.000,0.073
231.000,0.069
232.000,0.066
233.000,0.063
234.000,0.061
235.000,0.059
236.000,0.057
237.000,0.056
238.000,0.054
239.000,0.053
240.000,0.052
241.000,0.051
242.000,0.050
243.000,0.049
244.000,0.048
245.000,0.047
246.000,0.046
247.000,0.046
248.000,0.045
249.000,0.044
250.000,0.044
251.000,0.044
252.000,0.043
253.000,0.043
254.000,0.042
255.000,0.042
256.000,0.042
257.000,0.041
258.000,0.041
259.000,0.041
260.000,0.041
261.000,0.040
262.000,0.040
263.000,0.040
264.000,0.039
265.000,0.039
266.000,0.038
267.000,0.038
268.000,0.038
269.000,0.037
270.000,0.037
271.000,0.036
272.000,0.036
273.000,0.035
274.000,0.035
275.000,0.034
276.000,0.033
277.000,0.033
278.000,0.032
279.000,0.032
280.000,0.031
281.000,0.031
282.000,0.030
283.000,0.030
284.000,0.029
285.000,0.029
286.000,0.028
287.000,0.027
288.000,0.027
289.000,0.026
290.000,0.026
291.000,0.025
292.000,0.025
293.000,0.024
294.000,0.024
295.000,0.023
296.000,0.023
297.000,0.022
298.000,0.022
299.000,0.021
300.000,0.021
301.000,0.020
302.000,0.020
303.000,0.019
304.000,0.019
305.000,0.019
306.000,0.018
307.000,0.018
308.000,0.017
309.000,0.017
310.000,0.017
311.000,0.016
312.000,0.016
313.000,0.015
314.000,0.015
315.000,0.015
316.000,0.014
317.000,0.014
318.000,0.014
319.000,0.013
320.000,0.013
321.000,0.013
322.000,0.012
323.000,0.012
324.000,0.012
325.000,0.012
326.000,0.011
327.000,0.011
328.000,0.011
329.000,0.010
330.000,0.010
331.000,0.010
332.000,0.010
333.000,0.010
334.000,0.009
335.000,0.009
336.000,0.009
337.000,0.009
338.000,0.008
339.000,0.008
340.000,0.008
341.000,0.008
342.000,0.008
343.000,0.007
344.000,0.007
345.000,0.007
346.000,0.007
347.000,0.007
348.000,0.007
349.000,0.006
350.000,0.006
351.000,0.006
352.000,0.006
353.000,0.006
354.000,0.006
355.000,0.005
356.000,0.005
357.000,0.005
358.000,0.005
359.000,0.005
360.000,0.005
361.000,0.004
362.000,0.004
363.000,0.004
364.000,0.004
365.000,0.004
366.000,0.004
367.000,0.004
368.000,0.003
369.000,0.003
370.000,0.003
371.000,0.003
372.000,0.003
373.000,0.003
374.000,0.003
375.000,0.003
376.000,0.003
377.000,0.003
378.000,0.003
379.000,0.003
380.000,0.002
381.000,0.002
382.000,0.002
383.000,0.002
384.000,0.002
385.000,0.002
386.000,0.002
387.000,0.002
388.000,0.002
389.000,0.002
390.000,0.002
391.000,0.002
392.000,0.002
393.000,0.002
394.000,0.002
395.000,0.002
396.000,0.001
397.000,0.001
398.000,0.001
399.000,0.001
400.000,0.001
401.000,0.001
402.000,0.001
403.000,0.001
404.000,0.001
405.000,0.001
406.000,0.001
407.000,0.001
408.000,0.001
409.000,0.001
410.000,0.001
411.000,0.000
412.000,0.000
413.000,0.000
414.000,0.000
415.000,0.000
416.000,0.000
417.000,0.000
418.000,-0.000
419.000,-0.000
420.000,-0.000
421.000,-0.000
422.000,-0.000
423.000,-0.001
424.000,-0.001
425.000,-0.001
426.000,-0.001
427.000,-0.001
428.000,-0.001
429.000,-0.001
430.000,-0.001
431.000,-0.001
432.000,-0.001
433.000,-0.001
434.000,-0.001
435.000,-0.001
436.000,-0.001
437.000,-0.001
438.000,-0.001
439.000,-0.001
440.000,-0.001
441.000,-0.001
442.000,-0.001
443.000,-0.001
444.000,-0.001
445.000,-0.001
446.000,-0.002
447.000,-0.002
448.000,-0.002
449.000,-0.002
450.000,-0.002
451.000,-0.002
452.000,-0.002
453.000,-0.002
454.000,-0.002
455.000,-0.002
456.000,-0.002
457.000,-0.002
458.000,-0.002
459.000,-0.002
460.000,-0.002
461.000,-0.002
462.000,-0.002
463.000,-0.002
464.000,-0.002
465.000,-0.002
466.000,-0.002
467.000,-0.002
468.000,-0.002
469.000,-0.002
470.000,-0.002
471.000,-0.002
472.000,-0.002
473.000,-0.002
474.000,-0.002
475.000,-0.002
476.000,-0.002
477.000,-0.002
478.000,-0.002
479.000,-0.002
480.000,-0.002
481.000,-0.002
482.000,-0.002
483.000,-0.002
484.000,-0.002
485.000,-0.002
486.000,-0.003
487.000,-0.002
488.000,-0.002
489.000,-0.002
490.000,-0.002
491.000,-0.003
492.000,-0.003
493.000,-0.003
494.000,-0.003
495.000,-0.003
496.000,-0.003
497.000,-0.003
498.000,-0.003
499.000,-0.003
500.000,-0.003
501.000,-0.003
502.000,-0.003
503.000,-0.003
504.000,-0.003
505.000,-0.003
506.000,-0.003
507.000,-0.003
508.000,-0.003
509.000,-0.003
510.000,-0.003
511.000,-0.003
512.000,-0.003
513.000,-0.003
514.000,-0.003
515.000,-0.003
516.000,-0.003
517.000,-0.003
518.000,-0.003
519.000,-0.003
520.000,-0.003
521.000,-0.003
522.000,-0.003
523.000,-0.003
524.000,-0.003
525.000,-0.003
526.000,-0.003
527.000,-0.003
528.000,-0.003
529.000,-0.003
530.000,-0.003
531.000,-0.003
532.000,-0.003
533.000,-0.003
534.000,-0.003
535.000,-0.003
536.000,-0.003
537.000,-0.003
538.000,-0.003
539.000,-0.003
540.000,-0.003
541.000,-0.003
542.000,-0.003
543.000,-0.003
544.000,-0.003
545.000,-0.003
546.000,-0.003
547.000,-0.004
548.000,-0.004
549.000,-0.004
550.000,-0.004
551.000,-0.004
552.000,-0.004
553.000,-0.004
554.000,-0.003
555.000,-0.004
556.000,-0.004
557.000,-0.004
558.000,-0.004
559.000,-0.004
560.000,-0.004
561.000,-0.004
562.000,-0.004
563.000,-0.004
564.000,-0.004
565.000,-0.004
566.000,-0.004
567.000,-0.004
568.000,-0.004
569.000,-0.004
570.000,-0.004
571.000,-0.004
572.000,-0.004
573.000,-0.004
574.000,-0.004
575.000,-0.004
576.000,-0.004
577.000,-0.004
578.000,-0.004
579.000,-0.004
580.000,-0.004
581.000,-0.004
582.000,-0.004
583.000,-0.004
584.000,-0.004
585.000,-0.004
586.000,-0.004
587.000,-0.004
588.000,-0.004
589.000,-0.004
590.000,-0.004
591.000,-0.004
592.000,-0.004
593.000,-0.004
594.000,-0.004
595.000,-0.004
596.000,-0.004
597.000,-0.004
598.000,-0.004
599.000,-0.004
600.000,-0.004
601.000,-0.004
602.000,-0.004
603.000,-0.004
604.000,-0.004
605.000,-0.004
606.000,-0.004
607.000,-0.004
608.000,-0.004
609.000,-0.004
610.000,-0.004
611.000,-0.004
612.000,-0.004
613.000,-0.004
614.000,-0.004
615.000,-0.004
616.000,-0.004
617.000,-0.004
618.000,-0.004
619.000,-0.004
620.000,-0.004
621.000,-0.004
622.000,-0.004
623.000,-0.004
624.000,-0.004
625.000,-0.004
626.000,-0.004
627.000,-0.004
628.000,-0.004
629.000,-0.004
630.000,-0.004
631.000,-0.004
632.000,-0.004
633.000,-0.004
634.000,-0.004
635.000,-0.004
636.000,-0.004
637.000,-0.004
638.000,-0.004
639.000,-0.004
640.000,-0.004
641.000,-0.004
642.000,-0.004
643.000,-0.004
644.000,-0.004
645.000,-0.004
646.000,-0.004
647.000,-0.004
648.000,-0.004
649.000,-0.004
650.000,-0.004
651.000,-0.004
652.000,-0.005
653.000,-0.005
654.000,-0.005
655.000,-0.005
656.000,-0.005
657.000,-0.005
658.000,-0.005
659.000,-0.005
660.000,-0.005
661.000,-0.005
662.000,-0.004
663.000,-0.004
664.000,-0.004
665.000,-0.005
666.000,-0.005
667.000,-0.005
668.000,-0.005
669.000,-0.005
670.000,-0.005
671.000,-0.005
672.000,-0.005
673.000,-0.005
674.000,-0.005
675.000,-0.005
676.000,-0.005
677.000,-0.005
678.000,-0.005
679.000,-0.005
680.000,-0.005
681.000,-0.005
682.000,-0.005
683.000,-0.005
684.000,-0.005
685.000,-0.005
686.000,-0.005
687.000,-0.005
688.000,-0.005
689.000,-0.005
690.000,-0.005
691.000,-0.005
692.000,-0.005
693.000,-0.005
694.000,-0.005
695.000,-0.005
696.000,-0.005
697.000,-0.005
698.000,-0.005
699.000,-0.005
700.000,-0.005
701.000,-0.005
702.000,-0.005
703.000,-0.005
704.000,-0.005
705.000,-0.005
706.000,-0.005
707.000,-0.005
708.000,-0.005
709.000,-0.005
710.000,-0.005
711.000,-0.005
712.000,-0.005
713.000,-0.005
714.000,-0.005
715.000,-0.005
716.000,-0.005
717.000,-0.005
718.000,-0.005
719.000,-0.005
720.000,-0.005
721.000,-0.005
722.000,-0.005
723.000,-0.005
