Wavelength	I1	I1 dark	R1	R1dark	XCorrect	I1c	R1c	I1c/R1c	Abs	Percent T
nm	uA	uA	uA	uA		uA	uA	uA/uA	OD	T*100
	Abs Detector Raw	Dark Offset for Abs Detector	Ref Detector Raw	Dark Offset for Ref Detector	Linear interp	Dark subtracted Abs Detector	Corrected Ref Detector	Corrected Intensity 	-Log(T)	% Transmittance
600	2.69854547139488	0.00155363370751422	1.59232514866668	0.00335641791051572	0.717130899429321	2.69699183768736	1.13949857505223	2.3668233525994	8.05005330417208E-4	99.8148123569472
595	2.82495820404406		1.6676056293229		0.719892263412476	2.82340457033654	1.19808013168609	2.35660745526519	7.11350424640521E-4	99.8363395815951
590	2.96723953526264		1.7527013797153		0.723316371440887	2.96568590155512	1.26532985017104	2.34380458277678	8.10123282395285E-4	99.8136360942324
585	3.08879865709136		1.82590904910051		0.726323843002319	3.08724502338385	1.32376343115991	2.33217276645778	8.36961688316972E-4	99.8074680303443
580	3.18759513008526		1.88527520853127		0.72833788394928	3.18604149637775	1.3706727497251	2.32443630109136	7.91488591811214E-4	99.8179189856968
575	3.29290297512346		1.94869337966458		0.73105776309967	3.29134934141594	1.42215368773503	2.31434152989319	8.04641864883717E-4	99.8148958930287
570	3.40979717143372		2.01891577684492		0.73466420173645	3.4082435377262	1.48075930748398	2.30168638515418	8.68092453119827E-4	99.800313964186
565	3.53226062065141		2.09339095599069		0.738382756710052	3.53070698694389	1.54324546384686	2.28784536851504	9.06843528142476E-4	99.7914094142047
560	3.66846959227511		2.17452600205321		0.742404222488403	3.6669159585676	1.61188546700593	2.27492339476134	8.91273792498508E-4	99.7949870643481
555	3.82173105040294		2.26551696238299		0.747231364250183	3.82017741669543	1.6903573097991	2.25998219107264	9.23928043172152E-4	99.7874838421066
550	3.97970589840452		2.35920785800471		0.752462446689606	3.97815226469701	1.77268973865051	2.24413340809737	9.92708700275317E-4	99.7716814187961
545	4.15451547290133		2.46202962883409		0.757837355136871	4.15296183919381	1.8632744033122	2.22885144121092	9.55036512043893E-4	99.7803363309389
540	4.32869468485183		2.56346513257916		0.763391971588135	4.32714105114431	1.95436643917087	2.21408890595772	9.05046166454503E-4	99.7918224096138
535	4.51945193262476		2.67238379059121		0.769757688045502	4.51789829891724	2.05450433972485	2.19902105415961	5.38544226750309E-4	99.8760724628308
530	4.75199653862915		2.80707224586357		0.776710212230682	4.75044290492163	2.17767471576394	2.18142905849699	5.2588510816064E-4	99.8789837627101
525	4.99576159869027		2.9479326273808		0.783903956413269	4.99420796498275	2.30826494056414	2.16361990221199	6.3322612190052E-4	99.8543005419934
520	5.2584015170744		3.09789152448667		0.791250944137573	5.25684788336689	2.44855382474525	2.14691947150225	5.84235327860219E-4	99.865565288853
515	5.56127901098135		3.27064457921631		0.799825251102448	5.55972537727384	2.61325957404046	2.12750598237654	6.18124691008655E-4	99.8577727690176
510	5.85825695413062		3.43759282073671		0.809457659721375	5.85670332042311	2.77986896156165	2.10682712077658	5.70691594748228E-4	99.8686797047851
505	6.24846177679019		3.65751414187944		0.818737685680389	6.24690814308268	2.99179663803343	2.08801228789029	5.63242207037916E-4	99.870392751869
500	6.69171713634715		3.90650713526927		0.828416645526886	6.69016350263964	3.2334350242602	2.06905765925212	6.5580383058693E-4	99.8491095418732
495	7.5720661757982		4.40642876901387		0.838614106178284	7.57051254209069	3.69247858415886	2.05025225456121	6.30072477789008E-4	99.8550256400165
490	8.26591294548667		4.79298523109232		0.848338663578033	8.26435931177915	4.06322730640949	2.03393969585276	6.48507363341399E-4	99.8507870945654
485	9.07987154574987		5.2436337778756		0.855348587036133	9.07831791204236	4.48226383552357	2.02538677890699	6.56641129946929E-4	99.848917037666
480	10.1083920445698		5.81289837032749		0.866066455841064	10.1068384108623	5.03144940878975	2.00873298918718	6.77338726155836E-4	99.8441585537159
475	11.6009209204419		6.64706985136931		0.879869520664215	11.5993672867344	5.84560095412779	1.98428996056319	7.231284889263E-4	99.8336320572542
470	14.369651002152		8.18331478663703		0.895019471645355	14.3680973684445	7.3212220172586	1.96252720305081	7.32249478061172E-4	99.8315353879449
465	15.1303833086826		8.56984151360817		0.910354375839233	15.1288296749751	7.79853719242993	1.93995736657648	7.55385617752137E-4	99.826217211171
460	13.9701930008185		7.89457397236109		0.922647356987	13.968639367111	7.28081102002324	1.91855540937614	8.05140850865724E-4	99.814781210003
455	12.4328377091099		7.05164304311209		0.929956316947937	12.4312840754024	6.55459867076586	1.89657440521067	9.02969309092623E-4	99.7922996293005
450	11.0448545408279		6.33470324128934		0.932973027229309	11.0433009071204	5.90697581224641	1.86953548789302	9.58895981706234E-4	99.7794496112455
445	8.79259955959307		5.11189615022817		0.935176968574524	8.79104592588556	4.77738870071133	1.84013620758483	9.62175633501429E-4	99.7786961118826
440	7.91392756115094		4.64123703956		0.939942717552185	7.91237392744343	4.35934211519583	1.81503853525568	9.53627229524486E-4	99.7806601179493
435	7.78882631165082		4.56576520148267		0.948230147361755	7.78727267794331	4.32621355317119	1.80002040635167	9.46926551383443E-4	99.7821996338167
430	8.30967642675711		4.83887077534256		0.960858643054962	8.30812279304959	4.64624576395494	1.78813674849124	0.00103503621492277	99.7619578747665
425	8.77662825594595		5.1004820596976		0.977734744548798	8.77507462223844	4.98363683730583	1.76077730153834	0.00114461623803846	99.7367893795051
420	8.27419482045357		4.85772026501334		0.992123365402222	8.27264118674606	4.81612779687453	1.71769552961503	0.00124521841236452	99.7136885199577
415	7.04738650992597		4.21245702296277		0.999114215373993	7.04583287621846	4.20537224844699	1.67543619445827	0.00132437385356366	99.6955161459252
410	6.11225443846726		3.72308199684205		1.00281167030334	6.11070080475975	3.73018422087841	1.63817668053959	0.00135883940494347	99.6876046371721
405	5.53140186754605		3.41539120583519		1.00957882404327	5.52984823383853	3.44471806878774	1.60531228489901	0.00137830794103039	99.6831359452835
400	5.44848881123673		3.38439815786333		1.02345275878906	5.44693517752921	3.46033649633568	1.57410563489916	0.00140623487547618	99.6767261127518
395	5.5620488254314		3.45190334436117		1.04821944236755	5.56049519172389	3.61483393622245	1.53824360671314	0.00142317252560792	99.6728387582907
390	5.60931586625815		3.46576129230384		1.08368313312531	5.60776223255064	3.75214976243089	1.49454648337852	0.00151510331216382	99.6517423983083
385	5.73899422511499		3.52793836725071		1.12599265575409	5.73744059140747	3.96865338956049	1.44568951435763	0.00165767080194583	99.6190347133061
380	5.83629980089805		3.57521291296025		1.17243885993958	5.83474616719053	4.18778335692387	1.39327793963927	0.00176665570704371	99.5940387500871
375	5.78594084113833		3.5392476567563		1.21915531158447	5.78438720743082	4.31080058502384	1.34183595212601	0.00193706189198892	99.5549682305504
370	5.75543924458052		3.52058553524884		1.25962615013123	5.75388561087301	4.43039377220232	1.29873006931679	0.00203234535686505	99.5331284370687
365	5.81323466427146		3.56103989788016		1.27197480201721	5.81168103056395	4.5252837400743	1.28426886895462	0.00228832993537144	99.4744782826532
360	6.04539473658598		3.70894207502355		1.25185632705688	6.04384110287847	4.63886085030819	1.30287182519754	0.00241513820847794	99.4454372841471
355	6.37046544329488		3.91270354637733		1.21720862388611	6.36891180958736	4.7584910385342	1.3384309769656	0.00252700628851174	99.419824853107
350	6.66746460714719		4.10211584786657		1.1792927980423	6.66591097343967	4.83363747665512	1.37906721503916	0.00270024279784808	99.3801750083468
345	6.89781894216424		4.25436875131093		1.14527189731598	6.89626530845672	4.86856496058712	1.41648830082059	0.0029091013184626	99.3323931299919
340	7.04200765252559		4.35849342740854		1.11531460285187	7.04045401881807	4.85734790411376	1.44944405008655	0.0031246914284538	99.2830953195134
335	7.04380228142467		4.38605840532574		1.09089875221252	7.04224864771715	4.78108412939062	1.4729397051239	0.00336909789722256	99.2272378192713
330	6.82702759967367		4.29987707266229		1.06744050979614	6.82547396596615	4.58628019805789	1.4882374541478	0.0036360379204942	99.1662663273996
325	6.44897347520774		4.12904635557146		1.03879284858704	6.44741984150022	4.28573720272968	1.5043899185871	0.00396127546515288	99.0920297884724
320	6.1551173728663		4.00186835192924		1.00754153728485	6.15356373915879	4.02866686085305	1.52744417736636	0.00426558362283101	99.0226207764219
315	6.05848876973679		3.98270402827535		0.978299379348755	6.05693513602927	3.89299329743287	1.55585552639491	0.00461179332991967	98.9437136455695
310	6.02759689486023		4.00176368884373		0.953616976737976	6.02604326115271	3.81294905347447	1.58041536266046	0.00502827631486339	98.8488733423331
305	5.87226141208248		3.94727120981342		0.934748709201813	5.87070777837496	3.68656926093318	1.59245828922496	0.00552203951625638	98.7365527786299
300	5.54418511456528		3.78827677929639		0.921929001808167	5.54263148085777	3.48942785069588	1.58840695896676	0.00607700799816005	98.6104616553611
295	5.05659858941397		3.52262709651998		0.920162856578827	5.05504495570646	3.23830216070339	1.56101707155346	0.00666221680764724	98.4776742257285
290	4.43679053891209		3.16842668289623		0.925946474075317	4.43523690520457	2.93068565206415	1.51337858500134	0.00745704516777674	98.2976091562123
285	3.76830164387816		2.77619211903384		0.924624860286713	3.76674801017064	2.56383282274916	1.46918628108194	0.00826585034022738	98.1147156761401
280	3.12858582978394		2.39660143085334		0.918464839458466	3.12703219607643	2.19811139659731	1.42259951016	0.00916195135823255	97.9124795044222
275	2.54198975668841		2.0426092374436		0.889670491218567	2.5404361229809	1.81426305767285	1.40025786902121	0.0100012918530575	97.723431406874
270	2.13279377565746		1.79541048232785		0.843315124511719	2.13124014194995	1.51126629646583	1.41023467997265	0.0107469079154078	97.5557994181552
265	1.88651799783294		1.63835085526988		0.793934762477875	1.88496436412543	1.29807892027755	1.45211846111975	0.0114709319276203	97.3932970146401
260	1.65393749339119		1.46804896630193		0.754058063030243	1.65238385968368	1.10446322597486	1.49609676521841	0.0121387873022114	97.2436413027336
255	1.33209138749949		1.21006893864625		0.730857133865356	1.33053775379198	0.881934454304357	1.50865832182672	0.0125556871340314	97.1503373187461
250	0.949491614553187		0.888373339650919		0.716208219528198	0.947937980845672	0.633856393772021	1.49550906192581	0.0133873934558035	96.9644652137563
245	0.562326469310671		0.548311666510227		0.708019316196442	0.560772835603157	0.385838842471229	1.45338616509294	0.0145097504717637	96.7142012819565
240	0.273924130985531		0.280155085626771		0.70177036523819	0.272370497278017	0.194249102140681	1.40217120324581	0.0158525908630307	96.4156224003617
