Wavelength	I1	I1 dark	R1	R1dark	XCorrect	I1c	R1c	I1c/R1c	Abs	Percent T
nm	uA	uA	uA	uA		uA	uA	uA/uA	OD	T*100
	Abs Detector Raw	Dark Offset for Abs Detector	Ref Detector Raw	Dark Offset for Ref Detector	Linear interp	Dark subtracted Abs Detector	Corrected Ref Detector	Corrected Intensity 	-Log(T)	% Transmittance
600	2.6792998135128	0.00155725486896062	1.58063759378174	0.00334973974224559	0.717130899429321	2.67774255864384	1.13112185742629	2.36733340538275	7.11424521216048E-4	99.8363225481523
595	2.80567404518556		1.65616663034518		0.719892263412476	2.8041167903166	1.18985009238251	2.35669754389121	6.94748488980446E-4	99.8401561351924
590	2.94335972456704		1.73846220374681		0.723316371440887	2.94180246969808	1.25503525150564	2.34399987264809	7.73938618832533E-4	99.8219527398657
585	3.06401811397749		1.81098655770506		0.726323843002319	3.06246085910853	1.31292972037524	2.33253982416765	7.68614009798769E-4	99.8231766009824
580	3.16082718219418		1.86940512070405		0.72833788394928	3.15926992732522	1.35911882750189	2.3244986850282	7.79833019250789E-4	99.8205979297274
575	3.26736336829192		1.93339005453041		0.73105776309967	3.26580611342296	1.41097095522122	2.31458068030247	7.59766752074448E-4	99.8252101759017
570	3.38420810293245		2.00349464165263		0.73466420173645	3.38265084806349	1.46943485771923	2.30200803410493	8.07406251159226E-4	99.8142605498189
565	3.50346061710438		2.07593212793545		0.738382756710052	3.50190336223542	1.5303590973028	2.28828865617709	8.22703778263988E-4	99.8107447684118
560	3.64050961313879		2.15775708122178		0.742404222488403	3.63895235826983	1.59944110727442	2.27513994839791	8.49934566040977E-4	99.8044867105384
555	3.79134371165718		2.24732389116662		0.747231364250183	3.78978645678822	1.67676786651098	2.26017359497353	8.87148046219211E-4	99.7959351094406
550	3.94894121224815		2.34058205973929		0.752462446689606	3.94738395737919	1.758679549987	2.24451575467991	9.18721625166667E-4	99.7886801236354
545	4.12529541076223		2.44479452392249		0.757837355136871	4.12373815589327	1.85021805795587	2.22878494681281	9.67993221683094E-4	99.7773595361266
540	4.30152368520454		2.5480855147207		0.763391971588135	4.29996643033558	1.94263086043166	2.21347581669742	0.00102532053895697	99.7641896915143
535	4.48499067055543		2.65513730506442		0.769757688045502	4.48343341568646	2.04123386547021	2.19643299649728	0.00104997229699405	99.7585269604212
530	4.71238633004719		2.7869395054655		0.776710212230682	4.71082907517823	2.16204259769807	2.17887893614763	0.00103387866831144	99.7622237756126
525	4.95367125462017		2.9265492925053		0.783903956413269	4.95211399975121	2.29150769479646	2.16107238522325	0.00114487995768856	99.7367288156612
520	5.21134105461596		3.07433027946363		0.791250944137573	5.209783799747	2.42991625148266	2.14401784282407	0.0011715948827716	99.730593860231
515	5.51006128169382		3.2452341337612		0.799825251102448	5.50850402682486	2.59294099949132	2.12442320434808	0.00124787822757564	99.7130778302428
510	5.80390919555872		3.41123806498265		0.809457659721375	5.80235194068976	2.75854130834089	2.10341310574013	0.00127501635374794	99.7068471695855
505	6.18932519499524		3.62917928847703		0.818737685680389	6.18776794012628	2.96860329340269	2.08440378472858	0.00131443929501402	99.6977967235327
500	6.62529127235477		3.87463558510366		0.828416645526886	6.62373401748581	3.20703763389002	2.06537458353785	0.00142956902412662	99.6713707394765
495	7.49439503841325		4.37011142174688		0.838614106178284	7.49283778354429	3.6620279448479	2.04608973399178	0.00151269426150743	99.6522951724541
490	8.17965900540163		4.75331257255943		0.848338663578033	8.17810175053267	4.02957712163746	2.02951860794996	0.00159354220523095	99.6337457005609
485	8.9851149836285		5.20125580929493		0.855348587036133	8.98355772875954	4.44602161213843	2.02058345920605	0.00168781837456388	99.6121196637922
480	10.0069032217331		5.76913974745547		0.866066455841064	10.0053459668642	4.99355731710401	2.00365097094084	0.00177747953196146	99.5915566209096
475	11.4862777128922		6.59954155566078		0.879869520664215	11.4847204580232	5.80378813128146	1.97883179024445	0.00191938482346071	99.5590204943596
470	14.2428202409401		8.13510984054058		0.895019471645355	14.2412629860711	7.27808362896331	1.95673252906818	0.00201646993848042	99.5367668874836
465	14.9898643151035		8.51760336440284		0.910354375839233	14.9883070602345	7.75098804421482	1.93372857431014	0.0021520566349297	99.5056963685714
460	13.8235863754277		7.83928515422264		0.922647356987	13.8220291205588	7.22980509969116	1.91181213462438	0.00233427350275562	99.4639555363235
455	12.2886982467952		6.99606685192791		0.929956316947937	12.2871409919263	6.50292145110699	1.88948014893131	0.00253052111382665	99.41902023339
450	10.915344238611		6.28578793386761		0.932973027229309	10.913786983742	5.86134538035417	1.8619934973159	0.00271444946304539	99.3769241317175
445	8.68252482370478		5.07000414111822		0.935176968574524	8.68096756883582	4.73821850389355	1.83211634535266	0.00285909715519286	99.3438308050516
440	7.8127033379226		4.60377525748313		0.939942717552185	7.81114608305364	4.32413646304178	1.80640600726068	0.00302410840354758	99.3060920439961
435	7.68564600444592		4.52884048117122		0.948230147361755	7.68408874957696	4.29120675262946	1.79065917643528	0.00321142251314051	99.2632698988871
430	8.20595618303093		4.80598719393099		0.960858643054962	8.20439892816197	4.61465570731673	1.77790055174724	0.0035283000801774	99.1908701046424
425	8.65502200154905		5.06175425955938		0.977734744548798	8.65346474668009	4.94577785100789	1.74966709127799	0.00389362381622639	99.1074669207645
420	8.15125790688231		4.81870767483719		0.992123365402222	8.14970065201335	4.77742912018269	1.70587578528045	0.00424399931408164	99.0275422940152
415	6.93945743809161		4.17892646035262		0.999114215373993	6.93790018322265	4.17187805894654	1.66301605300865	0.00455582566550634	98.9564653742385
410	6.00807787638353		3.68925691030729		1.00281167030334	6.00652062151457	3.6962707262974	1.62502183045758	0.00486037921627589	98.8870954432523
405	5.43344655055464		3.38452090444487		1.00957882404327	5.43188929568568	3.4135588083495	1.59126870244607	0.00519431612585813	98.8110885860357
400	5.3496309844833		3.35533538210055		1.02345275878906	5.34807372961434	3.43059895309294	1.55893294516185	0.00561267330524546	98.7159493987823
395	5.45554073991948		3.42180024145411		1.04821944236755	5.45398348505052	3.5832862786655	1.52206188981409	0.0060159792639688	98.6243197511112
390	5.49522160401874		3.43484326508364		1.08368313312531	5.49366434914978	3.71865165484116	1.47732696123817	0.00654790654292385	98.5035978583853
385	5.61786124708338		3.4975061762102		1.12599265575409	5.61630399221442	3.9343944855188	1.42748878204414	0.00715999786206191	98.364865428589
380	5.70332816080438		3.54235369312084		1.17243885993958	5.70177090593542	4.14926576042085	1.37416382443459	0.00776590517259829	98.2277270643787
375	5.6469443426703		3.50655118593969		1.21915531158447	5.64538708780134	4.27094665068201	1.3218116613327	0.00846690674268401	98.0693040324729
370	5.60971661820968		3.48837706858066		1.25962615013123	5.60815936334072	4.38983155732685	1.2775340671057	0.0091787511780987	97.9086920277855
365	5.66114348323856		3.53039872002408		1.27197480201721	5.6595862283696	4.486317428399	1.26152157503249	0.0100496028040481	97.7125612495882
360	5.87327337985187		3.67435311520082		1.25185632705688	5.87171612498291	4.595568802215	1.2776908316883	0.0108910522647573	97.5234255694523
355	6.17841102023416		3.87606887245145		1.21720862388611	6.1768537653652	4.71390712622237	1.31034693725823	0.0117366878371972	97.3337177942248
350	6.45238025742069		4.06200189783154		1.1792927980423	6.45082300255173	4.78633925979354	1.34775715895032	0.0126740294122232	97.1238681222889
345	6.66668070090032		4.21609430444238		1.14527189731598	6.66512344603136	4.8247379605217	1.38144775956095	0.0137876268228431	96.8751467003006
340	6.79199612520427		4.31969021101085		1.11531460285187	6.79043887033531	4.81407755848639	1.41053790426889	0.0149413861644597	96.618126924563
335	6.77654801491444		4.34623108981105		1.09089875221252	6.77499076004548	4.7376438457971	1.43003378484344	0.0162077693497	96.3368031730241
330	6.55067784980135		4.26118528326611		1.06744050979614	6.54912059493239	4.54498614320725	1.44095501913035	0.017657843970504	96.0156786772363
325	6.16472057107012		4.08878190749016		1.03879284858704	6.16316331620116	4.24391771924397	1.45223440319175	0.0192849689675695	95.6566199779339
320	5.86185774024905		3.96123866337089		1.00754153728485	5.86030048538009	3.98773749051549	1.4695803069581	0.0210376073200801	95.271366111278
315	5.74601178368069		3.94064192639264		0.978299379348755	5.74445452881173	3.85185050251479	1.49134929433562	0.0230016870915999	94.8414779013435
310	5.68890528000263		3.95634102667171		0.953616976737976	5.68734802513367	3.76963960011324	1.50872460724437	0.0251895452424918	94.3648936434698
305	5.51573575432739		3.9010287099982		0.934748709201813	5.51417849945843	3.6433503863298	1.5134911317199	0.0276102247718913	93.8403837753143
300	5.18072563847853		3.74305338714311		0.921929001808167	5.17916838360957	3.44774125070663	1.50219172698881	0.0303134232174499	93.2581029420753
295	4.69708610671965		3.47817354933433		0.920162856578827	4.69552885185069	3.19740380274237	1.4685442132218	0.0331828431268322	92.6439699162396
290	4.09474774242726		3.12625754976395		0.925946474075317	4.0931904875583	2.89164547555187	1.4155229339714	0.0364877192816829	91.9416473142789
285	3.45678984702719		2.73847210941893		0.924624860286713	3.45523259215823	2.52896213892937	1.36626505354524	0.0398077546396172	91.2414640627603
280	2.8521036372852		2.36252454622388		0.918464839458466	2.85054638241624	2.16681910988961	1.31554423228317	0.0431391513160342	90.5442443643892
275	2.30255499812366		2.01211500294631		0.889670491218567	2.3009977432547	1.78713917845756	1.28753136352852	0.0464514967953599	89.8562940952645
270	1.91688249111981		1.76521225979226		0.843315124511719	1.91532523625085	1.48580531046851	1.28908223894213	0.0497576736904195	89.1748374378252
265	1.68576751523666		1.6090797054845		0.793934762477875	1.6842102603677	1.27484483895518	1.32110999621571	0.0525339999970254	88.606585272134
260	1.46957951072941		1.44063782505404		0.754058063030243	1.46802225586045	1.08379866962666	1.35451564668016	0.0553144450840873	88.0411192289939
255	1.17711445208359		1.18657113600577		0.730857133865356	1.17555719721463	0.864765798401322	1.35939372184685	0.0578013199593201	87.538415236724
250	0.835205825520104		0.870790189696764		0.716208219528198	0.833648570651144	0.621267980208665	1.34185021151605	0.0604724034306978	87.0016715171692
245	0.491404315968574		0.536783746024063		0.708019316196442	0.489847061099614	0.377681580363581	1.29698424961062	0.063956070155758	86.3065844364551
240	0.236765525329566		0.273689829304949		0.70177036523819	0.235208270460606	0.189716663390943	1.2397870922699	0.0693065240201009	85.2498210407065
