#	
# Fluorescence Model	
#	
name	samples
creator	aqua-cb-urbw23
email	
doi	
reference	
unit	applied by toolbox (RU)
toolbox	2.0.0
date	29-Jul-2025
fluorometer	
nSample	89
constraints	nonnegativity
validation	validated
methods	
preprocess	
sources	
ecozones	
description	
#	
# Excitation/Emission (Ex, Em), wavelength (nm), component[n] (intensity)	
#	
Ex	250	0.42631825	0.10787505	0.35376723	0.17989272	0.00000000	
Ex	255	0.22715216	0.17932483	0.34031826	0.24273463	0.00863257	
Ex	260	0.10139934	0.27485790	0.30567704	0.30708768	0.03234441	
Ex	265	0.05308393	0.39374889	0.26829650	0.36240863	0.06538521	
Ex	270	0.05107511	0.49588717	0.23797759	0.39607331	0.11295328	
Ex	275	0.06954682	0.51151628	0.20932884	0.41119513	0.17998342	
Ex	280	0.10202893	0.41827220	0.18841338	0.39821658	0.26321709	
Ex	285	0.14627025	0.20197316	0.16904273	0.35078911	0.35231379	
Ex	290	0.19830545	0.04562230	0.15813935	0.24679502	0.42163451	
Ex	295	0.24837310	0.00997619	0.14916626	0.11180033	0.44965174	
Ex	300	0.29129221	0.00585340	0.14145805	0.04297157	0.42445104	
Ex	305	0.32163553	0.00407868	0.13781306	0.01448643	0.34739693	
Ex	310	0.33281401	0.00512116	0.13632336	0.00450671	0.23364971	
Ex	315	0.32031584	0.00434998	0.13795540	0.00177137	0.12806712	
Ex	320	0.28611652	0.00676617	0.14202044	0.00123785	0.05908294	
Ex	325	0.24017586	0.00000000	0.15012324	0.00101519	0.02494721	
Ex	330	0.18975775	0.00000000	0.15945812	0.00085595	0.01061501	
Ex	335	0.14238249	0.00000000	0.16559572	0.00059239	0.00420350	
Ex	340	0.09989660	0.00000000	0.16867449	0.00026147	0.00091851	
Ex	345	0.06355584	0.00000000	0.16550603	0.00018705	0.00000000	
Ex	350	0.03666188	0.00000000	0.15896268	0.00000000	0.00000000	
Ex	355	0.01914333	0.00000000	0.15189955	0.00000000	0.00000000	
Ex	360	0.00787092	0.00000000	0.14549777	0.00000000	0.00000000	
Ex	365	0.00181873	0.00000000	0.13733619	0.00000000	0.00000000	
Ex	370	0.00000000	0.00000000	0.12516960	0.00000000	0.00000000	
Ex	375	0.00000000	0.00000000	0.11279999	0.00000000	0.00000000	
Ex	380	0.00000000	0.00000000	0.09826731	0.00000000	0.00000000	
Ex	385	0.00000000	0.00000000	0.08681856	0.00000000	0.00000000	
Ex	390	0.00000000	0.00000000	0.07304033	0.00000000	0.00000000	
Ex	395	0.00000000	0.00000000	0.06133798	0.00000000	0.00000000	
Ex	400	0.00000000	0.00000000	0.05339407	0.00000000	0.00000000	
Ex	405	0.00000000	0.00000000	0.04701847	0.00000000	0.00000000	
Ex	410	0.00000000	0.00000000	0.03943809	0.00000000	0.00000000	
Ex	415	0.00000000	0.00000000	0.03467866	0.00000000	0.00000000	
Ex	420	0.00000000	0.00000000	0.02984500	0.00000000	0.00000000	
Ex	425	0.00000000	0.00000000	0.02539351	0.00000000	0.00000000	
Ex	430	0.00000000	0.00000000	0.02164240	0.00000000	0.00000000	
Ex	435	0.00000000	0.00000000	0.01836556	0.00000000	0.00000000	
Ex	440	0.00000000	0.00000000	0.01652345	0.00000000	0.00000000	
Ex	445	0.00000000	0.00000000	0.01379096	0.00000000	0.00000000	
Ex	450	0.00000000	0.00000000	0.01130076	0.00000000	0.00000000	
Em	301	0.00923168	0.45750303	0.01601184	0.00872526	-0.00004479	
Em	304	0.00071638	0.44081866	0.01581835	0.01279536	0.00001733	
Em	307	0.00994576	0.41721533	0.01943246	0.02084802	0.00007816	
Em	310	0.00801087	0.37418156	0.02035869	0.03150700	0.00075645	
Em	313	0.00886097	0.33103149	0.02750943	0.04585745	0.00039097	
Em	316	0.01025047	0.28757720	0.02854158	0.06333023	-0.00000346	
Em	319	0.00498986	0.24310245	0.02221247	0.08336622	0.00008853	
Em	322	0.00226861	0.20823082	0.02581283	0.10711124	0.00012487	
Em	325	0.00460657	0.17713190	0.03620302	0.13332531	0.00037505	
Em	328	0.01010806	0.14778729	0.04392707	0.15937999	0.00022517	
Em	331	0.00795229	0.12072285	0.04405952	0.18408197	0.00113384	
Em	334	0.00465071	0.09777714	0.03939163	0.20579826	0.00241237	
Em	337	0.00322593	0.07798071	0.03556578	0.22385099	0.00321475	
Em	340	0.00739336	0.06151070	0.05689939	0.23812531	0.00326438	
Em	343	0.01049171	0.04902353	0.05187376	0.24873403	0.00424808	
Em	346	0.00949572	0.03686926	0.04283453	0.25596023	0.00526802	
Em	349	0.01480831	0.02816064	0.05826038	0.26017775	0.00663927	
Em	352	0.01954082	0.02149303	0.07239957	0.26052543	0.00931879	
Em	355	0.02455948	0.01501691	0.07261799	0.25650456	0.01325516	
Em	358	0.03814765	0.01055626	0.07058955	0.24938502	0.01842941	
Em	361	0.05687798	0.00733280	0.07002546	0.23989641	0.02529560	
Em	364	0.07607558	0.00470057	0.06778814	0.22858787	0.03463571	
Em	367	0.09883348	0.00420494	0.06434677	0.21667509	0.04669014	
Em	370	0.12959715	0.00300945	0.06021950	0.20464229	0.06116370	
Em	373	0.15591205	0.00033253	0.04280960	0.19550160	0.08016476	
Em	376	0.18302476	0.00131036	0.04968608	0.18388156	0.10127477	
Em	379	0.20475713	0.00198894	0.05079798	0.17020488	0.12295428	
Em	382	0.23094906	0.00145582	0.04616136	0.15999017	0.14853060	
Em	385	0.25189902	0.00063066	0.04967198	0.14927172	0.17385315	
Em	388	0.26339704	0.00034525	0.04618091	0.13595632	0.19486619	
Em	391	0.26935321	0.00032984	0.05416724	0.12363568	0.21417829	
Em	394	0.27450550	0.00117500	0.06770371	0.11292968	0.23215703	
Em	397	0.27551466	0.00140250	0.07249630	0.10210629	0.24547063	
Em	400	0.26763824	0.00049913	0.08683186	0.09196994	0.25430441	
Em	403	0.26108439	0.00232560	0.09942329	0.08309816	0.26060002	
Em	406	0.25262569	0.00246946	0.12263575	0.07447844	0.26377881	
Em	409	0.23708486	0.00061825	0.12297470	0.06634894	0.26210262	
Em	412	0.22231462	0.00001526	0.13576069	0.05877664	0.25701536	
Em	415	0.20367525	0.00000393	0.13471931	0.05221798	0.24939505	
Em	418	0.18784117	-0.00000144	0.14170446	0.04598525	0.23850297	
Em	421	0.17232327	0.00000067	0.15276139	0.04046647	0.22672088	
Em	424	0.15770967	-0.00000085	0.16007295	0.03560664	0.21410350	
Em	427	0.14343247	0.00000232	0.16280517	0.03119286	0.20033678	
Em	430	0.12947601	-0.00000667	0.16921304	0.02750913	0.18675618	
Em	433	0.11906380	0.00001709	0.18484345	0.02440128	0.17395614	
Em	436	0.10638666	-0.00003460	0.18892469	0.02161547	0.16197880	
Em	439	0.09365927	0.00003022	0.18987360	0.01908124	0.14943949	
Em	442	0.08664826	0.00105877	0.19519264	0.01668440	0.13643096	
Em	445	0.07788103	0.00010614	0.19381368	0.01476238	0.12463171	
Em	448	0.06907188	0.00059292	0.18629110	0.01278974	0.11259233	
Em	451	0.05967999	0.00137925	0.19419234	0.01144215	0.10166688	
Em	454	0.05385729	0.00041797	0.19230753	0.01007959	0.09181192	
Em	457	0.04965453	0.00026898	0.18706297	0.00892200	0.08272620	
Em	460	0.04380480	0.00072187	0.18600050	0.00797352	0.07454097	
Em	463	0.03724653	0.00026281	0.17823499	0.00671582	0.06689894	
Em	466	0.03089137	0.00073590	0.17604328	0.00578037	0.05978626	
Em	469	0.02726770	0.00119659	0.17331511	0.00524269	0.05326941	
Em	472	0.02540470	0.00032718	0.15944145	0.00462873	0.04726556	
Em	475	0.02286191	0.00021942	0.15620394	0.00394467	0.04231656	
Em	478	0.01707994	-0.00001863	0.14662022	0.00319624	0.03791503	
Em	481	0.01726108	0.00047609	0.14506620	0.00306013	0.03374192	
Em	484	0.01530352	0.00051019	0.13979154	0.00282309	0.03017225	
Em	487	0.01139394	-0.00005146	0.13195554	0.00244770	0.02696097	
Em	490	0.01026560	0.00044853	0.13383659	0.00226384	0.02406877	
Em	493	0.00949885	0.00099703	0.13381639	0.00212674	0.02141339	
Em	496	0.00773025	0.00035194	0.12363751	0.00192290	0.01902925	
Em	499	0.00677656	0.00070536	0.12056675	0.00173741	0.01725471	
Em	502	0.00696009	0.00165350	0.12357868	0.00165933	0.01537999	
Em	505	0.00572257	0.00093453	0.11372853	0.00134272	0.01394385	
Em	508	0.00478732	0.00145992	0.10958733	0.00120647	0.01247302	
Em	511	0.00348640	0.00016527	0.10226838	0.00099793	0.01102958	
Em	514	0.00422280	0.00110865	0.10677273	0.00108043	0.00972805	
Em	517	0.00311321	0.00100771	0.09868998	0.00091453	0.00900759	
Em	520	0.00168321	0.00009205	0.08990923	0.00070293	0.00827183	
Em	523	0.00197255	0.00102002	0.09130726	0.00086394	0.00728531	
Em	526	0.00214940	0.00150316	0.08234584	0.00083310	0.00644809	
Em	529	0.00282995	0.00131223	0.07560122	0.00055503	0.00566074	
Em	532	0.00162357	0.00127512	0.07534231	0.00049936	0.00527619	
Em	535	0.00084538	0.00156512	0.07488652	0.00044801	0.00466181	
Em	538	0.00111333	0.00229078	0.07328704	0.00047388	0.00414990	
Em	541	0.00039078	0.00217520	0.06540778	0.00033512	0.00378462	
Em	544	0.00104119	0.00071477	0.06487271	0.00033410	0.00342593	
Em	547	0.00115477	0.00044366	0.06368830	0.00023611	0.00301259	
Em	550	0.00019182	0.00025945	0.05603802	0.00027065	0.00269253	
Em	553	0.00022594	0.00041894	0.05208261	0.00031168	0.00247905	
Em	556	0.00057967	0.00146957	0.05562961	0.00024133	0.00215881	
Em	559	0.00028138	0.00083099	0.05597130	0.00043020	0.00189328	
Em	562	0.00042668	0.00135642	0.04734787	0.00019201	0.00188295	
Em	565	0.00066175	0.00179964	0.04933183	0.00044202	0.00145967	
Em	568	0.00012304	0.00257462	0.04469234	0.00029159	0.00136701	
Em	571	-0.00017496	0.00286078	0.04249861	0.00031167	0.00147562	
Em	574	0.00087541	0.00279694	0.03754864	0.00030364	0.00124242	
Em	577	0.00146888	0.00304067	0.03434162	0.00016720	0.00099440	
Em	580	0.00147959	0.00390608	0.03628931	0.00036527	0.00080052	
Em	583	0.00122847	0.00666218	0.03543225	0.00041420	0.00068031	
Em	586	0.00127680	0.00842055	0.03385533	0.00018241	0.00064233	
Em	589	0.00194918	0.00594437	0.03350547	0.00039415	0.00045579	
Em	592	-0.00000943	0.00610262	0.02523079	0.00016618	0.00069844	
Em	595	0.00100028	0.00605045	0.03011975	0.00033139	0.00066621	
Em	598	0.00196809	0.00652844	0.02918105	0.00034387	0.00037007	
Em	601	0.00151087	0.00612740	0.02339101	0.00027051	0.00047795	
Em	604	0.00064335	0.00510163	0.02322643	0.00026501	0.00045183	
Em	607	0.00009740	0.00590560	0.02546462	0.00032740	0.00036992	
Em	610	0.00003180	0.00643563	0.02343708	0.00032291	0.00038940	
Em	613	0.00021081	0.00615320	0.02003122	0.00028212	0.00034400	
Em	616	0.00032415	0.00661641	0.01979663	0.00035950	0.00032740	
Em	619	0.00052442	0.00140206	0.02025014	0.00038870	0.00020003	